time[s],position_ego[m],position_pre[m],speed_ego[m/s],speed_pre[m/s],target_speed_pre[m/s],acceleration_ego_sim[m/s2],acceleration_ego_carstate[m/s2],lead_d_rel[m],lead_v_rel[m/s],lead_a_rel[m/s2],headway[m],deltav[m/s],hccc_input_v_ego[m/s],hccc_input_radar_v_rel[m/s],hccc_input_radar_d_rel[m],hccc_input_lead_is_radar,hccc_input_lead_track_id,hccc_input_lead_speed_est[m/s],hccc_reference_lead_speed[m/s],hccc_reference_lead_accel[m/s2],hccc_reference_feedforward[m/s2],hccc_reference_cmd[m/s2],hccc_reference_error[m/s2],ego_lane_id,ego_on_lane,ego_lane_s[m],ego_lane_lateral[m],ego_lane_heading_error_deg,lead_lane_id,lead_on_lane,lead_lane_lateral[m],lead_pose_replay_applied,lead_pose_fallback_active,planner_a_target[m/s2],hccc_accel[m/s2],manual_accel[m/s2],final_accel_cmd[m/s2],hccc_active,driver_gas,driver_brake,engine_throttle,engine_brake,controller_throttle,controller_brake
0.048946,"[5.0, 4.5, 0.0]","[13.0, 4.5, 0.0]",0.007272727321833372,0.0,0.0,0.3636363660916686,0.0,,,,,0.007272727321833372,0.0,0.0,0.0,False,-1,0.0,0.0,0.0,0.0,0.0,0.0,"StraightLane index=('>', '>>', 0)",True,5.0,0.0,0.0,"StraightLane index=('>>', '>>>', 0)",True,0.0,True,False,0.0,0.0,0.0,0.0,False,0.0,0.0,0.0,-0.0,0.0,-0.0
0.079571,"[5.0, 4.5, 0.0]","[13.0, 4.5, 0.0]",0.00421274034306407,0.0,0.0,-0.15299934893846512,0.0,8.0,-0.007272727321833372,-0.3636363660916686,3.5,0.00421274034306407,0.0,0.0,0.0,False,-1,0.0,0.0,0.0,0.0,0.0,0.0,"StraightLane index=('>', '>>', 0)",True,5.0,0.0,0.0,"StraightLane index=('>>', '>>>', 0)",True,0.0,True,False,0.0,0.0,0.0,0.0,False,0.0,0.0,0.0,-0.0,0.0,-0.0
0.099221,"[5.000145435333252, 4.5, 0.0]","[13.0, 4.5, 0.0]",0.01148546766489749,0.0,0.0,0.36363636609167105,0.0,8.0,-0.00421274034306407,0.15299934893846512,3.5,0.01148546766489749,0.0,0.0,0.0,False,-1,0.0,0.0,0.0,0.0,0.0,0.0,"StraightLane index=('>', '>>', 0)",True,5.0,0.0,0.0,"StraightLane index=('>>', '>>>', 0)",True,0.0,True,False,0.0,0.0,0.0,0.0,False,0.0,0.0,0.0,-0.0,0.0,-0.0
0.121891,"[5.000229835510254, 4.5, 0.0]","[13.000346183776855, 4.5, 0.0]",0.018758194521076965,0.006928716786205769,0.010969051002757621,0.3636363428089737,0.0,7.999854564666748,-0.01148546766489749,-0.36363636609167105,3.499854564666748,0.011829477734871197,0.0,0.0,0.0,False,-1,0.0,0.0,0.0,0.0,0.0,0.0,"StraightLane index=('>', '>>', 0)",True,5.000145435333252,0.0,0.0,"StraightLane index=('>>', '>>>', 0)",True,0.0,True,False,0.0,0.0,0.0,0.0,False,0.0,0.0,0.0,-0.0,0.0,-0.0
0.138738,"[5.000459671020508, 4.5, 0.0]","[13.00084400177002, 4.5, 0.0]",0.026030922308614007,0.016889145597815514,0.01939599699398968,0.3636363893768521,0.0,8.000116348266602,-0.011829477734871197,-0.017200503498685307,3.5001163482666016,0.009141776710798494,0.0,0.0,0.0,False,-1,0.0,0.0,0.0,0.0,0.0,0.0,"StraightLane index=('>', '>>', 0)",True,5.000229835510254,0.0,0.0,"StraightLane index=('>>', '>>>', 0)",True,0.0,True,False,0.0,0.0,0.0,0.0,False,0.0,0.0,0.0,-0.0,0.0,-0.0
0.159236,"[5.000834941864014, 4.5, 0.0]","[13.001347541809082, 4.5, 0.0]",0.03330364823346285,0.026947494596242905,0.029642965996754353,0.3636362962424422,0.0,8.000384330749512,-0.009141776710798494,0.13438505120363514,3.5003843307495117,0.006356153637219947,0.0,0.0,0.0,False,-1,0.0,0.0,0.0,0.0,0.0,0.0,"StraightLane index=('>', '>>', 0)",True,5.000459671020508,0.0,0.0,"StraightLane index=('>>', '>>>', 0)",True,0.0,True,False,0.0,0.0,0.0,0.0,False,0.0,0.0,0.0,-0.0,0.0,-0.0
0.180315,"[5.0013556480407715, 4.5, 0.0]","[13.00184440612793, 4.5, 0.0]",0.04057636857036524,0.036890193819999695,0.04018039600050542,0.36363601684511954,0.0,8.000512599944784,-0.006356153637219947,0.13928115367892735,3.500512599944784,0.003686174750365548,0.0,0.0,0.0,False,-1,0.0,0.0,0.0,0.0,0.0,0.0,"StraightLane index=('>', '>>', 0)",True,5.000834941864014,0.0,1.5258789046077574e-05,"StraightLane index=('>>', '>>>', 0)",True,0.0,True,False,0.0,0.0,0.0,0.0,False,0.0,0.0,0.0,-0.0,0.0,-0.0
0.199314,"[5.002021789550781, 4.5, 0.0]","[13.002344131469727, 4.5, 0.0]",0.04148080945017343,0.04689033329486847,0.04968219499569386,0.0452220439904092,0.0,8.000488758087087,-0.003686174750365548,0.13349894434271994,3.500488758087087,-0.0054095238446950425,0.0,0.0,0.0,False,-1,0.0,0.0,0.0,0.0,0.0,0.0,"StraightLane index=('>', '>>', 0)",True,5.0013556480407715,0.0,7.629394523038787e-06,"StraightLane index=('>>', '>>>', 0)",True,0.0,True,False,0.0,0.0,0.0,0.0,False,0.0,0.0,0.0,-0.0,0.0,-0.0
0.220032,"[5.002833366394043, 4.5, 0.0]","[13.00354290008545, 4.5, 0.0]",0.048753529787064036,0.056953899562358856,0.06003586949664168,0.36363601684453045,0.0,8.000322341918661,0.0054095238446950425,0.45478492975302953,3.500322341918661,-0.00820036977529482,0.0,0.0,0.0,False,-1,0.0,0.0,0.0,0.0,0.0,0.0,"StraightLane index=('>', '>>', 0)",True,5.002021789550781,0.0,1.5258789046077574e-05,"StraightLane index=('>>', '>>>', 0)",True,0.0,True,False,0.0,0.0,0.0,0.0,False,0.0,0.0,0.0,-0.0,0.0,-0.0
0.239508,"[5.003663063049316, 4.5, 0.0]","[13.005043983459473, 4.5, 0.0]",0.04148080945016562,0.06695835292339325,0.06977735999971628,-0.36363601684492075,0.0,8.000709533691335,0.00820036977529482,0.1395422965299889,3.500709533691335,-0.02547754347322763,0.0,0.0,0.0,False,-1,0.0,0.0,0.0,0.0,0.0,0.0,"StraightLane index=('>', '>>', 0)",True,5.002833366394043,0.0,7.629394523038787e-06,"StraightLane index=('>>', '>>>', 0)",True,0.0,True,False,0.0,0.0,0.0,0.0,False,0.0,0.0,-0.0,0.0,-0.0,0.0
0.258778,"[5.004638195037842, 4.5, 0.0]","[13.006536483764648, 4.5, 0.0]",0.048753529787091424,0.07691280543804169,0.07941597649478355,0.36363601684629016,0.0,8.001380920410156,0.02547754347322763,0.8638586848966404,3.5013809204101562,-0.028159275650950263,0.0,0.0,0.0,False,-1,0.0,0.0,0.0,0.0,0.0,0.0,"StraightLane index=('>', '>>', 0)",True,5.003663063049316,0.0,0.0,"StraightLane index=('>>', '>>>', 0)",True,0.0,True,False,0.0,0.0,0.0,0.0,False,0.0,0.0,-0.0,0.0,-0.0,0.0
0.279547,"[5.005467891693115, 4.5, 0.0]","[13.008039474487305, 4.5, 0.0]",0.041480809450165114,0.0869319960474968,0.0897908069920959,-0.36363601684631547,0.0,8.001898288726807,0.028159275650950263,0.13408660888613172,3.5018982887268066,-0.04545118659733168,0.0,0.0,0.0,False,-1,0.0,0.0,0.0,0.0,0.0,0.0,"StraightLane index=('>', '>>', 0)",True,5.004638195037842,0.0,0.0,"StraightLane index=('>>', '>>>', 0)",True,0.0,True,False,0.0,0.0,0.0,0.0,False,0.0,0.0,-0.0,0.0,-0.0,0.0
0.300689,"[5.006443023681641, 4.5, 0.0]","[13.009517669677734, 4.5, 0.0]",0.03420808911324225,0.09678611904382706,0.10036148099170533,-0.36363601684614305,0.0,8.00257158279355,0.04545118659733168,0.8645955473190708,3.50257158279355,-0.06257802993058481,0.0,0.0,0.0,False,-1,0.0,0.0,0.0,0.0,0.0,0.0,"StraightLane index=('>', '>>', 0)",True,5.005467891693115,0.0,-2.2888183620005236e-05,"StraightLane index=('>>', '>>>', 0)",True,0.0,True,False,0.0,0.0,0.0,0.0,False,0.0,0.0,-0.0,0.0,-0.0,0.0
0.319716,"[5.007272720336914, 4.5, 0.0]","[13.01169490814209, 4.5, 0.0]",0.026935363188390564,0.10678146779537201,0.10987586599658244,-0.3636362962425844,0.0,8.003074645996094,0.06257802993058481,0.8563421666626564,3.5030746459960938,-0.07984610460698144,0.0,0.0,0.0,False,-1,0.0,0.0,0.0,0.0,0.0,0.0,"StraightLane index=('>', '>>', 0)",True,5.006443023681641,0.0,0.0,"StraightLane index=('>>', '>>>', 0)",True,0.0,True,False,0.0,0.0,0.0,0.0,False,0.0,0.0,-0.0,0.0,-0.0,0.0
0.339696,"[5.0079569816589355, 4.5, 0.0]","[13.014250755310059, 4.5, 0.0]",0.019662635400897674,0.11700274050235748,0.11986800250015221,-0.3636363893746445,0.0,8.004422187804536,0.07984610460698144,0.8634037338198314,3.5044221878045363,-0.09734010510145981,0.0,0.0,0.0,False,-1,0.0,0.0,0.0,0.0,0.0,0.0,"StraightLane index=('>', '>>', 0)",True,5.007272720336914,0.0,2.2888183620005236e-05,"StraightLane index=('>>', '>>>', 0)",True,0.0,True,False,0.0,0.0,0.0,0.0,False,0.0,0.0,-0.0,0.0,-0.0,0.0
0.35866,"[5.008495807647705, 4.5, 0.0]","[13.016674995422363, 4.5, 0.0]",0.01238990761340503,0.12669841945171356,0.1293557615019381,-0.36363638937463216,0.0,8.006293773651052,0.09734010510145981,0.8747000247239185,3.506293773651052,-0.11430851183830854,0.0,0.0,0.0,False,-1,0.0,0.0,0.0,0.0,0.0,0.0,"StraightLane index=('>', '>>', 0)",True,5.0079569816589355,0.0,-7.629394523038787e-06,"StraightLane index=('>>', '>>>', 0)",True,0.0,True,False,0.0,0.0,0.0,0.0,False,0.0,0.0,-0.0,0.0,-0.0,0.0
0.38018,"[5.008889198303223, 4.5, 0.0]","[13.019173622131348, 4.5, 0.0]",0.005117179825913687,0.13669350743293762,0.14010832949425092,-0.36363638937456716,0.0,8.008179187774587,0.11430851183830854,0.8484203368424363,3.508179187774587,-0.13157632760702392,0.0,0.0,0.0,False,-1,0.0,0.0,0.0,0.0,0.0,0.0,"StraightLane index=('>', '>>', 0)",True,5.008495807647705,0.0,-7.629394523038787e-06,"StraightLane index=('>>', '>>>', 0)",True,0.0,True,False,0.0,0.0,0.0,0.0,False,0.0,0.0,-0.0,0.0,-0.0,0.0
0.400081,"[5.009137153625488, 4.5, 0.0]","[13.021747589111328, 4.5, 0.0]",0.0021555474960647564,0.14698876440525055,0.15006427899352273,-0.14808161649244653,0.0,8.010284423828125,0.13157632760702392,0.8633907884357694,3.510284423828125,-0.1448332169091858,0.0,0.0,0.0,False,-1,0.0,0.0,0.0,0.0,0.0,0.0,"StraightLane index=('>', '>>', 0)",True,5.008889198303223,0.0,0.0,"StraightLane index=('>>', '>>>', 0)",True,0.0,True,False,0.0,0.0,0.0,0.0,False,0.0,0.0,-0.0,0.0,-0.0,0.0
0.419995,"[5.009239673614502, 4.5, 0.0]","[13.024877548217773, 4.5, 0.0]",0.00942827481778347,0.15679363906383514,0.16001673649880102,0.3636363660859357,0.0,8.012610435485769,0.1448332169091858,0.6628444651080936,3.512610435485769,-0.14736536424605168,0.0,0.0,0.0,False,-1,0.0,0.0,0.0,0.0,0.0,0.0,"StraightLane index=('>', '>>', 0)",True,5.009137153625488,0.0,-7.629394523038787e-06,"StraightLane index=('>>', '>>>', 0)",True,0.0,True,False,0.0,0.0,0.0,0.0,False,0.0,0.0,-0.0,0.0,-0.0,0.0
0.439677,"[5.009196758270264, 4.5, 0.0]","[13.02834415435791, 4.5, 0.0]",0.016701001673937087,0.16669732332229614,0.16985957548895386,0.3636363428076808,0.0,8.015637874602987,0.14736536424605168,0.12660736684329404,3.5156378746029873,-0.14999632164835905,0.0,0.0,0.0,False,-1,0.0,0.0,0.0,0.0,0.0,0.0,"StraightLane index=('>', '>>', 0)",True,5.009239673614502,0.0,-1.5258789046077574e-05,"StraightLane index=('>>', '>>>', 0)",True,0.0,True,False,0.0,0.0,0.0,0.0,False,0.0,0.0,-0.0,0.0,-0.0,0.0
0.458881,"[5.009008407592773, 4.5, 0.0]","[13.031834602355957, 4.5, 0.0]",0.02226289361716397,0.17666901648044586,0.17946527699241416,0.2780945971613442,0.0,8.019147396087646,0.14999632164835905,0.13154787011536856,3.5191473960876465,-0.1544061228632819,0.0,0.0,0.0,False,-1,0.0,0.0,0.0,0.0,0.0,0.0,"StraightLane index=('>', '>>', 0)",True,5.009196758270264,0.0,0.0,"StraightLane index=('>>', '>>>', 0)",True,0.0,True,False,0.0,0.0,0.0,0.0,False,0.0,0.0,-0.0,0.0,-0.0,0.0
0.480023,"[5.008674621582031, 4.5, 0.0]","[13.035351753234863, 4.5, 0.0]",0.014990165829664025,0.18005187809467316,0.19003261199686677,-0.3636363893749973,0.0,8.022826194763184,0.1544061228632819,0.2204900607461424,3.5228261947631836,-0.16506171226500913,0.0,0.0,0.0,False,-1,0.0,0.0,0.0,0.0,0.0,0.0,"StraightLane index=('>', '>>', 0)",True,5.009008407592773,0.0,0.0,"StraightLane index=('>>', '>>>', 0)",True,0.0,True,False,0.0,0.0,0.0,0.0,False,0.0,0.0,-0.0,0.0,-0.0,0.0
0.499496,"[5.0082292556762695, 4.5, 0.0]","[13.03885269165039, 4.5, 0.0]",0.019523797556758874,0.1967223882675171,0.19976412850082853,0.22668158635474248,0.0,8.026677131652832,0.16506171226500913,0.5327794700863614,3.526677131652832,-0.17719859071075822,0.0,0.0,0.0,False,-1,0.0,0.0,0.0,0.0,0.0,0.0,"StraightLane index=('>', '>>', 0)",True,5.008674621582031,0.0,0.0,"StraightLane index=('>>', '>>>', 0)",True,0.0,True,False,0.0,0.0,0.0,0.0,False,0.0,0.0,-0.0,0.0,-0.0,0.0
0.519254,"[5.00792932510376, 4.5, 0.0]","[13.04301929473877, 4.5, 0.0]",0.01225106976926386,0.20004206895828247,0.20964945599844215,-0.3636363893747507,0.0,8.03062343597405,0.17719859071075822,0.6068439222874547,3.53062343597405,-0.18779099918901862,0.0,0.0,0.0,False,-1,0.0,0.0,0.0,0.0,0.0,0.0,"StraightLane index=('>', '>>', 0)",True,5.0082292556762695,0.0,-7.629394523038787e-06,"StraightLane index=('>>', '>>>', 0)",True,0.0,True,False,0.0,0.0,0.0,0.0,False,0.0,0.0,-0.0,0.0,-0.0,0.0
0.539443,"[5.007538795471191, 4.5, 0.0]","[13.047508239746094, 4.5, 0.0]",0.013142740353967083,0.21668429672718048,0.21974605099530892,0.04458352923516111,0.0,8.03508996963501,0.18779099918901862,0.52962042391302,3.5350899696350098,-0.2035415563732134,0.0,0.0,0.0,False,-1,0.0,0.0,0.0,0.0,0.0,0.0,"StraightLane index=('>', '>>', 0)",True,5.00792932510376,0.0,0.0,"StraightLane index=('>>', '>>>', 0)",True,0.0,True,False,0.0,0.0,0.0,0.0,False,0.0,0.0,-0.0,0.0,-0.0,0.0
0.558619,"[5.007293701171875, 4.5, 0.0]","[13.05199146270752, 4.5, 0.0]",0.0058700125664687885,0.21998076140880587,0.22933508799469565,-0.3636363893749147,0.0,8.039969444274618,0.2035415563732134,0.7875278592097384,3.539969444274618,-0.21411074884233708,0.0,0.0,0.0,False,-1,0.0,0.0,0.0,0.0,0.0,0.0,"StraightLane index=('>', '>>', 0)",True,5.007538795471191,0.0,-1.5258789046077574e-05,"StraightLane index=('>>', '>>>', 0)",True,0.0,True,False,0.0,0.0,0.0,0.0,False,0.0,0.0,-0.0,0.0,-0.0,0.0
0.579559,"[5.007030963897705, 4.5, 0.0]","[13.056496620178223, 4.5, 0.0]",0.013062203302979471,0.23665869235992432,0.2397975454980042,0.3596095368255341,0.0,8.04469776153536,0.21411074884233708,0.5284596234561845,3.5446977615353603,-0.22359648905694485,0.0,0.0,0.0,False,-1,0.0,0.0,0.0,0.0,0.0,0.0,"StraightLane index=('>', '>>', 0)",True,5.007293701171875,0.0,-1.5258789046077574e-05,"StraightLane index=('>>', '>>>', 0)",True,0.0,True,False,0.0,0.0,0.0,0.0,False,0.0,0.0,-0.0,0.0,-0.0,0.0
0.599404,"[5.006913661956787, 4.5, 0.0]","[13.061118125915527, 4.5, 0.0]",0.005789475515491942,0.24026156961917877,0.24972736249328592,-0.3636363893743764,0.0,8.049465656280518,0.22359648905694485,0.4742870107303884,3.5494656562805176,-0.23447209410368683,0.0,0.0,0.0,False,-1,0.0,0.0,0.0,0.0,0.0,0.0,"StraightLane index=('>', '>>', 0)",True,5.007030963897705,0.0,0.0,"StraightLane index=('>>', '>>>', 0)",True,0.0,True,False,0.0,0.0,0.0,0.0,False,0.0,0.0,-0.0,0.0,-0.0,0.0
0.619729,"[5.006652355194092, 4.5, 0.0]","[13.066328048706055, 4.5, 0.0]",0.0027528984938136407,0.2569606304168701,0.2598896534938831,-0.15182885108391506,0.0,8.05420446395874,0.23447209410368683,0.543780252337099,3.5542044639587402,-0.25420773192305646,0.0,0.0,0.0,False,-1,0.0,0.0,0.0,0.0,0.0,0.0,"StraightLane index=('>', '>>', 0)",True,5.006913661956787,0.0,0.0,"StraightLane index=('>>', '>>>', 0)",True,0.0,True,False,0.0,0.0,0.0,0.0,False,0.0,0.0,-0.0,0.0,-0.0,0.0
0.639691,"[5.006536483764648, 4.5, 0.0]","[13.0718412399292, 4.5, 0.0]",0.004494024440667869,0.26031693816185,0.26986977250198835,0.08705629734271139,0.0,8.059675693511963,0.25420773192305646,0.9867818909684813,3.559675693511963,-0.2558229137211821,0.0,0.0,0.0,False,-1,0.0,0.0,0.0,0.0,0.0,0.0,"StraightLane index=('>', '>>', 0)",True,5.006652355194092,0.0,0.0,"StraightLane index=('>>', '>>>', 0)",True,0.0,True,False,0.0,0.0,0.0,0.0,False,0.0,0.0,-0.0,0.0,-0.0,0.0
0.659266,"[5.006481647491455, 4.5, 0.0]","[13.077306747436523, 4.5, 0.0]",0.002778702881224909,0.276921808719635,0.27965956650150475,-0.08576607797214797,0.0,8.06530475616448,0.2558229137211821,0.08075908990628211,3.5653047561644797,-0.2741431058384101,0.0,0.0,0.0,False,-1,0.0,0.0,0.0,0.0,0.0,0.0,"StraightLane index=('>', '>>', 0)",True,5.006536483764648,0.0,-7.629394523038787e-06,"StraightLane index=('>>', '>>>', 0)",True,0.0,True,False,0.0,0.0,0.0,0.0,False,0.0,0.0,-0.0,0.0,-0.0,0.0
0.679695,"[5.006392002105713, 4.5, 0.0]","[13.082819938659668, 4.5, 0.0]",0.00449402444064949,0.2836121618747711,0.2898682479892159,0.08576607797122905,0.0,8.070825099944424,0.2741431058384101,0.9160096058614009,3.5708250999444235,-0.2791181374341216,0.0,0.0,0.0,False,-1,0.0,0.0,0.0,0.0,0.0,0.0,"StraightLane index=('>', '>>', 0)",True,5.006481647491455,0.0,-2.2888183620005236e-05,"StraightLane index=('>>', '>>>', 0)",True,0.0,True,False,0.0,0.0,0.0,0.0,False,0.0,0.0,-0.0,0.0,-0.0,0.0
0.699704,"[5.006447792053223, 4.5, 0.0]","[13.088312149047852, 4.5, 0.0]",0.002778702881278649,0.2935986816883087,0.2998774934996618,-0.08576607796854205,0.0,8.076427936552165,0.2791181374341216,0.24875157978557494,3.5764279365521645,-0.2908199788070301,0.0,0.0,0.0,False,-1,0.0,0.0,0.0,0.0,0.0,0.0,"StraightLane index=('>', '>>', 0)",True,5.006392002105713,0.0,-3.814697266608281e-05,"StraightLane index=('>>', '>>>', 0)",True,0.0,True,False,0.0,0.0,0.0,0.0,False,0.0,0.0,-0.0,0.0,-0.0,0.0
0.719963,"[5.0063581466674805, 4.5, 0.0]","[13.094534873962402, 4.5, 0.0]",0.0037542695645549993,0.3036433756351471,0.3100040169985732,0.04877833416381751,0.0,8.081864356994558,0.2908199788070301,0.5850920686454236,3.581864356994558,-0.2998891060705921,0.0,0.0,0.0,False,-1,0.0,0.0,0.0,0.0,0.0,0.0,"StraightLane index=('>', '>>', 0)",True,5.006447792053223,0.0,-7.629394523038787e-06,"StraightLane index=('>>', '>>>', 0)",True,0.0,True,False,0.0,0.0,0.0,0.0,False,0.0,0.0,-0.0,0.0,-0.0,0.0
0.739812,"[5.00641393661499, 4.5, 0.0]","[13.101042747497559, 4.5, 0.0]",0.003518457757369615,0.31365612149238586,0.31992826699861326,-0.011790590359269217,0.0,8.088176727294277,0.2998891060705921,0.4534563631781008,3.588176727294277,-0.3101376637350162,0.0,0.0,0.0,False,-1,0.0,0.0,0.0,0.0,0.0,0.0,"StraightLane index=('>', '>>', 0)",True,5.0063581466674805,0.0,-2.2888183620005236e-05,"StraightLane index=('>>', '>>>', 0)",True,0.0,True,False,0.0,0.0,0.0,0.0,False,0.0,0.0,-0.0,0.0,-0.0,0.0
0.759424,"[5.006339073181152, 4.5, 0.0]","[13.107501029968262, 4.5, 0.0]",0.00193823245381289,0.3235909044742584,0.3297396549925906,-0.07901126517783624,0.0,8.094628810882497,0.3101376637350162,0.5124278832212059,3.5946288108824973,-0.3216526720204455,0.0,0.0,0.0,False,-1,0.0,0.0,0.0,0.0,0.0,0.0,"StraightLane index=('>', '>>', 0)",True,5.00641393661499,0.0,-7.629394523038787e-06,"StraightLane index=('>>', '>>>', 0)",True,0.0,True,False,0.0,0.0,0.0,0.0,False,0.0,0.0,-0.0,0.0,-0.0,0.0
0.780347,"[5.006409645080566, 4.5, 0.0]","[13.11402416229248, 4.5, 0.0]",0.005334495101230151,0.33362764120101934,0.3401937880000332,0.16981313237086304,0.0,8.10116195678711,0.3216526720204455,0.5757504142714642,3.6011619567871094,-0.3282931460997892,0.0,0.0,0.0,False,-1,0.0,0.0,0.0,0.0,0.0,0.0,"StraightLane index=('>', '>>', 0)",True,5.006339073181152,0.0,0.0,"StraightLane index=('>>', '>>>', 0)",True,0.0,True,False,0.0,0.0,0.0,0.0,False,0.0,0.0,-0.0,0.0,-0.0,0.0
0.7992,"[5.006371021270752, 4.5, 0.0]","[13.12034797668457, 4.5, 0.0]",0.0019382323376413027,0.3433554768562317,0.3496033354924293,-0.1698131381794424,0.0,8.107614517211914,0.3282931460997892,0.3320237039671853,3.607614517211914,-0.3414172445185904,0.0,0.0,0.0,False,-1,0.0,0.0,0.0,0.0,0.0,0.0,"StraightLane index=('>', '>>', 0)",True,5.006409645080566,0.0,0.0,"StraightLane index=('>>', '>>>', 0)",True,0.0,True,False,0.0,0.0,0.0,0.0,False,0.0,0.0,-0.0,0.0,-0.0,0.0
0.820199,"[5.0064778327941895, 4.5, 0.0]","[13.127756118774414, 4.5, 0.0]",0.0053344951012887715,0.35367485880851746,0.36011887899367134,0.16981313818237342,0.0,8.113976955413818,0.3414172445185904,0.6562049209400594,3.6139769554138184,-0.3483403637072287,0.0,0.0,0.0,False,-1,0.0,0.0,0.0,0.0,0.0,0.0,"StraightLane index=('>', '>>', 0)",True,5.006371021270752,0.0,0.0,"StraightLane index=('>>', '>>>', 0)",True,0.0,True,False,0.0,0.0,0.0,0.0,False,0.0,0.0,-0.0,0.0,-0.0,0.0
0.839607,"[5.006439208984375, 4.5, 0.0]","[13.135075569152832, 4.5, 0.0]",0.0019382323372084587,0.36343455314636236,0.36982166099478486,-0.16981313820401564,0.0,8.121278285980152,0.3483403637072287,0.34615595943191524,3.621278285980152,-0.3614963208091539,0.0,0.0,0.0,False,-1,0.0,0.0,0.0,0.0,0.0,0.0,"StraightLane index=('>', '>>', 0)",True,5.0064778327941895,0.0,-7.629394523038787e-06,"StraightLane index=('>>', '>>>', 0)",True,0.0,True,False,0.0,0.0,0.0,0.0,False,0.0,0.0,-0.0,0.0,-0.0,0.0
0.859878,"[5.0065460205078125, 4.5, 0.0]","[13.142760276794434, 4.5, 0.0]",0.005334495101124983,0.37368080019950867,0.3799566684931051,0.16981313819582622,0.0,8.128636360168457,0.3614963208091539,0.6577978550962593,3.628636360168457,-0.3683463050983837,0.0,0.0,0.0,False,-1,0.0,0.0,0.0,0.0,0.0,0.0,"StraightLane index=('>', '>>', 0)",True,5.006439208984375,0.0,0.0,"StraightLane index=('>>', '>>>', 0)",True,0.0,True,False,0.0,0.0,0.0,0.0,False,0.0,0.0,-0.0,0.0,-0.0,0.0
0.880248,"[5.006507396697998, 4.5, 0.0]","[13.15023422241211, 4.5, 0.0]",0.001938232337164525,0.38364541530609136,0.39014176749624313,-0.1698131381980229,0.0,8.136214256286621,0.3683463050983837,0.3424992144614891,3.636214256286621,-0.38170718296892686,0.0,0.0,0.0,False,-1,0.0,0.0,0.0,0.0,0.0,0.0,"StraightLane index=('>', '>>', 0)",True,5.0065460205078125,0.0,0.0,"StraightLane index=('>>', '>>>', 0)",True,0.0,True,False,0.0,0.0,0.0,0.0,False,0.0,0.0,-0.0,0.0,-0.0,0.0
0.899549,"[5.0066142082214355, 4.5, 0.0]","[13.157510757446289, 4.5, 0.0]",0.005334495101197638,0.3933479189872742,0.39978748449648266,0.1698131382016556,0.0,8.143726825714111,0.38170718296892686,0.6680438935271593,3.6437268257141113,-0.38801342388607657,0.0,0.0,0.0,False,-1,0.0,0.0,0.0,0.0,0.0,0.0,"StraightLane index=('>', '>>', 0)",True,5.006507396697998,0.0,0.0,"StraightLane index=('>>', '>>>', 0)",True,0.0,True,False,0.0,0.0,0.0,0.0,False,0.0,0.0,-0.0,0.0,-0.0,0.0
0.920128,"[5.006575584411621, 4.5, 0.0]","[13.165928840637207, 4.5, 0.0]",0.0019382323374987115,0.40364128351211553,0.41008747250016314,-0.1698131381849463,0.0,8.15089654922478,0.38801342388607657,0.3153120458574854,3.6508965492247807,-0.4017030511746168,0.0,0.0,0.0,False,-1,0.0,0.0,0.0,0.0,0.0,0.0,"StraightLane index=('>', '>>', 0)",True,5.0066142082214355,0.0,-7.629394523038787e-06,"StraightLane index=('>>', '>>>', 0)",True,0.0,True,False,0.0,0.0,0.0,0.0,False,0.0,0.0,-0.0,0.0,-0.0,0.0
0.939241,"[5.006682395935059, 4.5, 0.0]","[13.174189567565918, 4.5, 0.0]",0.005334495101366647,0.4133602678775788,0.41964448849030306,0.16981313819339675,0.0,8.159353256225513,0.4017030511746168,0.6844813644270115,3.659353256225513,-0.40802577277621216,0.0,0.0,0.0,False,-1,0.0,0.0,0.0,0.0,0.0,0.0,"StraightLane index=('>', '>>', 0)",True,5.006575584411621,0.0,-7.629394523038787e-06,"StraightLane index=('>>', '>>>', 0)",True,0.0,True,False,0.0,0.0,0.0,0.0,False,0.0,0.0,-0.0,0.0,-0.0,0.0
0.959072,"[5.006643772125244, 4.5, 0.0]","[13.182883262634277, 4.5, 0.0]",0.001938232339067866,0.42358869314193726,0.4295542020001449,-0.16981313811493903,0.0,8.16750717163086,0.40802577277621216,0.316136080079768,3.6675071716308594,-0.4216504608028694,0.0,0.0,0.0,False,-1,0.0,0.0,0.0,0.0,0.0,0.0,"StraightLane index=('>', '>>', 0)",True,5.006682395935059,0.0,0.0,"StraightLane index=('>>', '>>>', 0)",True,0.0,True,False,0.0,0.0,0.0,0.0,False,0.0,0.0,-0.0,0.0,-0.0,0.0
0.981928,"[5.006750583648682, 4.5, 0.0]","[13.191485404968262, 4.5, 0.0]",0.005263770000118418,0.43370807170867925,0.4409835889993701,0.1662768830525276,0.0,8.176239490508744,0.4216504608028694,0.6812344013328614,3.6762394905087437,-0.42844430170856085,0.0,0.0,0.0,False,-1,0.0,0.0,0.0,0.0,0.0,0.0,"StraightLane index=('>', '>>', 0)",True,5.006643772125244,0.0,-1.5258789046077574e-05,"StraightLane index=('>>', '>>>', 0)",True,0.0,True,False,0.0,0.0,0.0,0.0,False,0.0,0.0,-0.0,0.0,-0.0,0.0
0.99925,"[5.006711959838867, 4.5, 0.0]","[13.1998872756958, 4.5, 0.0]",0.002008957324649865,0.4435930550098419,0.4496512649959186,-0.16274063377342765,0.0,8.184734821318926,0.42844430170856085,0.3396920452845731,3.6847348213189264,-0.4415840976851921,0.0,0.0,0.0,False,-1,0.0,0.0,0.0,0.0,0.0,0.0,"StraightLane index=('>', '>>', 0)",True,5.006750583648682,0.0,-2.2888183620005236e-05,"StraightLane index=('>>', '>>>', 0)",True,0.0,True,False,0.0,0.0,0.0,0.0,False,0.0,0.0,-0.0,0.0,-0.0,0.0
1.019699,"[5.00681734085083, 4.5, 0.0]","[13.209108352661133, 4.5, 0.0]",0.003642682685364371,0.45362326502799993,0.45987383849860636,0.08168626803572529,0.0,8.19317531585686,0.4415840976851921,0.6569897988315615,3.6931753158568608,-0.44998058234263555,0.0,0.0,0.0,False,-1,0.0,0.0,0.0,0.0,0.0,0.0,"StraightLane index=('>', '>>', 0)",True,5.006711959838867,0.0,-7.629394523038787e-06,"StraightLane index=('>>', '>>>', 0)",True,0.0,True,False,0.0,0.0,0.0,0.0,False,0.0,0.0,-0.0,0.0,-0.0,0.0
1.039978,"[5.006777286529541, 4.5, 0.0]","[13.218633651733398, 4.5, 0.0]",0.0036300446378556483,0.46364992856979376,0.47000515250256286,-0.0006319023754361398,0.0,8.202291011810303,0.44998058234263555,0.4198242328721735,3.7022910118103027,-0.4600198839319381,0.0,0.0,0.0,False,-1,0.0,0.0,0.0,0.0,0.0,0.0,"StraightLane index=('>', '>>', 0)",True,5.00681734085083,0.0,0.0,"StraightLane index=('>>', '>>>', 0)",True,0.0,True,False,0.0,0.0,0.0,0.0,False,0.0,0.0,-0.0,0.0,-0.0,0.0
1.05923,"[5.006850242614746, 4.5, 0.0]","[13.227972030639648, 4.5, 0.0]",0.0036426826846477425,0.4734794795513155,0.47964005549438293,0.0006319023396047108,0.0,8.211856365203202,0.4600198839319381,0.5019650794651276,3.711856365203202,-0.46983679686666774,0.0,0.0,0.0,False,-1,0.0,0.0,0.0,0.0,0.0,0.0,"StraightLane index=('>', '>>', 0)",True,5.006777286529541,0.0,2.2888183620005236e-05,"StraightLane index=('>>', '>>>', 0)",True,0.0,True,False,0.0,0.0,0.0,0.0,False,0.0,0.0,-0.0,0.0,-0.0,0.0
1.08168,"[5.006777763366699, 4.5, 0.0]","[13.237436294555664, 4.5, 0.0]",0.0036300446372479213,0.4834412634372712,0.49086027749872296,-0.0006319023699910596,0.0,8.221121788024247,0.46983679686666774,0.4908456467364819,3.721121788024247,-0.47981121880002325,0.0,0.0,0.0,False,-1,0.0,0.0,0.0,0.0,0.0,0.0,"StraightLane index=('>', '>>', 0)",True,5.006850242614746,0.0,2.2888183620005236e-05,"StraightLane index=('>>', '>>>', 0)",True,0.0,True,False,0.0,0.0,0.0,0.0,False,0.0,0.0,-0.0,0.0,-0.0,0.0
1.098787,"[5.006850719451904, 4.5, 0.0]","[13.24681282043457, 4.5, 0.0]",0.003642682684585481,0.49664467573165894,0.4994197005027672,0.00063190236687799,0.0,8.230658531187798,0.47981121880002325,0.49872109666777575,3.7306585311877978,-0.49300199304707343,0.0,0.0,0.0,False,-1,0.0,0.0,0.0,0.0,0.0,0.0,"StraightLane index=('>', '>>', 0)",True,5.006777763366699,0.0,3.0517578143044024e-05,"StraightLane index=('>>', '>>>', 0)",True,0.0,True,False,0.0,0.0,0.0,0.0,False,0.0,0.0,-0.0,0.0,-0.0,0.0
1.119249,"[5.006778240203857, 4.5, 0.0]","[13.25704288482666, 4.5, 0.0]",0.003630044637248697,0.5000410079956056,0.5096474929916439,-0.0006319023668391972,0.0,8.239962100982009,0.49300199304707343,0.6595387123525087,3.7399621009820088,-0.4964109633583569,0.0,0.0,0.0,False,-1,0.0,0.0,0.0,0.0,0.0,0.0,"StraightLane index=('>', '>>', 0)",True,5.006850719451904,0.0,2.2888183620005236e-05,"StraightLane index=('>>', '>>>', 0)",True,0.0,True,False,0.0,0.0,0.0,0.0,False,0.0,0.0,-0.0,0.0,-0.0,0.0
1.139544,"[5.0068511962890625, 4.5, 0.0]","[13.267550468444824, 4.5, 0.0]",0.0036426826847777947,0.5167150497436523,0.5197781119961291,0.0006319023764548778,0.0,8.250264644622144,0.4964109633583569,0.17044851556417273,3.7502646446221437,-0.5130723670588746,0.0,0.0,0.0,False,-1,0.0,0.0,0.0,0.0,0.0,0.0,"StraightLane index=('>', '>>', 0)",True,5.006778240203857,0.0,2.2888183620005236e-05,"StraightLane index=('>>', '>>>', 0)",True,0.0,True,False,0.0,0.0,0.0,0.0,False,0.0,0.0,-0.0,0.0,-0.0,0.0
1.158568,"[5.006778717041016, 4.5, 0.0]","[13.277975082397461, 4.5, 0.0]",0.0036300446375831723,0.5199761986732483,0.529305053994176,-0.0006319023597311244,0.0,8.260699272155103,0.5130723670588746,0.8330701850258859,3.7606992721551027,-0.5163461540356651,0.0,0.0,0.0,False,-1,0.0,0.0,0.0,0.0,0.0,0.0,"StraightLane index=('>', '>>', 0)",True,5.0068511962890625,0.0,2.2888183620005236e-05,"StraightLane index=('>>', '>>>', 0)",True,0.0,True,False,0.0,0.0,0.0,0.0,False,0.0,0.0,-0.0,0.0,-0.0,0.0
1.181623,"[5.006851673126221, 4.5, 0.0]","[13.288614273071289, 4.5, 0.0]",0.0036426826848775045,0.5367752313613892,0.540831330002402,0.0006319023647166112,0.0,8.271196365356152,0.5163461540356651,0.16368934883952413,3.771196365356152,-0.5331325486765116,0.0,0.0,0.0,False,-1,0.0,0.0,0.0,0.0,0.0,0.0,"StraightLane index=('>', '>>', 0)",True,5.006778717041016,0.0,1.5258789046077574e-05,"StraightLane index=('>>', '>>>', 0)",True,0.0,True,False,0.0,0.0,0.0,0.0,False,0.0,0.0,-0.0,0.0,-0.0,0.0
1.198683,"[5.006779193878174, 4.5, 0.0]","[13.298977851867676, 4.5, 0.0]",0.003630044637400376,0.5399790406227115,0.5493671479955083,-0.0006319023738564139,0.0,8.281762599944775,0.5331325486765116,0.8393197320423262,3.7817625999447753,-0.5363489959853112,0.0,0.0,0.0,False,-1,0.0,0.0,0.0,0.0,0.0,0.0,"StraightLane index=('>', '>>', 0)",True,5.006851673126221,0.0,1.5258789046077574e-05,"StraightLane index=('>>', '>>>', 0)",True,0.0,True,False,0.0,0.0,0.0,0.0,False,0.0,0.0,-0.0,0.0,-0.0,0.0
1.219429,"[5.006852149963379, 4.5, 0.0]","[13.310267448425293, 4.5, 0.0]",0.003642682685096092,0.556753933429718,0.5597369134949987,0.0006319023847857789,0.0,8.29219865798884,0.5363489959853112,0.16082236543997763,3.7921986579888394,-0.553111250744622,0.0,0.0,0.0,False,-1,0.0,0.0,0.0,0.0,0.0,0.0,"StraightLane index=('>', '>>', 0)",True,5.006779193878174,0.0,2.2888183620005236e-05,"StraightLane index=('>>', '>>>', 0)",True,0.0,True,False,0.0,0.0,0.0,0.0,False,0.0,0.0,-0.0,0.0,-0.0,0.0
1.239882,"[5.006779670715332, 4.5, 0.0]","[13.322056770324707, 4.5, 0.0]",0.0036300446376857885,0.5603392720222473,0.5699642944993685,-0.000631902370515163,0.0,8.303415298459264,0.553111250744622,0.8381127379655406,3.8034152984592637,-0.5567092273845615,0.0,0.0,0.0,False,-1,0.0,0.0,0.0,0.0,0.0,0.0,"StraightLane index=('>', '>>', 0)",True,5.006852149963379,0.0,4.5776367189121594e-05,"StraightLane index=('>>', '>>>', 0)",True,0.0,True,False,0.0,0.0,0.0,0.0,False,0.0,0.0,-0.0,0.0,-0.0,0.0
1.259006,"[5.006852626800537, 4.5, 0.0]","[13.333456039428711, 4.5, 0.0]",0.0036426826845866248,0.5769185423851013,0.5795303309889277,0.0006319023450418113,0.0,8.31527709960871,0.5567092273845615,0.17989883199697743,3.8152770996087106,-0.5732758597005146,0.0,0.0,0.0,False,-1,0.0,0.0,0.0,0.0,0.0,0.0,"StraightLane index=('>', '>>', 0)",True,5.006779670715332,0.0,2.2888183620005236e-05,"StraightLane index=('>>', '>>>', 0)",True,0.0,True,False,0.0,0.0,0.0,0.0,False,0.0,0.0,-0.0,0.0,-0.0,0.0
1.279523,"[5.00678014755249, 4.5, 0.0]","[13.344696044921875, 4.5, 0.0]",0.0036300446374133905,0.5800252556800842,0.5897773604985559,-0.0006319023586617107,0.0,8.326603412626993,0.5732758597005146,0.8283316157976561,3.8266034126269926,-0.5763952110426709,0.0,0.0,0.0,False,-1,0.0,0.0,0.0,0.0,0.0,0.0,"StraightLane index=('>', '>>', 0)",True,5.006852626800537,0.0,3.0517578143044024e-05,"StraightLane index=('>>', '>>>', 0)",True,0.0,True,False,0.0,0.0,0.0,0.0,False,0.0,0.0,-0.0,0.0,-0.0,0.0
1.299691,"[5.006853103637695, 4.5, 0.0]","[13.356492042541504, 4.5, 0.0]",0.0036426826846844376,0.5969497561454773,0.5998708139988593,0.0006319023635523516,0.0,8.337915897368719,0.5763952110426709,0.155967567107812,3.8379158973687186,-0.5933070734607928,0.0,0.0,0.0,False,-1,0.0,0.0,0.0,0.0,0.0,0.0,"StraightLane index=('>', '>>', 0)",True,5.00678014755249,0.0,2.2888183620005236e-05,"StraightLane index=('>>', '>>>', 0)",True,0.0,True,False,0.0,0.0,0.0,0.0,False,0.0,0.0,-0.0,0.0,-0.0,0.0
1.319696,"[5.006780624389648, 4.5, 0.0]","[13.368412017822266, 4.5, 0.0]",0.00363004463728029,0.6000627279281616,0.6098638854920864,-0.0006319023702073797,0.0,8.349638938902624,0.5933070734607928,0.8455931209060963,3.8496389389026238,-0.5964326832908813,0.0,0.0,0.0,False,-1,0.0,0.0,0.0,0.0,0.0,0.0,"StraightLane index=('>', '>>', 0)",True,5.006853103637695,0.0,3.0517578143044024e-05,"StraightLane index=('>>', '>>>', 0)",True,0.0,True,False,0.0,0.0,0.0,0.0,False,0.0,0.0,-0.0,0.0,-0.0,0.0
1.339772,"[5.0068535804748535, 4.5, 0.0]","[13.381202697753906, 4.5, 0.0]",0.0036426826846661484,0.6169622540473938,0.6199096904922043,0.0006319023692929202,0.0,8.36163139343232,0.5964326832908813,0.15628049150442358,3.8616313934323205,-0.6133195713627276,0.0,0.0,0.0,False,-1,0.0,0.0,0.0,0.0,0.0,0.0,"StraightLane index=('>', '>>', 0)",True,5.006780624389648,0.0,1.5258789046077574e-05,"StraightLane index=('>>', '>>>', 0)",True,0.0,True,False,0.0,0.0,0.0,0.0,False,0.0,0.0,-0.0,0.0,-0.0,0.0
1.359405,"[5.006781101226807, 4.5, 0.0]","[13.393647193908691, 4.5, 0.0]",0.0036300446372590413,0.620250940322876,0.6297304089996033,-0.0006319023703553516,0.0,8.374349117278385,0.6133195713627276,0.8443444035923175,3.874349117278385,-0.616620895685617,0.0,0.0,0.0,False,-1,0.0,0.0,0.0,0.0,0.0,0.0,"StraightLane index=('>', '>>', 0)",True,5.0068535804748535,0.0,2.2888183620005236e-05,"StraightLane index=('>>', '>>>', 0)",True,0.0,True,False,0.0,0.0,0.0,0.0,False,0.0,0.0,-0.0,0.0,-0.0,0.0
1.381787,"[5.006854057312012, 4.5, 0.0]","[13.405983924865723, 4.5, 0.0]",0.003642682684585528,0.6367867588996887,0.6408976839913522,0.0006319023663243313,0.0,8.386866092680695,0.616620895685617,0.16506621614446604,3.8868660926806946,-0.6331440762151032,0.0,0.0,0.0,False,-1,0.0,0.0,0.0,0.0,0.0,0.0,"StraightLane index=('>', '>>', 0)",True,5.006781101226807,0.0,3.0517578143044024e-05,"StraightLane index=('>>', '>>>', 0)",True,0.0,True,False,0.0,0.0,0.0,0.0,False,0.0,0.0,-0.0,0.0,-0.0,0.0
1.399379,"[5.006781578063965, 4.5, 0.0]","[13.418663024902344, 4.5, 0.0]",0.003630044637258802,0.6402636766433718,0.649715800001286,-0.0006319023663363009,0.0,8.399129867553041,0.6331440762151032,0.8261590264743102,3.8991298675530413,-0.636633632006113,0.0,0.0,0.0,False,-1,0.0,0.0,0.0,0.0,0.0,0.0,"StraightLane index=('>', '>>', 0)",True,5.006854057312012,0.0,2.2888183620005236e-05,"StraightLane index=('>>', '>>>', 0)",True,0.0,True,False,0.0,0.0,0.0,0.0,False,0.0,0.0,-0.0,0.0,-0.0,0.0
1.419647,"[5.00685453414917, 4.5, 0.0]","[13.431930541992188, 4.5, 0.0]",0.003642682684632311,0.6569855213165283,0.6598472234938527,0.0006319023686754454,0.0,8.41188144683808,0.636633632006113,0.1744777895504923,3.9118814468380805,-0.653342838631896,0.0,0.0,0.0,False,-1,0.0,0.0,0.0,0.0,0.0,0.0,"StraightLane index=('>', '>>', 0)",True,5.006781578063965,0.0,1.5258789046077574e-05,"StraightLane index=('>>', '>>>', 0)",True,0.0,True,False,0.0,0.0,0.0,0.0,False,0.0,0.0,-0.0,0.0,-0.0,0.0
1.439894,"[5.006782054901123, 4.5, 0.0]","[13.445429801940918, 4.5, 0.0]",0.0036300446372507854,0.6603182554244995,0.669970434496645,-0.0006319023690762749,0.0,8.425076007841822,0.653342838631896,0.8354603312891506,3.925076007841822,-0.6566882107872487,0.0,0.0,0.0,False,-1,0.0,0.0,0.0,0.0,0.0,0.0,"StraightLane index=('>', '>>', 0)",True,5.00685453414917,0.0,3.0517578143044024e-05,"StraightLane index=('>>', '>>>', 0)",True,0.0,True,False,0.0,0.0,0.0,0.0,False,0.0,0.0,-0.0,0.0,-0.0,0.0
1.459283,"[5.006855010986328, 4.5, 0.0]","[13.458860397338867, 4.5, 0.0]",0.003642682684600883,0.6769338250160217,0.6796671825024532,0.0006319023675048756,0.0,8.438647747039496,0.6566882107872487,0.16726860776763441,3.9386477470394965,-0.6732911423314208,0.0,0.0,0.0,False,-1,0.0,0.0,0.0,0.0,0.0,0.0,"StraightLane index=('>', '>>', 0)",True,5.006782054901123,0.0,1.5258789046077574e-05,"StraightLane index=('>>', '>>>', 0)",True,0.0,True,False,0.0,0.0,0.0,0.0,False,0.0,0.0,-0.0,0.0,-0.0,0.0
1.480118,"[5.006782531738281, 4.5, 0.0]","[13.472358703613281, 4.5, 0.0]",0.0036300446372598194,0.6802657842636108,0.6900795839930651,-0.0006319023670531753,0.0,8.452005386351864,0.6732911423314208,0.830146577208607,3.952005386351864,-0.676635739626351,0.0,0.0,0.0,False,-1,0.0,0.0,0.0,0.0,0.0,0.0,"StraightLane index=('>', '>>', 0)",True,5.006855010986328,0.0,2.2888183620005236e-05,"StraightLane index=('>>', '>>>', 0)",True,0.0,True,False,0.0,0.0,0.0,0.0,False,0.0,0.0,-0.0,0.0,-0.0,0.0
1.499973,"[5.006855487823486, 4.5, 0.0]","[13.485838890075684, 4.5, 0.0]",0.0036426826846289824,0.6969174742698669,0.7000126599916257,0.0006319023684581496,0.0,8.465576171874925,0.676635739626351,0.1672298647465098,3.9655761718749254,-0.693274791585238,0.0,0.0,0.0,False,-1,0.0,0.0,0.0,0.0,0.0,0.0,"StraightLane index=('>', '>>', 0)",True,5.006782531738281,0.0,7.629394523038787e-06,"StraightLane index=('>>', '>>>', 0)",True,0.0,True,False,0.0,0.0,0.0,0.0,False,0.0,0.0,-0.0,0.0,-0.0,0.0
1.519981,"[5.0067830085754395, 4.5, 0.0]","[13.500110626220703, 4.5, 0.0]",0.003630044637250607,0.7003061771392824,0.7100136054970789,-0.000631902368918762,0.0,8.478983402251897,0.693274791585238,0.8319525979443465,3.978983402251897,-0.6966761325020319,0.0,0.0,0.0,False,-1,0.0,0.0,0.0,0.0,0.0,0.0,"StraightLane index=('>', '>>', 0)",True,5.006855487823486,0.0,1.5258789046077574e-05,"StraightLane index=('>>', '>>>', 0)",True,0.0,True,False,0.0,0.0,0.0,0.0,False,0.0,0.0,-0.0,0.0,-0.0,0.0
1.539873,"[5.0068559646606445, 4.5, 0.0]","[13.514633178710938, 4.5, 0.0]",0.003642682684586098,0.7169882655143738,0.7199590819975128,0.0006319023667745354,0.0,8.493327617645189,0.6966761325020319,0.17006704583969467,3.993327617645189,-0.7133455828297877,0.0,0.0,0.0,False,-1,0.0,0.0,0.0,0.0,0.0,0.0,"StraightLane index=('>', '>>', 0)",True,5.0067830085754395,0.0,7.629394523038787e-06,"StraightLane index=('>>', '>>>', 0)",True,0.0,True,False,0.0,0.0,0.0,0.0,False,0.0,0.0,-0.0,0.0,-0.0,0.0
1.559366,"[5.006783485412598, 4.5, 0.0]","[13.529048919677734, 4.5, 0.0]",0.0036300446372571618,0.7202637195587158,0.7297094729903619,-0.0006319023664468027,0.0,8.507777214049991,0.7133455828297877,0.8334725163877899,4.007777214049991,-0.7166336749214587,0.0,0.0,0.0,False,-1,0.0,0.0,0.0,0.0,0.0,0.0,"StraightLane index=('>', '>>', 0)",True,5.0068559646606445,0.0,1.5258789046077574e-05,"StraightLane index=('>>', '>>>', 0)",True,0.0,True,False,0.0,0.0,0.0,0.0,False,0.0,0.0,-0.0,0.0,-0.0,0.0
1.579785,"[5.006856441497803, 4.5, 0.0]","[13.543571472167969, 4.5, 0.0]",0.0036426826846449657,0.7369456887245178,0.7399126324919052,0.0006319023693901948,0.0,8.522265434264456,0.7166336749214587,0.16440460458355122,4.022265434264456,-0.7333030060398729,0.0,0.0,0.0,False,-1,0.0,0.0,0.0,0.0,0.0,0.0,"StraightLane index=('>', '>>', 0)",True,5.006783485412598,0.0,2.2888183620005236e-05,"StraightLane index=('>>', '>>>', 0)",True,0.0,True,False,0.0,0.0,0.0,0.0,False,0.0,0.0,-0.0,0.0,-0.0,0.0
1.59964,"[5.006783962249756, 4.5, 0.0]","[13.558029174804688, 4.5, 0.0]",0.003630044637262984,0.7435835599899292,0.7498454509943258,-0.0006319023690990865,0.0,8.536715030669484,0.7333030060398729,0.8334665559207088,4.036715030669484,-0.7399535153526662,0.0,0.0,0.0,False,-1,0.0,0.0,0.0,0.0,0.0,0.0,"StraightLane index=('>', '>>', 0)",True,5.006856441497803,0.0,2.2888183620005236e-05,"StraightLane index=('>>', '>>>', 0)",True,0.0,True,False,0.0,0.0,0.0,0.0,False,0.0,0.0,-0.0,0.0,-0.0,0.0
1.619797,"[5.006856918334961, 4.5, 0.0]","[13.5733060836792, 4.5, 0.0]",0.0036426826846169395,0.7536381483078003,0.7599209914944367,0.0006319023676977769,0.0,8.55124521255425,0.7399535153526662,0.3325254656396659,4.0512452125542495,-0.7499954656231833,0.0,0.0,0.0,False,-1,0.0,0.0,0.0,0.0,0.0,0.0,"StraightLane index=('>', '>>', 0)",True,5.006783962249756,0.0,2.2888183620005236e-05,"StraightLane index=('>>', '>>>', 0)",True,0.0,True,False,0.0,0.0,0.0,0.0,False,0.0,0.0,-0.0,0.0,-0.0,0.0
1.639947,"[5.006784439086914, 4.5, 0.0]","[13.588829040527344, 4.5, 0.0]",0.0036300446374124616,0.7636528611183167,0.7699957324977731,-0.0006319023602238943,0.0,8.566449165343554,0.7499954656231833,0.5020975135258565,4.066449165343554,-0.7600228164809042,0.0,0.0,0.0,False,-1,0.0,0.0,0.0,0.0,0.0,0.0,"StraightLane index=('>', '>>', 0)",True,5.006856918334961,0.0,2.2888183620005236e-05,"StraightLane index=('>>', '>>>', 0)",True,0.0,True,False,0.0,0.0,0.0,0.0,False,0.0,0.0,-0.0,0.0,-0.0,0.0
1.661055,"[5.006857395172119, 4.5, 0.0]","[13.604233741760254, 4.5, 0.0]",0.003642682684646185,0.7735916376113892,0.7805535339895869,0.0006319023616861794,0.0,8.582044601439744,0.7600228164809042,0.5013675428860442,4.082044601439744,-0.769948954926743,0.0,0.0,0.0,False,-1,0.0,0.0,0.0,0.0,0.0,0.0,"StraightLane index=('>', '>>', 0)",True,5.006784439086914,0.0,2.2888183620005236e-05,"StraightLane index=('>>', '>>>', 0)",True,0.0,True,False,0.0,0.0,0.0,0.0,False,0.0,0.0,-0.0,0.0,-0.0,0.0
1.679358,"[5.006784915924072, 4.5, 0.0]","[13.619309425354004, 4.5, 0.0]",0.0036300446372633426,0.7833181023597717,0.7896992560010404,-0.0006319023691421293,0.0,8.597376346587449,0.769948954926743,0.4963069222919392,4.097376346587449,-0.7796880577225084,0.0,0.0,0.0,False,-1,0.0,0.0,0.0,0.0,0.0,0.0,"StraightLane index=('>', '>>', 0)",True,5.006857395172119,0.0,2.2888183620005236e-05,"StraightLane index=('>>', '>>>', 0)",True,0.0,True,False,0.0,0.0,0.0,0.0,False,0.0,0.0,-0.0,0.0,-0.0,0.0
1.699519,"[5.006857872009277, 4.5, 0.0]","[13.635221481323242, 4.5, 0.0]",0.0036426826845860844,0.7935838699340821,0.7997826844977681,0.0006319023661370896,0.0,8.612524509429244,0.7796880577225084,0.4869551397882699,4.112524509429244,-0.789941187249496,0.0,0.0,0.0,False,-1,0.0,0.0,0.0,0.0,0.0,0.0,"StraightLane index=('>', '>>', 0)",True,5.006784915924072,0.0,2.2888183620005236e-05,"StraightLane index=('>>', '>>>', 0)",True,0.0,True,False,0.0,0.0,0.0,0.0,False,0.0,0.0,-0.0,0.0,-0.0,0.0
1.719492,"[5.0067853927612305, 4.5, 0.0]","[13.651040077209473, 4.5, 0.0]",0.0036300446372487835,0.8033576607704163,0.8097635615005857,-0.0006319023668650446,0.0,8.628363609313276,0.789941187249496,0.5126564763493824,4.128363609313276,-0.7997276161331675,0.0,0.0,0.0,False,-1,0.0,0.0,0.0,0.0,0.0,0.0,"StraightLane index=('>', '>>', 0)",True,5.006857872009277,0.0,2.2888183620005236e-05,"StraightLane index=('>>', '>>>', 0)",True,0.0,True,False,0.0,0.0,0.0,0.0,False,0.0,0.0,-0.0,0.0,-0.0,0.0
1.740006,"[5.0068583488464355, 4.5, 0.0]","[13.668004989624023, 4.5, 0.0]",0.0036426826846107643,0.8136393427848816,0.8200274934963091,0.0006319023680990401,0.0,8.644254684447553,0.7997276161331675,0.4893214441835714,4.144254684447553,-0.8099966601002708,0.0,0.0,0.0,False,-1,0.0,0.0,0.0,0.0,0.0,0.0,"StraightLane index=('>', '>>', 0)",True,5.0067853927612305,0.0,2.2888183620005236e-05,"StraightLane index=('>>', '>>>', 0)",True,0.0,True,False,0.0,0.0,0.0,0.0,False,0.0,0.0,-0.0,0.0,-0.0,0.0
1.759451,"[5.006785869598389, 4.5, 0.0]","[13.684420585632324, 4.5, 0.0]",0.003630044637699836,0.823587954044342,0.8297519599902443,-0.0006319023455464206,0.0,8.661146640776897,0.8099966601002708,0.5134521983551688,4.161146640776897,-0.8199579094066423,0.0,0.0,0.0,False,-1,0.0,0.0,0.0,0.0,0.0,0.0,"StraightLane index=('>', '>>', 0)",True,5.0068583488464355,0.0,2.2888183620005236e-05,"StraightLane index=('>>', '>>>', 0)",True,0.0,True,False,0.0,0.0,0.0,0.0,False,0.0,0.0,-0.0,0.0,-0.0,0.0
1.782383,"[5.006858825683594, 4.5, 0.0]","[13.700692176818848, 4.5, 0.0]",0.003642682684847282,0.8334497809410095,0.8412114819977432,0.0006319023573723125,0.0,8.677634716033243,0.8199579094066423,0.4980624653185717,4.177634716033243,-0.8298070982561623,0.0,0.0,0.0,False,-1,0.0,0.0,0.0,0.0,0.0,0.0,"StraightLane index=('>', '>>', 0)",True,5.006785869598389,0.0,2.2888183620005236e-05,"StraightLane index=('>>', '>>>', 0)",True,0.0,True,False,0.0,0.0,0.0,0.0,False,0.0,0.0,-0.0,0.0,-0.0,0.0
1.799405,"[5.006786346435547, 4.5, 0.0]","[13.717053413391113, 4.5, 0.0]",0.003630044637296304,0.8433656096458435,0.849728085991228,-0.0006319023775489029,0.0,8.69383335113456,0.8298070982561623,0.49245944247600093,4.193833351134559,-0.8397355650085472,0.0,0.0,0.0,False,-1,0.0,0.0,0.0,0.0,0.0,0.0,"StraightLane index=('>', '>>', 0)",True,5.006858825683594,0.0,2.2888183620005236e-05,"StraightLane index=('>>', '>>>', 0)",True,0.0,True,False,0.0,0.0,0.0,0.0,False,0.0,0.0,-0.0,0.0,-0.0,0.0
1.819645,"[5.006859302520752, 4.5, 0.0]","[13.734298706054688, 4.5, 0.0]",0.0036426826845870315,0.8534087538719177,0.8598434210027335,0.0006319023645363735,0.0,8.710267066954872,0.8397355650085472,0.49642333761924506,4.210267066954872,-0.8497660711873307,0.0,0.0,0.0,False,-1,0.0,0.0,0.0,0.0,0.0,0.0,"StraightLane index=('>', '>>', 0)",True,5.006786346435547,0.0,2.2888183620005236e-05,"StraightLane index=('>>', '>>>', 0)",True,0.0,True,False,0.0,0.0,0.0,0.0,False,0.0,0.0,-0.0,0.0,-0.0,0.0
1.839611,"[5.006786823272705, 4.5, 0.0]","[13.75178050994873, 4.5, 0.0]",0.003630044637275934,0.8633981943130493,0.8698284485028125,-0.000631902365554873,0.0,8.727439403533626,0.8497660711873307,0.5015253089391769,4.2274394035336265,-0.8597681496757734,0.0,0.0,0.0,False,-1,0.0,0.0,0.0,0.0,0.0,0.0,"StraightLane index=('>', '>>', 0)",True,5.006859302520752,0.0,1.5258789046077574e-05,"StraightLane index=('>>', '>>>', 0)",True,0.0,True,False,0.0,0.0,0.0,0.0,False,0.0,0.0,-0.0,0.0,-0.0,0.0
1.859342,"[5.00685977935791, 4.5, 0.0]","[13.769620895385742, 4.5, 0.0]",0.0036426826849645824,0.8735929727554321,0.8796971470030258,0.0006319023844324157,0.0,8.744993686675327,0.8597681496757734,0.500103924422135,4.244993686675327,-0.8699502900704675,0.0,0.0,0.0,False,-1,0.0,0.0,0.0,0.0,0.0,0.0,"StraightLane index=('>', '>>', 0)",True,5.006786823272705,0.0,2.2888183620005236e-05,"StraightLane index=('>>', '>>>', 0)",True,0.0,True,False,0.0,0.0,0.0,0.0,False,0.0,0.0,-0.0,0.0,-0.0,0.0
1.879403,"[5.006787300109863, 4.5, 0.0]","[13.786703109741211, 4.5, 0.0]",0.0036300446376796983,0.8833543062210083,0.8897161574888742,-0.0006319023642442027,0.0,8.762761116027521,0.8699502900704675,0.5091070197347058,4.262761116027521,-0.8797242615833286,0.0,0.0,0.0,False,-1,0.0,0.0,0.0,0.0,0.0,0.0,"StraightLane index=('>', '>>', 0)",True,5.00685977935791,0.0,1.5258789046077574e-05,"StraightLane index=('>>', '>>>', 0)",True,0.0,True,False,0.0,0.0,0.0,0.0,False,0.0,0.0,-0.0,0.0,-0.0,0.0
1.899556,"[5.006860256195068, 4.5, 0.0]","[13.804603576660156, 4.5, 0.0]",0.0036426826847715974,0.8935827612876892,0.8997989959927509,0.0006319023545949551,0.0,8.779915809630646,0.8797242615833286,0.48869857564305397,4.279915809630646,-0.8899400786029176,0.0,0.0,0.0,False,-1,0.0,0.0,0.0,0.0,0.0,0.0,"StraightLane index=('>', '>>', 0)",True,5.006787300109863,0.0,2.2888183620005236e-05,"StraightLane index=('>>', '>>>', 0)",True,0.0,True,False,0.0,0.0,0.0,0.0,False,0.0,0.0,-0.0,0.0,-0.0,0.0
1.919534,"[5.0067877769470215, 4.5, 0.0]","[13.82241153717041, 4.5, 0.0]",0.003630044637251756,0.9033755660057068,0.9097869604913286,-0.0006319023759920753,0.0,8.797743320464777,0.8899400786029176,0.5107908509794479,4.297743320464777,-0.899745521368455,0.0,0.0,0.0,False,-1,0.0,0.0,0.0,0.0,0.0,0.0,"StraightLane index=('>', '>>', 0)",True,5.006860256195068,0.0,1.5258789046077574e-05,"StraightLane index=('>>', '>>>', 0)",True,0.0,True,False,0.0,0.0,0.0,0.0,False,0.0,0.0,-0.0,0.0,-0.0,0.0
1.939977,"[5.006860733032227, 4.5, 0.0]","[13.841426849365234, 4.5, 0.0]",0.003642682684753282,0.9136539101600647,0.9200123864895432,0.0006319023750762931,0.0,8.815623760222685,0.899745521368455,0.49027213827687044,4.315623760222685,-0.9100112274753114,0.0,0.0,0.0,False,-1,0.0,0.0,0.0,0.0,0.0,0.0,"StraightLane index=('>', '>>', 0)",True,5.0067877769470215,0.0,2.2888183620005236e-05,"StraightLane index=('>>', '>>>', 0)",True,0.0,True,False,0.0,0.0,0.0,0.0,False,0.0,0.0,-0.0,0.0,-0.0,0.0
1.959291,"[5.00678825378418, 4.5, 0.0]","[13.859803199768066, 4.5, 0.0]",0.003630044638205166,0.9235873222351076,0.929672847999609,-0.0006319023274057884,0.0,8.834566116332695,0.9100112274753114,0.5132853053428199,4.334566116332695,-0.9199572775969025,0.0,0.0,0.0,False,-1,0.0,0.0,0.0,0.0,0.0,0.0,"StraightLane index=('>', '>>', 0)",True,5.006860733032227,0.0,1.5258789046077574e-05,"StraightLane index=('>>', '>>>', 0)",True,0.0,True,False,0.0,0.0,0.0,0.0,False,0.0,0.0,-0.0,0.0,-0.0,0.0
1.980208,"[5.006861209869385, 4.5, 0.0]","[13.878340721130371, 4.5, 0.0]",0.003642682685925576,0.9336077570915222,0.9401261709892423,0.00063190238602049,0.0,8.85301494598318,0.9199572775969025,0.4973025060795555,4.35301494598318,-0.9299650744055966,0.0,0.0,0.0,False,-1,0.0,0.0,0.0,0.0,0.0,0.0,"StraightLane index=('>', '>>', 0)",True,5.00678825378418,0.0,2.2888183620005236e-05,"StraightLane index=('>>', '>>>', 0)",True,0.0,True,False,0.0,0.0,0.0,0.0,False,0.0,0.0,-0.0,0.0,-0.0,0.0
1.99952,"[5.006788730621338, 4.5, 0.0]","[13.896814346313477, 4.5, 0.0]",0.0036300446381014005,0.9435936212539673,0.9497833559900755,-0.0006319023912087661,0.0,8.871479511260672,0.9299650744055966,0.5003898404347062,4.371479511260672,-0.9399635766158659,0.0,0.0,0.0,False,-1,0.0,0.0,0.0,0.0,0.0,0.0,"StraightLane index=('>', '>>', 0)",True,5.006861209869385,0.0,1.5258789046077574e-05,"StraightLane index=('>>', '>>>', 0)",True,0.0,True,False,0.0,0.0,0.0,0.0,False,0.0,0.0,-0.0,0.0,-0.0,0.0
2.023531,"[5.006861686706543, 4.5, 0.0]","[13.916437149047852, 4.5, 0.0]",0.0036426826854116757,0.9571473598480225,0.9617771544901188,0.00063190236551376,0.0,8.89002561569143,0.9399635766158659,0.4999251105134661,4.39002561569143,-0.9535046771626108,0.0,0.0,0.0,False,-1,0.0,0.0,0.0,0.0,0.0,0.0,"StraightLane index=('>', '>>', 0)",True,5.006788730621338,0.0,2.2888183620005236e-05,"StraightLane index=('>>', '>>>', 0)",True,0.0,True,False,0.0,0.0,0.0,0.0,False,0.0,0.0,-0.0,0.0,-0.0,0.0
2.039859,"[5.006789207458496, 4.5, 0.0]","[13.935582160949707, 4.5, 0.0]",0.0036300446374955323,0.9602987170219422,0.9699533809936838,-0.000631902395807171,0.0,8.909575462340992,0.9535046771626108,0.6770550273372422,4.409575462340992,-0.9566686723844467,0.0,0.0,0.0,False,-1,0.0,0.0,0.0,0.0,0.0,0.0,"StraightLane index=('>', '>>', 0)",True,5.006861686706543,0.0,1.5258789046077574e-05,"StraightLane index=('>>', '>>>', 0)",True,0.0,True,False,0.0,0.0,0.0,0.0,False,0.0,0.0,-0.0,0.0,-0.0,0.0
2.059409,"[5.006862163543701, 4.5, 0.0]","[13.955009460449219, 4.5, 0.0]",0.0036426826845937323,0.9769280552864075,0.9797295844939071,0.0006319023549100026,0.0,8.928792953490499,0.9566686723844467,0.15819976109179845,4.428792953490499,-0.9732853726018137,0.0,0.0,0.0,False,-1,0.0,0.0,0.0,0.0,0.0,0.0,"StraightLane index=('>', '>>', 0)",True,5.006789207458496,0.0,2.2888183620005236e-05,"StraightLane index=('>>', '>>>', 0)",True,0.0,True,False,0.0,0.0,0.0,0.0,False,0.0,0.0,-0.0,0.0,-0.0,0.0
2.079703,"[5.006789684295654, 4.5, 0.0]","[13.974041938781738, 4.5, 0.0]",0.0036300446372852417,0.9800214767456056,0.9898718145006569,-0.0006319023654245302,0.0,8.948147296905201,0.9732853726018137,0.8308350108683471,4.448147296905201,-0.9763914321083204,0.0,0.0,0.0,False,-1,0.0,0.0,0.0,0.0,0.0,0.0,"StraightLane index=('>', '>>', 0)",True,5.006862163543701,0.0,1.5258789046077574e-05,"StraightLane index=('>>', '>>>', 0)",True,0.0,True,False,0.0,0.0,0.0,0.0,False,0.0,0.0,-0.0,0.0,-0.0,0.0
2.099656,"[5.006862640380859, 4.5, 0.0]","[13.994097709655762, 4.5, 0.0]",0.003642682684802968,0.9969732165336609,0.9998534344951622,0.0006319023758863222,0.0,8.967252254485368,0.9763914321083204,0.15530297532533321,4.467252254485368,-0.9933305338488579,0.0,0.0,0.0,False,-1,0.0,0.0,0.0,0.0,0.0,0.0,"StraightLane index=('>', '>>', 0)",True,5.006789684295654,0.0,2.2888183620005236e-05,"StraightLane index=('>>', '>>>', 0)",True,0.0,True,False,0.0,0.0,0.0,0.0,False,0.0,0.0,-0.0,0.0,-0.0,0.0
2.119978,"[5.0067901611328125, 4.5, 0.0]","[14.014291763305664, 4.5, 0.0]",0.0036300446382397608,1.000304937362671,1.0100129254889907,-0.0006319023281603714,0.0,8.987235069274584,0.9933305338488579,0.8469550870268794,4.487235069274584,-0.9966748927244311,0.0,0.0,0.0,False,-1,0.0,0.0,0.0,0.0,0.0,0.0,"StraightLane index=('>', '>>', 0)",True,5.006862640380859,0.0,1.5258789046077574e-05,"StraightLane index=('>>', '>>>', 0)",True,0.0,True,False,0.0,0.0,0.0,0.0,False,0.0,0.0,-0.0,0.0,-0.0,0.0
2.139364,"[5.006863117218018, 4.5, 0.0]","[14.034199714660645, 4.5, 0.0]",0.0036426826861885165,1.0166828632354736,1.0196912124985829,0.0006319023974377894,0.0,9.007501602172132,0.9966748927244311,0.16721794377865806,4.507501602172132,-1.013040180549285,0.0,0.0,0.0,False,-1,0.0,0.0,0.0,0.0,0.0,0.0,"StraightLane index=('>', '>>', 0)",True,5.0067901611328125,0.0,2.2888183620005236e-05,"StraightLane index=('>>', '>>>', 0)",True,0.0,True,False,0.0,0.0,0.0,0.0,False,0.0,0.0,-0.0,0.0,-0.0,0.0
2.159326,"[5.006790637969971, 4.5, 0.0]","[14.055213928222656, 4.5, 0.0]",0.0036300446388478217,1.0202670097351074,1.0296897949912818,-0.0006319023670347439,0.0,9.027336597442307,1.013040180549285,0.8182643912426957,4.527336597442307,-1.0166369650962597,0.0,0.0,0.0,False,-1,0.0,0.0,0.0,0.0,0.0,0.0,"StraightLane index=('>', '>>', 0)",True,5.006863117218018,0.0,1.5258789046077574e-05,"StraightLane index=('>>', '>>>', 0)",True,0.0,True,False,0.0,0.0,0.0,0.0,False,0.0,0.0,-0.0,0.0,-0.0,0.0
2.180112,"[5.006863594055176, 4.5, 0.0]","[14.07520866394043, 4.5, 0.0]",0.003642682685455779,1.0366871356964111,1.040072777995374,0.0006319023303978611,0.0,9.048423290251963,1.0166369650962597,0.1798392273487326,4.548423290251963,-1.0330444530109553,0.0,0.0,0.0,False,-1,0.0,0.0,0.0,0.0,0.0,0.0,"StraightLane index=('>', '>>', 0)",True,5.006790637969971,0.0,2.2888183620005236e-05,"StraightLane index=('>>', '>>>', 0)",True,0.0,True,False,0.0,0.0,0.0,0.0,False,0.0,0.0,-0.0,0.0,-0.0,0.0
2.199295,"[5.006791114807129, 4.5, 0.0]","[14.095684051513672, 4.5, 0.0]",0.0036300446374619385,1.0400084257125854,1.049673010990955,-0.0006319023996920192,0.0,9.068345069884932,1.0330444530109553,0.8203743957347798,4.568345069884932,-1.0363783810751235,0.0,0.0,0.0,False,-1,0.0,0.0,0.0,0.0,0.0,0.0,"StraightLane index=('>', '>>', 0)",True,5.006863594055176,0.0,1.5258789046077574e-05,"StraightLane index=('>>', '>>>', 0)",True,0.0,True,False,0.0,0.0,0.0,0.0,False,0.0,0.0,-0.0,0.0,-0.0,0.0
2.219959,"[5.006864070892334, 4.5, 0.0]","[14.11756420135498, 4.5, 0.0]",0.003642682684658453,1.0570063591003418,1.0600042265024967,0.0006319023598257319,0.0,9.088892936705818,1.0363783810751235,0.16669640320841062,4.588892936705818,-1.0533636764156833,0.0,0.0,0.0,False,-1,0.0,0.0,0.0,0.0,0.0,0.0,"StraightLane index=('>', '>>', 0)",True,5.006791114807129,0.0,2.2888183620005236e-05,"StraightLane index=('>>', '>>>', 0)",True,0.0,True,False,0.0,0.0,0.0,0.0,False,0.0,0.0,-0.0,0.0,-0.0,0.0
2.239238,"[5.006791591644287, 4.5, 0.0]","[14.138398170471191, 4.5, 0.0]",0.003630044637339117,1.0600301027297974,1.0696432650031056,-0.0006319023659668048,0.0,9.110700130462323,1.0533636764156833,0.8492647670279907,4.610700130462323,-1.0564000580924582,0.0,0.0,0.0,False,-1,0.0,0.0,0.0,0.0,0.0,0.0,"StraightLane index=('>', '>>', 0)",True,5.006864070892334,0.0,1.5258789046077574e-05,"StraightLane index=('>>', '>>>', 0)",True,0.0,True,False,0.0,0.0,0.0,0.0,False,0.0,0.0,-0.0,0.0,-0.0,0.0
2.259192,"[5.006864547729492, 4.5, 0.0]","[14.160384178161621, 4.5, 0.0]",0.0036426826846712263,1.0769230127334595,1.079622053500498,0.0006319023666054649,0.0,9.131606578826176,1.0564000580924582,0.15181908383874454,4.631606578826176,-1.0732803300487883,0.0,0.0,0.0,False,-1,0.0,0.0,0.0,0.0,0.0,0.0,"StraightLane index=('>', '>>', 0)",True,5.006791591644287,0.0,2.2888183620005236e-05,"StraightLane index=('>>', '>>>', 0)",True,0.0,True,False,0.0,0.0,0.0,0.0,False,0.0,0.0,-0.0,0.0,-0.0,0.0
2.284705,"[5.006792068481445, 4.5, 0.0]","[14.182126998901367, 4.5, 0.0]",0.0036300446373618957,1.0803693532943726,1.0923728994996056,-0.0006319023654665322,0.0,9.153519630431806,1.0732803300487883,0.8440135978165064,4.653519630431806,-1.0767393086570107,0.0,0.0,0.0,False,-1,0.0,0.0,0.0,0.0,0.0,0.0,"StraightLane index=('>', '>>', 0)",True,5.006864547729492,0.0,1.5258789046077574e-05,"StraightLane index=('>>', '>>>', 0)",True,0.0,True,False,0.0,0.0,0.0,0.0,False,0.0,0.0,-0.0,0.0,-0.0,0.0
2.299255,"[5.00686502456665, 4.5, 0.0]","[14.20337963104248, 4.5, 0.0]",0.003642682684658534,1.0969204902648926,1.0996541139931653,0.0006319023648319053,0.0,9.17533493041919,1.0767393086570107,0.17294893041112092,4.67533493041919,-1.093277807580234,0.0,0.0,0.0,False,-1,0.0,0.0,0.0,0.0,0.0,0.0,"StraightLane index=('>', '>>', 0)",True,5.006792068481445,0.0,2.2888183620005236e-05,"StraightLane index=('>>', '>>>', 0)",True,0.0,True,False,0.0,0.0,0.0,0.0,False,0.0,0.0,-0.0,0.0,-0.0,0.0
2.319813,"[5.0067925453186035, 4.5, 0.0]","[14.225655555725098, 4.5, 0.0]",0.003630044637333286,1.10029137134552,1.1099293850013057,-0.00063190236626238,0.0,9.196514606475505,1.093277807580234,0.8269249461611672,4.696514606475505,-1.0966613267081868,0.0,0.0,0.0,False,-1,0.0,0.0,0.0,0.0,0.0,0.0,"StraightLane index=('>', '>>', 0)",True,5.00686502456665,0.0,1.5258789046077574e-05,"StraightLane index=('>>', '>>>', 0)",True,0.0,True,False,0.0,0.0,0.0,0.0,False,0.0,0.0,-0.0,0.0,-0.0,0.0
2.339851,"[5.006865501403809, 4.5, 0.0]","[14.248224258422852, 4.5, 0.0]",0.0036426826846293475,1.1169885396957397,1.1199480834940916,0.0006319023648030655,0.0,9.218863010405759,1.0966613267081868,0.16917595639763805,4.718863010405759,-1.1133458570111103,0.0,0.0,0.0,False,-1,0.0,0.0,0.0,0.0,0.0,0.0,"StraightLane index=('>', '>>', 0)",True,5.0067925453186035,0.0,2.2888183620005236e-05,"StraightLane index=('>>', '>>>', 0)",True,0.0,True,False,0.0,0.0,0.0,0.0,False,0.0,0.0,-0.0,0.0,-0.0,0.0
2.359165,"[5.006793022155762, 4.5, 0.0]","[14.270569801330566, 4.5, 0.0]",0.003630044637278608,1.120253324508667,1.1296095009922282,-0.000631902367536968,0.0,9.241358757018716,1.1133458570111103,0.8342265151461747,4.741358757018716,-1.1166232798713884,0.0,0.0,0.0,False,-1,0.0,0.0,0.0,0.0,0.0,0.0,"StraightLane index=('>', '>>', 0)",True,5.006865501403809,0.0,1.5258789046077574e-05,"StraightLane index=('>>', '>>>', 0)",True,0.0,True,False,0.0,0.0,0.0,0.0,False,0.0,0.0,-0.0,0.0,-0.0,0.0
2.380436,"[5.006865978240967, 4.5, 0.0]","[14.293102264404297, 4.5, 0.0]",0.0036426826846738367,1.1369342803955078,1.140236749491305,0.0006319023697614256,0.0,9.263776779174066,1.1166232798713884,0.16387114301390504,4.763776779174066,-1.133291597710834,0.0,0.0,0.0,False,-1,0.0,0.0,0.0,0.0,0.0,0.0,"StraightLane index=('>', '>>', 0)",True,5.006793022155762,0.0,2.2888183620005236e-05,"StraightLane index=('>>', '>>>', 0)",True,0.0,True,False,0.0,0.0,0.0,0.0,False,0.0,0.0,-0.0,0.0,-0.0,0.0
2.40019,"[5.00679349899292, 4.5, 0.0]","[14.31558609008789, 4.5, 0.0]",0.0036300446372837165,1.1402604579925537,1.1501217164943227,-0.0006319023695060093,0.004609045572578907,9.286236286163001,1.133291597710834,0.8334158919722778,4.7862362861630015,-1.13663041335527,0.00048350109136663377,0.0,0.0,False,-1,0.0,0.0,0.0,0.0,0.0,0.0,"StraightLane index=('>', '>>', 0)",True,5.006865978240967,0.0,1.5258789046077574e-05,"StraightLane index=('>>', '>>>', 0)",True,0.0,True,False,0.0,0.0,0.0,0.0,False,0.0,0.0,-0.0,0.0,-0.0,0.0
2.420973,"[5.006866455078125, 4.5, 0.0]","[14.338456153869629, 4.5, 0.0]",0.0036426826845895955,1.156789779663086,1.1605052544939098,0.0006319023652939489,0.011483544483780861,9.308792591094228,1.13663041335527,0.16694078222180275,4.808792591094228,-1.1531470969784963,0.0013349030632525682,0.0,0.0,False,-1,0.0,0.0,0.0,0.0,0.0,0.0,"StraightLane index=('>', '>>', 0)",True,5.00679349899292,0.0,2.2888183620005236e-05,"StraightLane index=('>>', '>>>', 0)",True,0.0,True,False,0.0,0.0,0.0,0.0,False,0.0,0.0,-0.0,0.0,-0.0,0.0
2.440175,"[5.006793975830078, 4.5, 0.0]","[14.36242389678955, 4.5, 0.0]",0.0036300446372589936,1.1603223085403442,1.1701078354992205,-0.0006319023665300912,0.015664484351873398,9.331589698791174,1.1531470969784963,0.8258341811613112,4.8315896987911735,-1.1566922639030852,0.0020271064713597298,0.0,0.0,False,-1,0.0,0.0,0.0,0.0,0.0,0.0,"StraightLane index=('>', '>>', 0)",True,5.006866455078125,0.0,1.5258789046077574e-05,"StraightLane index=('>>', '>>>', 0)",True,0.0,True,False,0.0,0.0,0.0,0.0,False,0.0,0.0,-0.0,0.0,-0.0,0.0
2.459395,"[5.006866931915283, 4.5, 0.0]","[14.385785102844238, 4.5, 0.0]",0.0036426826847163044,1.1769300699234009,1.1797241439955541,0.0006319023728655398,0.0176788792014122,9.355629920958727,1.1566922639030852,0.17725834622944747,4.855629920958727,-1.1732873872386846,0.002564167371019721,0.0,0.0,False,-1,0.0,0.0,0.0,0.0,0.0,0.0,"StraightLane index=('>', '>>', 0)",True,5.006793975830078,0.0,2.2888183620005236e-05,"StraightLane index=('>>', '>>>', 0)",True,0.0,True,False,0.0,0.0,0.0,0.0,False,0.0,0.0,-0.0,0.0,-0.0,0.0
2.480505,"[5.006794452667236, 4.5, 0.0]","[14.408868789672852, 4.5, 0.0]",0.003630044637359002,1.1800860166549683,1.190269129499211,-0.0006319023678651127,0.01803271844983101,9.378918170928623,1.1732873872386846,0.8297561667799713,4.878918170928623,-1.1764559720176093,0.0029584078583866358,0.0,0.0,False,-1,0.0,0.0,0.0,0.0,0.0,0.0,"StraightLane index=('>', '>>', 0)",True,5.006866931915283,0.0,1.5258789046077574e-05,"StraightLane index=('>>', '>>>', 0)",True,0.0,True,False,0.0,0.0,0.0,0.0,False,0.0,0.0,-0.0,0.0,-0.0,0.0
2.499723,"[5.006867408752441, 4.5, 0.0]","[14.432790756225586, 4.5, 0.0]",0.0036426826848673525,1.196932315826416,1.1998869909904897,0.0006319023754175132,0.017186254262924194,9.402074337004864,1.1764559720176093,0.15842923894623384,4.902074337004864,-1.1932896331415486,0.003227268811315298,0.0,0.0,False,-1,0.0,0.0,0.0,0.0,0.0,0.0,"StraightLane index=('>', '>>', 0)",True,5.006794452667236,0.0,2.2888183620005236e-05,"StraightLane index=('>>', '>>>', 0)",True,0.0,True,False,0.0,0.0,0.0,0.0,False,0.0,0.0,-0.0,0.0,-0.0,0.0
2.52032,"[5.0067949295043945, 4.5, 0.0]","[14.457183837890625, 4.5, 0.0]",0.0036300446372526268,1.203680276870728,1.2101807059982093,-0.0006319023807362838,0.015539267100393772,9.42592334747281,1.1932896331415486,0.8416830561969624,4.925923347472811,-1.2000502322334754,0.0033907622564584017,0.0,0.0,False,-1,0.0,0.0,0.0,0.0,0.0,0.0,"StraightLane index=('>', '>>', 0)",True,5.006867408752441,0.0,1.5258789046077574e-05,"StraightLane index=('>>', '>>>', 0)",True,0.0,True,False,0.0,0.0,0.0,0.0,False,0.0,0.0,-0.0,0.0,-0.0,0.0
2.54029,"[5.0068678855896, 4.5, 0.0]","[14.481739044189453, 4.5, 0.0]",0.003642682684593016,1.2103698253631592,1.2201661835017148,0.0006319023670194567,0.013424270786345005,9.450388908385476,1.2000502322334754,0.33802995459634166,4.9503889083854755,-1.2067271426785662,0.003469507908448577,0.0,0.0,False,-1,0.0,0.0,0.0,0.0,0.0,0.0,"StraightLane index=('>', '>>', 0)",True,5.0067949295043945,0.0,2.2888183620005236e-05,"StraightLane index=('>>', '>>>', 0)",True,0.0,True,False,0.0,0.0,0.0,0.0,False,0.0,0.0,-0.0,0.0,-0.0,0.0
2.55928,"[5.006795406341553, 4.5, 0.0]","[14.505949974060059, 4.5, 0.0]",0.003630044637416608,1.226918339729309,1.2296675419958774,-0.0006319023588203946,0.009935147128999233,9.474871158599518,1.2067271426785662,0.3338455222545389,4.974871158599518,-1.2232882950918924,0.003471555421128869,0.0,0.0,False,-1,0.0,0.0,0.0,0.0,0.0,0.0,"StraightLane index=('>', '>>', 0)",True,5.0068678855896,0.0,1.5258789046077574e-05,"StraightLane index=('>>', '>>>', 0)",True,0.0,True,False,0.0,0.0,0.0,0.0,False,0.0,0.0,-0.0,0.0,-0.0,0.0
2.580079,"[5.006868362426758, 4.5, 0.0]","[14.530516624450684, 4.5, 0.0]",0.0036426826846378568,1.2302790880203247,1.2400590369972633,0.0006319023610624379,0.007668358273804188,9.499154567717747,1.2232882950918924,0.8280576206663115,4.999154567717747,-1.2266364053356869,0.0034209545701742172,0.0,0.0,False,-1,0.0,0.0,0.0,0.0,0.0,0.0,"StraightLane index=('>', '>>', 0)",True,5.006795406341553,0.0,2.2888183620005236e-05,"StraightLane index=('>>', '>>>', 0)",True,0.0,True,False,0.0,0.0,0.0,0.0,False,0.0,0.0,-0.0,0.0,-0.0,0.0
2.599755,"[5.006795883178711, 4.5, 0.0]","[14.555010795593262, 4.5, 0.0]",0.0036300446374209596,1.2469429969787598,1.2498999010014813,-0.0006319023608448602,0.005592486821115017,9.523648262023588,1.2266364053356869,0.16740551218972222,5.023648262023588,-1.2433129523413389,0.0033458853140473366,0.0,0.0,False,-1,0.0,0.0,0.0,0.0,0.0,0.0,"StraightLane index=('>', '>>', 0)",True,5.006868362426758,0.0,1.5258789046077574e-05,"StraightLane index=('>>', '>>>', 0)",True,0.0,True,False,0.0,0.0,0.0,0.0,False,0.0,0.0,-0.0,0.0,-0.0,0.0
2.620007,"[5.006868839263916, 4.5, 0.0]","[14.58030891418457, 4.5, 0.0]",0.00364268268463955,1.250317096710205,1.260024391990737,0.0006319023609295147,0.003778496291488409,9.548214912413789,1.2433129523413389,0.833827350282601,5.048214912413789,-1.2466744140255654,0.003258016426116228,0.0,0.0,False,-1,0.0,0.0,0.0,0.0,0.0,0.0,"StraightLane index=('>', '>>', 0)",True,5.006795883178711,0.0,2.2888183620005236e-05,"StraightLane index=('>>', '>>>', 0)",True,0.0,True,False,0.0,0.0,0.0,0.0,False,0.0,0.0,-0.0,0.0,-0.0,0.0
2.640124,"[5.006796360015869, 4.5, 0.0]","[14.605870246887207, 4.5, 0.0]",0.003630044637290385,1.267007827758789,1.2700830504938494,-0.0006319023674582333,0.0029816573951393366,9.573440074920315,1.2466744140255654,0.16807308421132872,5.073440074920315,-1.2633777831214987,0.0032122109550982714,1.243312954902649,9.54821491241455,True,0,1.2465251658577472,0.0,0.0,0.0,0.0,0.0,"StraightLane index=('>', '>>', 0)",True,5.006868839263916,0.0,1.5258789046077574e-05,"StraightLane index=('>>', '>>>', 0)",True,0.0,True,False,0.0,0.0,0.0,0.0,False,0.0,0.0,-0.0,0.0,-0.0,0.0
2.659721,"[5.006869316101074, 4.5, 0.0]","[14.63118839263916, 4.5, 0.0]",0.0036426826845937185,1.2702701091766357,1.2798560609982814,0.0006319023651666636,0.0010458696633577347,9.599073886870572,1.2633777831214987,0.8351684547966642,5.099073886870572,-1.266627426492042,0.003077726112678647,1.243312954902649,9.54821491241455,True,0,1.2463906810153276,0.0,0.0,0.0,0.0,0.0,"StraightLane index=('>', '>>', 0)",True,5.006796360015869,0.0,2.2888183620005236e-05,"StraightLane index=('>>', '>>>', 0)",True,0.0,True,False,0.0,0.0,0.0,0.0,False,0.0,0.0,-0.0,0.0,-0.0,0.0
2.680503,"[5.006796836853027, 4.5, 0.0]","[14.656752586364746, 4.5, 0.0]",0.0036300446372703327,1.2869617938995361,1.2902645164896966,-0.0006319023661692904,0.0005481784464791417,9.624319076537745,1.266627426492042,0.16248216852716713,5.124319076537745,-1.2833317492622658,0.0030359758529812098,1.243312954902649,9.54821491241455,True,0,1.2463489307556301,0.0,0.0,0.0,0.0,0.0,"StraightLane index=('>', '>>', 0)",True,5.006869316101074,0.0,1.5258789046077574e-05,"StraightLane index=('>>', '>>>', 0)",True,0.0,True,False,0.0,0.0,0.0,0.0,False,0.0,0.0,-0.0,0.0,-0.0,0.0
2.699583,"[5.006869792938232, 4.5, 0.0]","[14.682168006896973, 4.5, 0.0]",0.0036426826847272835,1.2902618646621704,1.2998177579895127,0.0006319023728475421,-0.00024318003852386028,9.649955749510948,1.2833317492622658,0.8352161385111856,5.149955749510948,-1.286619181977443,0.0029596395324915648,1.243312954902649,9.54821491241455,True,0,1.2462725944351405,0.0,0.0,0.0,0.0,0.0,"StraightLane index=('>', '>>', 0)",True,5.006796836853027,0.0,2.2888183620005236e-05,"StraightLane index=('>>', '>>>', 0)",True,0.0,True,False,0.0,0.0,0.0,0.0,False,0.0,0.0,-0.0,0.0,-0.0,0.0
2.720088,"[5.0067973136901855, 4.5, 0.0]","[14.708525657653809, 4.5, 0.0]",0.003630044637365827,1.306990623474121,1.3100663035031175,-0.0006319023680728241,-0.0007901319186203182,9.675298213958397,1.286619181977443,0.16437163575886427,5.175298213958397,-1.3033605788367553,0.002894381759688258,1.243312954902649,9.54821491241455,True,0,1.2462073366623372,0.0,0.0,0.0,0.0,0.0,"StraightLane index=('>', '>>', 0)",True,5.006869792938232,0.0,1.5258789046077574e-05,"StraightLane index=('>>', '>>>', 0)",True,0.0,True,False,0.0,0.0,0.0,0.0,False,0.0,0.0,-0.0,0.0,-0.0,0.0
2.74015,"[5.006870269775391, 4.5, 0.0]","[14.73502254486084, 4.5, 0.0]",0.003642682684691517,1.310322880744934,1.3200959264970151,0.0006319023662844977,-0.0012351322220638394,9.701728343962849,1.3033605788367553,0.8370698429656098,5.2017283439628486,-1.3066801980602425,0.002818659646436572,1.2866191864013672,9.675297737121582,True,0,1.2894378460478038,0.0,0.0,0.0,0.0,0.0,"StraightLane index=('>', '>>', 0)",True,5.0067973136901855,0.0,2.2888183620005236e-05,"StraightLane index=('>>', '>>>', 0)",True,0.0,True,False,0.0,0.0,0.0,0.0,False,0.0,0.0,-0.0,0.0,-0.0,0.0
2.759347,"[5.006797790527344, 4.5, 0.0]","[14.76134967803955, 4.5, 0.0]",0.0036300446372776324,1.3269245624542236,1.3297003395011417,-0.0006319023706942298,-0.001338497968390584,9.728152275085105,1.3066801980602425,0.16598096117436123,5.228152275085105,-1.323294517816946,0.0027824353892356157,1.2866191864013672,9.675297737121582,True,0,1.2894016217906028,0.0,0.0,0.0,0.0,0.0,"StraightLane index=('>', '>>', 0)",True,5.006870269775391,0.0,1.5258789046077574e-05,"StraightLane index=('>>', '>>>', 0)",True,0.0,True,False,0.0,0.0,0.0,0.0,False,0.0,0.0,-0.0,0.0,-0.0,0.0
2.780318,"[5.006870746612549, 4.5, 0.0]","[14.787907600402832, 4.5, 0.0]",0.0036426826845914685,1.3302795886993408,1.3401800960011316,0.0006319023656918077,-0.0013462258502840996,9.754551887511429,1.323294517816946,0.8307159878351733,5.254551887511429,-1.3266369060147494,0.0027682397048920393,1.2866191864013672,9.675297737121582,True,0,1.2893874261062592,0.0,0.0,0.0,0.0,0.0,"StraightLane index=('>', '>>', 0)",True,5.006797790527344,0.0,2.2888183620005236e-05,"StraightLane index=('>>', '>>>', 0)",True,0.0,True,False,0.0,0.0,0.0,0.0,False,0.0,0.0,-0.0,0.0,-0.0,0.0
2.800039,"[5.006798267364502, 4.5, 0.0]","[14.814390182495117, 4.5, 0.0]",0.0036300446373042773,1.3469398021697998,1.3500423105026131,-0.0006319023643595618,-0.0012949907686561346,9.781036853789937,1.3266369060147494,0.1671194098901707,5.281036853789937,-1.3433097575324955,0.0027468481566756964,1.2866191864013672,9.675297737121582,True,0,1.2893660345580429,0.0,0.0,0.0,0.0,0.0,"StraightLane index=('>', '>>', 0)",True,5.006870746612549,0.0,1.5258789046077574e-05,"StraightLane index=('>>', '>>>', 0)",True,0.0,True,False,0.0,0.0,0.0,0.0,False,0.0,0.0,-0.0,0.0,-0.0,0.0
2.820197,"[5.006871223449707, 4.5, 0.0]","[14.841023445129395, 4.5, 0.0]",0.003642682684639775,1.3500690460205078,1.3601103305001745,0.0006319023667748823,-0.0011064033024013042,9.807591915129832,1.3433097575324955,0.8336425758873056,5.307591915129832,-1.346426363335868,0.0027294468600302935,1.3266369104385376,9.781036376953125,True,0,1.329366357298568,0.0,0.0,0.0,0.0,0.0,"StraightLane index=('>', '>>', 0)",True,5.006798267364502,0.0,2.2888183620005236e-05,"StraightLane index=('>>', '>>>', 0)",True,0.0,True,False,0.0,0.0,0.0,0.0,False,0.0,0.0,-0.0,0.0,-0.0,0.0
2.83967,"[5.00679874420166, 4.5, 0.0]","[14.868424415588379, 4.5, 0.0]",0.0036300446372527734,1.3666996955871582,1.3698553879978137,-0.0006319023693500793,-0.0010262099094688892,9.83415222167934,1.346426363335868,0.1558302901686237,5.334152221679339,-1.3630696509499054,0.002726795384660363,1.3266369104385376,9.781036376953125,True,0,1.329363705823198,0.0,0.0,0.0,0.0,0.0,"StraightLane index=('>', '>>', 0)",True,5.006871223449707,0.0,1.5258789046077574e-05,"StraightLane index=('>>', '>>>', 0)",True,0.0,True,False,0.2638075053691864,0.0,0.0,0.0,False,0.0,0.0,-0.0,0.0,-0.0,0.0
2.859579,"[5.006871700286865, 4.5, 0.0]","[14.896577835083008, 4.5, 0.0]",0.00364268268458645,1.3702707290649414,1.3797828734997892,0.000631902366683831,-0.0008547206525690854,9.861625671385932,1.3630696509499054,0.8321643807018719,5.361625671385932,-1.366628046380355,0.0027251066640019417,1.3266369104385376,9.781036376953125,True,0,1.3293620171025395,0.0,0.0,0.0,0.0,0.0,"StraightLane index=('>', '>>', 0)",True,5.00679874420166,0.0,2.2888183620005236e-05,"StraightLane index=('>>', '>>>', 0)",True,0.0,True,False,0.2638075053691864,0.0,0.0,0.0,False,0.0,0.0,-0.0,0.0,-0.0,0.0
2.880208,"[5.006799221038818, 4.5, 0.0]","[14.924171447753906, 4.5, 0.0]",0.003630044637276929,1.386971354484558,1.3900988749985117,-0.0006319023654760515,-0.0006809609476476908,9.889706134795793,1.366628046380355,0.1779197715224834,5.389706134795793,-1.383341309847281,0.0027271141298115253,1.3266369104385376,9.781036376953125,True,0,1.3293640245683491,0.0,0.0,0.0,0.0,0.0,"StraightLane index=('>', '>>', 0)",True,5.006871700286865,0.0,1.5258789046077574e-05,"StraightLane index=('>>', '>>>', 0)",True,0.0,True,False,0.2638075053691864,0.0,0.0,0.0,False,0.0,0.0,-0.0,0.0,-0.0,0.0
2.899772,"[5.006872177124023, 4.5, 0.0]","[14.951568603515625, 4.5, 0.0]",0.0036426826846500952,1.390267252922058,1.3999055810010759,0.000631902368658315,-0.0004395833529997617,9.917372226714296,1.383341309847281,0.8356631733463016,5.417372226714296,-1.386624570237408,0.0027344950940459967,1.3266369104385376,9.781036376953125,True,0,1.3293714055325836,0.0,0.0,0.0,0.0,0.0,"StraightLane index=('>', '>>', 0)",True,5.006799221038818,0.0,2.2888183620005236e-05,"StraightLane index=('>>', '>>>', 0)",True,0.0,True,False,0.2638075053691864,0.0,0.0,0.0,False,0.0,0.0,-0.0,0.0,-0.0,0.0
2.919914,"[5.006799697875977, 4.5, 0.0]","[14.979866981506348, 4.5, 0.0]",0.0036300446372766284,1.4069708585739136,1.40997935149353,-0.000631902368673342,-0.00030115558183752,9.94469642639125,1.386624570237408,0.16416301950634704,5.44469642639125,-1.403340813936637,0.002740943105891347,1.3833413124084473,9.91737174987793,True,0,1.3860822555143386,0.0,0.0,0.0,0.0,0.0,"StraightLane index=('>', '>>', 0)",True,5.006872177124023,0.0,1.5258789046077574e-05,"StraightLane index=('>>', '>>>', 0)",True,0.0,True,False,0.2638075053691864,0.0,0.0,0.0,False,0.0,0.0,-0.0,0.0,-0.0,0.0
2.940024,"[5.006872653961182, 4.5, 0.0]","[15.008405685424805, 4.5, 0.0]",0.0036426826846171095,1.4136509895324707,1.4200348214973928,0.0006319023670240537,-0.00018456001998856664,9.973067283629575,1.403340813936637,0.8358121849614486,5.473067283629575,-1.4100083068478535,0.0027477622497826815,1.3833413124084473,9.91737174987793,True,0,1.38608907465823,0.0,0.0,0.0,0.0,0.0,"StraightLane index=('>', '>>', 0)",True,5.006799697875977,0.0,2.2888183620005236e-05,"StraightLane index=('>>', '>>>', 0)",True,0.0,True,False,0.2638075053691864,0.0,0.0,0.0,False,0.0,0.0,-0.0,0.0,-0.0,0.0
2.959451,"[5.006800174713135, 4.5, 0.0]","[15.036772727966309, 4.5, 0.0]",0.0036300446372531394,1.4236046075820923,1.4297517429979052,-0.0006319023681985048,-9.055939153768122e-05,10.00153303146327,1.4100083068478535,0.3333746455608244,5.5015330314632696,-1.419974562944839,0.002754430053755641,1.3833413124084473,9.91737174987793,True,0,1.386095742462203,0.0,0.0,0.0,0.0,0.0,"StraightLane index=('>', '>>', 0)",True,5.006872653961182,0.0,1.5258789046077574e-05,"StraightLane index=('>>', '>>>', 0)",True,0.0,True,False,0.2638075053691864,0.0,0.0,0.0,False,0.0,0.0,-0.0,0.0,-0.0,0.0
2.980193,"[5.00687313079834, 4.5, 0.0]","[15.065351486206055, 4.5, 0.0]",0.0036426826846023704,1.433632254600525,1.4401150619989493,0.0006319023674615509,-1.8319771697861142e-05,10.029972553252373,1.419974562944839,0.49831280484927687,5.529972553252373,-1.4299895719159226,0.0027605842333287,1.3833413124084473,9.91737174987793,True,0,1.386101896641776,0.0,0.0,0.0,0.0,0.0,"StraightLane index=('>', '>>', 0)",True,5.006800174713135,0.0,2.2888183620005236e-05,"StraightLane index=('>>', '>>>', 0)",True,0.0,True,False,0.2638075053691864,0.0,0.0,0.0,False,0.0,0.0,-0.0,0.0,-0.0,0.0
2.999889,"[5.006800651550293, 4.5, 0.0]","[15.093844413757324, 4.5, 0.0]",0.003630044637314411,1.4436297416687012,1.449966001996654,-0.0006319023643979642,1.02086578408489e-05,10.058478355407358,1.4299895719159226,0.5007504485541769,5.558478355407358,-1.4399996970313869,0.0027633938007056713,1.3833413124084473,9.91737174987793,True,0,1.386104706209153,0.0,0.0,0.0,0.0,0.0,"StraightLane index=('>', '>>', 0)",True,5.00687313079834,0.0,1.5258789046077574e-05,"StraightLane index=('>>', '>>>', 0)",True,0.0,True,False,0.2638075053691864,0.0,0.0,0.0,False,0.0,0.0,-0.0,0.0,-0.0,0.0
3.020254,"[5.006873607635498, 4.5, 0.0]","[15.122443199157715, 4.5, 0.0]",0.003642682684769302,1.4534270763397217,1.460147897992283,0.0006319023727445429,5.361848161555827e-05,10.087043762206227,1.4399996970313869,0.5005062557732143,5.587043762206227,-1.4497843936549524,0.002768390579149127,1.4299895763397217,10.058478355407715,True,0,1.4327579669188708,0.0,0.0,0.0,0.0,0.0,"StraightLane index=('>', '>>', 0)",True,5.006800651550293,0.0,2.2888183620005236e-05,"StraightLane index=('>>', '>>>', 0)",True,0.0,True,False,0.33703622221946716,0.0,0.0,0.0,False,0.0,0.0,-0.0,0.0,-0.0,0.0
3.040027,"[5.006801128387451, 4.5, 0.0]","[15.152627944946289, 4.5, 0.0]",0.003630044637519415,1.4636591672897339,1.4700338704889873,-0.0006319023624943437,8.116967364912853e-05,10.115569591521858,1.4497843936549524,0.4892348311782757,5.615569591521858,-1.4600291226522144,0.0027725088875740767,1.4299895763397217,10.058478355407715,True,0,1.4327620852272958,0.0,0.0,0.0,0.0,0.0,"StraightLane index=('>', '>>', 0)",True,5.006873607635498,0.0,1.5258789046077574e-05,"StraightLane index=('>>', '>>>', 0)",True,0.0,True,False,0.33703622221946716,0.0,0.0,0.0,False,0.0,0.0,-0.0,0.0,-0.0,0.0
3.059651,"[5.006874084472656, 4.5, 0.0]","[15.181964874267578, 4.5, 0.0]",0.0036426826846601193,1.4736039638519287,1.4798496239993255,0.0006319023570352123,9.578643221175298e-05,10.145826816558028,1.4600291226522144,0.5122364498631016,5.645826816558028,-1.4699612811672687,0.002775752916932106,1.4299895763397217,10.058478355407715,True,0,1.4327653292566538,0.0,0.0,0.0,0.0,0.0,"StraightLane index=('>', '>>', 0)",True,5.006801128387451,0.0,2.2888183620005236e-05,"StraightLane index=('>>', '>>>', 0)",True,0.0,True,False,0.33703622221946716,0.0,0.0,0.0,False,0.0,0.0,-0.0,0.0,-0.0,0.0
3.080187,"[5.006801605224609, 4.5, 0.0]","[15.211542129516602, 4.5, 0.0]",0.003630044637302521,1.4836301803588867,1.4901117639994481,-0.0006319023678799229,0.0001003318393486552,10.175090789794561,1.4699612811672687,0.4966079257527123,5.675090789794561,-1.4800001357215842,0.002778179245069623,1.4299895763397217,10.058478355407715,True,0,1.4327677555847913,0.0,0.0,0.0,0.0,0.0,"StraightLane index=('>', '>>', 0)",True,5.006874084472656,0.0,1.5258789046077574e-05,"StraightLane index=('>>', '>>>', 0)",True,0.0,True,False,0.33703622221946716,0.0,0.0,0.0,False,0.0,0.0,-0.0,0.0,-0.0,0.0
3.099734,"[5.0068745613098145, 4.5, 0.0]","[15.24096393585205, 4.5, 0.0]",0.003642682684587211,1.4936034679412842,1.4998826205002842,0.0006319023642345099,9.396838140673935e-05,10.204740524291177,1.4800001357215842,0.5019427277157762,5.704740524291177,-1.489960785256697,0.0027804861310869455,1.4299895763397217,10.058478355407715,True,0,1.4327700624708086,0.0,0.0,0.0,0.0,0.0,"StraightLane index=('>', '>>', 0)",True,5.006801605224609,0.0,2.2888183620005236e-05,"StraightLane index=('>>', '>>>', 0)",True,0.0,True,False,0.33703622221946716,0.0,0.0,0.0,False,0.0,0.0,-0.0,0.0,-0.0,0.0
3.120074,"[5.006802082061768, 4.5, 0.0]","[15.271246910095215, 4.5, 0.0]",0.0036300446372553377,1.5036330223083496,1.5100593864946859,-0.0006319023665936688,8.947472815634683e-05,10.234089374541874,1.489960785256697,0.4980324767556388,5.734089374541874,-1.5000029776710944,0.0027809543535113335,1.4800001382827759,10.204740524291992,True,0,1.4827810926362872,0.0,0.0,0.0,0.0,0.0,"StraightLane index=('>', '>>', 0)",True,5.0068745613098145,0.0,1.5258789046077574e-05,"StraightLane index=('>>', '>>>', 0)",True,0.0,True,False,0.33703622221946716,0.0,0.0,0.0,False,0.0,0.0,-0.0,0.0,-0.0,0.0
3.140117,"[5.006875038146973, 4.5, 0.0]","[15.301812171936035, 4.5, 0.0]",0.0036426826846868935,1.5136542320251465,1.5200788214890053,0.0006319023715777895,7.836620352463797e-05,10.264444828032628,1.5000029776710944,0.5021096207198705,5.764444828032628,-1.5100115493404596,0.0027815259527415037,1.4800001382827759,10.204740524291992,True,0,1.4827816642355174,0.0,0.0,0.0,0.0,0.0,"StraightLane index=('>', '>>', 0)",True,5.006802082061768,0.0,2.2888183620005236e-05,"StraightLane index=('>>', '>>>', 0)",True,0.0,True,False,0.33703622221946716,0.0,0.0,0.0,False,0.0,0.0,-0.0,0.0,-0.0,0.0
3.162966,"[5.006802558898926, 4.5, 0.0]","[15.332742691040039, 4.5, 0.0]",0.003630044637340312,1.5237953662872314,1.5314673214918002,-0.0006319023673290831,6.57105993013829e-05,10.294937133788698,1.5100115493404596,0.5004285834682598,5.794937133788698,-1.5201653216498912,0.002781703369691968,1.4800001382827759,10.204740524291992,True,0,1.4827818416524678,0.0,0.0,0.0,0.0,0.0,"StraightLane index=('>', '>>', 0)",True,5.006875038146973,0.0,1.5258789046077574e-05,"StraightLane index=('>>', '>>>', 0)",True,0.0,True,False,0.33703622221946716,0.0,0.0,0.0,False,0.0,0.0,-0.0,0.0,-0.0,0.0
3.18014,"[5.006875514984131, 4.5, 0.0]","[15.362713813781738, 4.5, 0.0]",0.003642682684666039,1.5336220264434814,1.5400880159897496,0.0006319023662863625,5.2727129514096305e-05,10.325940132140289,1.5201653216498912,0.5076886154715798,5.825940132140289,-1.5299793437588154,0.002781590446829796,1.4800001382827759,10.204740524291992,True,0,1.4827817287296057,0.0,0.0,0.0,0.0,0.0,"StraightLane index=('>', '>>', 0)",True,5.006802558898926,0.0,2.2888183620005236e-05,"StraightLane index=('>>', '>>>', 0)",True,0.0,True,False,0.33703622221946716,0.0,0.0,0.0,False,0.0,0.0,-0.0,0.0,-0.0,0.0
3.199446,"[5.006803035736084, 4.5, 0.0]","[15.393138885498047, 4.5, 0.0]",0.0036300446372838427,1.5435974597930908,1.5497483859973726,-0.0006319023691098201,4.030120908282697e-05,10.355838298797241,1.5299793437588154,0.4907011054462118,5.8558382987972415,-1.539967415155807,0.002781278220936656,1.4800001382827759,10.204740524291992,True,0,1.4827814165037125,0.0,0.0,0.0,0.0,0.0,"StraightLane index=('>', '>>', 0)",True,5.006875514984131,0.0,1.5258789046077574e-05,"StraightLane index=('>>', '>>>', 0)",True,0.0,True,False,0.33703622221946716,0.0,0.0,0.0,False,0.0,0.0,-0.0,0.0,-0.0,0.0
3.220701,"[5.006875991821289, 4.5, 0.0]","[15.423782348632812, 4.5, 0.0]",0.0036426826845867297,1.5534230470657349,1.5603697864891728,0.0006319023651443507,2.902742926380597e-05,10.386335849761133,1.539967415155807,0.4994035698495769,5.886335849761133,-1.549780364381148,0.0027808435261249542,1.4800001382827759,10.204740524291992,True,0,1.4827809818089008,0.0,0.0,0.0,0.0,0.0,"StraightLane index=('>', '>>', 0)",True,5.006803035736084,0.0,2.2888183620005236e-05,"StraightLane index=('>>', '>>>', 0)",True,0.0,True,False,0.33703622221946716,0.0,0.0,0.0,False,0.0,0.0,-0.0,0.0,-0.0,0.0
3.239552,"[5.006803512573242, 4.5, 0.0]","[15.455245018005371, 4.5, 0.0]",0.003630044637291646,1.563410997390747,1.5697921729908557,-0.0006319023647541897,1.9257739040767774e-05,10.416906356811154,1.549780364381148,0.4906474612670575,5.916906356811154,-1.5597809527534554,0.0027803482953459024,1.5299793481826782,10.35583782196045,True,0,1.5327596964780241,0.0,0.0,0.0,0.0,0.0,"StraightLane index=('>', '>>', 0)",True,5.006875991821289,0.0,1.5258789046077574e-05,"StraightLane index=('>>', '>>>', 0)",True,0.0,True,False,0.36388257145881653,0.0,0.0,0.0,False,0.0,0.0,-0.0,0.0,-0.0,0.0
3.259337,"[5.006876468658447, 4.5, 0.0]","[15.487324714660645, 4.5, 0.0]",0.003642682684637959,1.5735950469970703,1.579695316500147,0.0006319023673156607,1.1150416867167223e-05,10.448441505431294,1.5597809527534554,0.5000294186153664,5.948441505431294,-1.5699523643124325,0.0027798402588814497,1.5299793481826782,10.35583782196045,True,0,1.5327591884415597,0.0,0.0,0.0,0.0,0.0,"StraightLane index=('>', '>>', 0)",True,5.006803512573242,0.0,2.2888183620005236e-05,"StraightLane index=('>>', '>>>', 0)",True,0.0,True,False,0.36388257145881653,0.0,0.0,0.0,False,0.0,0.0,-0.0,0.0,-0.0,0.0
3.280106,"[5.0068039894104, 4.5, 0.0]","[15.518994331359863, 4.5, 0.0]",0.0036300446373347547,1.583648920059204,1.5900725364946995,-0.0006319023651602234,2.1010293949075276e-06,10.480448246001826,1.5699523643124325,0.5085705779488525,5.980448246001826,-1.5800188754218694,0.002779127098619938,1.5299793481826782,10.35583782196045,True,0,1.5327584752812982,0.0,0.0,0.0,0.0,0.0,"StraightLane index=('>', '>>', 0)",True,5.006876468658447,0.0,1.5258789046077574e-05,"StraightLane index=('>>', '>>>', 0)",True,0.0,True,False,0.36388257145881653,0.0,0.0,0.0,False,0.0,0.0,-0.0,0.0,-0.0,0.0
3.299662,"[5.0068769454956055, 4.5, 0.0]","[15.550300598144531, 4.5, 0.0]",0.0036426826845890204,1.5935873985290527,1.599844936997397,0.0006319023627132875,-2.021360160142649e-06,10.512190341948624,1.5800188754218694,0.5033255554718452,6.0121903419486245,-1.5899447158444637,0.0027787142898887396,1.5299793481826782,10.35583782196045,True,0,1.532758062472567,0.0,0.0,0.0,0.0,0.0,"StraightLane index=('>', '>>', 0)",True,5.0068039894104,0.0,2.2888183620005236e-05,"StraightLane index=('>>', '>>>', 0)",True,0.0,True,False,0.36388257145881653,0.0,0.0,0.0,False,0.0,0.0,-0.0,0.0,-0.0,0.0
3.319841,"[5.006804466247559, 4.5, 0.0]","[15.58261489868164, 4.5, 0.0]",0.003630044637248716,1.603625059127808,1.6099428229965271,-0.0006319023670152283,-3.574983111320762e-06,10.543423652648553,1.5899447158444637,0.4962920211297184,6.043423652648553,-1.5999950144905593,0.002778531052172184,1.5299793481826782,10.35583782196045,True,0,1.5327578792348504,0.0,0.0,0.0,0.0,0.0,"StraightLane index=('>', '>>', 0)",True,5.0068769454956055,0.0,1.5258789046077574e-05,"StraightLane index=('>>', '>>>', 0)",True,0.0,True,False,0.36388257145881653,0.0,0.0,0.0,False,0.0,0.0,-0.0,0.0,-0.0,0.0
3.340253,"[5.006877422332764, 4.5, 0.0]","[15.615177154541016, 4.5, 0.0]",0.0036426826846299963,1.6136443614959717,1.620115322500351,0.0006319023690640234,-5.797467565571424e-06,10.575810432433238,1.5999950144905593,0.5025149323047762,6.075810432433238,-1.6100016788113416,0.0027782139368355274,1.5800188779830933,10.512189865112305,True,0,1.5827970919199288,0.0,0.0,0.0,0.0,0.0,"StraightLane index=('>', '>>', 0)",True,5.006804466247559,0.0,2.2888183620005236e-05,"StraightLane index=('>>', '>>>', 0)",True,0.0,True,False,0.36388257145881653,0.0,0.0,0.0,False,0.0,0.0,-0.0,0.0,-0.0,0.0
3.359202,"[5.006804943084717, 4.5, 0.0]","[15.647481918334961, 4.5, 0.0]",0.003630044637288257,1.6269173622131348,1.6296282485011033,-0.0006319023670869591,-7.022233148745727e-06,10.608299732207875,1.6100016788113416,0.5003332160391172,6.108299732207875,-1.6232873175758464,0.0027779622469097376,1.5800188779830933,10.512189865112305,True,0,1.582796840230003,0.0,0.0,0.0,0.0,0.0,"StraightLane index=('>', '>>', 0)",True,5.006877422332764,0.0,1.5258789046077574e-05,"StraightLane index=('>>', '>>>', 0)",True,0.0,True,False,0.36388257145881653,0.0,0.0,0.0,False,0.0,0.0,-0.0,0.0,-0.0,0.0
3.380077,"[5.006877899169922, 4.5, 0.0]","[15.680030822753906, 4.5, 0.0]",0.0036426826846139475,1.6302659511566162,1.640057423489634,0.0006319023662845194,-7.4550330282363575e-06,10.640676975249395,1.6232873175758464,0.6642819382252418,6.140676975249395,-1.6266232684720023,0.0027776986826211214,1.5800188779830933,10.512189865112305,True,0,1.5827965766657144,0.0,0.0,0.0,0.0,0.0,"StraightLane index=('>', '>>', 0)",True,5.006804943084717,0.0,2.2888183620005236e-05,"StraightLane index=('>>', '>>>', 0)",True,0.0,True,False,0.36388257145881653,0.0,0.0,0.0,False,0.0,0.0,-0.0,0.0,-0.0,0.0
3.399746,"[5.006805419921875, 4.5, 0.0]","[15.712532043457031, 4.5, 0.0]",0.003630044637252282,1.6469330787658691,1.6498947779939044,-0.0006319023680832758,-7.323605586861959e-06,10.673152923583606,1.6266232684720023,0.16679754480779518,6.173152923583606,-1.6433030341286168,0.0027776379138231277,1.5800188779830933,10.512189865112305,True,0,1.5827965158969164,0.0,0.0,0.0,0.0,0.0,"StraightLane index=('>', '>>', 0)",True,5.006877899169922,0.0,1.5258789046077574e-05,"StraightLane index=('>>', '>>>', 0)",True,0.0,True,False,0.36388257145881653,0.0,0.0,0.0,False,0.0,0.0,-0.0,0.0,-0.0,0.0
3.420043,"[5.00687837600708, 4.5, 0.0]","[15.745866775512695, 4.5, 0.0]",0.0036426826845893795,1.6503084897994995,1.6600442590017337,0.0006319023668548748,-6.778014721930958e-06,10.705726623534302,1.6433030341286168,0.8339882828307221,6.205726623534302,-1.64666580711491,0.002777551067993045,1.626623272895813,10.673152923583984,True,0,1.629400823963806,0.0,0.0,0.0,0.0,0.0,"StraightLane index=('>', '>>', 0)",True,5.006805419921875,0.0,2.2888183620005236e-05,"StraightLane index=('>>', '>>>', 0)",True,0.0,True,False,0.39763209223747253,0.0,0.0,0.0,False,0.0,0.0,-0.0,0.0,-0.0,0.0
3.440145,"[5.006805896759033, 4.5, 0.0]","[15.779411315917969, 4.5, 0.0]",0.0036300446372505616,1.666988492012024,1.6700937765010166,-0.0006319023669408954,-5.9781482377729844e-06,10.738988399505235,1.64666580711491,0.16813864931466416,6.238988399505235,-1.6633584473747733,0.002777503104880452,1.626623272895813,10.673152923583984,True,0,1.6294007760006934,0.0,0.0,0.0,0.0,0.0,"StraightLane index=('>', '>>', 0)",True,5.00687837600708,0.0,1.5258789046077574e-05,"StraightLane index=('>>', '>>>', 0)",True,0.0,True,False,0.39763209223747253,0.0,0.0,0.0,False,0.0,0.0,-0.0,0.0,-0.0,0.0
3.459379,"[5.006878852844238, 4.5, 0.0]","[15.812713623046875, 4.5, 0.0]",0.0036426826845876543,1.6702628135681152,1.6797148654906777,0.0006319023668546362,-5.04646868648706e-06,10.772605419158076,1.6633584473747733,0.8346320129931639,6.272605419158076,-1.6666201308835276,0.0027774858754128218,1.626623272895813,10.673152923583984,True,0,1.6294007587712258,0.0,0.0,0.0,0.0,0.0,"StraightLane index=('>', '>>', 0)",True,5.006805896759033,0.0,2.2888183620005236e-05,"StraightLane index=('>>', '>>>', 0)",True,0.0,True,False,0.39763209223747253,0.0,0.0,0.0,False,0.0,0.0,-0.0,0.0,-0.0,0.0
3.480074,"[5.006806373596191, 4.5, 0.0]","[15.846272468566895, 4.5, 0.0]",0.0036300446372601342,1.6869468688964844,1.6900583944981917,-0.0006319023663760043,-4.077930498169735e-06,10.805834770202255,1.6666201308835276,0.16308417543771103,6.305834770202255,-1.6833168242592242,0.002777491230517626,1.626623272895813,10.673152923583984,True,0,1.6294007641263306,0.0,0.0,0.0,0.0,0.0,"StraightLane index=('>', '>>', 0)",True,5.006878852844238,0.0,1.5258789046077574e-05,"StraightLane index=('>>', '>>>', 0)",True,0.0,True,False,0.39763209223747253,0.0,0.0,0.0,False,0.0,0.0,-0.0,0.0,-0.0,0.0
3.499588,"[5.0068793296813965, 4.5, 0.0]","[15.879728317260742, 4.5, 0.0]",0.0036426826845975657,1.6902670860290527,1.6998186494922265,0.0006319023668715715,-2.702203346416354e-06,10.839466094969838,1.6833168242592242,0.834834668784834,6.339466094969838,-1.686624403344455,0.002777527319267392,1.626623272895813,10.673152923583984,True,0,1.6294008002150804,0.0,0.0,0.0,0.0,0.0,"StraightLane index=('>', '>>', 0)",True,5.006806373596191,0.0,2.2888183620005236e-05,"StraightLane index=('>>', '>>>', 0)",True,0.0,True,False,0.39763209223747253,0.0,0.0,0.0,False,0.0,0.0,-0.0,0.0,-0.0,0.0
3.520093,"[5.00680685043335, 4.5, 0.0]","[15.914058685302734, 4.5, 0.0]",0.0036300446372616577,1.7069735527038574,1.7100674379937117,-0.0006319023667953954,-1.8986279428645503e-06,10.87284898757896,1.686624403344455,0.16537895426154137,6.37284898757896,-1.7033435080665957,0.002777561778202653,1.6833168268203735,10.839466094970703,True,0,1.6860943885985762,0.0,0.0,0.0,0.0,0.0,"StraightLane index=('>', '>>', 0)",True,5.0068793296813965,0.0,1.5258789046077574e-05,"StraightLane index=('>>', '>>>', 0)",True,0.0,True,False,0.39763209223747253,0.0,0.0,0.0,False,0.0,0.0,-0.0,0.0,-0.0,0.0
3.539413,"[5.006879806518555, 4.5, 0.0]","[15.947644233703613, 4.5, 0.0]",0.0036426826846057774,1.7100416421890259,1.7197297760023502,0.0006319023672059828,-1.5401869859488215e-06,10.907251834868514,1.7033435080665957,0.8359552361070333,6.407251834868514,-1.70639895950442,0.0027775804046541452,1.6833168268203735,10.839466094970703,True,0,1.6860944072250277,0.0,0.0,0.0,0.0,0.0,"StraightLane index=('>', '>>', 0)",True,5.00680685043335,0.0,2.2888183620005236e-05,"StraightLane index=('>>', '>>>', 0)",True,0.0,True,False,0.39763209223747253,0.0,0.0,0.0,False,0.0,0.0,-0.0,0.0,-0.0,0.0
3.559151,"[5.006807327270508, 4.5, 0.0]","[15.982881546020508, 4.5, 0.0]",0.0036300446372519325,1.7269222736358643,1.7296015049971174,-0.0006319023676922475,-6.518606028294016e-07,10.940764427184671,1.70639895950442,0.15277257189121318,6.440764427184671,-1.7232922289986123,0.002777636982500553,1.6833168268203735,10.839466094970703,True,0,1.686094463802874,0.0,0.0,0.0,0.0,0.0,"StraightLane index=('>', '>>', 0)",True,5.006879806518555,0.0,1.5258789046077574e-05,"StraightLane index=('>>', '>>>', 0)",True,0.0,True,False,0.39763209223747253,0.0,0.0,0.0,False,0.0,0.0,-0.0,0.0,-0.0,0.0
3.58027,"[5.006880283355713, 4.5, 0.0]","[16.0174560546875, 4.5, 0.0]",0.003642682684651878,1.7302769422531128,1.7401538709993474,0.000631902369997283,-4.1804528905231564e-07,10.976074218749124,1.7232922289986123,0.8446634747096171,6.476074218749124,-1.726634259568461,0.0027776549104601145,1.6833168268203735,10.839466094970703,True,0,1.6860944817308336,0.0,0.0,0.0,0.0,0.0,"StraightLane index=('>', '>>', 0)",True,5.006807327270508,0.0,2.2888183620005236e-05,"StraightLane index=('>>', '>>>', 0)",True,0.0,True,False,0.39763209223747253,0.0,0.0,0.0,False,0.0,0.0,-0.0,0.0,-0.0,0.0
3.59925,"[5.006807804107666, 4.5, 0.0]","[16.051090240478516, 4.5, 0.0]",0.0036300446373019658,1.7466930150985718,1.7496476799889933,-0.0006319023674956166,-3.8738807717209056e-08,11.010575771331396,1.726634259568461,0.16710152849243043,6.510575771331396,-1.74306297046127,0.0027776884380728006,1.6833168268203735,10.839466094970703,True,0,1.6860945152584463,0.0,0.0,0.0,0.0,0.0,"StraightLane index=('>', '>>', 0)",True,5.006880283355713,0.0,1.5258789046077574e-05,"StraightLane index=('>>', '>>>', 0)",True,0.0,True,False,0.39763209223747253,0.0,0.0,0.0,False,0.0,0.0,-0.0,0.0,-0.0,0.0
3.621044,"[5.006880760192871, 4.5, 0.0]","[16.087312698364258, 4.5, 0.0]",0.0036426826845860063,1.750322937965393,1.76054128849064,0.0006319023642020272,2.3287387307391327e-07,11.044282436369969,1.74306297046127,0.8214355446404475,6.5442824363699685,-1.7466802552808072,0.0027777175419032574,1.7266342639923096,11.010575294494629,True,0,1.7294119815342128,0.0,0.0,0.0,0.0,0.0,"StraightLane index=('>', '>>', 0)",True,5.006807804107666,0.0,2.2888183620005236e-05,"StraightLane index=('>>', '>>>', 0)",True,0.0,True,False,0.39763209223747253,0.0,0.0,0.0,False,0.0,0.0,-0.0,0.0,-0.0,0.0
3.639903,"[5.006808280944824, 4.5, 0.0]","[16.122852325439453, 4.5, 0.0]",0.0036300446372631565,1.767000675201416,1.7699726229941006,-0.0006319023661424889,4.1150607898998715e-07,11.080431938170994,1.7466802552808072,0.1808642409768635,6.580431938170994,-1.7633706305641528,0.002777741989120841,1.7266342639923096,11.010575294494629,True,0,1.7294120059814304,0.0,0.0,0.0,0.0,0.0,"StraightLane index=('>', '>>', 0)",True,5.006880760192871,0.0,1.5258789046077574e-05,"StraightLane index=('>>', '>>>', 0)",True,0.0,True,False,0.4435279965400696,0.0,0.0,0.0,False,0.0,0.0,-0.0,0.0,-0.0,0.0
3.659357,"[5.006881237030029, 4.5, 0.0]","[16.158111572265625, 4.5, 0.0]",0.00364268268458858,1.7702659368515017,1.7797048669919604,0.000631902366271162,5.13261909418361e-07,11.11604404449374,1.7633706305641528,0.8345187641672802,6.616044044493741,-1.7666232541669131,0.002777761546894908,1.7266342639923096,11.010575294494629,True,0,1.7294120255392045,0.0,0.0,0.0,0.0,0.0,"StraightLane index=('>', '>>', 0)",True,5.006808280944824,0.0,2.2888183620005236e-05,"StraightLane index=('>>', '>>>', 0)",True,0.0,True,False,0.4435279965400696,0.0,0.0,0.0,False,0.0,0.0,-0.0,0.0,-0.0,0.0
3.680119,"[5.006808757781982, 4.5, 0.0]","[16.19367027282715, 4.5, 0.0]",0.003630044637248315,1.786949634552002,1.7900792850006837,-0.0006319023670132333,5.542524377233349e-07,11.151230335235201,1.7666232541669131,0.16263118013801758,6.651230335235201,-1.7833195899147536,0.002777776448056102,1.7266342639923096,11.010575294494629,True,0,1.7294120404403657,0.0,0.0,0.0,0.0,0.0,"StraightLane index=('>', '>>', 0)",True,5.006881237030029,0.0,1.5258789046077574e-05,"StraightLane index=('>>', '>>>', 0)",True,0.0,True,False,0.4435279965400696,0.0,0.0,0.0,False,0.0,0.0,-0.0,0.0,-0.0,0.0
3.69978,"[5.0068817138671875, 4.5, 0.0]","[16.22911834716797, 4.5, 0.0]",0.0036426826845854534,1.7902683019638062,1.799906193499919,0.0006319023668569131,5.496129915627535e-07,11.186861515044273,1.7833195899147536,0.8348167873920231,6.6868615150442725,-1.7866256192792207,0.0027777869254350662,1.7266342639923096,11.010575294494629,True,0,1.7294120509177446,0.0,0.0,0.0,0.0,0.0,"StraightLane index=('>', '>>', 0)",True,5.006808757781982,0.0,2.2888183620005236e-05,"StraightLane index=('>>', '>>>', 0)",True,0.0,True,False,0.4435279965400696,0.0,0.0,0.0,False,0.0,0.0,-0.0,0.0,-0.0,0.0
3.72011,"[5.006809234619141, 4.5, 0.0]","[16.265512466430664, 4.5, 0.0]",0.0036300446372565915,1.8069897890090942,1.8100761179986875,-0.0006319023664430948,5.128650855112937e-07,11.222236633300383,1.7866256192792207,0.16530146822335556,6.722236633300383,-1.8033597443718377,0.002777793910354376,1.7266342639923096,11.010575294494629,True,0,1.729412057902664,0.0,0.0,0.0,0.0,0.0,"StraightLane index=('>', '>>', 0)",True,5.0068817138671875,0.0,1.5258789046077574e-05,"StraightLane index=('>>', '>>>', 0)",True,0.0,True,False,0.4435279965400696,0.0,0.0,0.0,False,0.0,0.0,-0.0,0.0,-0.0,0.0
3.741973,"[5.006882190704346, 4.5, 0.0]","[16.301666259765625, 4.5, 0.0]",0.003642682684591101,1.8102281093597412,1.8210022814921103,0.0006319023667254861,4.5556140548796975e-07,11.258703231810625,1.8033597443718377,0.8367062546308479,6.758703231810625,-1.8065854266751502,0.002777797868475318,1.7833195924758911,11.186861038208008,True,0,1.7860973903443664,0.0,0.0,0.0,0.0,0.0,"StraightLane index=('>', '>>', 0)",True,5.006809234619141,0.0,2.2888183620005236e-05,"StraightLane index=('>>', '>>>', 0)",True,0.0,True,False,0.4435279965400696,0.0,0.0,0.0,False,0.0,0.0,-0.0,0.0,-0.0,0.0
3.759366,"[5.006809711456299, 4.5, 0.0]","[16.338451385498047, 4.5, 0.0]",0.003630044637264745,1.8269729614257812,1.8297079219948502,-0.0006319023663178044,3.871540741329227e-07,11.29478406906088,1.8065854266751502,0.16128411516562746,6.79478406906088,-1.8233429167885165,0.0027777994982898235,1.7833195924758911,11.186861038208008,True,0,1.786097391974181,0.0,0.0,0.0,0.0,0.0,"StraightLane index=('>', '>>', 0)",True,5.006882190704346,0.0,1.5258789046077574e-05,"StraightLane index=('>>', '>>>', 0)",True,0.0,True,False,0.4435279965400696,0.0,0.0,0.0,False,0.0,0.0,-0.0,0.0,-0.0,0.0
3.780117,"[5.006882667541504, 4.5, 0.0]","[16.37486457824707, 4.5, 0.0]",0.0036426826845948677,1.8302826881408691,1.8400779734976824,0.0006319023665061303,3.1502858632848074e-07,11.331641674040844,1.8233429167885165,0.8378745056683123,6.831641674040844,-1.8266400054562744,0.00277779926545918,1.7833195924758911,11.186861038208008,True,0,1.7860973917413503,0.0,0.0,0.0,0.0,0.0,"StraightLane index=('>', '>>', 0)",True,5.006809711456299,0.0,2.2888183620005236e-05,"StraightLane index=('>>', '>>>', 0)",True,0.0,True,False,0.4435279965400696,0.0,0.0,0.0,False,0.0,0.0,-0.0,0.0,-0.0,0.0
3.802117,"[5.006810188293457, 4.5, 0.0]","[16.411863327026367, 4.5, 0.0]",0.0036300446372596585,1.847085952758789,1.8510752484900879,-0.0006319023667604624,2.113622485921951e-07,11.367981910705163,1.8266400054562744,0.1648544333878954,6.867981910705163,-1.8434559081215294,0.0027777969371527433,1.7833195924758911,11.186861038208008,True,0,1.7860973894130439,1.847085952758789,0.0,0.0,1.1982463402789942,-1.1982463402789942,"StraightLane index=('>', '>>', 0)",True,5.006882667541504,0.0,1.5258789046077574e-05,"StraightLane index=('>>', '>>>', 0)",True,0.0,True,False,0.4435279965400696,0.0,0.0,0.0,True,0.0,0.0,0.0,-0.0,0.0,-0.0
3.819993,"[5.006883144378662, 4.5, 0.0]","[16.447769165039062, 4.5, 0.0]",0.0007886525709854289,1.850071907043457,1.8600056649913315,-0.14206960331371146,1.798058804070024e-07,11.405053138731999,1.8434559081215294,0.8407951332627506,6.905053138731999,-1.8492832544724715,0.002777795772999525,1.7833195924758911,11.186861038208008,True,0,1.7860973882488906,1.850071907043457,0.0,0.0,1.1982463402789942,-0.03908858728827158,"StraightLane index=('>', '>>', 0)",True,5.006810188293457,0.0,2.2888183620005236e-05,"StraightLane index=('>>', '>>>', 0)",True,0.0,True,False,0.4435279965400696,1.1591577529907227,0.0,1.1591577529907227,True,0.0,0.0,0.08,0.0,0.08,0.0
3.840088,"[5.006810665130615, 4.5, 0.0]","[16.48624038696289, 4.5, 0.0]",0.009626046754423584,1.8669975996017456,1.870061911994708,0.44186970917190777,1.2282811212571687e-07,11.440886020659995,1.8492832544724715,0.29136731754710876,6.940886020659995,-1.857371552847322,0.0027777929790318012,1.826640009880066,11.367981910705566,True,0,1.8294178028590977,1.8669975996017456,0.0,0.0,1.1982463402789942,-0.03908858728827158,"StraightLane index=('>', '>>', 0)",True,5.006883144378662,0.0,1.5258789046077574e-05,"StraightLane index=('>>', '>>>', 0)",True,0.0,True,False,0.46610158681869507,1.1591577529907227,0.0,1.1591577529907227,True,0.0,0.0,0.16,0.0,0.16,0.0
3.859309,"[5.006826400756836, 4.5, 0.0]","[16.522571563720703, 4.5, 0.0]",0.022882141172897993,1.8700188398361206,1.8796787444909568,0.6628047209237204,-0.0046089706011116505,11.479429721829732,1.857371552847322,0.4044149187425239,6.979429721829732,-1.8471366986632227,0.002294289181008935,1.826640009880066,11.367981910705566,True,0,1.8289342990610749,1.8700188398361206,0.0,0.0,1.1982463402789942,-0.03908858728827158,"StraightLane index=('>', '>>', 0)",True,5.006810665130615,0.0,3.814697266608281e-05,"StraightLane index=('>>', '>>>', 0)",True,0.0,True,False,0.46610158681869507,1.1591577529907227,0.0,1.1591577529907227,True,0.0,0.0,0.24000000000000002,0.0,0.24000000000000002,0.0
3.880014,"[5.00701904296875, 4.5, 0.0]","[16.56110954284668, 4.5, 0.0]",0.04055693000557318,1.886962652206421,1.8900259089889004,0.8837394416337593,0.0023436290211975574,11.515745162962233,1.8471366986632227,-0.5117427092049653,7.015745162962233,-1.8464057222008476,0.002893387572839856,1.826640009880066,11.367981910705566,True,0,1.8295333974529058,1.886962652206421,0.0,0.0,1.1982463402789942,-0.03908858728827158,"StraightLane index=('>', '>>', 0)",True,5.006826400756836,0.0,3.0517578143044024e-05,"StraightLane index=('>>', '>>>', 0)",True,0.0,True,False,0.46610158681869507,1.1591577529907227,0.0,1.1591577529907227,True,0.0,0.0,0.32,0.0,0.32,0.0
3.899842,"[5.007476806640625, 4.5, 0.0]","[16.59851837158203, 4.5, 0.0]",0.06265041977171419,1.8936048746109009,1.8999281479947967,1.1046744883070505,0.04183138534426689,11.554090499874242,1.8464057222008476,-0.03654882311875385,7.054090499874242,-1.8309544548391867,0.007172893267124891,1.826640009880066,11.367981910705566,True,0,1.8338129031471908,1.8936048746109009,0.46518921852111816,0.016281622648239135,1.2064020182937105,-0.047244265302987865,"StraightLane index=('>', '>>', 0)",True,5.00701904296875,0.0,4.5776367189121594e-05,"StraightLane index=('>>', '>>>', 0)",True,0.0,True,False,0.46610158681869507,1.1591577529907227,0.0,1.1591577529907227,True,0.0,0.0,0.39999999999999997,0.0,0.39999999999999997,0.0
3.920011,"[5.0082879066467285, 4.5, 0.0]","[16.636825561523438, 4.5, 0.0]",0.08916259557015074,1.9036341905593872,1.9100237749982625,1.3256087899218276,0.11899559944868088,11.591041564939761,1.8309544548391867,-0.7725633680830457,7.091041564939761,-1.8144715949892365,0.01635395735502243,1.826640009880066,11.367981910705566,True,0,1.8429939672350883,1.9036341905593872,0.46518921852111816,0.016281622648239135,1.2064020182937105,-0.0013223435729463606,"StraightLane index=('>', '>>', 0)",True,5.007476806640625,0.0,3.0517578143044024e-05,"StraightLane index=('>>', '>>>', 0)",True,0.0,True,False,0.46610158681869507,1.2050796747207642,0.0,1.2050796747207642,True,0.0,0.0,0.4799999999999999,0.0,0.4799999999999999,0.0
3.940317,"[5.009541034698486, 4.5, 0.0]","[16.67540168762207, 4.5, 0.0]",0.12009347230199419,1.9136543273925781,1.9201736205024644,1.5465438365921722,0.2853873372077942,11.62853765487578,1.8144715949892365,-0.8241429924975119,7.12853765487578,-1.793560855090584,0.03891463950276375,1.8464057445526123,11.55409049987793,True,0,1.885320384055376,1.9136543273925781,0.46518921852111816,0.016281622648239135,1.2064020182937105,-0.0013223435729463606,"StraightLane index=('>', '>>', 0)",True,5.0082879066467285,0.0,2.2888183620005236e-05,"StraightLane index=('>>', '>>>', 0)",True,0.0,True,False,0.46610158681869507,1.2050796747207642,0.0,1.2050796747207642,True,0.0,0.0,0.5599999999999999,0.0,0.5599999999999999,0.0
3.959374,"[5.011324405670166, 4.5, 0.0]","[16.71369743347168, 4.5, 0.0]",0.15544307231907897,1.9236012697219849,1.9297128029895247,1.7674800008542393,0.3683074116706848,11.665860652921928,1.793560855090584,-1.0455369949326276,7.165860652921928,-1.768158197402906,0.050467051565647125,1.8464057445526123,11.55409049987793,True,0,1.8968727961182594,1.9236012697219849,0.46518921852111816,0.016281622648239135,1.2064020182937105,-0.0013223435729463606,"StraightLane index=('>', '>>', 0)",True,5.009541034698486,0.0,3.0517578143044024e-05,"StraightLane index=('>>', '>>>', 0)",True,0.0,True,False,0.46610158681869507,1.2050796747207642,0.0,1.2050796747207642,True,0.0,0.0,0.64,0.0,0.64,0.0
3.980644,"[5.013726234436035, 4.5, 0.0]","[16.752254486083984, 4.5, 0.0]",0.19521135091788652,1.9336159229278564,1.9403393929998856,1.9884139299403774,0.5293024778366089,11.70237302779892,1.768158197402906,-1.270132884383901,7.20237302779892,-1.73840457200997,0.0753595232963562,1.8464057445526123,11.55409049987793,True,0,1.9217652678489685,1.9336159229278564,0.46518921852111816,0.016281622648239135,1.2064020182937105,-0.0013223435729463606,"StraightLane index=('>', '>>', 0)",True,5.011324405670166,0.0,3.814697266608281e-05,"StraightLane index=('>>', '>>>', 0)",True,0.0,True,False,0.46610158681869507,1.2050796747207642,0.0,1.2050796747207642,True,0.0,0.0,0.7200000000000001,0.0,0.7200000000000001,0.0
3.999252,"[5.0168352127075195, 4.5, 0.0]","[16.789766311645508, 4.5, 0.0]",0.23681199550635523,1.9433594942092902,1.94964962300146,2.0800322294234355,0.7140017747879028,11.738528251645349,1.73840457200997,-1.4876812696468011,7.238528251645349,-1.706547498702935,0.10605250298976898,1.8464057445526123,11.55409049987793,True,0,1.9524582475423813,1.9433594942092902,0.4975461959838934,0.03206757724285149,1.1413234513997594,0.06375622332100472,"StraightLane index=('>', '>>', 0)",True,5.013726234436035,0.0,3.814697266608281e-05,"StraightLane index=('>>', '>>>', 0)",True,0.0,True,False,0.46610158681869507,1.2050796747207642,0.0,1.2050796747207642,True,0.0,0.0,0.7531747967004776,0.0,0.7531747967004776,0.0
4.020066,"[5.020739555358887, 4.5, 0.0]","[16.829294204711914, 4.5, 0.0]",0.28038203716280746,1.953449845314026,1.9600517969985958,2.1785020828226114,0.9166607856750488,11.772931098937988,1.706547498702935,-1.5928536653517456,7.272931098937988,-1.6730678081512187,0.14241339266300201,1.8464057445526123,11.55409049987793,True,0,1.9888191372156143,1.953449845314026,0.4975461959838934,0.03206757724285149,1.1413234513997594,0.1208050209284266,"StraightLane index=('>', '>>', 0)",True,5.0168352127075195,0.0,0.0,"StraightLane index=('>>', '>>>', 0)",True,0.0,True,False,0.46610158681869507,1.262128472328186,0.0,1.262128472328186,True,0.0,0.0,0.7888302952051163,0.0,0.7888302952051163,0.0
4.040261,"[5.025475978851318, 4.5, 0.0]","[16.868675231933594, 4.5, 0.0]",0.32395207881929255,1.963419795036316,1.9701483249984448,2.1785020828242545,1.128225326538086,11.808554649353027,1.6730678081512187,-1.6739845275858145,7.308554649353027,-1.6394677162170233,0.18380361795425415,1.7384045124053955,11.73852825164795,True,0,1.9222081303596497,1.963419795036316,0.4975461959838934,0.03206757724285149,1.1413234513997594,0.1208050209284266,"StraightLane index=('>', '>>', 0)",True,5.020739555358887,0.0,0.0,"StraightLane index=('>>', '>>>', 0)",True,0.0,True,False,0.48957958817481995,1.262128472328186,0.0,1.262128472328186,True,0.0,0.0,0.7888302952051163,0.0,0.7888302952051163,0.0
4.059683,"[5.031083583831787, 4.5, 0.0]","[16.909029006958008, 4.5, 0.0]",0.3675221204757832,1.9736361503601074,1.9798633519996658,2.178502082824532,1.4262198209762573,11.843199253082275,1.6394677162170233,-1.680004596709772,7.343199253082275,-1.6061140298843242,0.2519136965274811,1.7384045124053955,11.73852825164795,True,0,1.9903182089328766,1.9736361503601074,0.4975461959838934,0.03206757724285149,1.1413234513997594,0.1208050209284266,"StraightLane index=('>', '>>', 0)",True,5.025475978851318,0.0,0.0,"StraightLane index=('>>', '>>>', 0)",True,0.0,True,False,0.48957958817481995,1.262128472328186,0.0,1.262128472328186,True,0.0,0.0,0.7888302952051163,0.0,0.7888302952051163,0.0
4.079777,"[5.037562847137451, 4.5, 0.0]","[16.947498321533203, 4.5, 0.0]",0.41109216213226757,1.9833753108978271,1.989907772501465,2.1785020828242185,1.5474886894226074,11.87794542312622,1.6061140298843242,-1.6676843166349542,7.377945423126221,-1.5722831487655595,0.27889734506607056,1.7384045124053955,11.73852825164795,True,0,2.017301857471466,1.9833753108978271,0.4975461959838934,0.03206757724285149,1.1413234513997594,0.1208050209284266,"StraightLane index=('>', '>>', 0)",True,5.031083583831787,0.0,0.0,"StraightLane index=('>>', '>>>', 0)",True,0.0,True,False,0.48957958817481995,1.262128472328186,0.0,1.262128472328186,True,0.0,0.0,0.7888302952051163,0.0,0.7888302952051163,0.0
4.099681,"[5.044913291931152, 4.5, 0.0]","[16.987863540649414, 4.5, 0.0]",0.45466220378875905,1.9935939311981203,1.999863647494931,2.178502082824574,1.7306249141693115,11.909935474395645,1.5722831487655595,-1.6915440559382322,7.409935474395645,-1.5389317274093612,0.3298235535621643,1.7384045124053955,11.73852825164795,True,0,2.06822806596756,1.9935939311981203,0.5023443698883012,0.046442872464656886,1.0467484952807418,0.21537997704744427,"StraightLane index=('>', '>>', 0)",True,5.037562847137451,0.0,-7.629394523038787e-06,"StraightLane index=('>>', '>>>', 0)",True,0.0,True,False,0.48957958817481995,1.262128472328186,0.0,1.262128472328186,True,0.0,0.0,0.7888302952051163,0.0,0.7888302952051163,0.0
4.120093,"[5.053134918212891, 4.5, 0.0]","[17.02823829650879, 4.5, 0.0]",0.49708986282348644,2.003638744354248,2.010067143494962,2.12138295173637,1.8872778415679932,11.942950248718155,1.5389317274093612,-1.6675710678099143,7.442950248718155,-1.5065488815307617,0.3814806640148163,1.7384045124053955,11.73852825164795,True,0,2.119885176420212,2.003638744354248,0.5023443698883012,0.046442872464656886,1.0467484952807418,0.18228902798891156,"StraightLane index=('>', '>>', 0)",True,5.044913291931152,0.0,-7.629394523038787e-06,"StraightLane index=('>>', '>>>', 0)",True,0.0,True,False,0.48957958817481995,1.2290375232696533,0.0,1.2290375232696533,True,0.0,0.0,0.7681484520435333,0.0,0.7681484520435333,0.0
4.139506,"[5.062228202819824, 4.5, 0.0]","[17.06778907775879, 4.5, 0.0]",0.5395176410675104,2.013404369354248,2.0197703824989732,2.1213889122011995,2.019479274749756,11.975103378295792,1.5065488815307617,-1.619142293929976,7.475103378295792,-1.4738867282867376,0.43358615040779114,1.572283148765564,11.909934997558594,True,0,2.005869299173355,2.013404369354248,0.5023443698883012,0.046442872464656886,1.0467484952807418,0.18228902798891156,"StraightLane index=('>', '>>', 0)",True,5.053134918212891,0.0,-7.629394523038787e-06,"StraightLane index=('>>', '>>>', 0)",True,0.0,True,False,0.48957958817481995,1.2290375232696533,0.0,1.2290375232696533,True,0.0,0.0,0.7681484520435333,0.0,0.7681484520435333,0.0
4.158914,"[5.072169780731201, 4.5, 0.0]","[17.108028411865234, 4.5, 0.0]",0.5819454193115405,2.0233402252197266,2.029482290500891,2.121388912201505,2.1216673851013184,12.005560874938858,1.4738867282867376,-1.6331076622012053,7.505560874938858,-1.441394805908186,0.48506006598472595,1.572283148765564,11.909934997558594,True,0,2.05734321475029,2.0233402252197266,0.5023443698883012,0.046442872464656886,1.0467484952807418,0.18228902798891156,"StraightLane index=('>', '>>', 0)",True,5.062228202819824,0.0,-7.629394523038787e-06,"StraightLane index=('>>', '>>>', 0)",True,0.0,True,False,0.48957958817481995,1.2290375232696533,0.0,1.2290375232696533,True,0.0,0.0,0.7681484520435333,0.0,0.7681484520435333,0.0
4.179828,"[5.08296012878418, 4.5, 0.0]","[17.149606704711914, 4.5, 0.0]",0.6243731975555592,2.03360652923584,2.0399331964901646,2.121388912200933,2.2495486736297607,12.035858631133927,1.441394805908186,-1.6245961189275793,7.535858631133927,-1.4092333316802805,0.5418016314506531,1.572283148765564,11.909934997558594,True,0,2.114084780216217,2.03360652923584,0.5023443698883012,0.046442872464656886,1.0467484952807418,0.18228902798891156,"StraightLane index=('>', '>>', 0)",True,5.072169780731201,0.0,-7.629394523038787e-06,"StraightLane index=('>>', '>>>', 0)",True,0.0,True,False,0.48957958817481995,1.2290375232696533,0.0,1.2290375232696533,True,0.0,0.0,0.7681484520435333,0.0,0.7681484520435333,0.0
4.199335,"[5.09459924697876, 4.5, 0.0]","[17.189058303833008, 4.5, 0.0]",0.6668009757995802,2.0433475971221924,2.0496904615021774,2.12138891220105,2.2771427631378174,12.066646575927306,1.4092333316802805,-1.6080737113952748,7.566646575927306,-1.3765466213226123,0.5896390080451965,1.572283148765564,11.909934997558594,True,0,2.1619221568107605,2.0433475971221924,0.49753665924072044,0.05921236829161641,0.9539676721513144,0.2750698511183389,"StraightLane index=('>', '>>', 0)",True,5.08296012878418,0.0,-1.5258789046077574e-05,"StraightLane index=('>>', '>>>', 0)",True,0.0,True,False,0.48957958817481995,1.2290375232696533,0.0,1.2290375232696533,True,0.0,0.0,0.7681484520435333,0.0,0.7681484520435333,0.0
4.223558,"[5.107086658477783, 4.5, 0.0]","[17.232202529907227, 4.5, 0.0]",0.706266403198262,2.053823471069336,2.0617947729944714,1.9732713699340876,2.2893905639648438,12.094459056854141,1.3765466213226123,-1.6343355178834118,7.5944590568541415,-1.347557067871074,0.6363620162010193,1.572283148765564,11.909934997558594,True,0,2.2086451649665833,2.053823471069336,0.49753665924072044,0.05921236829161641,0.9539676721513144,0.18926062031389557,"StraightLane index=('>', '>>', 0)",True,5.09459924697876,0.0,-7.629394523038787e-06,"StraightLane index=('>>', '>>>', 0)",True,0.0,True,False,0.48957958817481995,1.14322829246521,0.0,1.14322829246521,True,0.0,0.0,0.7145176827907562,0.0,0.7145176827907562,0.0
4.240123,"[5.120422840118408, 4.5, 0.0]","[17.273168563842773, 4.5, 0.0]",0.7457318305969436,2.063695192337036,2.0700813530012963,1.973271369934082,2.2861156463623047,12.125115871429013,1.347557067871074,-1.4494776725769154,7.6251158714290135,-1.3179633617400925,0.681617796421051,1.4092333316802979,12.066646575927734,True,0,2.090851128101349,2.063695192337036,0.49753665924072044,0.05921236829161641,0.9539676721513144,0.18926062031389557,"StraightLane index=('>', '>>', 0)",True,5.107086658477783,0.0,-1.5258789046077574e-05,"StraightLane index=('>>', '>>>', 0)",True,0.0,True,False,0.5081413388252258,1.14322829246521,0.0,1.14322829246521,True,0.0,0.0,0.7145176827907562,0.0,0.7145176827907562,0.0
4.259442,"[5.134548187255859, 4.5, 0.0]","[17.31422996520996, 4.5, 0.0]",0.7851972579956332,2.0735893249511723,2.0797475184983343,1.9732713699344817,2.2674124240875244,12.152745723724365,1.3179633617400925,-1.4796853065490723,7.652745723724365,-1.288392066955539,0.725130021572113,1.4092333316802979,12.066646575927734,True,0,2.134363353252411,2.0735893249511723,0.49753665924072044,0.05921236829161641,0.9539676721513144,0.18926062031389557,"StraightLane index=('>', '>>', 0)",True,5.120422840118408,0.0,0.0,"StraightLane index=('>>', '>>>', 0)",True,0.0,True,False,0.5081413388252258,1.14322829246521,0.0,1.14322829246521,True,0.0,0.0,0.7145176827907562,0.0,0.7145176827907562,0.0
4.28022,"[5.149462699890137, 4.5, 0.0]","[17.355955123901367, 4.5, 0.0]",0.8246626853943037,2.0836434364318848,2.0901290619978683,1.9732713699335214,2.2350120544433594,12.179681777954102,1.288392066955539,-1.4785647392276724,7.679681777954102,-1.2589807510375812,0.7667545676231384,1.4092333316802979,12.066646575927734,True,0,2.1759878993034363,2.0836434364318848,0.49753665924072044,0.05921236829161641,0.9539676721513144,0.18926062031389557,"StraightLane index=('>', '>>', 0)",True,5.134548187255859,0.0,0.0,"StraightLane index=('>>', '>>>', 0)",True,0.0,True,False,0.5081413388252258,1.14322829246521,0.0,1.14322829246521,True,0.0,0.0,0.7145176827907562,0.0,0.7145176827907562,0.0
4.299665,"[5.165166854858398, 4.5, 0.0]","[17.39724349975586, 4.5, 0.0]",0.8641281127929783,2.0935924053192143,2.0998468200006757,1.9732713699337323,2.199470043182373,12.206492424011122,1.2589807510375812,-1.4705657958978935,7.706492424011122,-1.229464292526236,0.8073561787605286,1.4092333316802979,12.066646575927734,True,0,2.2165895104408264,2.0935924053192143,0.5024480819702193,0.07087681433141245,0.8700286044734659,0.2731996879917441,"StraightLane index=('>', '>>', 0)",True,5.149462699890137,0.0,7.629394523038787e-06,"StraightLane index=('>>', '>>>', 0)",True,0.0,True,False,0.5081413388252258,1.14322829246521,0.0,1.14322829246521,True,0.0,0.0,0.7145176827907562,0.0,0.7145176827907562,0.0
4.319301,"[5.181660175323486, 4.5, 0.0]","[17.43859100341797, 4.5, 0.0]",0.9001359939575233,2.106727361679077,2.1096724464907313,1.8003940582272504,2.163135528564453,12.232076644897461,1.229464292526236,-1.4758229255672606,7.732076644897461,-1.2065913677215538,0.847181499004364,1.4092333316802979,12.066646575927734,True,0,2.256414830684662,2.106727361679077,0.5024480819702193,0.07087681433141245,0.8700286044734659,0.17304445365489107,"StraightLane index=('>', '>>', 0)",True,5.165166854858398,0.0,0.0,"StraightLane index=('>>', '>>>', 0)",True,0.0,True,False,0.5081413388252258,1.043073058128357,0.0,1.043073058128357,True,0.0,0.0,0.6519206613302231,0.0,0.6519206613302231,0.0
4.340049,"[5.1989426612854, 4.5, 0.0]","[17.482194900512695, 4.5, 0.0]",0.9361438751220706,2.1103198528289795,2.120046408995404,1.800394058227367,2.1245667934417725,12.256930828094482,1.2065913677215538,-1.1436462402341085,7.756930828094482,-1.1741759777069087,0.8860301971435547,1.2589807510375977,12.20649242401123,True,0,2.1450109481811523,2.1103198528289795,0.5024480819702193,0.07087681433141245,0.8700286044734659,0.17304445365489107,"StraightLane index=('>', '>>', 0)",True,5.181660175323486,0.0,0.0,"StraightLane index=('>>', '>>>', 0)",True,0.0,True,False,0.5081413388252258,1.043073058128357,0.0,1.043073058128357,True,0.0,0.0,0.6519206613302231,0.0,0.6519206613302231,0.0
4.359191,"[5.216945171356201, 4.5, 0.0]","[17.524417877197266, 4.5, 0.0]",0.9721517562866218,2.1269216537475586,2.129621149494778,1.8003940582275557,2.08215069770813,12.283252239227187,1.1741759777069087,-1.6207695007322553,7.783252239227187,-1.1547698974609368,0.9237046241760254,1.2589807510375977,12.20649242401123,True,0,2.182685375213623,2.1269216537475586,0.5024480819702193,0.07087681433141245,0.8700286044734659,0.17304445365489107,"StraightLane index=('>', '>>', 0)",True,5.1989426612854,0.0,-7.629394523038787e-06,"StraightLane index=('>>', '>>>', 0)",True,0.0,True,False,0.5081413388252258,1.043073058128357,0.0,1.043073058128357,True,0.0,0.0,0.6519206613302231,0.0,0.6519206613302231,0.0
4.380035,"[5.235668182373047, 4.5, 0.0]","[17.567045211791992, 4.5, 0.0]",1.0081596374511723,2.130284547805786,2.1400376919948028,1.800394058227528,2.0357022285461426,12.307472705841064,1.1547698974609368,-0.9703040122985951,7.8074727058410645,-1.1221249103546138,0.9600816965103149,1.2589807510375977,12.20649242401123,True,0,2.2190624475479126,2.130284547805786,0.5024480819702193,0.07087681433141245,0.8700286044734659,0.17304445365489107,"StraightLane index=('>', '>>', 0)",True,5.216945171356201,0.0,0.0,"StraightLane index=('>>', '>>>', 0)",True,0.0,True,False,0.5081413388252258,1.043073058128357,0.0,1.043073058128357,True,0.0,0.0,0.6519206613302231,0.0,0.6519206613302231,0.0
4.399443,"[5.255111217498779, 4.5, 0.0]","[17.609554290771484, 4.5, 0.0]",1.0441675186157253,2.14695405960083,2.14974474600167,1.80039405822765,1.9892184734344482,12.331377029418945,1.1221249103546138,-1.632249355316151,7.831377029418945,-1.1027865409851048,0.9955217838287354,1.2589807510375977,12.20649242401123,True,0,2.254502534866333,2.14695405960083,0.5336165428161577,0.08246571189683673,0.7992769635371548,0.2437960945912021,"StraightLane index=('>', '>>', 0)",True,5.235668182373047,0.0,0.0,"StraightLane index=('>>', '>>>', 0)",True,0.0,True,False,0.5081413388252258,1.043073058128357,0.0,1.043073058128357,True,0.0,0.0,0.6519206613302231,0.0,0.6519206613302231,0.0
4.420123,"[5.275274276733398, 4.5, 0.0]","[17.652902603149414, 4.5, 0.0]",1.076793670654307,2.1503219604492188,2.160082826495636,1.6313076019290884,1.9090286493301392,12.354443073272705,1.1027865409851048,-0.9669184684754528,7.854443073272705,-1.0735282897949117,1.0459628105163574,1.1221249103546143,12.331377029418945,True,0,2.1680877208709717,2.1503219604492188,0.5336165428161577,0.08246571189683673,0.7992769635371548,0.14583329790312227,"StraightLane index=('>', '>>', 0)",True,5.255111217498779,0.0,0.0,"StraightLane index=('>>', '>>>', 0)",True,0.0,True,False,0.5081413388252258,0.9451102614402771,0.0,0.9451102614402771,True,0.0,0.0,0.5906939134001732,0.0,0.5906939134001732,0.0
4.439512,"[5.2961578369140625, 4.5, 0.0]","[17.695280075073242, 4.5, 0.0]",1.1094198226928906,2.1667308807373047,2.16977433549182,1.6313076019291772,1.906509280204773,12.377628326415905,1.0735282897949117,-1.4629125595096548,7.8776283264159055,-1.057311058044414,1.064788818359375,1.1221249103546143,12.331377029418945,True,0,2.1869137287139893,2.1667308807373047,0.5336165428161577,0.08246571189683673,0.7992769635371548,0.14583329790312227,"StraightLane index=('>', '>>', 0)",True,5.275274276733398,0.0,-7.629394523038787e-06,"StraightLane index=('>>', '>>>', 0)",True,0.0,True,False,0.5267823338508606,0.9451102614402771,0.0,0.9451102614402771,True,0.0,0.0,0.5906939134001732,0.0,0.5906939134001732,0.0
4.459177,"[5.317693710327148, 4.5, 0.0]","[17.739635467529297, 4.5, 0.0]",1.1420459747314675,2.1702606678009033,2.179614842493902,1.6313076019288442,1.833998680114746,12.39912223815907,1.057311058044414,-0.8108615875248804,7.8991222381590696,-1.0282146930694358,1.1136603355407715,1.1221249103546143,12.331377029418945,True,0,2.2357852458953857,2.1702606678009033,0.5336165428161577,0.08246571189683673,0.7992769635371548,0.14583329790312227,"StraightLane index=('>', '>>', 0)",True,5.2961578369140625,0.0,-7.629394523038787e-06,"StraightLane index=('>>', '>>>', 0)",True,0.0,True,False,0.5267823338508606,0.9451102614402771,0.0,0.9451102614402771,True,0.0,0.0,0.5906939134001732,0.0,0.5906939134001732,0.0
4.47957,"[5.339881896972656, 4.5, 0.0]","[17.78225326538086, 4.5, 0.0]",1.174672126770035,2.1867246627807617,2.1898004634887913,1.6313076019283779,1.8251599073410034,12.421941757202148,1.0282146930694358,-1.4548182487489125,7.921941757202148,-1.0120525360107266,1.1310731172561646,1.1221249103546143,12.331377029418945,True,0,2.253198027610779,2.1867246627807617,0.5336165428161577,0.08246571189683673,0.7992769635371548,0.14583329790312227,"StraightLane index=('>', '>>', 0)",True,5.317693710327148,0.0,0.0,"StraightLane index=('>>', '>>>', 0)",True,0.0,True,False,0.5267823338508606,0.9451102614402771,0.0,0.9451102614402771,True,0.0,0.0,0.5906939134001732,0.0,0.5906939134001732,0.0
4.499622,"[5.362722873687744, 4.5, 0.0]","[17.82577133178711, 4.5, 0.0]",1.2072982788085982,2.1900618076324463,2.1998301989980975,1.6313076019281558,1.7812895774841309,12.442371368408203,1.0120525360107266,-0.808107852935458,7.942371368408203,-0.9827635288238481,1.1625969409942627,1.1221249103546143,12.331377029418945,True,0,2.284721851348877,2.1900618076324463,0.4310774803161621,0.08930685251821872,0.72810314625372,0.21700711518655713,"StraightLane index=('>', '>>', 0)",True,5.339881896972656,0.0,0.0,"StraightLane index=('>>', '>>>', 0)",True,0.0,True,False,0.5267823338508606,0.9451102614402771,0.0,0.9451102614402771,True,0.0,0.0,0.5906939134001732,0.0,0.5906939134001732,0.0
4.519604,"[5.386216163635254, 4.5, 0.0]","[17.869998931884766, 4.5, 0.0]",1.2367610931396484,2.2067410945892334,2.209821966988966,1.4731407165525123,1.712228536605835,12.463048458099365,0.9827635288238481,-1.4644503593439273,7.963048458099365,-0.969980001449585,1.2080669403076172,1.1221249103546143,12.331377029418945,True,0,2.3301918506622314,2.2067410945892334,0.4310774803161621,0.08930685251821872,0.72810314625372,0.12536688119302686,"StraightLane index=('>', '>>', 0)",True,5.362722873687744,0.0,0.0,"StraightLane index=('>>', '>>>', 0)",True,0.0,True,False,0.5267823338508606,0.8534700274467468,0.0,0.8534700274467468,True,0.0,0.0,0.5334187671542168,0.0,0.5334187671542168,0.0
4.539782,"[5.410362243652344, 4.5, 0.0]","[17.914505004882812, 4.5, 0.0]",1.2662239074707033,2.2100753784179688,2.2199110589892372,1.4731407165527455,1.684625267982483,12.483782768249402,0.969980001449585,-0.6391763687131569,7.983782768249402,-0.9438514709472654,1.2394202947616577,1.0120525360107422,12.442371368408203,True,0,2.2514728307724,2.2100753784179688,0.4310774803161621,0.08930685251821872,0.72810314625372,0.12536688119302686,"StraightLane index=('>', '>>', 0)",True,5.386216163635254,0.0,-7.629394523038787e-06,"StraightLane index=('>>', '>>>', 0)",True,0.0,True,False,0.5267823338508606,0.8534700274467468,0.0,0.8534700274467468,True,0.0,0.0,0.5334187671542168,0.0,0.5334187671542168,0.0
4.559346,"[5.435097694396973, 4.5, 0.0]","[17.959814071655273, 4.5, 0.0]",1.2956867218017583,2.2269246578216553,2.229699011502089,1.4731407165527455,1.6466472148895264,12.504142761230357,0.9438514709472654,-1.306426525115978,8.004142761230357,-0.931237936019897,1.2690739631652832,1.0120525360107422,12.442371368408203,True,0,2.2811264991760254,2.2269246578216553,0.4310774803161621,0.08930685251821872,0.72810314625372,0.12536688119302686,"StraightLane index=('>', '>>', 0)",True,5.410362243652344,0.0,7.629394523038787e-06,"StraightLane index=('>>', '>>>', 0)",True,0.0,True,False,0.5267823338508606,0.8534700274467468,0.0,0.8534700274467468,True,0.0,0.0,0.5334187671542168,0.0,0.5334187671542168,0.0
4.580191,"[5.460422039031982, 4.5, 0.0]","[18.004436492919922, 4.5, 0.0]",1.3251495361328187,2.2302849292755127,2.2401145424984863,1.473140716553023,1.6120318174362183,12.524716377258189,0.931237936019897,-0.6306767463684193,8.024716377258189,-0.905135393142694,1.2983356714248657,1.0120525360107422,12.442371368408203,True,0,2.310388207435608,2.2302849292755127,0.4310774803161621,0.08930685251821872,0.72810314625372,0.12536688119302686,"StraightLane index=('>', '>>', 0)",True,5.435097694396973,0.0,-7.629394523038787e-06,"StraightLane index=('>>', '>>>', 0)",True,0.0,True,False,0.5267823338508606,0.8534700274467468,0.0,0.8534700274467468,True,0.0,0.0,0.5334187671542168,0.0,0.5334187671542168,0.0
4.599815,"[5.486335754394531, 4.5, 0.0]","[18.048927307128906, 4.5, 0.0]",1.354612350463884,2.246950149536133,2.2499269954889316,1.4731407165532673,1.6055752038955688,12.544014453887828,0.905135393142694,-1.305127143860152,8.044014453887828,-0.8923377990722487,1.3137786388397217,1.0120525360107422,12.442371368408203,True,0,2.325831174850464,2.246950149536133,0.5688834190368652,0.10028708693268713,0.6803066563296489,0.1731633711170979,"StraightLane index=('>', '>>', 0)",True,5.460422039031982,0.0,-7.629394523038787e-06,"StraightLane index=('>>', '>>>', 0)",True,0.0,True,False,0.5267823338508606,0.8534700274467468,0.0,0.8534700274467468,True,0.0,0.0,0.5334187671542168,0.0,0.5334187671542168,0.0
4.619994,"[5.512838840484619, 4.5, 0.0]","[18.094253540039062, 4.5, 0.0]",1.3816556930542128,2.2503116130828857,2.2600179265020417,1.352167129516435,1.5429356098175049,12.562591552734375,0.8923377990722487,-0.6398797035222614,8.062591552734375,-0.868655920028673,1.3547089099884033,0.9051353931427002,12.544013977050781,True,0,2.2598443031311035,2.2503116130828857,0.5688834190368652,0.10028708693268713,0.6803066563296489,0.10307796481369214,"StraightLane index=('>', '>>', 0)",True,5.486335754394531,0.0,0.0,"StraightLane index=('>>', '>>>', 0)",True,0.0,True,False,0.5466256737709045,0.7833846211433411,0.0,0.7833846211433411,True,0.0,0.0,0.48961538821458817,0.0,0.48961538821458817,0.0
4.640069,"[5.539931297302246, 4.5, 0.0]","[18.13982582092285, 4.5, 0.0]",1.4086990356445417,2.2669947147369385,2.2700544040009847,1.3521671295164461,1.5443403720855713,12.581414699554331,0.868655920028673,-1.1840939521787885,8.081414699554331,-0.8582956790923968,1.3702856302261353,0.9051353931427002,12.544013977050781,True,0,2.2754210233688354,2.2669947147369385,0.5688834190368652,0.10028708693268713,0.6803066563296489,0.10307796481369214,"StraightLane index=('>', '>>', 0)",True,5.512838840484619,0.0,-7.629394523038787e-06,"StraightLane index=('>>', '>>>', 0)",True,0.0,True,False,0.5466256737709045,0.7833846211433411,0.0,0.7833846211433411,True,0.0,0.0,0.48961538821458817,0.0,0.48961538821458817,0.0
4.659524,"[5.567564487457275, 4.5, 0.0]","[18.185016632080078, 4.5, 0.0]",1.4357423782348677,2.270259380340576,2.2797831154923185,1.3521671295163018,1.4867740869522095,12.599894523620605,0.8582956790923968,-0.5180120468138094,8.099894523620605,-0.8345170021057084,1.4100449085235596,0.9051353931427002,12.544013977050781,True,0,2.3151803016662598,2.270259380340576,0.5688834190368652,0.10028708693268713,0.6803066563296489,0.10307796481369214,"StraightLane index=('>', '>>', 0)",True,5.539931297302246,0.0,0.0,"StraightLane index=('>>', '>>>', 0)",True,0.0,True,False,0.5466256737709045,0.7833846211433411,0.0,0.7833846211433411,True,0.0,0.0,0.48961538821458817,0.0,0.48961538821458817,0.0
4.67997,"[5.595738410949707, 4.5, 0.0]","[18.23069190979004, 4.5, 0.0]",1.4627857208252033,2.2869651317596436,2.290003446995979,1.3521671295167792,1.4569191932678223,12.617452144622803,0.8345170021057084,-1.188933849334417,8.117452144622803,-0.8241794109344402,1.4366201162338257,0.9051353931427002,12.544013977050781,True,0,2.341755509376526,2.2869651317596436,0.5688834190368652,0.10028708693268713,0.6803066563296489,0.10307796481369214,"StraightLane index=('>', '>>', 0)",True,5.567564487457275,0.0,0.0,"StraightLane index=('>>', '>>>', 0)",True,0.0,True,False,0.5466256737709045,0.7833846211433411,0.0,0.7833846211433411,True,0.0,0.0,0.48961538821458817,0.0,0.48961538821458817,0.0
4.69975,"[5.624453067779541, 4.5, 0.0]","[18.276100158691406, 4.5, 0.0]",1.4898290634155373,2.2902779579162598,2.2998876340017884,1.3521671295167015,1.4560747146606445,12.634953498840332,0.8241794109344402,-0.5168795585634101,8.134953498840332,-0.8004488945007224,1.4511007070541382,0.9051353931427002,12.544013977050781,True,0,2.3562361001968384,2.2902779579162598,0.43327808380126953,0.10542311117246285,0.6257148925979324,0.15766972854540862,"StraightLane index=('>', '>>', 0)",True,5.595738410949707,0.0,0.0,"StraightLane index=('>>', '>>>', 0)",True,0.0,True,False,0.5466256737709045,0.7833846211433411,0.0,0.7833846211433411,True,0.0,0.0,0.48961538821458817,0.0,0.48961538821458817,0.0
4.720021,"[5.6537089347839355, 4.5, 0.0]","[18.32253646850586, 4.5, 0.0]",1.5143980979919456,2.306997060775757,2.3100313740025737,1.2284517288204122,1.432591199874878,12.651647090911865,0.8004488945007224,-1.186525821685891,8.151647090911865,-0.7925989627838113,1.4775099754333496,0.8241794109344482,12.634953498840332,True,0,2.301689386367798,2.306997060775757,0.43327808380126953,0.10542311117246285,0.6257148925979324,0.08600164010928191,"StraightLane index=('>', '>>', 0)",True,5.624453067779541,0.0,0.0,"StraightLane index=('>>', '>>>', 0)",True,0.0,True,False,0.5466256737709045,0.7117165327072144,0.0,0.7117165327072144,True,0.0,0.0,0.44482283294200897,0.0,0.44482283294200897,0.0
4.739699,"[5.683505535125732, 4.5, 0.0]","[18.367887496948242, 4.5, 0.0]",1.5389671325683594,2.3100829124450684,2.3198706775030584,1.2284517288206898,1.4090343713760376,12.668827533721924,0.7925989627838113,-0.3924965858455587,8.168827533721924,-0.771115779876709,1.5034645795822144,0.8241794109344482,12.634953498840332,True,0,2.3276439905166626,2.3100829124450684,0.43327808380126953,0.10542311117246285,0.6257148925979324,0.08600164010928191,"StraightLane index=('>', '>>', 0)",True,5.6537089347839355,0.0,0.0,"StraightLane index=('>>', '>>>', 0)",True,0.0,True,False,0.5466256737709045,0.7117165327072144,0.0,0.7117165327072144,True,0.0,0.0,0.44482283294200897,0.0,0.44482283294200897,0.0
4.758942,"[5.7137932777404785, 4.5, 0.0]","[18.414024353027344, 4.5, 0.0]",1.5635361671447758,2.326672077178955,2.3294978200021434,1.228451728820823,1.3829760551452637,12.68438196182251,0.771115779876709,-1.0741591453551136,8.18438196182251,-0.7631359100341792,1.528669834136963,0.8241794109344482,12.634953498840332,True,0,2.352849245071411,2.326672077178955,0.43327808380126953,0.10542311117246285,0.6257148925979324,0.08600164010928191,"StraightLane index=('>', '>>', 0)",True,5.683505535125732,0.0,0.0,"StraightLane index=('>>', '>>>', 0)",True,0.0,True,False,0.5466256737709045,0.7117165327072144,0.0,0.7117165327072144,True,0.0,0.0,0.44482283294200897,0.0,0.44482283294200897,0.0
4.780095,"[5.744572639465332, 4.5, 0.0]","[18.46181297302246, 4.5, 0.0]",1.5881052017212,2.330281972885132,2.3400685709959363,1.2284517288212116,1.3909896612167358,12.700231075286752,0.7631359100341792,-0.39899349212648705,8.200231075286752,-0.7421767711639318,1.5573395490646362,0.8241794109344482,12.634953498840332,True,0,2.3815189599990845,2.330281972885132,0.43327808380126953,0.10542311117246285,0.6257148925979324,0.08600164010928191,"StraightLane index=('>', '>>', 0)",True,5.7137932777404785,0.0,7.629394523038787e-06,"StraightLane index=('>>', '>>>', 0)",True,0.0,True,False,0.5466256737709045,0.7117165327072144,0.0,0.7117165327072144,True,0.0,0.0,0.44482283294200897,0.0,0.44482283294200897,0.0
4.799643,"[5.775843143463135, 4.5, 0.0]","[18.507244110107422, 4.5, 0.0]",1.6126742362976403,2.3467190265655518,2.3498404589947315,1.228451728822011,1.3534908294677734,12.717240333556678,0.7421767711639318,-1.0479569435123737,8.217240333556678,-0.7340447902679115,1.5809195041656494,0.8241794109344482,12.634953498840332,True,0,2.4050989151000977,2.3467190265655518,0.5644106864929199,0.11463517408246876,0.5917642877566112,0.11995224495060319,"StraightLane index=('>', '>>', 0)",True,5.744572639465332,0.0,1.5258789046077574e-05,"StraightLane index=('>>', '>>>', 0)",True,0.0,True,False,0.5466256737709045,0.7117165327072144,0.0,0.7117165327072144,True,0.0,0.0,0.44482283294200897,0.0,0.44482283294200897,0.0
4.820082,"[5.807605266571045, 4.5, 0.0]","[18.55560302734375, 4.5, 0.0]",1.635574817657527,2.353635549545288,2.360062708993792,1.145029067994341,1.3209166526794434,12.731400966644287,0.7340447902679115,-0.40659904480101483,8.231400966644287,-0.718060731887761,1.6042896509170532,0.7631359100341797,12.700230598449707,True,0,2.367425560951233,2.353635549545288,0.5644106864929199,0.11463517408246876,0.5917642877566112,0.07161162634022111,"StraightLane index=('>', '>>', 0)",True,5.775843143463135,0.0,0.0,"StraightLane index=('>>', '>>>', 0)",True,0.0,True,False,0.5665929913520813,0.6633759140968323,0.0,0.6633759140968323,True,0.0,0.0,0.41460994631052017,0.0,0.41460994631052017,0.0
4.839976,"[5.839858531951904, 4.5, 0.0]","[18.603212356567383, 4.5, 0.0]",1.6584753990174104,2.3636584281921387,2.3700093644903975,1.1450290679941633,1.2710540294647217,12.747997760772591,0.718060731887761,-0.7992029190075245,8.247997760772591,-0.7051830291747283,1.6381598711013794,0.7631359100341797,12.700230598449707,True,0,2.401295781135559,2.3636584281921387,0.5644106864929199,0.11463517408246876,0.5917642877566112,0.07161162634022111,"StraightLane index=('>', '>>', 0)",True,5.807605266571045,0.0,7.629394523038787e-06,"StraightLane index=('>>', '>>>', 0)",True,0.0,True,False,0.5665929913520813,0.6633759140968323,0.0,0.6633759140968323,True,0.0,0.0,0.41460994631052017,0.0,0.41460994631052017,0.0
4.871655,"[5.872570037841797, 4.5, 0.0]","[18.650436401367188, 4.5, 0.0]",1.6813759803772912,2.3736002445220947,2.3858493119943884,1.1450290679940411,1.267654538154602,12.763353824615027,0.7051830291747283,-0.643885135651634,8.263353824615027,-0.6922242641448035,1.6505138874053955,0.7631359100341797,12.700230598449707,True,0,2.413649797439575,2.3736002445220947,0.5644106864929199,0.11463517408246876,0.5917642877566112,0.07161162634022111,"StraightLane index=('>', '>>', 0)",True,5.839858531951904,0.0,1.5258789046077574e-05,"StraightLane index=('>>', '>>>', 0)",True,0.0,True,False,0.5665929913520813,0.6633759140968323,0.0,0.6633759140968323,True,0.0,0.0,0.41460994631052017,0.0,0.41460994631052017,0.0
4.881599,"[5.905739784240723, 4.5, 0.0]","[18.70116424560547, 4.5, 0.0]",1.7042765617371411,2.38427996635437,2.3908163124899144,1.145029067992498,1.2159993648529053,12.777866363524938,0.6922242641448035,-0.6479382514962384,8.277866363524938,-0.680003404617229,1.6826077699661255,0.7631359100341797,12.700230598449707,True,0,2.445743680000305,2.38427996635437,0.5644106864929199,0.11463517408246876,0.5917642877566112,0.07161162634022111,"StraightLane index=('>', '>>', 0)",True,5.872570037841797,0.0,1.5258789046077574e-05,"StraightLane index=('>>', '>>>', 0)",True,0.0,True,False,0.5665929913520813,0.6633759140968323,0.0,0.6633759140968323,True,0.0,0.0,0.41460994631052017,0.0,0.41460994631052017,0.0
4.901068,"[5.939367294311523, 4.5, 0.0]","[18.745561599731445, 4.5, 0.0]",1.7271771430969916,2.3936266899108887,2.4005533420015124,1.1450290679925201,1.1591508388519287,12.795424461364293,0.680003404617229,-0.6110429763787284,8.295424461364293,-0.6664495468138971,1.7005614042282104,0.7631359100341797,12.700230598449707,True,0,2.46369731426239,2.3936266899108887,0.46907663345336914,0.11958933884508981,0.552781544274123,0.11059436982270932,"StraightLane index=('>', '>>', 0)",True,5.905739784240723,0.0,1.5258789046077574e-05,"StraightLane index=('>>', '>>>', 0)",True,0.0,True,False,0.5665929913520813,0.6633759140968323,0.0,0.6633759140968323,True,0.0,0.0,0.41460994631052017,0.0,0.41460994631052017,0.0
4.920057,"[5.973453044891357, 4.5, 0.0]","[18.79388999938965, 4.5, 0.0]",1.748847484588687,2.403654098510742,2.4100495824997776,1.0835170745847722,1.1674374341964722,12.806194305419922,0.6664495468138971,-0.6776928901665924,8.306194305419922,-0.6548066139220552,1.713022232055664,0.6800034046173096,12.795424461364746,True,0,2.3930256366729736,2.403654098510742,0.46907663345336914,0.11958933884508981,0.552781544274123,0.07495991175767636,"StraightLane index=('>', '>>', 0)",True,5.939367294311523,0.0,0.0,"StraightLane index=('>>', '>>>', 0)",True,0.0,True,False,0.5665929913520813,0.6277414560317993,0.0,0.6277414560317993,True,0.0,0.0,0.3923384100198746,0.0,0.3923384100198746,0.0
4.940113,"[6.007996559143066, 4.5, 0.0]","[18.842405319213867, 4.5, 0.0]",1.7705178260804058,2.4136571884155273,2.420077467500232,1.083517074585938,1.162317156791687,12.820436954498177,0.6548066139220552,-0.5821466445920964,8.320436954498177,-0.6431393623351216,1.7357099056243896,0.6800034046173096,12.795424461364746,True,0,2.415713310241699,2.4136571884155273,0.46907663345336914,0.11958933884508981,0.552781544274123,0.07495991175767636,"StraightLane index=('>', '>>', 0)",True,5.973453044891357,0.0,7.629394523038787e-06,"StraightLane index=('>>', '>>>', 0)",True,0.0,True,False,0.5665929913520813,0.6277414560317993,0.0,0.6277414560317993,True,0.0,0.0,0.3923384100198746,0.0,0.3923384100198746,0.0
4.960202,"[6.042973518371582, 4.5, 0.0]","[18.88938331604004, 4.5, 0.0]",1.7921881675721398,2.4233431816101074,2.430124875495676,1.083517074586704,1.1423510313034058,12.834408760070346,0.6431393623351216,-0.5833625793466801,8.334408760070346,-0.6311550140379676,1.7682888507843018,0.6800034046173096,12.795424461364746,True,0,2.4482922554016113,2.4233431816101074,0.46907663345336914,0.11958933884508981,0.552781544274123,0.07495991175767636,"StraightLane index=('>', '>>', 0)",True,6.007996559143066,0.0,1.5258789046077574e-05,"StraightLane index=('>>', '>>>', 0)",True,0.0,True,False,0.5665929913520813,0.6277414560317993,0.0,0.6277414560317993,True,0.0,0.0,0.3923384100198746,0.0,0.3923384100198746,0.0
4.980177,"[6.078383922576904, 4.5, 0.0]","[18.939289093017578, 4.5, 0.0]",1.8138585090638626,2.4336335659027104,2.4401014935021523,1.0835170745861378,1.14426851272583,12.846409797667432,0.6311550140379676,-0.5992174148577001,8.346409797667432,-0.6197750568388478,1.7799135446548462,0.6800034046173096,12.795424461364746,True,0,2.4599169492721558,2.4336335659027104,0.46907663345336914,0.11958933884508981,0.552781544274123,0.07495991175767636,"StraightLane index=('>', '>>', 0)",True,6.042973518371582,0.0,2.2888183620005236e-05,"StraightLane index=('>>', '>>>', 0)",True,0.0,True,False,0.5665929913520813,0.6277414560317993,0.0,0.6277414560317993,True,0.0,0.0,0.3923384100198746,0.0,0.3923384100198746,0.0
4.999342,"[6.114227771759033, 4.5, 0.0]","[18.986629486083984, 4.5, 0.0]",1.8355288505556175,2.4433939456939697,2.449691061995691,1.0835170745877476,1.1304361820220947,12.86090517043885,0.6197750568388478,-0.5689978599559886,8.36090517043885,-0.6078650951383522,1.8011741638183594,0.6800034046173096,12.795424461364746,True,0,2.481177568435669,2.4433939456939697,0.49767255783081055,0.1250489444846592,0.5201612563245881,0.10758019970721122,"StraightLane index=('>', '>>', 0)",True,6.078383922576904,0.0,3.0517578143044024e-05,"StraightLane index=('>>', '>>>', 0)",True,0.0,True,False,0.5665929913520813,0.6277414560317993,0.0,0.6277414560317993,True,0.0,0.0,0.3923384100198746,0.0,0.3923384100198746,0.0
5.019499,"[6.150505065917969, 4.5, 0.0]","[19.03584098815918, 4.5, 0.0]",1.8552069664003836,2.453401803970337,2.4597679085010897,0.9839057922383043,1.1197468042373657,12.872401714323924,0.6078650951383522,-0.5954980850247815,8.372401714323924,-0.5981948375699533,1.8225038051605225,0.6197750568389893,12.860904693603516,True,0,2.4422788619995117,2.453401803970337,0.49767255783081055,0.1250489444846592,0.5201612563245881,0.04986919449633476,"StraightLane index=('>', '>>', 0)",True,6.114227771759033,0.0,2.2888183620005236e-05,"StraightLane index=('>>', '>>>', 0)",True,0.0,True,False,0.5880038142204285,0.5700304508209229,0.0,0.5700304508209229,True,0.0,0.0,0.3562690317630768,0.0,0.3562690317630768,0.0
5.040178,"[6.187215805053711, 4.5, 0.0]","[19.086585998535156, 4.5, 0.0]",1.8748850822451806,2.463653564453125,2.4701092880015496,0.9839057922398475,1.1119390726089478,12.885335922238356,0.5981948375699533,-0.48351287841994495,8.385335922238356,-0.5887684822079444,1.8439366817474365,0.6197750568389893,12.860904693603516,True,0,2.463711738586426,2.463653564453125,0.49767255783081055,0.1250489444846592,0.5201612563245881,0.04986919449633476,"StraightLane index=('>', '>>', 0)",True,6.150505065917969,0.0,3.814697266608281e-05,"StraightLane index=('>>', '>>>', 0)",True,0.0,True,False,0.5880038142204285,0.5700304508209229,0.0,0.5700304508209229,True,0.0,0.0,0.3562690317630768,0.0,0.3562690317630768,0.0
5.059488,"[6.224319934844971, 4.5, 0.0]","[19.13581085205078, 4.5, 0.0]",1.8945631980899773,2.473598003387451,2.4797516834980344,0.9839057922398364,1.0863598585128784,12.899370193477328,0.5887684822079444,-0.47131776810044324,8.399370193477328,-0.5790348052974739,1.874382734298706,0.6197750568389893,12.860904693603516,True,0,2.4941577911376953,2.473598003387451,0.49767255783081055,0.1250489444846592,0.5201612563245881,0.04986919449633476,"StraightLane index=('>', '>>', 0)",True,6.187215805053711,0.0,4.5776367189121594e-05,"StraightLane index=('>>', '>>>', 0)",True,0.0,True,False,0.5880038142204285,0.5700304508209229,0.0,0.5700304508209229,True,0.0,0.0,0.3562690317630768,0.0,0.3562690317630768,0.0
5.080071,"[6.261817455291748, 4.5, 0.0]","[19.185544967651367, 4.5, 0.0]",1.914241313934783,2.48364520072937,2.490044887500699,0.9839057922402805,1.0702043771743774,12.91149091720169,0.5790348052974739,-0.48668384552352784,8.41149091720169,-0.5694038867945872,1.894425392150879,0.6197750568389893,12.860904693603516,True,0,2.514200448989868,2.48364520072937,0.49767255783081055,0.1250489444846592,0.5201612563245881,0.04986919449633476,"StraightLane index=('>', '>>', 0)",True,6.224319934844971,0.0,4.5776367189121594e-05,"StraightLane index=('>>', '>>>', 0)",True,0.0,True,False,0.5880038142204285,0.5700304508209229,0.0,0.5700304508209229,True,0.0,0.0,0.3562690317630768,0.0,0.3562690317630768,0.0
5.101044,"[6.299708843231201, 4.5, 0.0]","[19.235355377197266, 4.5, 0.0]",1.933919429779573,2.4937081336975098,2.500544857993373,0.9839057922395034,1.052504539489746,12.923727512352286,0.5694038867945872,-0.48154592514433325,8.423727512352286,-0.5597887039179368,1.913973093032837,0.6197750568389893,12.860904693603516,True,0,2.533748149871826,2.4937081336975098,0.5031418800354004,0.1301540158374323,0.4940166733840912,0.07601377743683163,"StraightLane index=('>', '>>', 0)",True,6.261817455291748,0.0,6.103515623519917e-05,"StraightLane index=('>>', '>>>', 0)",True,0.0,True,False,0.5880038142204285,0.5700304508209229,0.0,0.5700304508209229,True,0.0,0.0,0.3562690317630768,0.0,0.3562690317630768,0.0
5.120247,"[6.337993621826172, 4.5, 0.0]","[19.285165786743164, 4.5, 0.0]",1.952322483063327,2.5036299228668213,2.5101351439981956,0.9201526641877011,1.0347858667373657,12.935646533963197,0.5597887039179368,-0.48075914383252094,8.435646533963197,-0.5513074398034943,1.933163046836853,0.569403886795044,12.923727035522461,True,0,2.502566933631897,2.5036299228668213,0.5031418800354004,0.1301540158374323,0.4940166733840912,0.039084885301211514,"StraightLane index=('>', '>>', 0)",True,6.299708843231201,0.0,3.814697266608281e-05,"StraightLane index=('>>', '>>>', 0)",True,0.0,True,False,0.5880038142204285,0.5331015586853027,0.0,0.5331015586853027,True,0.0,0.0,0.3331884741783142,0.0,0.3331884741783142,0.0
5.13999,"[6.37667179107666, 4.5, 0.0]","[19.33452606201172, 4.5, 0.0]",1.9707255363471625,2.513404369354248,2.519990654490539,0.9201526641917757,1.0350682735443115,12.94717216491286,0.5513074398034943,-0.42406320572212497,8.44717216491286,-0.5426788330070855,1.9435405731201172,0.569403886795044,12.923727035522461,True,0,2.512944459915161,2.513404369354248,0.5031418800354004,0.1301540158374323,0.4940166733840912,0.039084885301211514,"StraightLane index=('>', '>>', 0)",True,6.337993621826172,0.0,4.5776367189121594e-05,"StraightLane index=('>>', '>>>', 0)",True,0.0,True,False,0.5880038142204285,0.5331015586853027,0.0,0.5331015586853027,True,0.0,0.0,0.3331884741783142,0.0,0.3331884741783142,0.0
5.159851,"[6.415718078613281, 4.5, 0.0]","[19.386184692382812, 4.5, 0.0]",1.9891285896310038,2.5236339569091797,2.529924399993615,0.9201526641920643,1.0032477378845215,12.957854270930923,0.5426788330070855,-0.43143033982043777,8.457854270930923,-0.5345053672781759,1.9709267616271973,0.569403886795044,12.923727035522461,True,0,2.540330648422241,2.5236339569091797,0.5031418800354004,0.1301540158374323,0.4940166733840912,0.039084885301211514,"StraightLane index=('>', '>>', 0)",True,6.37667179107666,0.0,4.5776367189121594e-05,"StraightLane index=('>>', '>>>', 0)",True,0.0,True,False,0.5880038142204285,0.5331015586853027,0.0,0.5331015586853027,True,0.0,0.0,0.3331884741783142,0.0,0.3331884741783142,0.0
5.180245,"[6.455132484436035, 4.5, 0.0]","[19.43670082092285, 4.5, 0.0]",2.0075316429148136,2.533637046813965,2.540139595995424,0.9201526641904878,1.0007879734039307,12.970466613760218,0.5345053672781759,-0.4086732864454823,8.470466613760218,-0.5261054038991513,1.980701208114624,0.569403886795044,12.923727035522461,True,0,2.550105094909668,2.533637046813965,0.5031418800354004,0.1301540158374323,0.4940166733840912,0.039084885301211514,"StraightLane index=('>', '>>', 0)",True,6.415718078613281,0.0,6.866455075823796e-05,"StraightLane index=('>>', '>>>', 0)",True,0.0,True,False,0.5880038142204285,0.5331015586853027,0.0,0.5331015586853027,True,0.0,0.0,0.3331884741783142,0.0,0.3331884741783142,0.0
5.200136,"[6.494915008544922, 4.5, 0.0]","[19.487163543701172, 4.5, 0.0]",2.025934696198551,2.5436294078826904,2.550062001496553,0.9201526641868796,0.9823408126831055,12.98156833647945,0.5261054038991513,-0.41999816895123,8.48156833647945,-0.5176947116841393,1.998595118522644,0.569403886795044,12.923727035522461,True,0,2.567999005317688,2.5436294078826904,0.49921274185180664,0.1346110602185023,0.4711126228131929,0.06198893587210985,"StraightLane index=('>', '>>', 0)",True,6.455132484436035,0.0,6.103515623519917e-05,"StraightLane index=('>>', '>>>', 0)",True,0.0,True,False,0.5880038142204285,0.5331015586853027,0.0,0.5331015586853027,True,0.0,0.0,0.3331884741783142,0.0,0.3331884741783142,0.0
5.219604,"[6.535065650939941, 4.5, 0.0]","[19.53716278076172, 4.5, 0.0]",2.0432705879221444,2.5533969402313232,2.559813673989265,0.8667945861796644,0.9688979387283325,12.992248535152102,0.5176947116841393,-0.4205346107506003,8.492248535152102,-0.5101263523091788,2.0166707038879395,0.5261054039001465,12.981568336486816,True,0,2.542776107788086,2.5533969402313232,0.49921274185180664,0.1346110602185023,0.4711126228131929,0.03105758230307909,"StraightLane index=('>', '>>', 0)",True,6.494915008544922,0.0,4.5776367189121594e-05,"StraightLane index=('>>', '>>>', 0)",True,0.0,True,False,0.6086653470993042,0.502170205116272,0.0,0.502170205116272,True,0.0,0.0,0.31385637819767,0.0,0.31385637819767,0.0
5.239845,"[6.575584411621094, 4.5, 0.0]","[19.588708877563477, 4.5, 0.0]",2.0606064796456938,2.566739559173584,2.569906237494433,0.8667945861774662,0.9552164673805237,13.002097129817628,0.5101263523091788,-0.3784179687480238,8.502097129817628,-0.5061330795278902,2.034475088119507,0.5261054039001465,12.981568336486816,True,0,2.5605804920196533,2.566739559173584,0.49921274185180664,0.1346110602185023,0.4711126228131929,0.03105758230307909,"StraightLane index=('>', '>>', 0)",True,6.535065650939941,0.0,4.5776367189121594e-05,"StraightLane index=('>>', '>>>', 0)",True,0.0,True,False,0.6086653470993042,0.502170205116272,0.0,0.502170205116272,True,0.0,0.0,0.31385637819767,0.0,0.31385637819767,0.0
5.260036,"[6.61644983291626, 4.5, 0.0]","[19.64128303527832, 4.5, 0.0]",2.0779423713693,2.5702810287475586,2.5800152155017715,0.8667945861803084,0.9429240822792053,13.013124465936729,0.5061330795278902,-0.19966363906442908,8.513124465936729,-0.49233865737825866,2.0521326065063477,0.5261054039001465,12.981568336486816,True,0,2.578238010406494,2.5702810287475586,0.49921274185180664,0.1346110602185023,0.4711126228131929,0.03105758230307909,"StraightLane index=('>', '>>', 0)",True,6.575584411621094,0.0,5.340576171216038e-05,"StraightLane index=('>>', '>>>', 0)",True,0.0,True,False,0.6086653470993042,0.502170205116272,0.0,0.502170205116272,True,0.0,0.0,0.31385637819767,0.0,0.31385637819767,0.0
5.280548,"[6.6576619148254395, 4.5, 0.0]","[19.692930221557617, 4.5, 0.0]",2.0952782630928235,2.5869767665863037,2.59025796749047,0.8667945861761783,0.9316401481628418,13.024833202357904,0.49233865737825866,-0.6897211074815779,8.524833202357904,-0.4916985034934802,2.0696797370910645,0.5261054039001465,12.981568336486816,True,0,2.595785140991211,2.5869767665863037,0.49921274185180664,0.1346110602185023,0.4711126228131929,0.03105758230307909,"StraightLane index=('>', '>>', 0)",True,6.61644983291626,0.0,4.5776367189121594e-05,"StraightLane index=('>>', '>>>', 0)",True,0.0,True,False,0.6086653470993042,0.502170205116272,0.0,0.502170205116272,True,0.0,0.0,0.31385637819767,0.0,0.31385637819767,0.0
5.299727,"[6.699220657348633, 4.5, 0.0]","[19.744342803955078, 4.5, 0.0]",2.112614154816401,2.5902926921844487,2.5998583169886844,0.8667945861788651,0.9178757071495056,13.035268306728018,0.4916985034934802,-0.03200769423892247,8.535268306728018,-0.4776785373680479,2.086726665496826,0.5261054039001465,12.981568336486816,True,0,2.6128320693969727,2.5902926921844487,0.46663284301758257,0.13748210370226746,0.44797315299149865,0.054197052124773326,"StraightLane index=('>', '>>', 0)",True,6.6576619148254395,0.0,4.5776367189121594e-05,"StraightLane index=('>>', '>>>', 0)",True,0.0,True,False,0.6086653470993042,0.502170205116272,0.0,0.502170205116272,True,0.0,0.0,0.31385637819767,0.0,0.31385637819767,0.0
5.320292,"[6.74112606048584, 4.5, 0.0]","[19.796594619750977, 4.5, 0.0]",2.1290574073797535,2.6069703102111816,2.6101408165006434,0.8221626281676331,0.903188169002533,13.045122146604594,0.4776785373680479,-0.7009983062716163,8.545122146604594,-0.4779129028314282,2.1033947467803955,0.4916985034942627,13.03526782989502,True,0,2.595093250274658,2.6069703102111816,0.46663284301758257,0.13748210370226746,0.44797315299149865,0.02835933268431312,"StraightLane index=('>', '>>', 0)",True,6.699220657348633,0.0,3.0517578143044024e-05,"StraightLane index=('>>', '>>>', 0)",True,0.0,True,False,0.6086653470993042,0.47633248567581177,0.0,0.47633248567581177,True,0.0,0.0,0.29770780354738235,0.0,0.29770780354738235,0.0
5.340026,"[6.7833781242370605, 4.5, 0.0]","[19.849227905273438, 4.5, 0.0]",2.1455006599431705,2.6103286743164062,2.620034513488645,0.8221626281708527,0.8933485150337219,13.05546855926097,0.4779129028314282,0.011718273169014637,8.55546855926097,-0.46482801437323573,2.1202778816223145,0.4916985034942627,13.03526782989502,True,0,2.611976385116577,2.6103286743164062,0.46663284301758257,0.13748210370226746,0.44797315299149865,0.02835933268431312,"StraightLane index=('>', '>>', 0)",True,6.74112606048584,0.0,4.5776367189121594e-05,"StraightLane index=('>>', '>>>', 0)",True,0.0,True,False,0.6086653470993042,0.47633248567581177,0.0,0.47633248567581177,True,0.0,0.0,0.29770780354738235,0.0,0.29770780354738235,0.0
5.35943,"[6.825959205627441, 4.5, 0.0]","[19.90132713317871, 4.5, 0.0]",2.161943912506604,2.6269192695617676,2.6297278439917133,0.8221626281716743,0.8671266436576843,13.065849781034522,0.46482801437323573,-0.6542444229096223,8.565849781034522,-0.4649753570551636,2.1441102027893066,0.4916985034942627,13.03526782989502,True,0,2.6358087062835693,2.6269192695617676,0.46663284301758257,0.13748210370226746,0.44797315299149865,0.02835933268431312,"StraightLane index=('>', '>>', 0)",True,6.7833781242370605,0.0,3.0517578143044024e-05,"StraightLane index=('>>', '>>>', 0)",True,0.0,True,False,0.6086653470993042,0.47633248567581177,0.0,0.47633248567581177,True,0.0,0.0,0.29770780354738235,0.0,0.29770780354738235,0.0
5.380257,"[6.868869781494141, 4.5, 0.0]","[19.95406723022461, 4.5, 0.0]",2.1783871650699878,2.630297899246216,2.640146071501658,0.8221626281691874,0.8676812052726746,13.075367927550225,0.4649753570551636,0.007367134096392114,8.575367927550225,-0.45191073417622807,2.1528396606445312,0.4916985034942627,13.03526782989502,True,0,2.644538164138794,2.630297899246216,0.46663284301758257,0.13748210370226746,0.44797315299149865,0.02835933268431312,"StraightLane index=('>', '>>', 0)",True,6.825959205627441,0.0,2.2888183620005236e-05,"StraightLane index=('>>', '>>>', 0)",True,0.0,True,False,0.6086653470993042,0.47633248567581177,0.0,0.47633248567581177,True,0.0,0.0,0.29770780354738235,0.0,0.29770780354738235,0.0
5.399225,"[6.912108421325684, 4.5, 0.0]","[20.005107879638672, 4.5, 0.0]",2.1948304176333577,2.6466872692108154,2.649635921497247,0.822162628168499,0.8555034399032593,13.085197448729424,0.45191073417622807,-0.6532311439467753,8.585197448729424,-0.4518568515774577,2.168776512145996,0.4916985034942627,13.03526782989502,True,0,2.660475015640259,2.6466872692108154,0.5639457702636674,0.14347199529126908,0.4371789488166166,0.03915353685919515,"StraightLane index=('>', '>>', 0)",True,6.868869781494141,0.0,2.2888183620005236e-05,"StraightLane index=('>>', '>>>', 0)",True,0.0,True,False,0.6086653470993042,0.47633248567581177,0.0,0.47633248567581177,True,0.0,0.0,0.29770780354738235,0.0,0.29770780354738235,0.0
5.420014,"[6.955676078796387, 4.5, 0.0]","[20.059829711914062, 4.5, 0.0]",2.2106089591982867,2.6503102779388428,2.6600288715009808,0.7889270782464486,0.8341948390007019,13.092999458312873,0.4518568515774577,-0.0026941299385185857,8.592999458312873,-0.43970131874055607,2.191981554031372,0.45191073417663574,13.085197448730469,True,0,2.643892288208008,2.6503102779388428,0.5639457702636674,0.14347199529126908,0.4371789488166166,0.019887587133090412,"StraightLane index=('>', '>>', 0)",True,6.912108421325684,0.0,7.629394523038787e-06,"StraightLane index=('>>', '>>>', 0)",True,0.0,True,False,0.6300840973854065,0.45706653594970703,0.0,0.45706653594970703,True,0.0,0.0,0.2856665849685669,0.0,0.2856665849685669,0.0
5.440071,"[6.99957275390625, 4.5, 0.0]","[20.113386154174805, 4.5, 0.0]",2.2263875007632294,2.666987895965576,2.670044501998927,0.7889270782471369,0.838281512260437,13.104153633117212,0.43970131874055607,-0.6077766418450814,8.604153633117212,-0.44060039520234673,2.200752019882202,0.45191073417663574,13.085197448730469,True,0,2.652662754058838,2.666987895965576,0.5639457702636674,0.14347199529126908,0.4371789488166166,0.019887587133090412,"StraightLane index=('>', '>>', 0)",True,6.955676078796387,0.0,1.5258789046077574e-05,"StraightLane index=('>>', '>>>', 0)",True,0.0,True,False,0.6300840973854065,0.45706653594970703,0.0,0.45706653594970703,True,0.0,0.0,0.2856665849685669,0.0,0.2856665849685669,0.0
5.459361,"[7.043785095214844, 4.5, 0.0]","[20.16659164428711, 4.5, 0.0]",2.2421660423282117,2.6702661514282227,2.6797075879905607,0.7889270782491131,0.8329160809516907,13.113813400266695,0.44060039520234673,0.044953823089532996,8.613813400266695,-0.42810010910001095,2.2168502807617188,0.45191073417663574,13.085197448730469,True,0,2.6687610149383545,2.6702661514282227,0.5639457702636674,0.14347199529126908,0.4371789488166166,0.019887587133090412,"StraightLane index=('>', '>>', 0)",True,6.99957275390625,0.0,3.0517578143044024e-05,"StraightLane index=('>>', '>>>', 0)",True,0.0,True,False,0.6300840973854065,0.45706653594970703,0.0,0.45706653594970703,True,0.0,0.0,0.2856665849685669,0.0,0.2856665849685669,0.0
5.479977,"[7.08831262588501, 4.5, 0.0]","[20.220226287841797, 4.5, 0.0]",2.2579445838931513,2.6869583129882812,2.6900073134922424,0.7889270782469815,0.8437869548797607,13.122806549070404,0.42810010910001095,-0.6250143051167889,8.622806549070404,-0.4290137290951299,2.2347841262817383,0.45191073417663574,13.085197448730469,True,0,2.686694860458374,2.6869583129882812,0.5639457702636674,0.14347199529126908,0.4371789488166166,0.019887587133090412,"StraightLane index=('>', '>>', 0)",True,7.043785095214844,0.0,3.0517578143044024e-05,"StraightLane index=('>>', '>>>', 0)",True,0.0,True,False,0.6300840973854065,0.45706653594970703,0.0,0.45706653594970703,True,0.0,0.0,0.2856665849685669,0.0,0.2856665849685669,0.0
5.499246,"[7.133155822753906, 4.5, 0.0]","[20.272268295288086, 4.5, 0.0]",2.2737231254581043,2.6900186538696294,2.699645554489689,0.7889270782476476,0.8277972340583801,13.131913661954924,0.4290137290951299,0.04568099975594819,8.631913661954924,-0.41629552841152506,2.2498202323913574,0.45191073417663574,13.085197448730469,True,0,2.701730966567993,2.6900186538696294,0.4333138465881392,0.14429078039272705,0.4148828738602184,0.04218366208948865,"StraightLane index=('>', '>>', 0)",True,7.08831262588501,0.0,3.0517578143044024e-05,"StraightLane index=('>>', '>>>', 0)",True,0.0,True,False,0.6300840973854065,0.45706653594970703,0.0,0.45706653594970703,True,0.0,0.0,0.2856665849685669,0.0,0.2856665849685669,0.0
5.519949,"[7.178314685821533, 4.5, 0.0]","[20.327972412109375, 4.5, 0.0]",2.288628101349251,2.706967353820801,2.709996266991948,0.7452487945573294,0.8057700991630554,13.139112472532316,0.41629552841152506,-0.6359100341802426,8.639112472532316,-0.4183392524715499,2.2721002101898193,0.429013729095459,13.131913185119629,True,0,2.7011139392852783,2.706967353820801,0.4333138465881392,0.14429078039272705,0.4148828738602184,0.01688819590487256,"StraightLane index=('>', '>>', 0)",True,7.133155822753906,0.0,3.0517578143044024e-05,"StraightLane index=('>>', '>>>', 0)",True,0.0,True,False,0.6300840973854065,0.43177106976509094,0.0,0.43177106976509094,True,0.0,0.0,0.26985691860318184,0.0,0.26985691860318184,0.0
5.539857,"[7.223789215087891, 4.5, 0.0]","[20.38254737854004, 4.5, 0.0]",2.30353307724033,2.7103140354156494,2.719950429996243,0.7452487945539543,0.810581624507904,13.149657726285977,0.4183392524715499,0.10218620300124215,8.649657726285977,-0.40678095817531945,2.280662775039673,0.429013729095459,13.131913185119629,True,0,2.709676504135132,2.7103140354156494,0.4333138465881392,0.14429078039272705,0.4148828738602184,0.01688819590487256,"StraightLane index=('>', '>>', 0)",True,7.178314685821533,0.0,3.0517578143044024e-05,"StraightLane index=('>>', '>>>', 0)",True,0.0,True,False,0.6300840973854065,0.43177106976509094,0.0,0.43177106976509094,True,0.0,0.0,0.26985691860318184,0.0,0.26985691860318184,0.0
5.559167,"[7.269561767578125, 4.5, 0.0]","[20.43670082092285, 4.5, 0.0]",2.318438053131406,2.7269177436828613,2.7296092164935546,0.7452487945537989,0.8030210733413696,13.158758163450281,0.40678095817531945,-0.5779147148115227,8.658758163450281,-0.4084796905514554,2.295987367630005,0.429013729095459,13.131913185119629,True,0,2.725001096725464,2.7269177436828613,0.4333138465881392,0.14429078039272705,0.4148828738602184,0.01688819590487256,"StraightLane index=('>', '>>', 0)",True,7.223789215087891,0.0,3.0517578143044024e-05,"StraightLane index=('>>', '>>>', 0)",True,0.0,True,False,0.6300840973854065,0.43177106976509094,0.0,0.43177106976509094,True,0.0,0.0,0.26985691860318184,0.0,0.26985691860318184,0.0
5.581901,"[7.315632343292236, 4.5, 0.0]","[20.491928100585938, 4.5, 0.0]",2.333343029022459,2.73038387298584,2.740967082997668,0.7452487945526443,0.7781016826629639,13.16713905334426,0.4084796905514554,0.08493661880679682,8.66713905334426,-0.397040843963381,2.317228078842163,0.429013729095459,13.131913185119629,True,0,2.746241807937622,2.73038387298584,0.4333138465881392,0.14429078039272705,0.4148828738602184,0.01688819590487256,"StraightLane index=('>', '>>', 0)",True,7.269561767578125,0.0,1.5258789046077574e-05,"StraightLane index=('>>', '>>>', 0)",True,0.0,True,False,0.6300840973854065,0.43177106976509094,0.0,0.43177106976509094,True,0.0,0.0,0.26985691860318184,0.0,0.26985691860318184,0.0
5.600422,"[7.362000465393066, 4.5, 0.0]","[20.54619598388672, 4.5, 0.0]",2.348248004913531,2.7470083236694336,2.7502286474948052,0.745248794553599,0.7817790508270264,13.176295757291832,0.397040843963381,-0.5719423294037185,8.676295757291832,-0.3987603187559028,2.325394868850708,0.429013729095459,13.131913185119629,True,0,2.754408597946167,2.7470083236694336,0.5698966979980424,0.14980808678338584,0.40900229397472265,0.02276877579036829,"StraightLane index=('>', '>>', 0)",True,7.315632343292236,0.0,3.0517578143044024e-05,"StraightLane index=('>>', '>>>', 0)",True,0.0,True,False,0.6300840973854065,0.43177106976509094,0.0,0.43177106976509094,True,0.0,0.0,0.26985691860318184,0.0,0.26985691860318184,0.0
5.619526,"[7.40866756439209, 4.5, 0.0]","[20.59980583190918, 4.5, 0.0]",2.362798213958912,2.750054836273194,2.759778461989481,0.7275104522690645,0.7738240957260132,13.184195518493185,0.3987603187559028,0.08597373962608845,8.684195518493185,-0.3872566223142817,2.340097188949585,0.39704084396362305,13.176295280456543,True,0,2.737138032913208,2.750054836273194,0.5698966979980424,0.14980808678338584,0.40900229397472265,0.012493173449670048,"StraightLane index=('>', '>>', 0)",True,7.362000465393066,0.0,1.5258789046077574e-05,"StraightLane index=('>>', '>>>', 0)",True,0.0,True,False,0.6521914005279541,0.4214954674243927,0.0,0.4214954674243927,True,0.0,0.0,0.26343466714024544,0.0,0.26343466714024544,0.0
5.63996,"[7.45563268661499, 4.5, 0.0]","[20.656587600708008, 4.5, 0.0]",2.377348423004311,2.7669527530670166,2.7700008794956377,0.7275104522699527,0.7635368704795837,13.191138267516623,0.3872566223142817,-0.575184822081054,8.691138267516623,-0.38960433006270545,2.354382276535034,0.39704084396362305,13.176295280456543,True,0,2.7514231204986572,2.7669527530670166,0.5698966979980424,0.14980808678338584,0.40900229397472265,0.012493173449670048,"StraightLane index=('>', '>>', 0)",True,7.40866756439209,0.0,1.5258789046077574e-05,"StraightLane index=('>>', '>>>', 0)",True,0.0,True,False,0.6521914005279541,0.4214954674243927,0.0,0.4214954674243927,True,0.0,0.0,0.26343466714024544,0.0,0.26343466714024544,0.0
5.659363,"[7.5028886795043945, 4.5, 0.0]","[20.710453033447266, 4.5, 0.0]",2.391898632049702,2.769990921020508,2.7797054699942234,0.727510452269553,0.7568292021751404,13.20095491409255,0.38960433006270545,0.1173853874211872,8.70095491409255,-0.3780922889708056,2.368830680847168,0.39704084396362305,13.176295280456543,True,0,2.765871524810791,2.769990921020508,0.5698966979980424,0.14980808678338584,0.40900229397472265,0.012493173449670048,"StraightLane index=('>', '>>', 0)",True,7.45563268661499,0.0,1.5258789046077574e-05,"StraightLane index=('>>', '>>>', 0)",True,0.0,True,False,0.6521914005279541,0.4214954674243927,0.0,0.4214954674243927,True,0.0,0.0,0.26343466714024544,0.0,0.26343466714024544,0.0
5.679715,"[7.5504350662231445, 4.5, 0.0]","[20.766077041625977, 4.5, 0.0]",2.4064488410951075,2.7866804599761963,2.789874868994229,0.7275104522702636,0.7523447275161743,13.207564353942404,0.3780922889708056,-0.5756020545949925,8.707564353942404,-0.3802316188810888,2.3834147453308105,0.39704084396362305,13.176295280456543,True,0,2.7804555892944336,2.7866804599761963,0.5698966979980424,0.14980808678338584,0.40900229397472265,0.012493173449670048,"StraightLane index=('>', '>>', 0)",True,7.5028886795043945,0.0,1.5258789046077574e-05,"StraightLane index=('>>', '>>>', 0)",True,0.0,True,False,0.6521914005279541,0.4214954674243927,0.0,0.4214954674243927,True,0.0,0.0,0.26343466714024544,0.0,0.26343466714024544,0.0
5.699475,"[7.598273277282715, 4.5, 0.0]","[20.821496963500977, 4.5, 0.0]",2.4209990501405367,2.7899987697601323,2.7997595294902564,0.7275104522714626,0.7458280920982361,13.215641975402365,0.3802316188810888,0.10696649551416026,8.715641975402365,-0.36899971961959555,2.3976845741271973,0.39704084396362305,13.176295280456543,True,0,2.7947254180908203,2.7899987697601323,0.42990446090698686,0.1498739342367918,0.3897237519895289,0.03177171543486379,"StraightLane index=('>', '>>', 0)",True,7.5504350662231445,0.0,1.5258789046077574e-05,"StraightLane index=('>>', '>>>', 0)",True,0.0,True,False,0.6521914005279541,0.4214954674243927,0.0,0.4214954674243927,True,0.0,0.0,0.26343466714024544,0.0,0.26343466714024544,0.0
5.719842,"[7.646402359008789, 4.5, 0.0]","[20.87799835205078, 4.5, 0.0]",2.4348225593569355,2.80672550201416,2.8099411515024255,0.6911754608199372,0.7280569672584534,13.22322368621533,0.36899971961959555,-0.5615949630746631,8.72322368621533,-0.3719029426572247,2.4180197715759277,0.3802316188812256,13.215641975402832,True,0,2.7982513904571533,2.80672550201416,0.42990446090698686,0.1498739342367918,0.3897237519895289,0.010706659110858663,"StraightLane index=('>', '>>', 0)",True,7.598273277282715,0.0,3.814697266608281e-05,"StraightLane index=('>>', '>>>', 0)",True,0.0,True,False,0.6521914005279541,0.4004304111003876,0.0,0.4004304111003876,True,0.0,0.0,0.25026900693774223,0.0,0.25026900693774223,0.0
5.739998,"[7.694822311401367, 4.5, 0.0]","[20.936004638671875, 4.5, 0.0]",2.448646068573284,2.8136584758758545,2.8200185524940022,0.6911754608174281,0.7350298762321472,13.23159599303906,0.3719029426572247,0.14516115188145662,8.73159599303906,-0.36501240730257045,2.4260318279266357,0.3802316188812256,13.215641975402832,True,0,2.8062634468078613,2.8136584758758545,0.42990446090698686,0.1498739342367918,0.3897237519895289,0.010706659110858663,"StraightLane index=('>', '>>', 0)",True,7.646402359008789,0.0,3.814697266608281e-05,"StraightLane index=('>>', '>>>', 0)",True,0.0,True,False,0.6521914005279541,0.4004304111003876,0.0,0.4004304111003876,True,0.0,0.0,0.25026900693774223,0.0,0.25026900693774223,0.0
5.759754,"[7.743518829345703, 4.5, 0.0]","[20.992136001586914, 4.5, 0.0]",2.462469577789535,2.8235931396484375,2.8299021104932764,0.6911754608125431,0.7343373894691467,13.24118232726945,0.36501240730257045,-0.3445267677327113,8.74118232726945,-0.3611235618589026,2.440596580505371,0.3802316188812256,13.215641975402832,True,0,2.8208281993865967,2.8235931396484375,0.42990446090698686,0.1498739342367918,0.3897237519895289,0.010706659110858663,"StraightLane index=('>', '>>', 0)",True,7.694822311401367,0.0,2.2888183620005236e-05,"StraightLane index=('>>', '>>>', 0)",True,0.0,True,False,0.6521914005279541,0.4004304111003876,0.0,0.4004304111003876,True,0.0,0.0,0.25026900693774223,0.0,0.25026900693774223,0.0
5.781375,"[7.792491912841797, 4.5, 0.0]","[21.047868728637695, 4.5, 0.0]",2.47629308700582,2.8334574699401855,2.840705337500549,0.6911754608142529,0.7316089272499084,13.248617172241094,0.3611235618589026,-0.19444227218339272,8.748617172241094,-0.3571643829343656,2.454922676086426,0.3802316188812256,13.215641975402832,True,0,2.8351542949676514,2.8334574699401855,0.42990446090698686,0.1498739342367918,0.3897237519895289,0.010706659110858663,"StraightLane index=('>', '>>', 0)",True,7.743518829345703,0.0,7.629394523038787e-06,"StraightLane index=('>>', '>>>', 0)",True,0.0,True,False,0.6521914005279541,0.4004304111003876,0.0,0.4004304111003876,True,0.0,0.0,0.25026900693774223,0.0,0.25026900693774223,0.0
5.799641,"[7.84174108505249, 4.5, 0.0]","[21.104297637939453, 4.5, 0.0]",2.4901165962221685,2.84344482421875,2.849832996496116,0.6911754608174281,0.7229918241500854,13.25537681579543,0.3571643829343656,-0.1979589462268505,8.75537681579543,-0.3533282279965815,2.468569040298462,0.3802316188812256,13.215641975402832,True,0,2.8488006591796875,2.84344482421875,0.5344605445861772,0.15359265987362883,0.3832560080714068,0.017174403028980767,"StraightLane index=('>', '>>', 0)",True,7.792491912841797,0.0,1.5258789046077574e-05,"StraightLane index=('>>', '>>>', 0)",True,0.0,True,False,0.6521914005279541,0.4004304111003876,0.0,0.4004304111003876,True,0.0,0.0,0.25026900693774223,0.0,0.25026900693774223,0.0
5.820793,"[7.891266822814941, 4.5, 0.0]","[21.162641525268555, 4.5, 0.0]",2.5037188529970615,2.8536477088928223,2.8604188185010573,0.6801128387446509,0.7114449143409729,13.262556552886494,0.3533282279965815,-0.19180774688920543,8.762556552886494,-0.3499288558957607,2.481693983078003,0.3571643829345703,13.255376815795898,True,0,2.8388583660125732,2.8536477088928223,0.5344605445861772,0.15359265987362883,0.3832560080714068,0.010771701889530694,"StraightLane index=('>', '>>', 0)",True,7.84174108505249,0.0,1.5258789046077574e-05,"StraightLane index=('>>', '>>>', 0)",True,0.0,True,False,0.6751301884651184,0.3940277099609375,0.0,0.3940277099609375,True,0.0,0.0,0.24626731872558594,0.0,0.24626731872558594,0.0
5.840078,"[7.94106912612915, 4.5, 0.0]","[21.220239639282227, 4.5, 0.0]",2.5173211097719053,2.8636646270751953,2.87005892850284,0.6801128387421862,0.7024048566818237,13.271374702453496,0.3499288558957607,-0.1699686050410376,8.771374702453496,-0.34634351730329005,2.494863510131836,0.3571643829345703,13.255376815795898,True,0,2.8520278930664062,2.8636646270751953,0.5344605445861772,0.15359265987362883,0.3832560080714068,0.010771701889530694,"StraightLane index=('>', '>>', 0)",True,7.891266822814941,0.0,7.629394523038787e-06,"StraightLane index=('>>', '>>>', 0)",True,0.0,True,False,0.6751301884651184,0.3940277099609375,0.0,0.3940277099609375,True,0.0,0.0,0.24626731872558594,0.0,0.24626731872558594,0.0
5.859544,"[7.991144180297852, 4.5, 0.0]","[21.277507781982422, 4.5, 0.0]",2.530923366546783,2.873624086380005,2.8797923769918268,0.6801128387438959,0.6956945061683655,13.279170513152605,0.34634351730329005,-0.17926692962353385,8.779170513152605,-0.3427007198332217,2.508108377456665,0.3571643829345703,13.255376815795898,True,0,2.8652727603912354,2.873624086380005,0.5344605445861772,0.15359265987362883,0.3832560080714068,0.010771701889530694,"StraightLane index=('>', '>>', 0)",True,7.94106912612915,0.0,1.5258789046077574e-05,"StraightLane index=('>>', '>>>', 0)",True,0.0,True,False,0.6751301884651184,0.3940277099609375,0.0,0.3940277099609375,True,0.0,0.0,0.24626731872558594,0.0,0.24626731872558594,0.0
5.879923,"[8.04149055480957, 4.5, 0.0]","[21.335006713867188, 4.5, 0.0]",2.5445256233216744,2.8836240768432617,2.88997974100057,0.6801128387445621,0.6910459995269775,13.286363601684453,0.3427007198332217,-0.18213987350341743,8.786363601684453,-0.3390984535215873,2.5214462280273438,0.3571643829345703,13.255376815795898,True,0,2.878610610961914,2.8836240768432617,0.5344605445861772,0.15359265987362883,0.3832560080714068,0.010771701889530694,"StraightLane index=('>', '>>', 0)",True,7.991144180297852,0.0,7.629394523038787e-06,"StraightLane index=('>>', '>>>', 0)",True,0.0,True,False,0.6751301884651184,0.3940277099609375,0.0,0.3940277099609375,True,0.0,0.0,0.24626731872558594,0.0,0.24626731872558594,0.0
5.899775,"[8.092108726501465, 4.5, 0.0]","[21.392391204833984, 4.5, 0.0]",2.5581278800965674,2.8936040401458745,2.899897847996908,0.6801128387446509,0.6881441473960876,13.2935161590575,0.3390984535215873,-0.18011331558172028,8.7935161590575,-0.335476160049307,2.534883499145508,0.3571643829345703,13.255376815795898,True,0,2.892047882080078,2.8936040401458745,0.5015921592712447,0.15578911946075952,0.3738486234928091,0.020179086468128382,"StraightLane index=('>', '>>', 0)",True,8.04149055480957,0.0,7.629394523038787e-06,"StraightLane index=('>>', '>>>', 0)",True,0.0,True,False,0.6751301884651184,0.3940277099609375,0.0,0.3940277099609375,True,0.0,0.0,0.24626731872558594,0.0,0.24626731872558594,0.0
5.920024,"[8.142999649047852, 4.5, 0.0]","[21.45087242126465, 4.5, 0.0]",2.571230411529657,2.903653144836426,2.91003357549489,0.6551265716544741,0.6800649166107178,13.3002824783324,0.335476160049307,-0.18111467361401345,8.8002824783324,-0.33242273330676886,2.554593563079834,0.3390984535217285,13.293516159057617,True,0,2.8936920166015625,2.903653144836426,0.5015921592712447,0.15578911946075952,0.3738486234928091,0.005702876589206873,"StraightLane index=('>', '>>', 0)",True,8.092108726501465,0.0,7.629394523038787e-06,"StraightLane index=('>>', '>>>', 0)",True,0.0,True,False,0.6751301884651184,0.379551500082016,0.0,0.379551500082016,True,0.0,0.0,0.23721968755126,0.0,0.23721968755126,0.0
5.94084,"[8.194162368774414, 4.5, 0.0]","[21.509357452392578, 4.5, 0.0]",2.5843329429627424,2.913650751113892,2.9204395294975254,0.6551265716542742,0.6801114082336426,13.307872772216678,0.33242273330676886,-0.1526713371269084,8.807872772216678,-0.32931780815114964,2.5682618618011475,0.3390984535217285,13.293516159057617,True,0,2.907360315322876,2.913650751113892,0.5015921592712447,0.15578911946075952,0.3738486234928091,0.005702876589206873,"StraightLane index=('>', '>>', 0)",True,8.142999649047852,0.0,7.629394523038787e-06,"StraightLane index=('>>', '>>>', 0)",True,0.0,True,False,0.6751301884651184,0.379551500082016,0.0,0.379551500082016,True,0.0,0.0,0.23721968755126,0.0,0.23721968755126,0.0
5.959332,"[8.245587348937988, 4.5, 0.0]","[21.567522048950195, 4.5, 0.0]",2.5974354743958394,2.923593282699585,2.9296910864970416,0.6551265716548516,0.6866827011108398,13.315195083618045,0.32931780815114964,-0.15524625778096102,8.815195083618045,-0.3261578083037455,2.5757522583007812,0.3390984535217285,13.293516159057617,True,0,2.9148507118225098,2.923593282699585,0.5015921592712447,0.15578911946075952,0.3738486234928091,0.005702876589206873,"StraightLane index=('>', '>>', 0)",True,8.194162368774414,0.0,7.629394523038787e-06,"StraightLane index=('>>', '>>>', 0)",True,0.0,True,False,0.6751301884651184,0.379551500082016,0.0,0.379551500082016,True,0.0,0.0,0.23721968755126,0.0,0.23721968755126,0.0
5.98029,"[8.297273635864258, 4.5, 0.0]","[21.626232147216797, 4.5, 0.0]",2.610538005828921,2.933629274368286,2.940165053503006,0.6551265716540744,0.6735540628433228,13.321934700012088,0.3261578083037455,-0.1579999923702058,8.821934700012088,-0.3230912685393652,2.5948803424835205,0.3390984535217285,13.293516159057617,True,0,2.933978796005249,2.933629274368286,0.5015921592712447,0.15578911946075952,0.3738486234928091,0.005702876589206873,"StraightLane index=('>', '>>', 0)",True,8.245587348937988,0.0,7.629394523038787e-06,"StraightLane index=('>>', '>>>', 0)",True,0.0,True,False,0.6751301884651184,0.379551500082016,0.0,0.379551500082016,True,0.0,0.0,0.23721968755126,0.0,0.23721968755126,0.0
5.999666,"[8.349222183227539, 4.5, 0.0]","[21.684633255004883, 4.5, 0.0]",2.6236405372620077,2.9436120986938477,2.949854878493352,0.6551265716543409,0.6694732904434204,13.32895851135242,0.3230912685393652,-0.1533269882190158,8.82895851135242,-0.3199715614318399,2.6079623699188232,0.3390984535217285,13.293516159057617,True,0,2.9470608234405518,2.9436120986938477,0.5000805854797319,0.1577130280064742,0.36569454293717013,0.01385695714484586,"StraightLane index=('>', '>>', 0)",True,8.297273635864258,0.0,7.629394523038787e-06,"StraightLane index=('>>', '>>>', 0)",True,0.0,True,False,0.6751301884651184,0.379551500082016,0.0,0.379551500082016,True,0.0,0.0,0.23721968755126,0.0,0.23721968755126,0.0
6.020048,"[8.401432991027832, 4.5, 0.0]","[21.74412727355957, 4.5, 0.0]",2.6364197731018404,2.9536623954772954,2.960044590002508,0.6389617919916324,0.6746981143951416,13.335411071777344,0.3199715614318399,-0.15598535537626468,8.835411071777344,-0.317242622375455,2.6152050495147705,0.3230912685394287,13.328958511352539,True,0,2.938296318054199,2.9536623954772954,0.5000805854797319,0.1577130280064742,0.36569454293717013,0.004484335370172399,"StraightLane index=('>', '>>', 0)",True,8.349222183227539,0.0,0.0,"StraightLane index=('>>', '>>>', 0)",True,0.0,True,False,0.699928343296051,0.37017887830734253,0.0,0.37017887830734253,True,0.0,0.0,0.23136179894208908,0.0,0.23136179894208908,0.0
6.039506,"[8.453906059265137, 4.5, 0.0]","[21.802125930786133, 4.5, 0.0]",2.649199008941702,2.9634101390838623,2.969761565999943,0.6389617919930757,0.6741448044776917,13.342694282531738,0.317242622375455,-0.1364469528192469,8.842694282531738,-0.3142111301421604,2.628573179244995,0.3230912685394287,13.328958511352539,True,0,2.951664447784424,2.9634101390838623,0.5000805854797319,0.1577130280064742,0.36569454293717013,0.004484335370172399,"StraightLane index=('>', '>>', 0)",True,8.401432991027832,0.0,0.0,"StraightLane index=('>>', '>>>', 0)",True,0.0,True,False,0.699928343296051,0.37017887830734253,0.0,0.37017887830734253,True,0.0,0.0,0.23136179894208908,0.0,0.23136179894208908,0.0
6.059627,"[8.506634712219238, 4.5, 0.0]","[21.862693786621094, 4.5, 0.0]",2.661978244781569,2.9735896587371826,2.979837638998288,0.6389617919933643,0.6614260077476501,13.348219871520524,0.3142111301421604,-0.15157461166472874,8.848219871520524,-0.3116114139556134,2.6473681926727295,0.3230912685394287,13.328958511352539,True,0,2.970459461212158,2.9735896587371826,0.5000805854797319,0.1577130280064742,0.36569454293717013,0.004484335370172399,"StraightLane index=('>', '>>', 0)",True,8.453906059265137,0.0,1.5258789046077574e-05,"StraightLane index=('>>', '>>>', 0)",True,0.0,True,False,0.699928343296051,0.37017887830734253,0.0,0.37017887830734253,True,0.0,0.0,0.23136179894208908,0.0,0.23136179894208908,0.0
6.080459,"[8.559618949890137, 4.5, 0.0]","[21.922412872314453, 4.5, 0.0]",2.6747574806215066,2.9836266040802,2.9902492369903486,0.6389617919968726,0.6657930612564087,13.356059074398896,0.3116114139556134,-0.1299858093273487,8.856059074398896,-0.30886912345869355,2.6544406414031982,0.3230912685394287,13.328958511352539,True,0,2.977531909942627,2.9836266040802,0.5000805854797319,0.1577130280064742,0.36569454293717013,0.004484335370172399,"StraightLane index=('>', '>>', 0)",True,8.506634712219238,0.0,3.814697266608281e-05,"StraightLane index=('>>', '>>>', 0)",True,0.0,True,False,0.699928343296051,0.37017887830734253,0.0,0.37017887830734253,True,0.0,0.0,0.23136179894208908,0.0,0.23136179894208908,0.0
6.09974,"[8.612858772277832, 4.5, 0.0]","[21.981931686401367, 4.5, 0.0]",2.6875367164614206,2.993629693984986,2.9998915134958226,0.6389617919956958,0.6498801708221436,13.362793922422421,0.30886912345869355,-0.13711452484599373,8.862793922422421,-0.30609297752356524,2.6726107597351074,0.3230912685394287,13.328958511352539,True,0,2.995702028274536,2.993629693984986,0.5001759529113814,0.15944788355772513,0.35840831894804254,0.011770559359299992,"StraightLane index=('>', '>>', 0)",True,8.559618949890137,0.0,3.0517578143044024e-05,"StraightLane index=('>>', '>>>', 0)",True,0.0,True,False,0.699928343296051,0.37017887830734253,0.0,0.37017887830734253,True,0.0,0.0,0.23136179894208908,0.0,0.23136179894208908,0.0
6.119943,"[8.666354179382324, 4.5, 0.0]","[22.042177200317383, 4.5, 0.0]",2.7000269889834634,3.0036377906799316,3.0099911169992994,0.6245136261021411,0.6538445353507996,13.369072914121638,0.30609297752356524,-0.1388072967564158,8.869072914121638,-0.30361080169646826,2.679525375366211,0.3088691234588623,13.362793922424316,True,0,2.9883944988250732,3.0036377906799316,0.5001759529113814,0.15944788355772513,0.35840831894804254,0.0034138391501782883,"StraightLane index=('>', '>>', 0)",True,8.612858772277832,0.0,3.0517578143044024e-05,"StraightLane index=('>>', '>>>', 0)",True,0.0,True,False,0.699928343296051,0.3618221580982208,0.0,0.3618221580982208,True,0.0,0.0,0.22613884881138802,0.0,0.22613884881138802,0.0
6.139924,"[8.720105171203613, 4.5, 0.0]","[22.10274887084961, 4.5, 0.0]",2.712517261505549,3.0136499404907227,3.019977395993192,0.6245136261042727,0.6523299813270569,13.375823020933161,0.30361080169646826,-0.12410879135484887,8.875823020933161,-0.3011326789851738,2.692368268966675,0.3088691234588623,13.362793922424316,True,0,3.001237392425537,3.0136499404907227,0.5001759529113814,0.15944788355772513,0.35840831894804254,0.0034138391501782883,"StraightLane index=('>', '>>', 0)",True,8.666354179382324,0.0,3.0517578143044024e-05,"StraightLane index=('>>', '>>>', 0)",True,0.0,True,False,0.699928343296051,0.3618221580982208,0.0,0.3618221580982208,True,0.0,0.0,0.22613884881138802,0.0,0.22613884881138802,0.0
6.159373,"[8.7741060256958, 4.5, 0.0]","[22.162906646728516, 4.5, 0.0]",2.725007534027586,3.0269267559051514,3.029711942496942,0.6245136261018525,0.6494006514549255,13.382643699640182,0.3011326789851738,-0.12390613556472196,8.882643699640182,-0.3019192218775655,2.705049991607666,0.3088691234588623,13.362793922424316,True,0,3.0139191150665283,3.0269267559051514,0.5001759529113814,0.15944788355772513,0.35840831894804254,0.0034138391501782883,"StraightLane index=('>', '>>', 0)",True,8.720105171203613,0.0,5.340576171216038e-05,"StraightLane index=('>>', '>>>', 0)",True,0.0,True,False,0.699928343296051,0.3618221580982208,0.0,0.3618221580982208,True,0.0,0.0,0.22613884881138802,0.0,0.22613884881138802,0.0
6.180193,"[8.828356742858887, 4.5, 0.0]","[22.22355079650879, 4.5, 0.0]",2.737497806549551,3.030283212661743,3.0401154369930734,0.6245136260982553,0.640153169631958,13.388800621029748,0.3019192218775655,0.03932714461958309,8.888800621029748,-0.29278540611219217,2.723447799682617,0.3088691234588623,13.362793922424316,True,0,3.0323169231414795,3.030283212661743,0.5001759529113814,0.15944788355772513,0.35840831894804254,0.0034138391501782883,"StraightLane index=('>', '>>', 0)",True,8.7741060256958,0.0,3.814697266608281e-05,"StraightLane index=('>>', '>>>', 0)",True,0.0,True,False,0.699928343296051,0.3618221580982208,0.0,0.3618221580982208,True,0.0,0.0,0.22613884881138802,0.0,0.22613884881138802,0.0
6.20053,"[8.882857322692871, 4.5, 0.0]","[22.283987045288086, 4.5, 0.0]",2.749988079071556,3.0469400882720947,3.050281575490953,0.6245136261002537,0.6342340111732483,13.395194053648833,0.29278540611219217,-0.4566907882686655,8.895194053648833,-0.29695200920053866,2.7356555461883545,0.3088691234588623,13.362793922424316,True,0,3.044524669647217,3.0469400882720947,0.5331039428710893,0.16216173320244073,0.35518053918279086,0.00664161891542997,"StraightLane index=('>', '>>', 0)",True,8.828356742858887,0.0,2.2888183620005236e-05,"StraightLane index=('>>', '>>>', 0)",True,0.0,True,False,0.699928343296051,0.3618221580982208,0.0,0.3618221580982208,True,0.0,0.0,0.22613884881138802,0.0,0.22613884881138802,0.0
6.219764,"[8.937606811523438, 4.5, 0.0]","[22.343944549560547, 4.5, 0.0]",2.7622256278997575,3.0500717163085938,3.0598994054918873,0.6118774414100692,0.6250905990600586,13.401129722590937,0.29695200920053866,0.2083301544173244,8.901129722590937,-0.2878460884088363,2.7473886013031006,0.2927854061126709,13.395194053649902,True,0,3.0401740074157715,3.0500717163085938,0.5331039428710893,0.16216173320244073,0.35518053918279086,-0.0006961300889340438,"StraightLane index=('>', '>>', 0)",True,8.882857322692871,0.0,4.5776367189121594e-05,"StraightLane index=('>>', '>>>', 0)",True,0.0,True,False,0.7243061065673828,0.3544844090938568,0.0,0.3544844090938568,True,0.0,0.0,0.2215527556836605,0.0,0.2215527556836605,0.0
6.240547,"[8.992606163024902, 4.5, 0.0]","[22.407011032104492, 4.5, 0.0]",2.7744631767278487,3.0669937133789062,3.070288024001638,0.6118774414045625,0.62263023853302,13.40633773803604,0.2878460884088363,-0.455296039585118,8.90633773803604,-0.29253053665105755,2.7596757411956787,0.2927854061126709,13.395194053649902,True,0,3.0524611473083496,3.0669937133789062,0.5331039428710893,0.16216173320244073,0.35518053918279086,-0.0006961300889340438,"StraightLane index=('>', '>>', 0)",True,8.937606811523438,0.0,2.2888183620005236e-05,"StraightLane index=('>>', '>>>', 0)",True,0.0,True,False,0.7243061065673828,0.3544844090938568,0.0,0.3544844090938568,True,0.0,0.0,0.2215527556836605,0.0,0.2215527556836605,0.0
6.25997,"[9.047850608825684, 4.5, 0.0]","[22.468305587768555, 4.5, 0.0]",2.7867007255558987,3.0702931880950928,3.079980468991562,0.6118774414024974,0.6166477203369141,13.414404869076618,0.29253053665105755,0.23422241211106254,8.914404869076618,-0.2835924625391941,2.771524667739868,0.2927854061126709,13.395194053649902,True,0,3.064310073852539,3.0702931880950928,0.5331039428710893,0.16216173320244073,0.35518053918279086,-0.0006961300889340438,"StraightLane index=('>', '>>', 0)",True,8.992606163024902,0.0,3.814697266608281e-05,"StraightLane index=('>>', '>>>', 0)",True,0.0,True,False,0.7243061065673828,0.3544844090938568,0.0,0.3544844090938568,True,0.0,0.0,0.2215527556836605,0.0,0.2215527556836605,0.0
6.280043,"[9.103340148925781, 4.5, 0.0]","[22.529905319213867, 4.5, 0.0]",2.7989382743839832,3.0869765281677246,3.090038695491967,0.6118774414042294,0.6224145293235779,13.420454978940967,0.2835924625391941,-0.4469037055931713,8.920454978940967,-0.28803825378374137,2.7782959938049316,0.2927854061126709,13.395194053649902,True,0,3.0710813999176025,3.0869765281677246,0.5331039428710893,0.16216173320244073,0.35518053918279086,-0.0006961300889340438,"StraightLane index=('>', '>>', 0)",True,9.047850608825684,0.0,3.0517578143044024e-05,"StraightLane index=('>>', '>>>', 0)",True,0.0,True,False,0.7243061065673828,0.3544844090938568,0.0,0.3544844090938568,True,0.0,0.0,0.2215527556836605,0.0,0.2215527556836605,0.0
6.300075,"[9.159073829650879, 4.5, 0.0]","[22.591203689575195, 4.5, 0.0]",2.811175823212086,3.09027647972107,3.1000323674990797,0.6118774414051398,0.620537519454956,13.426565170286182,0.28803825378374137,0.2222895622273624,8.926565170286182,-0.27910065650898375,2.7904927730560303,0.2927854061126709,13.395194053649902,True,0,3.083278179168701,3.09027647972107,0.43336391448975053,0.16111329688933793,0.3425287236201774,0.011955685473679423,"StraightLane index=('>', '>>', 0)",True,9.103340148925781,0.0,3.0517578143044024e-05,"StraightLane index=('>>', '>>>', 0)",True,0.0,True,False,0.7243061065673828,0.3544844090938568,0.0,0.3544844090938568,True,0.0,0.0,0.2215527556836605,0.0,0.2215527556836605,0.0
6.319494,"[9.215052604675293, 4.5, 0.0]","[22.65201759338379, 4.5, 0.0]",2.8230557441715387,3.106722593307495,3.1097384045016954,0.5939960479726336,0.6200114488601685,13.432129859923243,0.27910065650898375,-0.44687986373788124,8.932129859923243,-0.2836668491359564,2.8027756214141846,0.2880382537841797,13.426565170288086,True,0,3.0908138751983643,3.106722593307495,0.43336391448975053,0.16111329688933793,0.3425287236201774,0.0015979479324806922,"StraightLane index=('>', '>>', 0)",True,9.159073829650879,0.0,2.2888183620005236e-05,"StraightLane index=('>>', '>>>', 0)",True,0.0,True,False,0.7243061065673828,0.3441266715526581,0.0,0.3441266715526581,True,0.0,0.0,0.2150791697204113,0.0,0.2150791697204113,0.0
6.340271,"[9.271276473999023, 4.5, 0.0]","[22.714380264282227, 4.5, 0.0]",2.8349356651309945,3.1100335121154785,3.120156127991504,0.593996047972789,0.6197510361671448,13.436964988707423,0.2836668491359564,0.22830963134863325,8.936964988707423,-0.27509784698448403,2.8151023387908936,0.2880382537841797,13.426565170288086,True,0,3.1031405925750732,3.1100335121154785,0.43336391448975053,0.16111329688933793,0.3425287236201774,0.0015979479324806922,"StraightLane index=('>', '>>', 0)",True,9.215052604675293,0.0,2.2888183620005236e-05,"StraightLane index=('>>', '>>>', 0)",True,0.0,True,False,0.7243061065673828,0.3441266715526581,0.0,0.3441266715526581,True,0.0,0.0,0.2150791697204113,0.0,0.2150791697204113,0.0
6.359868,"[9.327737808227539, 4.5, 0.0]","[22.776697158813477, 4.5, 0.0]",2.8468155860905,3.126671314239502,3.129947005002759,0.5939960479752759,0.6158116459846497,13.44310379028213,0.27509784698448403,-0.4284501075736191,8.94310379028213,-0.27985572814900195,2.8270180225372314,0.2880382537841797,13.426565170288086,True,0,3.115056276321411,3.126671314239502,0.43336391448975053,0.16111329688933793,0.3425287236201774,0.0015979479324806922,"StraightLane index=('>', '>>', 0)",True,9.271276473999023,0.0,2.2888183620005236e-05,"StraightLane index=('>>', '>>>', 0)",True,0.0,True,False,0.7243061065673828,0.3441266715526581,0.0,0.3441266715526581,True,0.0,0.0,0.2150791697204113,0.0,0.2150791697204113,0.0
6.38023,"[9.38443660736084, 4.5, 0.0]","[22.841039657592773, 4.5, 0.0]",2.858695507050038,3.1302993297576904,3.1401328154926884,0.5939960479768969,0.6091896295547485,13.448959350581644,0.27985572814900195,0.23789405822589593,8.948959350581644,-0.2716038227076525,2.844701051712036,0.2880382537841797,13.426565170288086,True,0,3.132739305496216,3.1302993297576904,0.43336391448975053,0.16111329688933793,0.3425287236201774,0.0015979479324806922,"StraightLane index=('>', '>>', 0)",True,9.327737808227539,0.0,4.5776367189121594e-05,"StraightLane index=('>>', '>>>', 0)",True,0.0,True,False,0.7243061065673828,0.3441266715526581,0.0,0.3441266715526581,True,0.0,0.0,0.2150791697204113,0.0,0.2150791697204113,0.0
6.40054,"[9.441372871398926, 4.5, 0.0]","[22.903627395629883, 4.5, 0.0]",2.8705754280095648,3.1469802856445312,3.1502552755002395,0.5939960479763418,0.6133731007575989,13.456603050228951,0.2716038227076525,-0.41259527206747304,8.956603050228951,-0.27640485763496647,2.851231813430786,0.2880382537841797,13.426565170288086,True,0,3.139270067214966,3.1469802856445312,0.5670380592346147,0.16484829927361566,0.34451145673634387,-0.0003847851836857874,"StraightLane index=('>', '>>', 0)",True,9.38443660736084,0.0,3.814697266608281e-05,"StraightLane index=('>>', '>>>', 0)",True,0.0,True,False,0.7243061065673828,0.3441266715526581,0.0,0.3441266715526581,True,0.0,0.0,0.2150791697204113,0.0,0.2150791697204113,0.0
6.419522,"[9.498546600341797, 4.5, 0.0]","[22.96514892578125, 4.5, 0.0]",2.882494449616063,3.1500492095947266,3.1597795544977996,0.595951080324908,0.6094841957092285,13.462254524227975,0.27640485763496647,0.24005174636569926,8.962254524227975,-0.2675547599786636,2.8630247116088867,0.27985572814941406,13.448959350585938,True,0,3.142880439758301,3.1500492095947266,0.5670380592346147,0.16484829927361566,0.34451145673634387,0.0007427856838526647,"StraightLane index=('>', '>>', 0)",True,9.441372871398926,0.0,3.814697266608281e-05,"StraightLane index=('>>', '>>>', 0)",True,0.0,True,False,0.7493424415588379,0.34525424242019653,0.0,0.34525424242019653,True,0.0,0.0,0.21578390151262283,0.0,0.21578390151262283,0.0
6.439564,"[9.555957794189453, 4.5, 0.0]","[23.028871536254883, 4.5, 0.0]",2.894413471222483,3.1667513847351074,3.169798829493811,0.595951080321,0.5951740741729736,13.466602325436469,0.2675547599786636,-0.44250488281514233,8.966602325436469,-0.2723379135126245,2.879671335220337,0.27985572814941406,13.448959350585938,True,0,3.159527063369751,3.1667513847351074,0.5670380592346147,0.16484829927361566,0.34451145673634387,0.0007427856838526647,"StraightLane index=('>', '>>', 0)",True,9.498546600341797,0.0,3.814697266608281e-05,"StraightLane index=('>>', '>>>', 0)",True,0.0,True,False,0.7493424415588379,0.34525424242019653,0.0,0.34525424242019653,True,0.0,0.0,0.21578390151262283,0.0,0.21578390151262283,0.0
6.460206,"[9.613607406616211, 4.5, 0.0]","[23.093618392944336, 4.5, 0.0]",2.906332492828858,3.170280694961548,3.1801270265015775,0.5959510803187573,0.601250410079956,13.472913742064952,0.2723379135126245,0.239157676698043,8.972913742064952,-0.26394820213268977,2.886260509490967,0.27985572814941406,13.448959350585938,True,0,3.166116237640381,3.170280694961548,0.5670380592346147,0.16484829927361566,0.34451145673634387,0.0007427856838526647,"StraightLane index=('>', '>>', 0)",True,9.555957794189453,0.0,1.5258789046077574e-05,"StraightLane index=('>>', '>>>', 0)",True,0.0,True,False,0.7493424415588379,0.34525424242019653,0.0,0.34525424242019653,True,0.0,0.0,0.21578390151262283,0.0,0.21578390151262283,0.0
6.479755,"[9.67149543762207, 4.5, 0.0]","[23.15587615966797, 4.5, 0.0]",2.918251514435199,3.1867520809173584,3.1898973774979824,0.5959510803170476,0.6008418798446655,13.480010986327647,0.26394820213268977,-0.41948556899673584,8.980010986327647,-0.26850056648215936,2.8981940746307373,0.27985572814941406,13.448959350585938,True,0,3.1780498027801514,3.1867520809173584,0.5670380592346147,0.16484829927361566,0.34451145673634387,0.0007427856838526647,"StraightLane index=('>', '>>', 0)",True,9.613607406616211,0.0,1.5258789046077574e-05,"StraightLane index=('>>', '>>>', 0)",True,0.0,True,False,0.7493424415588379,0.34525424242019653,0.0,0.34525424242019653,True,0.0,0.0,0.21578390151262283,0.0,0.21578390151262283,0.0
6.499284,"[9.729621887207031, 4.5, 0.0]","[23.218957901000977, 4.5, 0.0]",2.9301705360415906,3.190018892288208,3.1996644990023926,0.5959510803195789,0.5979480147361755,13.48438072204542,0.26850056648215936,0.22761821747347977,8.98438072204542,-0.2598483562466174,2.9098451137542725,0.27985572814941406,13.448959350585938,True,0,3.1897008419036865,3.190018892288208,0.4303860664367676,0.16342698167154096,0.33232841323184226,0.012925829188354276,"StraightLane index=('>', '>>', 0)",True,9.67149543762207,0.0,1.5258789046077574e-05,"StraightLane index=('>>', '>>>', 0)",True,0.0,True,False,0.7493424415588379,0.34525424242019653,0.0,0.34525424242019653,True,0.0,0.0,0.21578390151262283,0.0,0.21578390151262283,0.0
6.519915,"[9.787986755371094, 4.5, 0.0]","[23.284942626953125, 4.5, 0.0]",2.941966533661177,3.206967830657959,3.2099793284898626,0.5897998809793137,0.5942563414573669,13.489336013793467,0.2598483562466174,-0.4326105117770984,8.989336013793467,-0.2650012969967821,2.9273264408111572,0.26850056648254395,13.484380722045898,True,0,3.195827007293701,3.206967830657959,0.4303860664367676,0.16342698167154096,0.33232841323184226,0.009383912579543852,"StraightLane index=('>', '>>', 0)",True,9.729621887207031,0.0,1.5258789046077574e-05,"StraightLane index=('>>', '>>>', 0)",True,0.0,True,False,0.7493424415588379,0.3417123258113861,0.0,0.3417123258113861,True,0.0,0.0,0.21357020363211632,0.0,0.21357020363211632,0.0
6.539421,"[9.846590042114258, 4.5, 0.0]","[23.347944259643555, 4.5, 0.0]",2.953762531280769,3.2100682258605957,3.21973338300013,0.5897998809796023,0.5996142625808716,13.496955871581553,0.2650012969967821,0.25764703750823514,8.996955871581553,-0.25630569457982677,2.933830976486206,0.26850056648254395,13.484380722045898,True,0,3.20233154296875,3.2100682258605957,0.4303860664367676,0.16342698167154096,0.33232841323184226,0.009383912579543852,"StraightLane index=('>', '>>', 0)",True,9.787986755371094,0.0,1.5258789046077574e-05,"StraightLane index=('>>', '>>>', 0)",True,0.0,True,False,0.7493424415588379,0.3417123258113861,0.0,0.3417123258113861,True,0.0,0.0,0.21357020363211632,0.0,0.21357020363211632,0.0
6.558915,"[9.90542984008789, 4.5, 0.0]","[23.412071228027344, 4.5, 0.0]",2.965558528900378,3.226677656173706,3.2294840169954115,0.5897998809804461,0.5981773734092712,13.501354217528819,0.25630569457982677,-0.4347801208477664,9.001354217528819,-0.2611191272733282,2.9456183910369873,0.26850056648254395,13.484380722045898,True,0,3.2141189575195312,3.226677656173706,0.4303860664367676,0.16342698167154096,0.33232841323184226,0.009383912579543852,"StraightLane index=('>', '>>', 0)",True,9.846590042114258,0.0,1.5258789046077574e-05,"StraightLane index=('>>', '>>>', 0)",True,0.0,True,False,0.7493424415588379,0.3417123258113861,0.0,0.3417123258113861,True,0.0,0.0,0.21357020363211632,0.0,0.21357020363211632,0.0
6.579909,"[9.964505195617676, 4.5, 0.0]","[23.476707458496094, 4.5, 0.0]",2.977354526519994,3.230031728744507,3.2399705119925786,0.5897998809808014,0.5947161316871643,13.506641387938975,0.2611191272733282,0.24067163467507147,9.006641387938975,-0.25267720222451295,2.957153081893921,0.26850056648254395,13.484380722045898,True,0,3.225653648376465,3.230031728744507,0.4303860664367676,0.16342698167154096,0.33232841323184226,0.009383912579543852,"StraightLane index=('>', '>>', 0)",True,9.90542984008789,0.0,1.5258789046077574e-05,"StraightLane index=('>>', '>>>', 0)",True,0.0,True,False,0.7493424415588379,0.3417123258113861,0.0,0.3417123258113861,True,0.0,0.0,0.21357020363211632,0.0,0.21357020363211632,0.0
6.599803,"[10.023816108703613, 4.5, 0.0]","[23.541000366210938, 4.5, 0.0]",2.9891505241396015,3.24666690826416,3.249919704993954,0.5897998809803795,0.5908213257789612,13.51220226287794,0.25267720222451295,-0.4220962524407623,9.01220226287794,-0.2575163841245587,2.9745125770568848,0.26850056648254395,13.484380722045898,True,0,3.2430131435394287,3.24666690826416,0.5664801597595215,0.1669110890959701,0.3342967387769332,0.007415587034452886,"StraightLane index=('>', '>>', 0)",True,9.964505195617676,0.0,1.5258789046077574e-05,"StraightLane index=('>>', '>>>', 0)",True,0.0,True,False,0.7493424415588379,0.3417123258113861,0.0,0.3417123258113861,True,0.0,0.0,0.21357020363211632,0.0,0.21357020363211632,0.0
6.619686,"[10.08336353302002, 4.5, 0.0]","[23.606555938720703, 4.5, 0.0]",3.000721454620547,3.250058889389038,3.2598611409950538,0.5785465240472742,0.5962388515472412,13.517184257506846,0.2575163841245587,0.24195909500228652,9.017184257506846,-0.24933743476849113,2.9809892177581787,0.25267720222473145,13.512202262878418,True,0,3.23366641998291,3.250058889389038,0.5664801597595215,0.1669110890959701,0.3342967387769332,0.0008819642927536675,"StraightLane index=('>', '>>', 0)",True,10.023816108703613,0.0,1.5258789046077574e-05,"StraightLane index=('>>', '>>>', 0)",True,0.0,True,False,0.7757318615913391,0.3351787030696869,0.0,0.3351787030696869,True,0.0,0.0,0.2094866894185543,0.0,0.2094866894185543,0.0
6.639408,"[10.143146514892578, 4.5, 0.0]","[23.67190170288086, 4.5, 0.0]",3.0122923851014836,3.266702651977539,3.2697261129971595,0.5785465240468302,0.5950522422790527,13.523192405700204,0.24933743476849113,-0.40894746780337776,9.023192405700204,-0.2544102668760555,2.992736339569092,0.25267720222473145,13.512202262878418,True,0,3.2454135417938232,3.266702651977539,0.5664801597595215,0.1669110890959701,0.3342967387769332,0.0008819642927536675,"StraightLane index=('>>', '>>>', 0)",True,0.08336353302001953,0.0,1.5258789046077574e-05,"StraightLane index=('>>', '>>>', 0)",True,0.0,True,False,0.7757318615913391,0.3351787030696869,0.0,0.3351787030696869,True,0.0,0.0,0.2094866894185543,0.0,0.2094866894185543,0.0
6.659475,"[10.203161239624023, 4.5, 0.0]","[23.73892593383789, 4.5, 0.0]",3.023863315582436,3.273601531982422,3.2797472034901145,0.5785465240476295,0.5919588208198547,13.528755187987802,0.2544102668760555,0.25364160537821867,9.028755187987802,-0.24973821639998572,3.004248857498169,0.25267720222473145,13.512202262878418,True,0,3.2569260597229004,3.273601531982422,0.5664801597595215,0.1669110890959701,0.3342967387769332,0.0008819642927536675,"StraightLane index=('>>', '>>>', 0)",True,0.14314651489257812,0.0,1.5258789046077574e-05,"StraightLane index=('>>', '>>>', 0)",True,0.0,True,False,0.7757318615913391,0.3351787030696869,0.0,0.3351787030696869,True,0.0,0.0,0.2094866894185543,0.0,0.2094866894185543,0.0
6.68024,"[10.263406753540039, 4.5, 0.0]","[23.804611206054688, 4.5, 0.0]",3.035434246063396,3.280296564102173,3.2901266735017995,0.5785465240479848,0.5876997709274292,13.535764694213388,0.24973821639998572,-0.2336025238034889,9.035764694213388,-0.244862318038777,3.015570878982544,0.25267720222473145,13.512202262878418,True,0,3.2682480812072754,3.280296564102173,0.5664801597595215,0.1669110890959701,0.3342967387769332,0.0008819642927536675,"StraightLane index=('>>', '>>>', 0)",True,0.20316123962402344,0.0,1.5258789046077574e-05,"StraightLane index=('>>', '>>>', 0)",True,0.0,True,False,0.7757318615913391,0.3351787030696869,0.0,0.3351787030696869,True,0.0,0.0,0.2094866894185543,0.0,0.2094866894185543,0.0
6.699257,"[10.323884010314941, 4.5, 0.0]","[23.868337631225586, 4.5, 0.0]",3.0470051765443564,3.2966928482055664,3.299644543995964,0.5785465240480292,0.5874819755554199,13.541204452514169,0.244862318038777,-0.24379491806043596,9.041204452514169,-0.24968767166120998,3.0272278785705566,0.25267720222473145,13.512202262878418,True,0,3.279905080795288,3.2966928482055664,0.5002593994140625,0.16772905916586528,0.33002604574565175,0.005152657324035137,"StraightLane index=('>>', '>>>', 0)",True,0.26340675354003906,0.0,1.5258789046077574e-05,"StraightLane index=('>>', '>>>', 0)",True,0.0,True,False,0.7757318615913391,0.3351787030696869,0.0,0.3351787030696869,True,0.0,0.0,0.2094866894185543,0.0,0.2094866894185543,0.0
6.719771,"[10.38459300994873, 4.5, 0.0]","[23.93470001220703, 4.5, 0.0]",3.0581784248353436,3.3000545501708984,3.309906984493136,0.5586624145493602,0.5894203782081604,13.544453620910165,0.24968767166120998,0.24126768112164854,9.044453620910165,-0.2418761253355548,3.0391440391540527,0.24486231803894043,13.541204452514648,True,0,3.284006357192993,3.3000545501708984,0.5002593994140625,0.16772905916586528,0.33002604574565175,-0.006365165418427021,"StraightLane index=('>>', '>>>', 0)",True,0.3238840103149414,0.0,1.5258789046077574e-05,"StraightLane index=('>>', '>>>', 0)",True,0.0,True,False,0.7757318615913391,0.32366088032722473,0.0,0.32366088032722473,True,0.0,0.0,0.20228805020451546,0.0,0.20228805020451546,0.0
6.740506,"[10.44553279876709, 4.5, 0.0]","[24.001876831054688, 4.5, 0.0]",3.0693516731263517,3.3168234825134277,3.320269482489675,0.5586624145504038,0.5888877511024475,13.55010700225818,0.2418761253355548,-0.3905773162827586,9.05010700225818,-0.24747180938707602,3.05082631111145,0.24486231803894043,13.541204452514648,True,0,3.2956886291503906,3.3168234825134277,0.5002593994140625,0.16772905916586528,0.33002604574565175,-0.006365165418427021,"StraightLane index=('>>', '>>>', 0)",True,0.38459300994873047,0.0,7.629394523038787e-06,"StraightLane index=('>>', '>>>', 0)",True,0.0,True,False,0.7757318615913391,0.32366088032722473,0.0,0.32366088032722473,True,0.0,0.0,0.20228805020451546,0.0,0.20228805020451546,0.0
6.759252,"[10.506696701049805, 4.5, 0.0]","[24.06905174255371, 4.5, 0.0]",3.0805249214173545,3.3202579021453857,3.3296529444953196,0.5586624145501373,0.5866338014602661,13.556344032287477,0.24747180938707602,0.27978420257606107,9.056344032287477,-0.2397329807280313,3.062307596206665,0.24486231803894043,13.541204452514648,True,0,3.3071699142456055,3.3202579021453857,0.5002593994140625,0.16772905916586528,0.33002604574565175,-0.006365165418427021,"StraightLane index=('>>', '>>>', 0)",True,0.44553279876708984,0.0,7.629394523038787e-06,"StraightLane index=('>>', '>>>', 0)",True,0.0,True,False,0.7757318615913391,0.32366088032722473,0.0,0.32366088032722473,True,0.0,0.0,0.20228805020451546,0.0,0.20228805020451546,0.0
6.779703,"[10.568083763122559, 4.5, 0.0]","[24.134082794189453, 4.5, 0.0]",3.091698169708368,3.3367042541503906,3.339870938495733,0.5586624145506702,0.576359748840332,13.562355041503785,0.2397329807280313,-0.38694143295223693,9.062355041503785,-0.24500608444202276,3.0787296295166016,0.24486231803894043,13.541204452514648,True,0,3.323591947555542,3.3367042541503906,0.5002593994140625,0.16772905916586528,0.33002604574565175,-0.006365165418427021,"StraightLane index=('>>', '>>>', 0)",True,0.5066967010498047,0.0,7.629394523038787e-06,"StraightLane index=('>>', '>>>', 0)",True,0.0,True,False,0.7757318615913391,0.32366088032722473,0.0,0.32366088032722473,True,0.0,0.0,0.20228805020451546,0.0,0.20228805020451546,0.0
6.799454,"[10.629693984985352, 4.5, 0.0]","[24.20074462890625, 4.5, 0.0]",3.1028714179994066,3.3400614261627197,3.3497497980017217,0.5586624145519359,0.5723282098770142,13.565999031066774,0.24500608444202276,0.2636551856995739,9.065999031066774,-0.23719000816331315,3.0898642539978027,0.24486231803894043,13.541204452514648,True,0,3.334726572036743,3.3400614261627197,0.4336857795715332,0.1661351555342824,0.32030866084043597,0.0033522194867887656,"StraightLane index=('>>', '>>>', 0)",True,0.5680837631225586,0.0,7.629394523038787e-06,"StraightLane index=('>>', '>>>', 0)",True,0.0,True,False,0.7757318615913391,0.32366088032722473,0.0,0.32366088032722473,True,0.0,0.0,0.20228805020451546,0.0,0.20228805020451546,0.0
6.819454,"[10.6915283203125, 4.5, 0.0]","[24.26787757873535, 4.5, 0.0]",3.1139149665834034,3.356722593307495,3.3597502029908357,0.5521774291998405,0.5753190517425537,13.571050643918973,0.23719000816331315,-0.3908038139354808,9.071050643918973,-0.24280762672409173,3.0959012508392334,0.24500608444213867,13.565999031066895,True,0,3.340907335281372,3.356722593307495,0.4336857795715332,0.1661351555342824,0.32030866084043597,-0.00040254530851457915,"StraightLane index=('>>', '>>>', 0)",True,0.6296939849853516,0.0,3.0517578143044024e-05,"StraightLane index=('>>', '>>>', 0)",True,0.0,True,False,0.8016865849494934,0.3199061155319214,0.0,0.3199061155319214,True,0.0,0.0,0.19994132220745087,0.0,0.19994132220745087,0.0
6.840817,"[10.753585815429688, 4.5, 0.0]","[24.337181091308594, 4.5, 0.0]",3.124958515167368,3.3603224754333496,3.3704275254887763,0.5521774291982195,0.5713797211647034,13.57634925842237,0.24280762672409173,0.28088092803892906,9.07634925842237,-0.23536396026598183,3.106924057006836,0.24500608444213867,13.565999031066895,True,0,3.3519301414489746,3.3603224754333496,0.4336857795715332,0.1661351555342824,0.32030866084043597,-0.00040254530851457915,"StraightLane index=('>>', '>>>', 0)",True,0.6915283203125,0.0,1.5258789046077574e-05,"StraightLane index=('>>', '>>>', 0)",True,0.0,True,False,0.8016865849494934,0.3199061155319214,0.0,0.3199061155319214,True,0.0,0.0,0.19994132220745087,0.0,0.19994132220745087,0.0
6.859333,"[10.815864562988281, 4.5, 0.0]","[24.402509689331055, 4.5, 0.0]",3.1360020637512913,3.3766679763793945,3.3796930040000004,0.5521774291961767,0.5611103773117065,13.583595275878425,0.23536396026598183,-0.37218332290549494,9.083595275878425,-0.24066591262810322,3.1228833198547363,0.24500608444213867,13.565999031066895,True,0,3.367889404296875,3.3766679763793945,0.4336857795715332,0.1661351555342824,0.32030866084043597,-0.00040254530851457915,"StraightLane index=('>>', '>>>', 0)",True,0.7535858154296875,0.0,1.5258789046077574e-05,"StraightLane index=('>>', '>>>', 0)",True,0.0,True,False,0.8016865849494934,0.3199061155319214,0.0,0.3199061155319214,True,0.0,0.0,0.19994132220745087,0.0,0.19994132220745087,0.0
6.879369,"[10.878363609313965, 4.5, 0.0]","[24.47019386291504, 4.5, 0.0]",3.1470456123352295,3.380028247833252,3.3897049764957043,0.5521774291969095,0.5582129955291748,13.586645126342773,0.24066591262810322,0.26509761810606935,9.086645126342773,-0.23298263549802245,3.1338367462158203,0.24500608444213867,13.565999031066895,True,0,3.378842830657959,3.380028247833252,0.4336857795715332,0.1661351555342824,0.32030866084043597,-0.00040254530851457915,"StraightLane index=('>>', '>>>', 0)",True,0.8158645629882812,0.0,0.0,"StraightLane index=('>>', '>>>', 0)",True,0.0,True,False,0.8016865849494934,0.3199061155319214,0.0,0.3199061155319214,True,0.0,0.0,0.19994132220745087,0.0,0.19994132220745087,0.0
6.899355,"[10.941083908081055, 4.5, 0.0]","[24.53767967224121, 4.5, 0.0]",3.1580891609191943,3.396693468093872,3.3997003805008714,0.5521774291982418,0.5619866251945496,13.591830253601074,0.23298263549802245,-0.3841638565040384,9.091830253601074,-0.23860430717467773,3.139814615249634,0.24500608444213867,13.565999031066895,True,0,3.3848206996917725,3.396693468093872,0.5663204193115234,0.16934285465675747,0.324435654320298,-0.004529538788376586,"StraightLane index=('>>', '>>>', 0)",True,0.8783636093139648,0.0,0.0,"StraightLane index=('>>', '>>>', 0)",True,0.0,True,False,0.8016865849494934,0.3199061155319214,0.0,0.3199061155319214,True,0.0,0.0,0.19994132220745087,0.0,0.19994132220745087,0.0
6.919793,"[11.004024505615234, 4.5, 0.0]","[24.607391357421875, 4.5, 0.0]",3.1692461967468266,3.400251388549805,3.4099165550025643,0.5578517913816139,0.5598771572113037,13.596595764160156,0.23860430717467773,0.2810835838327641,9.096595764160156,-0.23100519180297852,3.1507716178894043,0.23298263549804688,13.591830253601074,True,0,3.383754253387451,3.400251388549805,0.5663204193115234,0.16934285465675747,0.324435654320298,-0.0012363225598914784,"StraightLane index=('>>', '>>>', 0)",True,0.9410839080810547,0.0,0.0,"StraightLane index=('>>', '>>>', 0)",True,0.0,True,False,0.8016865849494934,0.3231993317604065,0.0,0.3231993317604065,True,0.0,0.0,0.20199958235025406,0.0,0.20199958235025406,0.0
6.939897,"[11.06718635559082, 4.5, 0.0]","[24.676427841186523, 4.5, 0.0]",3.1804032325744687,3.416996717453003,3.419969810990733,0.5578517913821024,0.558269739151001,13.60336685180652,0.23100519180297852,-0.37995576858496083,9.10336685180652,-0.23659348487853427,3.1617417335510254,0.23298263549804688,13.591830253601074,True,0,3.3947243690490723,3.416996717453003,0.5663204193115234,0.16934285465675747,0.324435654320298,-0.0012363225598914784,"StraightLane index=('>>', '>>>', 0)",True,1.0040245056152344,0.0,-7.629394523038787e-06,"StraightLane index=('>>', '>>>', 0)",True,0.0,True,False,0.8016865849494934,0.3231993317604065,0.0,0.3231993317604065,True,0.0,0.0,0.20199958235025406,0.0,0.20199958235025406,0.0
6.959144,"[11.130571365356445, 4.5, 0.0]","[24.74259376525879, 4.5, 0.0]",3.19156026840213,3.4199888706207275,3.4295987054967556,0.5578517913830572,0.5571165084838867,13.609241485595582,0.23659348487853427,0.2794146537777875,9.109241485595582,-0.22842860221859773,3.1727294921875,0.23298263549804688,13.591830253601074,True,0,3.405712127685547,3.4199888706207275,0.5663204193115234,0.16934285465675747,0.324435654320298,-0.0012363225598914784,"StraightLane index=('>>', '>>>', 0)",True,1.0671863555908203,0.0,-7.629394523038787e-06,"StraightLane index=('>>', '>>>', 0)",True,0.0,True,False,0.8016865849494934,0.3231993317604065,0.0,0.3231993317604065,True,0.0,0.0,0.20199958235025406,0.0,0.20199958235025406,0.0
6.980091,"[11.19417953491211, 4.5, 0.0]","[24.81318473815918, 4.5, 0.0]",3.2027173042298056,3.4369614124298096,3.440062679993571,0.5578517913837899,0.5510760545730591,13.612022399901862,0.22842860221859773,-0.4082441329968267,9.112022399901862,-0.23424410820000396,3.1887474060058594,0.23298263549804688,13.591830253601074,True,0,3.4217300415039062,3.4369614124298096,0.5663204193115234,0.16934285465675747,0.324435654320298,-0.0012363225598914784,"StraightLane index=('>>', '>>>', 0)",True,1.1305713653564453,0.0,-1.5258789046077574e-05,"StraightLane index=('>>', '>>>', 0)",True,0.0,True,False,0.8016865849494934,0.3231993317604065,0.0,0.3231993317604065,True,0.0,0.0,0.20199958235025406,0.0,0.20199958235025406,0.0
6.999808,"[11.258010864257812, 4.5, 0.0]","[24.88157081604004, 4.5, 0.0]",3.2138743400574645,3.440277338027954,3.4499256739974955,0.5578517913829462,0.555919885635376,13.619005203245983,0.23424410820000396,0.29077529907031163,9.119005203245983,-0.22640299797048957,3.1947662830352783,0.23298263549804688,13.591830253601074,True,0,3.427748918533325,3.440277338027954,0.4358386993408203,0.16766292366801044,0.31482487234882867,0.008374459411577828,"StraightLane index=('>>', '>>>', 0)",True,1.1941795349121094,0.0,-2.2888183620005236e-05,"StraightLane index=('>>', '>>>', 0)",True,0.0,True,False,0.8016865849494934,0.3231993317604065,0.0,0.3231993317604065,True,0.0,0.0,0.20199958235025406,0.0,0.20199958235025406,0.0
7.020193,"[11.322065353393555, 4.5, 0.0]","[24.95106315612793, 4.5, 0.0]",3.224714756012085,3.4569873809814453,3.46011756999651,0.5420207977310243,0.5507028698921204,13.623559951781743,0.22640299797048957,-0.3920555114757196,9.123559951781743,-0.2322726249693603,3.210843324661255,0.23424410820007324,13.61900520324707,True,0,3.445087432861328,3.4569873809814453,0.4358386993408203,0.16766292366801044,0.31482487234882867,-0.0007949403267339394,"StraightLane index=('>>', '>>>', 0)",True,1.2580108642578125,0.0,-1.5258789046077574e-05,"StraightLane index=('>>', '>>>', 0)",True,0.0,True,False,0.8287599682807922,0.3140299320220947,0.0,0.3140299320220947,True,0.0,0.0,0.1962687075138092,0.0,0.1962687075138092,0.0
7.039937,"[11.386343002319336, 4.5, 0.0]","[25.020593643188477, 4.5, 0.0]",3.235555171966694,3.460324764251709,3.469990261498606,0.542020797730447,0.5557562708854675,13.628997802733288,0.2322726249693603,0.29348134994353625,9.128997802733288,-0.22476959228501503,3.2168805599212646,0.23424410820007324,13.61900520324707,True,0,3.451124668121338,3.460324764251709,0.4358386993408203,0.16766292366801044,0.31482487234882867,-0.0007949403267339394,"StraightLane index=('>>', '>>>', 0)",True,1.3220653533935547,0.0,-2.2888183620005236e-05,"StraightLane index=('>>', '>>>', 0)",True,0.0,True,False,0.8287599682807922,0.3140299320220947,0.0,0.3140299320220947,True,0.0,0.0,0.1962687075138092,0.0,0.1962687075138092,0.0
7.059553,"[11.450837135314941, 4.5, 0.0]","[25.089704513549805, 4.5, 0.0]",3.2463955879213238,3.476935863494873,3.4797979314927945,0.5420207977314906,0.5559073090553284,13.634250640868657,0.22476959228501503,-0.3751516342172634,9.134250640868657,-0.23054027557354928,3.227961778640747,0.23424410820007324,13.61900520324707,True,0,3.4622058868408203,3.476935863494873,0.4358386993408203,0.16766292366801044,0.31482487234882867,-0.0007949403267339394,"StraightLane index=('>>', '>>>', 0)",True,1.386343002319336,0.0,-1.5258789046077574e-05,"StraightLane index=('>>', '>>>', 0)",True,0.0,True,False,0.8287599682807922,0.3140299320220947,0.0,0.3140299320220947,True,0.0,0.0,0.1962687075138092,0.0,0.1962687075138092,0.0
7.080096,"[11.515548706054688, 4.5, 0.0]","[25.15937614440918, 4.5, 0.0]",3.2572360038759065,3.4836270809173584,3.4900666005007226,0.5420207977291369,0.5561462044715881,13.638867378233774,0.23054027557354928,0.28853416442671254,9.138867378233774,-0.2263910770414519,3.239055871963501,0.23424410820007324,13.61900520324707,True,0,3.473299980163574,3.4836270809173584,0.4358386993408203,0.16766292366801044,0.31482487234882867,-0.0007949403267339394,"StraightLane index=('>>', '>>>', 0)",True,1.4508371353149414,0.0,-2.2888183620005236e-05,"StraightLane index=('>>', '>>>', 0)",True,0.0,True,False,0.8287599682807922,0.3140299320220947,0.0,0.3140299320220947,True,0.0,0.0,0.1962687075138092,0.0,0.1962687075138092,0.0
7.100153,"[11.580476760864258, 4.5, 0.0]","[25.228605270385742, 4.5, 0.0]",3.268076419830503,3.493587970733643,3.5000997589988403,0.5420207977298253,0.556432843208313,13.643827438354009,0.2263910770414519,-0.20745992660486934,9.143827438354009,-0.22551155090314,3.250159978866577,0.23424410820007324,13.61900520324707,True,0,3.4844040870666504,3.493587970733643,0.5331063270568892,0.16955535274820052,0.31613786083524154,-0.002107928813146809,"StraightLane index=('>>', '>>>', 0)",True,1.5155487060546875,0.0,-1.5258789046077574e-05,"StraightLane index=('>>', '>>>', 0)",True,0.0,True,False,0.8287599682807922,0.3140299320220947,0.0,0.3140299320220947,True,0.0,0.0,0.1962687075138092,0.0,0.1962687075138092,0.0
7.120076,"[11.645621299743652, 4.5, 0.0]","[25.29911231994629, 4.5, 0.0]",3.2790694236757063,3.5036327838897705,3.5100605174986415,0.5496501922601649,0.5567359924316406,13.648128509520395,0.22551155090314,-0.043976306915594066,9.148128509520395,-0.2245633602140642,3.2612717151641846,0.22639107704162598,13.643827438354492,True,0,3.4876627922058105,3.5036327838897705,0.5331063270568892,0.16955535274820052,0.31613786083524154,0.0022939040058381766,"StraightLane index=('>>', '>>>', 0)",True,1.5804767608642578,0.0,-2.2888183620005236e-05,"StraightLane index=('>>', '>>>', 0)",True,0.0,True,False,0.8287599682807922,0.3184317648410797,0.0,0.3184317648410797,True,0.0,0.0,0.19901985302567482,0.0,0.19901985302567482,0.0
7.14012,"[11.710983276367188, 4.5, 0.0]","[25.369775772094727, 4.5, 0.0]",3.290062427520929,3.5136559009552,3.5200798249890797,0.5496501922611419,0.5570323467254639,13.653491020202154,0.2245633602140642,-0.04740953445379059,9.153491020202154,-0.22359347343427105,3.2723886966705322,0.22639107704162598,13.643827438354492,True,0,3.498779773712158,3.5136559009552,0.5331063270568892,0.16955535274820052,0.31613786083524154,0.0022939040058381766,"StraightLane index=('>>', '>>>', 0)",True,1.6456212997436523,0.0,-1.5258789046077574e-05,"StraightLane index=('>>', '>>>', 0)",True,0.0,True,False,0.8287599682807922,0.3184317648410797,0.0,0.3184317648410797,True,0.0,0.0,0.19901985302567482,0.0,0.19901985302567482,0.0
7.159261,"[11.776564598083496, 4.5, 0.0]","[25.439790725708008, 4.5, 0.0]",3.3010554313661435,3.523587226867676,3.529656274494482,0.54965019226072,0.5526963472366333,13.658792495726448,0.22359347343427105,-0.04849433898965749,9.158792495726448,-0.22253179550153224,3.2830257415771484,0.22639107704162598,13.643827438354492,True,0,3.5094168186187744,3.523587226867676,0.5331063270568892,0.16955535274820052,0.31613786083524154,0.0022939040058381766,"StraightLane index=('>>', '>>>', 0)",True,1.7109832763671875,0.0,-2.2888183620005236e-05,"StraightLane index=('>>', '>>>', 0)",True,0.0,True,False,0.8287599682807922,0.3184317648410797,0.0,0.3184317648410797,True,0.0,0.0,0.19901985302567482,0.0,0.19901985302567482,0.0
7.179518,"[11.842366218566895, 4.5, 0.0]","[25.508703231811523, 4.5, 0.0]",3.312048435211379,3.5333619117736816,3.539774453488644,0.5496501922617636,0.5387488007545471,13.663226127624029,0.22253179550153224,-0.053083896636940686,9.163226127624029,-0.22131347656230282,3.297990083694458,0.22639107704162598,13.643827438354492,True,0,3.524381160736084,3.5333619117736816,0.5331063270568892,0.16955535274820052,0.31613786083524154,0.0022939040058381766,"StraightLane index=('>>', '>>>', 0)",True,1.776564598083496,0.0,-1.5258789046077574e-05,"StraightLane index=('>>', '>>>', 0)",True,0.0,True,False,0.8287599682807922,0.3184317648410797,0.0,0.3184317648410797,True,0.0,0.0,0.19901985302567482,0.0,0.19901985302567482,0.0
7.199298,"[11.908387184143066, 4.5, 0.0]","[25.57920265197754, 4.5, 0.0]",3.323041439056588,3.5433619022369385,3.549670651499764,0.5496501922604535,0.5420837998390198,13.666337013243538,0.22131347656230282,-0.060915946961470624,9.166337013243538,-0.2203204631803506,3.303727388381958,0.22639107704162598,13.643827438354492,True,0,3.530118465423584,3.5433619022369385,0.49773931503295454,0.1700206934995339,0.3132289945667618,0.005202770274317925,"StraightLane index=('>>', '>>>', 0)",True,1.8423662185668945,0.0,-2.2888183620005236e-05,"StraightLane index=('>>', '>>>', 0)",True,0.0,True,False,0.8287599682807922,0.3184317648410797,0.0,0.3184317648410797,True,0.0,0.0,0.19901985302567482,0.0,0.19901985302567482,0.0
7.220027,"[11.974628448486328, 4.5, 0.0]","[25.650936126708984, 4.5, 0.0]",3.3338332176210552,3.553440809249878,3.560034778001136,0.5395889282233668,0.5349201560020447,13.670815467833988,0.2203204631803506,-0.04965066909761173,9.170815467833988,-0.2196075916288227,3.3191580772399902,0.2213134765625,13.666337013244629,True,0,3.5404715538024902,3.553440809249878,0.49773931503295454,0.1700206934995339,0.3132289945667618,-0.0006173550670974803,"StraightLane index=('>>', '>>>', 0)",True,1.9083871841430664,0.0,-1.5258789046077574e-05,"StraightLane index=('>>', '>>>', 0)",True,0.0,True,False,0.8551469445228577,0.3126116394996643,0.0,0.3126116394996643,True,0.0,0.0,0.1953822746872902,0.0,0.1953822746872902,0.0
7.24025,"[12.041089057922363, 4.5, 0.0]","[25.7239990234375, 4.5, 0.0]",3.3446249961854795,3.563659191131592,3.5701442644960477,0.539588928221213,0.5400044322013855,13.676307678221564,0.2196075916288227,-0.035643577576394136,9.176307678221564,-0.21903419494611231,3.325040578842163,0.2213134765625,13.666337013244629,True,0,3.546354055404663,3.563659191131592,0.49773931503295454,0.1700206934995339,0.3132289945667618,-0.0006173550670974803,"StraightLane index=('>>', '>>>', 0)",True,1.9746284484863281,0.0,-2.2888183620005236e-05,"StraightLane index=('>>', '>>>', 0)",True,0.0,True,False,0.8551469445228577,0.3126116394996643,0.0,0.3126116394996643,True,0.0,0.0,0.1953822746872902,0.0,0.1953822746872902,0.0
7.259427,"[12.107766151428223, 4.5, 0.0]","[25.795087814331055, 4.5, 0.0]",3.3554167747499464,3.573601722717286,3.579739490002976,0.5395889282233446,0.536695659160614,13.682909965514652,0.21903419494611231,-0.0286698341355196,9.182909965514652,-0.21818494796733967,3.3408563137054443,0.2213134765625,13.666337013244629,True,0,3.5621697902679443,3.573601722717286,0.49773931503295454,0.1700206934995339,0.3132289945667618,-0.0006173550670974803,"StraightLane index=('>>', '>>>', 0)",True,2.0410890579223633,0.0,-1.5258789046077574e-05,"StraightLane index=('>>', '>>>', 0)",True,0.0,True,False,0.8551469445228577,0.3126116394996643,0.0,0.3126116394996643,True,0.0,0.0,0.1953822746872902,0.0,0.1953822746872902,0.0
7.280245,"[12.17465877532959, 4.5, 0.0]","[25.866987228393555, 4.5, 0.0]",3.3662085533143817,3.583657741546631,3.5901429054967595,0.5395889282217681,0.5426495671272278,13.68732166290174,0.21818494796733967,-0.04246234893863221,9.18732166290174,-0.21744918823224912,3.3468477725982666,0.2213134765625,13.666337013244629,True,0,3.5681612491607666,3.583657741546631,0.49773931503295454,0.1700206934995339,0.3132289945667618,-0.0006173550670974803,"StraightLane index=('>>', '>>>', 0)",True,2.1077661514282227,0.0,-2.2888183620005236e-05,"StraightLane index=('>>', '>>>', 0)",True,0.0,True,False,0.8551469445228577,0.3126116394996643,0.0,0.3126116394996643,True,0.0,0.0,0.1953822746872902,0.0,0.1953822746872902,0.0
7.299609,"[12.241766929626465, 4.5, 0.0]","[25.93816375732422, 4.5, 0.0]",3.3770003318788517,3.5936124324798584,3.5998274639889134,0.5395889282235,0.540932834148407,13.69232845306348,0.21744918823224912,-0.036787986754527324,9.19232845306348,-0.21661210060100666,3.362928867340088,0.2213134765625,13.666337013244629,True,0,3.584242343902588,3.5936124324798584,0.5025053024291992,0.17060630973460247,0.3114041751252568,0.0012074643744074964,"StraightLane index=('>>', '>>>', 0)",True,2.17465877532959,0.0,-1.5258789046077574e-05,"StraightLane index=('>>', '>>>', 0)",True,0.0,True,False,0.8551469445228577,0.3126116394996643,0.0,0.3126116394996643,True,0.0,0.0,0.1953822746872902,0.0,0.1953822746872902,0.0
7.31969,"[12.309091567993164, 4.5, 0.0]","[26.008718490600586, 4.5, 0.0]",3.387703418731857,3.603386402130127,3.60983134949056,0.535154342650257,0.5432816743850708,13.696396827696661,0.21661210060100666,-0.041854381562123066,9.196396827696661,-0.21568298339827008,3.374055862426758,0.21744918823242188,13.692328453063965,True,0,3.5915050506591797,3.603386402130127,0.5025053024291992,0.17060630973460247,0.3114041751252568,-0.001365548931256566,"StraightLane index=('>>', '>>>', 0)",True,2.241766929626465,0.0,-2.2888183620005236e-05,"StraightLane index=('>>', '>>>', 0)",True,0.0,True,False,0.8551469445228577,0.31003862619400024,0.0,0.31003862619400024,True,0.0,0.0,0.19377414137125015,0.0,0.19377414137125015,0.0
7.340357,"[12.376631736755371, 4.5, 0.0]","[26.083112716674805, 4.5, 0.0]",3.398406505584935,3.6136474609375,3.6201934524899118,0.5351543426538985,0.549457311630249,13.699626922606937,0.21568298339827008,-0.04645586013682923,9.199626922606937,-0.21524095535256516,3.380136489868164,0.21744918823242188,13.692328453063965,True,0,3.597585678100586,3.6136474609375,0.5025053024291992,0.17060630973460247,0.3114041751252568,-0.001365548931256566,"StraightLane index=('>>', '>>>', 0)",True,2.309091567993164,0.0,-1.5258789046077574e-05,"StraightLane index=('>>', '>>>', 0)",True,0.0,True,False,0.8551469445228577,0.31003862619400024,0.0,0.31003862619400024,True,0.0,0.0,0.19377414137125015,0.0,0.19377414137125015,0.0
7.360186,"[12.444385528564453, 4.5, 0.0]","[26.15530014038086, 4.5, 0.0]",3.4091095924380017,3.6236042976379395,3.630102041500504,0.5351543426533434,0.5516302585601807,13.70648097991834,0.21524095535256516,-0.022101402285246152,9.20648097991834,-0.21449470519993774,3.3913145065307617,0.21744918823242188,13.692328453063965,True,0,3.6087636947631836,3.6236042976379395,0.5025053024291992,0.17060630973460247,0.3114041751252568,-0.001365548931256566,"StraightLane index=('>>', '>>>', 0)",True,2.376631736755371,0.0,-2.2888183620005236e-05,"StraightLane index=('>>', '>>>', 0)",True,0.0,True,False,0.8551469445228577,0.31003862619400024,0.0,0.31003862619400024,True,0.0,0.0,0.19377414137125015,0.0,0.19377414137125015,0.0
7.380348,"[12.512353897094727, 4.5, 0.0]","[26.227956771850586, 4.5, 0.0]",3.419812679291074,3.633625984191895,3.6401612984947858,0.5351543426536098,0.5489556193351746,13.710914611815312,0.21449470519993774,-0.03731250763137073,9.210914611815312,-0.21381330490082107,3.4020261764526367,0.21744918823242188,13.692328453063965,True,0,3.6194753646850586,3.633625984191895,0.5025053024291992,0.17060630973460247,0.3114041751252568,-0.001365548931256566,"StraightLane index=('>>', '>>>', 0)",True,2.444385528564453,0.0,-2.2888183620005236e-05,"StraightLane index=('>>', '>>>', 0)",True,0.0,True,False,0.8551469445228577,0.31003862619400024,0.0,0.31003862619400024,True,0.0,0.0,0.19377414137125015,0.0,0.19377414137125015,0.0
7.400202,"[12.580535888671875, 4.5, 0.0]","[26.300392150878906, 4.5, 0.0]",3.4305157661441905,3.6436171531677246,3.650093250488862,0.5351543426558303,0.5437284111976624,13.715602874753912,0.21381330490082107,-0.03407001495583373,9.215602874753912,-0.2131013870235341,3.41237735748291,0.21744918823242188,13.692328453063965,True,0,3.629826545715332,3.6436171531677246,0.5000472068786621,0.1710473310018954,0.30956323256719254,0.00047539362680770747,"StraightLane index=('>>', '>>>', 0)",True,2.5123538970947266,0.0,-3.0517578143044024e-05,"StraightLane index=('>>', '>>>', 0)",True,0.0,True,False,0.8551469445228577,0.31003862619400024,0.0,0.31003862619400024,True,0.0,0.0,0.19377414137125015,0.0,0.19377414137125015,0.0
7.419932,"[12.648932456970215, 4.5, 0.0]","[26.373870849609375, 4.5, 0.0]",3.4411664009098755,3.653655767440796,3.6599807139893525,0.5325317382842476,0.5408908724784851,13.71985626220399,0.2131013870235341,-0.03559589386434858,9.21985626220399,-0.21248936653092043,3.422887086868286,0.21381330490112305,13.71560287475586,True,0,3.636700391769409,3.653655767440796,0.5000472068786621,0.1710473310018954,0.30956323256719254,-0.0010437499545826734,"StraightLane index=('>>', '>>>', 0)",True,2.580535888671875,0.0,-3.814697266608281e-05,"StraightLane index=('>>', '>>>', 0)",True,0.0,True,False,0.8551469445228577,0.30851948261260986,0.0,0.30851948261260986,True,0.0,0.0,0.19282467663288116,0.0,0.19282467663288116,0.0
7.439934,"[12.71754264831543, 4.5, 0.0]","[26.447383880615234, 4.5, 0.0]",3.4518170356755546,3.6636574268341064,3.669988706492586,0.5325317382839589,0.5399221777915955,13.724938392636119,0.21248936653092043,-0.03060102463068315,9.224938392636119,-0.2118403911585518,3.433546304702759,0.21381330490112305,13.71560287475586,True,0,3.647359609603882,3.6636574268341064,0.5000472068786621,0.1710473310018954,0.30956323256719254,-0.0010437499545826734,"StraightLane index=('>>', '>>>', 0)",True,2.648932456970215,0.0,-3.814697266608281e-05,"StraightLane index=('>>', '>>>', 0)",True,0.0,True,False,0.8816409111022949,0.30851948261260986,0.0,0.30851948261260986,True,0.0,0.0,0.19282467663288116,0.0,0.19282467663288116,0.0
7.459313,"[12.786365509033203, 4.5, 0.0]","[26.52046012878418, 4.5, 0.0]",3.4624676704412045,3.6735997200012207,3.679682524499367,0.5325317382824934,0.535905122756958,13.729841232296762,0.2118403911585518,-0.0324487686184316,9.229841232296762,-0.2111320495600162,3.449276924133301,0.21381330490112305,13.71560287475586,True,0,3.663090229034424,3.6735997200012207,0.5000472068786621,0.1710473310018954,0.30956323256719254,-0.0010437499545826734,"StraightLane index=('>>', '>>>', 0)",True,2.7175426483154297,0.0,-3.814697266608281e-05,"StraightLane index=('>>', '>>>', 0)",True,0.0,True,False,0.8816409111022949,0.30851948261260986,0.0,0.30851948261260986,True,0.0,0.0,0.19282467663288116,0.0,0.19282467663288116,0.0
7.480663,"[12.855401992797852, 4.5, 0.0]","[26.594228744506836, 4.5, 0.0]",3.473118305206856,3.683636426925659,3.6903289794892773,0.5325317382825823,0.5417138934135437,13.734094619749028,0.2111320495600162,-0.03541707992678056,9.234094619749028,-0.21051812171880302,3.4552454948425293,0.21381330490112305,13.71560287475586,True,0,3.6690587997436523,3.683636426925659,0.5000472068786621,0.1710473310018954,0.30956323256719254,-0.0010437499545826734,"StraightLane index=('>>', '>>>', 0)",True,2.786365509033203,0.0,-3.0517578143044024e-05,"StraightLane index=('>>', '>>>', 0)",True,0.0,True,False,0.8816409111022949,0.30851948261260986,0.0,0.30851948261260986,True,0.0,0.0,0.19282467663288116,0.0,0.19282467663288116,0.0
7.499793,"[12.924651145935059, 4.5, 0.0]","[26.66562843322754, 4.5, 0.0]",3.483768939972519,3.6966841220855713,3.699897350993706,0.5325317382831374,0.5390764474868774,13.738826751707036,0.21051812171880302,-0.03069639206065844,9.238826751707036,-0.21291518211305238,3.465762138366699,0.21381330490112305,13.71560287475586,True,0,3.6795754432678223,3.6966841220855713,0.5306696891784668,0.1725160370229522,0.3109109053964363,-0.0023914227838264246,"StraightLane index=('>>', '>>>', 0)",True,2.8554019927978516,0.0,-3.0517578143044024e-05,"StraightLane index=('>>', '>>>', 0)",True,0.0,True,False,0.8816409111022949,0.30851948261260986,0.0,0.30851948261260986,True,0.0,0.0,0.19282467663288116,0.0,0.19282467663288116,0.0
7.519972,"[12.99411392211914, 4.5, 0.0]","[26.739994049072266, 4.5, 0.0]",3.494359493256251,3.700043678283692,3.710007158489316,0.5295276641866131,0.5282355546951294,13.74097728729053,0.21291518211305238,0.11985301971246809,9.24097728729053,-0.20568418502744068,3.4806740283966064,0.21381330490112305,13.71560287475586,True,0,3.6944873332977295,3.700043678283692,0.5306696891784668,0.1725160370229522,0.3109109053964363,-0.004113609587644174,"StraightLane index=('>>', '>>>', 0)",True,2.9246511459350586,0.0,-3.0517578143044024e-05,"StraightLane index=('>>', '>>>', 0)",True,0.0,True,False,0.8816409111022949,0.3067972958087921,0.0,0.3067972958087921,True,0.0,0.0,0.19174830988049507,0.0,0.19174830988049507,0.0
7.540269,"[13.063789367675781, 4.5, 0.0]","[26.815317153930664, 4.5, 0.0]",3.5049500465399586,3.7168211936950684,3.720157182996627,0.5295276641853697,0.5326481461524963,13.745880126951175,0.20568418502744068,-0.36154985428058506,9.245880126951175,-0.2118711471551098,3.486419200897217,0.21051812171936035,13.738826751708984,True,0,3.696937322616577,3.7168211936950684,0.5306696891784668,0.1725160370229522,0.3109109053964363,-0.004113609587644174,"StraightLane index=('>>', '>>>', 0)",True,2.9941139221191406,0.0,-3.0517578143044024e-05,"StraightLane index=('>>', '>>>', 0)",True,0.0,True,False,0.8816409111022949,0.3067972958087921,0.0,0.3067972958087921,True,0.0,0.0,0.19174830988049507,0.0,0.19174830988049507,0.0
7.558882,"[13.133676528930664, 4.5, 0.0]","[26.88875961303711, 4.5, 0.0]",3.515540599823664,3.7200119495391846,3.729466120991856,0.5295276641852809,0.5285784006118774,13.751527786252932,0.2118711471551098,0.3093481063834558,9.251527786252932,-0.2044713497155204,3.501923084259033,0.21051812171936035,13.738826751708984,True,0,3.7124412059783936,3.7200119495391846,0.5306696891784668,0.1725160370229522,0.3109109053964363,-0.004113609587644174,"StraightLane index=('>>', '>>>', 0)",True,3.0637893676757812,0.0,-3.0517578143044024e-05,"StraightLane index=('>>', '>>>', 0)",True,0.0,True,False,0.8816409111022949,0.3067972958087921,0.0,0.3067972958087921,True,0.0,0.0,0.19174830988049507,0.0,0.19174830988049507,0.0
7.580257,"[13.203775405883789, 4.5, 0.0]","[26.965368270874023, 4.5, 0.0]",3.526131153107345,3.736962080001831,3.7401454469974853,0.5295276641840374,0.534605860710144,13.755083084104493,0.2044713497155204,-0.3699898719794703,9.255083084104493,-0.21083092689448613,3.507841110229492,0.21051812171936035,13.738826751708984,True,0,3.7183592319488525,3.736962080001831,0.5306696891784668,0.1725160370229522,0.3109109053964363,-0.004113609587644174,"StraightLane index=('>>', '>>>', 0)",True,3.133676528930664,0.0,-3.0517578143044024e-05,"StraightLane index=('>>', '>>>', 0)",True,0.0,True,False,0.8816409111022949,0.3067972958087921,0.0,0.3067972958087921,True,0.0,0.0,0.19174830988049507,0.0,0.19174830988049507,0.0
7.600364,"[13.274085998535156, 4.5, 0.0]","[27.039649963378906, 4.5, 0.0]",3.5367217063910523,3.740265846252442,3.750200508499984,0.5295276641853697,0.5372471213340759,13.761592864988282,0.21083092689448613,0.3179788589482868,9.261592864988282,-0.20354413986138953,3.5187723636627197,0.21051812171936035,13.738826751708984,True,0,3.72929048538208,3.740265846252442,0.4358172416687056,0.1705180367790617,0.30282172768896487,0.003975568119827244,"StraightLane index=('>>', '>>>', 0)",True,3.203775405883789,0.0,-3.0517578143044024e-05,"StraightLane index=('>>', '>>>', 0)",True,0.0,True,False,0.8816409111022949,0.3067972958087921,0.0,0.3067972958087921,True,0.0,0.0,0.19174830988049507,0.0,0.19174830988049507,0.0
7.619943,"[13.344608306884766, 4.5, 0.0]","[27.115150451660156, 4.5, 0.0]",3.5472655296332225,3.7569735050201416,3.7599922914989294,0.527191162108509,0.5357804298400879,13.765563964841796,0.20354413986138953,-0.3643393516548299,9.265563964841796,-0.2097079753869191,3.5293285846710205,0.2108309268951416,13.761592864990234,True,0,3.740159511566162,3.7569735050201416,0.4358172416687056,0.1705180367790617,0.30282172768896487,0.0026006975811156963,"StraightLane index=('>>', '>>>', 0)",True,3.2740859985351562,0.0,-3.0517578143044024e-05,"StraightLane index=('>>', '>>>', 0)",True,0.0,True,False,0.9081100821495056,0.30542242527008057,0.0,0.30542242527008057,True,0.0,0.0,0.19088901579380035,0.0,0.19088901579380035,0.0
7.640116,"[13.415342330932617, 4.5, 0.0]","[27.190839767456055, 4.5, 0.0]",3.5578093528753856,3.760331630706787,3.7700793529977092,0.5271911621081538,0.5322126746177673,13.770542144773437,0.2097079753869191,0.30819177627647854,9.270542144773437,-0.20252227783140153,3.539597988128662,0.2108309268951416,13.761592864990234,True,0,3.7504289150238037,3.760331630706787,0.4358172416687056,0.1705180367790617,0.30282172768896487,0.0026006975811156963,"StraightLane index=('>>', '>>>', 0)",True,3.3446083068847656,0.0,-3.0517578143044024e-05,"StraightLane index=('>>', '>>>', 0)",True,0.0,True,False,0.9081100821495056,0.30542242527008057,0.0,0.30542242527008057,True,0.0,0.0,0.19088901579380035,0.0,0.19088901579380035,0.0
7.659527,"[13.486288070678711, 4.5, 0.0]","[27.265893936157227, 4.5, 0.0]",3.568353176117572,3.776939630508423,3.779783908498939,0.5271911621093306,0.5312536358833313,13.775497436521484,0.20252227783140153,-0.35928487777587836,9.275497436521484,-0.20858645439085066,3.550083875656128,0.2108309268951416,13.761592864990234,True,0,3.7609148025512695,3.776939630508423,0.4358172416687056,0.1705180367790617,0.30282172768896487,0.0026006975811156963,"StraightLane index=('>>', '>>>', 0)",True,3.415342330932617,0.0,-3.0517578143044024e-05,"StraightLane index=('>>', '>>>', 0)",True,0.0,True,False,0.9081100821495056,0.30542242527008057,0.0,0.30542242527008057,True,0.0,0.0,0.19088901579380035,0.0,0.19088901579380035,0.0
7.68125,"[13.55744457244873, 4.5, 0.0]","[27.340368270874023, 4.5, 0.0]",3.5788969993597255,3.7801365852355957,3.7906437814992384,0.5271911621076653,0.5322051644325256,13.77960586547656,0.20858645439085066,0.3032088279724565,9.27960586547656,-0.2012395858758702,3.5607612133026123,0.2108309268951416,13.761592864990234,True,0,3.771592140197754,3.7801365852355957,0.4358172416687056,0.1705180367790617,0.30282172768896487,0.0026006975811156963,"StraightLane index=('>>', '>>>', 0)",True,3.486288070678711,0.0,-3.0517578143044024e-05,"StraightLane index=('>>', '>>>', 0)",True,0.0,True,False,0.9081100821495056,0.30542242527008057,0.0,0.30542242527008057,True,0.0,0.0,0.19088901579380035,0.0,0.19088901579380035,0.0
7.699561,"[13.628811836242676, 4.5, 0.0]","[27.416873931884766, 4.5, 0.0]",3.589440822601776,3.7969369888305664,3.7997977959923444,0.527191162102536,0.5344549417495728,13.782923698424193,0.2012395858758702,-0.3673434257490227,9.282923698424193,-0.2074961662287902,3.571601152420044,0.2108309268951416,13.761592864990234,True,0,3.7824320793151855,3.7969369888305664,0.5667114257812456,0.1733011330034991,0.30817364105221273,-0.002751215782132166,"StraightLane index=('>>', '>>>', 0)",True,3.5574445724487305,0.0,-2.2888183620005236e-05,"StraightLane index=('>>', '>>>', 0)",True,0.0,True,False,0.9081100821495056,0.30542242527008057,0.0,0.30542242527008057,True,0.0,0.0,0.19088901579380035,0.0,0.19088901579380035,0.0
7.720254,"[13.700389862060547, 4.5, 0.0]","[27.49341583251953, 4.5, 0.0]",3.6000514030460318,3.8003153800964355,3.810146885490394,0.5305290222127779,0.5328803062438965,13.788062095641601,0.2074961662287902,0.31282901764599913,9.288062095641601,-0.20026397705040377,3.5820891857147217,0.20123958587646484,13.782923698425293,True,0,3.7833287715911865,3.8003153800964355,0.5667114257812456,0.1733011330034991,0.30817364105221273,-0.0008197272681856327,"StraightLane index=('>>', '>>>', 0)",True,3.628811836242676,0.0,-1.5258789046077574e-05,"StraightLane index=('>>', '>>>', 0)",True,0.0,True,False,0.9081100821495056,0.3073539137840271,0.0,0.3073539137840271,True,0.0,0.0,0.19209619611501694,0.0,0.19209619611501694,0.0
7.740034,"[13.772178649902344, 4.5, 0.0]","[27.56996726989746, 4.5, 0.0]",3.6106619834903033,3.8169891834259033,3.82003645049117,0.5305290222135772,0.5294124484062195,13.793025970458496,0.20026397705040377,-0.36160945891932084,9.293025970458496,-0.2063271999356,3.592311382293701,0.20123958587646484,13.782923698425293,True,0,3.793550968170166,3.8169891834259033,0.5667114257812456,0.1733011330034991,0.30817364105221273,-0.0008197272681856327,"StraightLane index=('>>', '>>>', 0)",True,3.700389862060547,0.0,-1.5258789046077574e-05,"StraightLane index=('>>', '>>>', 0)",True,0.0,True,False,0.9081100821495056,0.3073539137840271,0.0,0.3073539137840271,True,0.0,0.0,0.19209619611501694,0.0,0.19209619611501694,0.0
7.759275,"[13.8441801071167, 4.5, 0.0]","[27.645998001098633, 4.5, 0.0]",3.621272563934604,3.8202605247497563,3.8296635210019305,0.5305290222150427,0.528694748878479,13.797788619994629,0.2063271999356,0.30316114425981144,9.297788619994629,-0.19898796081515213,3.6027677059173584,0.20123958587646484,13.782923698425293,True,0,3.8040072917938232,3.8202605247497563,0.5667114257812456,0.1733011330034991,0.30817364105221273,-0.0008197272681856327,"StraightLane index=('>>', '>>>', 0)",True,3.7721786499023438,0.0,-1.5258789046077574e-05,"StraightLane index=('>>', '>>>', 0)",True,0.0,True,False,0.9081100821495056,0.3073539137840271,0.0,0.3073539137840271,True,0.0,0.0,0.19209619611501694,0.0,0.19209619611501694,0.0
7.780056,"[13.916393280029297, 4.5, 0.0]","[27.722633361816406, 4.5, 0.0]",3.6318831443789485,3.8369455337524414,3.8400473659887213,0.5305290222172188,0.5299733281135559,13.801817893981445,0.19898796081515213,-0.36696195602239357,9.301817893981445,-0.20506238937349286,3.6134297847747803,0.20123958587646484,13.782923698425293,True,0,3.814669370651245,3.8369455337524414,0.5667114257812456,0.1733011330034991,0.30817364105221273,-0.0008197272681856327,"StraightLane index=('>>', '>>>', 0)",True,3.844180107116699,0.0,-1.5258789046077574e-05,"StraightLane index=('>>', '>>>', 0)",True,0.0,True,False,0.9081100821495056,0.3073539137840271,0.0,0.3073539137840271,True,0.0,0.0,0.19209619611501694,0.0,0.19209619611501694,0.0
7.799388,"[13.988819122314453, 4.5, 0.0]","[27.797359466552734, 4.5, 0.0]",3.6424937248232956,3.8400466442108154,3.8497038364905167,0.530529022217352,0.5325911641120911,13.80624008178662,0.20506238937349286,0.3037214279170364,9.30624008178662,-0.19755291938751984,3.624265432357788,0.20123958587646484,13.782923698425293,True,0,3.825505018234253,3.8400466442108154,0.43109655380249023,0.17105939908623635,0.29946879668812426,0.007885117095902838,"StraightLane index=('>>', '>>>', 0)",True,3.916393280029297,0.0,-1.5258789046077574e-05,"StraightLane index=('>>', '>>>', 0)",True,0.0,True,False,0.9081100821495056,0.3073539137840271,0.0,0.3073539137840271,True,0.0,0.0,0.19209619611501694,0.0,0.19209619611501694,0.0
7.819858,"[14.061456680297852, 4.5, 0.0]","[27.875551223754883, 4.5, 0.0]",3.6528210639956757,3.8568453788757324,3.8599488740030212,0.5163669586190078,0.5244194269180298,13.808540344237178,0.19755291938751984,-0.3754734992986508,9.308540344237178,-0.20402431488005668,3.6393399238586426,0.2050623893737793,13.80624008178711,True,0,3.844402313232422,3.8568453788757324,0.43109655380249023,0.17105939908623635,0.29946879668812426,-0.0003047101078477721,"StraightLane index=('>>', '>>>', 0)",True,3.988819122314453,0.0,-2.2888183620005236e-05,"StraightLane index=('>>', '>>>', 0)",True,0.0,True,False,0.9344134330749512,0.2991640865802765,0.0,0.2991640865802765,True,0.0,0.0,0.1869775541126728,0.0,0.1869775541126728,0.0
7.840773,"[14.134306907653809, 4.5, 0.0]","[27.954212188720703, 4.5, 0.0]",3.663148403168049,3.860327959060669,3.8704047639941566,0.5163669586186526,0.5282800197601318,13.814094543455928,0.20402431488005668,0.3235697746268418,9.314094543455928,-0.19717955589262015,3.644989013671875,0.2050623893737793,13.80624008178711,True,0,3.8500514030456543,3.860327959060669,0.43109655380249023,0.17105939908623635,0.29946879668812426,-0.0003047101078477721,"StraightLane index=('>>', '>>>', 0)",True,4.061456680297852,0.0,-2.2888183620005236e-05,"StraightLane index=('>>', '>>>', 0)",True,0.0,True,False,0.9344134330749512,0.2991640865802765,0.0,0.2991640865802765,True,0.0,0.0,0.1869775541126728,0.0,0.1869775541126728,0.0
7.859033,"[14.20736312866211, 4.5, 0.0]","[28.029247283935547, 4.5, 0.0]",3.6734757423403828,3.8766770362854004,3.8795411964994853,0.5163669586166986,0.5234369039535522,13.819905281065791,0.19717955589262015,-0.3422379493718264,9.319905281065791,-0.20320129394501762,3.6602704524993896,0.2050623893737793,13.80624008178711,True,0,3.865332841873169,3.8766770362854004,0.43109655380249023,0.17105939908623635,0.29946879668812426,-0.0003047101078477721,"StraightLane index=('>>', '>>>', 0)",True,4.134306907653809,0.0,-2.2888183620005236e-05,"StraightLane index=('>>', '>>>', 0)",True,0.0,True,False,0.9344134330749512,0.2991640865802765,0.0,0.2991640865802765,True,0.0,0.0,0.1869775541126728,0.0,0.1869775541126728,0.0
7.88011,"[14.28062629699707, 4.5, 0.0]","[28.109085083007812, 4.5, 0.0]",3.6838030815127265,3.8803114891052246,3.8900728420005177,0.5163669586171871,0.5294409990310669,13.821884155272334,0.20320129394501762,0.3010869026198737,9.321884155272334,-0.1965084075924981,3.6661345958709717,0.2050623893737793,13.80624008178711,True,0,3.871196985244751,3.8803114891052246,0.43109655380249023,0.17105939908623635,0.29946879668812426,-0.0003047101078477721,"StraightLane index=('>>', '>>>', 0)",True,4.207363128662109,0.0,-2.2888183620005236e-05,"StraightLane index=('>>', '>>>', 0)",True,0.0,True,False,0.9344134330749512,0.2991640865802765,0.0,0.2991640865802765,True,0.0,0.0,0.1869775541126728,0.0,0.1869775541126728,0.0
7.89907,"[14.354095458984375, 4.5, 0.0]","[28.184429168701172, 4.5, 0.0]",3.6941304206850694,3.896700620651245,3.8995568059937793,0.5163669586171427,0.5276793837547302,13.828458786010252,0.1965084075924981,-0.33464431762597613,9.328458786010252,-0.20257019996617576,3.6765012741088867,0.2050623893737793,13.80624008178711,True,0,3.881563663482666,3.896700620651245,0.5665397644042969,0.1737823509317631,0.30545298090977735,-0.00628889432950086,"StraightLane index=('>>', '>>>', 0)",True,4.28062629699707,0.0,-1.5258789046077574e-05,"StraightLane index=('>>', '>>>', 0)",True,0.0,True,False,0.9344134330749512,0.2991640865802765,0.0,0.2991640865802765,True,0.0,0.0,0.1869775541126728,0.0,0.1869775541126728,0.0
7.919626,"[14.42777156829834, 4.5, 0.0]","[28.262619018554688, 4.5, 0.0]",3.7046341896058848,3.9000360965728764,3.9098241689964195,0.5251884460407696,0.5243954658508301,13.830333709716797,0.20257019996617576,0.30308961868388273,9.330333709716797,-0.19540190696699167,3.6866395473480225,0.19650840759277344,13.828458786010742,True,0,3.883147954940796,3.9000360965728764,0.5665397644042969,0.1737823509317631,0.30545298090977735,-0.0011727594475275938,"StraightLane index=('>>', '>>>', 0)",True,4.354095458984375,0.0,0.0,"StraightLane index=('>>', '>>>', 0)",True,0.0,True,False,0.9344134330749512,0.30428022146224976,0.0,0.30428022146224976,True,0.0,0.0,0.1901751384139061,0.0,0.1901751384139061,0.0
7.939246,"[14.501654624938965, 4.5, 0.0]","[28.340940475463867, 4.5, 0.0]",3.715137958526718,3.916680097579956,3.9196444509900172,0.5251884460416578,0.5241140723228455,13.834847450256348,0.19540190696699167,-0.35841464995920447,9.334847450256348,-0.20154213905323815,3.697042942047119,0.19650840759277344,13.828458786010742,True,0,3.8935513496398926,3.916680097579956,0.5665397644042969,0.1737823509317631,0.30545298090977735,-0.0011727594475275938,"StraightLane index=('>>', '>>>', 0)",True,4.42777156829834,0.0,0.0,"StraightLane index=('>>', '>>>', 0)",True,0.0,True,False,0.9344134330749512,0.30428022146224976,0.0,0.30428022146224976,True,0.0,0.0,0.1901751384139061,0.0,0.1901751384139061,0.0
7.959259,"[14.5757474899292, 4.5, 0.0]","[28.419282913208008, 4.5, 0.0]",3.7256417274476057,3.9199931621551514,3.929654430993833,0.525188446044389,0.5412078499794006,13.83928585052478,0.20154213905323815,0.3070116043123239,9.33928585052478,-0.19435143470754568,3.7094597816467285,0.19650840759277344,13.828458786010742,True,0,3.905968189239502,3.9199931621551514,0.5665397644042969,0.1737823509317631,0.30545298090977735,-0.0011727594475275938,"StraightLane index=('>>', '>>>', 0)",True,4.501654624938965,0.0,-7.629394523038787e-06,"StraightLane index=('>>', '>>>', 0)",True,0.0,True,False,0.9344134330749512,0.30428022146224976,0.0,0.30428022146224976,True,0.0,0.0,0.1901751384139061,0.0,0.1901751384139061,0.0
7.979911,"[14.650050163269043, 4.5, 0.0]","[28.49811553955078, 4.5, 0.0]",3.736145496368501,3.9367027282714844,3.9399758309911705,0.5251884460447664,0.5342264175415039,13.843535423278686,0.19435143470754568,-0.35953521728462334,9.343535423278686,-0.20055723190298336,3.719486713409424,0.19650840759277344,13.828458786010742,True,0,3.9159951210021973,3.9367027282714844,0.5665397644042969,0.1737823509317631,0.30545298090977735,-0.0011727594475275938,"StraightLane index=('>>', '>>>', 0)",True,4.575747489929199,0.0,-7.629394523038787e-06,"StraightLane index=('>>', '>>>', 0)",True,0.0,True,False,0.9344134330749512,0.30428022146224976,0.0,0.30428022146224976,True,0.0,0.0,0.1901751384139061,0.0,0.1901751384139061,0.0
7.999402,"[14.724562644958496, 4.5, 0.0]","[28.57657241821289, 4.5, 0.0]",3.746649265289398,3.9400298595428467,3.9497218209900895,0.5251884460448553,0.5268385410308838,13.848065376281616,0.20055723190298336,0.31028985977188395,9.348065376281616,-0.19338059425344856,3.7293033599853516,0.19650840759277344,13.828458786010742,True,0,3.925811767578125,3.9400298595428467,0.4332923889160156,0.17156934945064733,0.29726673571538886,0.007013485746860892,"StraightLane index=('>>', '>>>', 0)",True,4.650050163269043,0.0,-7.629394523038787e-06,"StraightLane index=('>>', '>>>', 0)",True,0.0,True,False,0.9344134330749512,0.30428022146224976,0.0,0.30428022146224976,True,0.0,0.0,0.1901751384139061,0.0,0.1901751384139061,0.0
8.01957,"[14.799285888671875, 4.5, 0.0]","[28.65606689453125, 4.5, 0.0]",3.756906032562347,3.956737995147705,3.9598033605027014,0.5128383636474387,0.5234951972961426,13.852009773254272,0.19338059425344856,-0.35883188247674,9.352009773254272,-0.19983196258535818,3.7394180297851562,0.20055723190307617,13.848065376281738,True,0,3.9399752616882324,3.956737995147705,0.4332923889160156,0.17156934945064733,0.29726673571538886,-0.00016324130964240346,"StraightLane index=('>>', '>>>', 0)",True,4.724562644958496,0.0,-7.629394523038787e-06,"StraightLane index=('>>', '>>>', 0)",True,0.0,True,False,0.9604533910751343,0.29710349440574646,0.0,0.29710349440574646,True,0.0,0.0,0.18568968400359154,0.0,0.18568968400359154,0.0
8.039605,"[14.874218940734863, 4.5, 0.0]","[28.735586166381836, 4.5, 0.0]",3.7671627998352832,3.963406801223755,3.9698221329919763,0.512838363646817,0.5232264399528503,13.856781005859252,0.19983196258535818,0.3225684165954812,9.356781005859252,-0.19624400138847164,3.749804735183716,0.20055723190307617,13.848065376281738,True,0,3.950361967086792,3.963406801223755,0.4332923889160156,0.17156934945064733,0.29726673571538886,-0.00016324130964240346,"StraightLane index=('>>', '>>>', 0)",True,4.799285888671875,0.0,-7.629394523038787e-06,"StraightLane index=('>>', '>>>', 0)",True,0.0,True,False,0.9604533910751343,0.29710349440574646,0.0,0.29710349440574646,True,0.0,0.0,0.18568968400359154,0.0,0.18568968400359154,0.0
8.058845,"[14.949357032775879, 4.5, 0.0]","[28.814531326293945, 4.5, 0.0]",3.77741956710821,3.973336935043335,3.9794479969888927,0.5128383636463285,0.5205474495887756,13.86136722564685,0.19624400138847164,-0.17939805984432677,9.36136722564685,-0.19591736793512515,3.7599453926086426,0.20055723190307617,13.848065376281738,True,0,3.9605026245117188,3.973336935043335,0.4332923889160156,0.17156934945064733,0.29726673571538886,-0.00016324130964240346,"StraightLane index=('>>', '>>>', 0)",True,4.874218940734863,0.0,-7.629394523038787e-06,"StraightLane index=('>>', '>>>', 0)",True,0.0,True,False,0.9604533910751343,0.29710349440574646,0.0,0.29710349440574646,True,0.0,0.0,0.18568968400359154,0.0,0.18568968400359154,0.0
8.079927,"[15.024700164794922, 4.5, 0.0]","[28.894237518310547, 4.5, 0.0]",3.78767633438117,3.983362913131714,3.989981790992897,0.512838363648016,0.5170463919639587,13.865174293518066,0.19591736793512515,-0.016331672667324604,9.365174293518066,-0.19568657875054374,3.769916296005249,0.20055723190307617,13.848065376281738,True,0,3.970473527908325,3.983362913131714,0.4332923889160156,0.17156934945064733,0.29726673571538886,-0.00016324130964240346,"StraightLane index=('>>', '>>>', 0)",True,4.949357032775879,0.0,0.0,"StraightLane index=('>>', '>>>', 0)",True,0.0,True,False,0.9604533910751343,0.29710349440574646,0.0,0.29710349440574646,True,0.0,0.0,0.18568968400359154,0.0,0.18568968400359154,0.0
8.099222,"[15.100248336791992, 4.5, 0.0]","[28.973529815673828, 4.5, 0.0]",3.7979331016541225,3.9933369159698486,3.9996334319905147,0.5128383636476164,0.5170577764511108,13.869537353515502,0.19568657875054374,-0.011539459229070737,9.369537353515502,-0.19540381431572618,3.7802045345306396,0.20055723190307617,13.848065376281738,True,0,3.980761766433716,3.9933369159698486,0.5330705642700195,0.17306988425503328,0.3000823635602553,-0.0029788691545088453,"StraightLane index=('>>', '>>>', 0)",True,5.024700164794922,0.0,-7.629394523038787e-06,"StraightLane index=('>>', '>>>', 0)",True,0.0,True,False,0.9604533910751343,0.29710349440574646,0.0,0.29710349440574646,True,0.0,0.0,0.18568968400359154,0.0,0.18568968400359154,0.0
8.119326,"[15.17600154876709, 4.5, 0.0]","[29.0540828704834, 4.5, 0.0]",3.808362483978344,4.003385066986084,4.009685421496397,0.5214691162110707,0.519562304019928,13.873281478881713,0.19540381431572618,-0.014138221740878087,9.373281478881713,-0.1950225830077401,3.7907681465148926,0.19568657875061035,13.869537353515625,True,0,3.986454725265503,4.003385066986084,0.5330705642700195,0.17306988425503328,0.3000823635602553,0.0020281892275254565,"StraightLane index=('>>', '>>>', 0)",True,5.100248336791992,0.0,-7.629394523038787e-06,"StraightLane index=('>>', '>>>', 0)",True,0.0,True,False,0.9604533910751343,0.30211055278778076,0.0,0.30211055278778076,True,0.0,0.0,0.18881909549236298,0.0,0.18881909549236298,0.0
8.139973,"[15.251959800720215, 4.5, 0.0]","[29.136524200439453, 4.5, 0.0]",3.8187918663025657,4.013626575469971,4.020010231502238,0.5214691162110929,0.5190749764442444,13.878081321716186,0.1950225830077401,-0.01906156539930315,9.378081321716186,-0.19483470916740497,3.801077127456665,0.19568657875061035,13.869537353515625,True,0,3.9967637062072754,4.013626575469971,0.5330705642700195,0.17306988425503328,0.3000823635602553,0.0020281892275254565,"StraightLane index=('>>', '>>>', 0)",True,5.17600154876709,0.0,-7.629394523038787e-06,"StraightLane index=('>>', '>>>', 0)",True,0.0,True,False,0.9604533910751343,0.30211055278778076,0.0,0.30211055278778076,True,0.0,0.0,0.18881909549236298,0.0,0.18881909549236298,0.0
8.158893,"[15.328126907348633, 4.5, 0.0]","[29.21474838256836, 4.5, 0.0]",3.8292212486267916,4.023343563079834,4.0294713864888765,0.5214691162112928,0.5124629735946655,13.884564399719116,0.19483470916740497,-0.009393692016756994,9.384564399719116,-0.1941223144530424,3.815873146057129,0.19568657875061035,13.869537353515625,True,0,4.011559724807739,4.023343563079834,0.5330705642700195,0.17306988425503328,0.3000823635602553,0.0020281892275254565,"StraightLane index=('>>', '>>>', 0)",True,5.251959800720215,0.0,-7.629394523038787e-06,"StraightLane index=('>>', '>>>', 0)",True,0.0,True,False,0.9604533910751343,0.30211055278778076,0.0,0.30211055278778076,True,0.0,0.0,0.18881909549236298,0.0,0.18881909549236298,0.0
8.180138,"[15.404502868652344, 4.5, 0.0]","[29.29736328125, 4.5, 0.0]",3.8396506309510148,4.03360652923584,4.040087137999945,0.5214691162111595,0.518388569355011,13.886621475219604,0.1941223144530424,-0.03561973571812871,9.386621475219604,-0.19395589828482507,3.8216195106506348,0.19568657875061035,13.869537353515625,True,0,4.017306089401245,4.03360652923584,0.5330705642700195,0.17306988425503328,0.3000823635602553,0.0020281892275254565,"StraightLane index=('>>', '>>>', 0)",True,5.328126907348633,0.0,-7.629394523038787e-06,"StraightLane index=('>>', '>>>', 0)",True,0.0,True,False,0.9604533910751343,0.30211055278778076,0.0,0.30211055278778076,True,0.0,0.0,0.18881909549236298,0.0,0.18881909549236298,0.0
8.200194,"[15.481087684631348, 4.5, 0.0]","[29.376035690307617, 4.5, 0.0]",3.8500800132752335,4.043379306793213,4.050114885499352,0.5214691162109375,0.5216335654258728,13.892860412597534,0.19395589828482507,-0.008320808410866576,9.392860412597534,-0.19329929351797936,3.832291603088379,0.19568657875061035,13.869537353515625,True,0,4.027978181838989,4.043379306793213,0.5004239082336426,0.17327773261770743,0.29892227340439403,0.0031882793833867273,"StraightLane index=('>>', '>>>', 0)",True,5.404502868652344,0.0,-7.629394523038787e-06,"StraightLane index=('>>', '>>>', 0)",True,0.0,True,False,0.9604533910751343,0.30211055278778076,0.0,0.30211055278778076,True,0.0,0.0,0.18881909549236298,0.0,0.18881909549236298,0.0
8.220114,"[15.557880401611328, 4.5, 0.0]","[29.459381103515625, 4.5, 0.0]",3.8603796958924304,4.053646087646484,4.060079018500983,0.5149841308598413,0.5152451395988464,13.894948005676147,0.19329929351797936,-0.032830238342285156,9.394948005676147,-0.19326639175405402,3.847240686416626,0.1939558982849121,13.892860412597656,True,0,4.041196584701538,4.053646087646484,0.5004239082336426,0.17327773261770743,0.29892227340439403,-0.0005686609814509191,"StraightLane index=('>>', '>>>', 0)",True,5.481087684631348,0.0,-7.629394523038787e-06,"StraightLane index=('>>', '>>>', 0)",True,0.0,True,False,0.9861332178115845,0.2983536124229431,0.0,0.2983536124229431,True,0.0,0.0,0.18647100776433945,0.0,0.18647100776433945,0.0
8.240151,"[15.634881973266602, 4.5, 0.0]","[29.54106330871582, 4.5, 0.0]",3.8706793785096276,4.063668727874757,4.070097167498898,0.5149841308598635,0.519823431968689,13.901500701904173,0.19326639175405402,-0.001645088196267075,9.401500701904173,-0.19298934936512913,3.8528733253479004,0.1939558982849121,13.892860412597656,True,0,4.0468292236328125,4.063668727874757,0.5004239082336426,0.17327773261770743,0.29892227340439403,-0.0005686609814509191,"StraightLane index=('>>', '>>>', 0)",True,5.557880401611328,0.0,-7.629394523038787e-06,"StraightLane index=('>>', '>>>', 0)",True,0.0,True,False,0.9861332178115845,0.2983536124229431,0.0,0.2983536124229431,True,0.0,0.0,0.18647100776433945,0.0,0.18647100776433945,0.0
8.259396,"[15.712089538574219, 4.5, 0.0]","[29.621967315673828, 4.5, 0.0]",3.8809790611268205,4.0735955238342285,4.079721674500615,0.5149841308596415,0.5209288001060486,13.906181335449094,0.19298934936512913,-0.01385211944624487,9.406181335449094,-0.19261646270740806,3.8633382320404053,0.1939558982849121,13.892860412597656,True,0,4.057294130325317,4.0735955238342285,0.5004239082336426,0.17327773261770743,0.29892227340439403,-0.0005686609814509191,"StraightLane index=('>>', '>>>', 0)",True,5.634881973266602,0.0,-7.629394523038787e-06,"StraightLane index=('>>', '>>>', 0)",True,0.0,True,False,0.9861332178115845,0.2983536124229431,0.0,0.2983536124229431,True,0.0,0.0,0.18647100776433945,0.0,0.18647100776433945,0.0
8.280026,"[15.78950309753418, 4.5, 0.0]","[29.70374298095703, 4.5, 0.0]",3.8912787437440146,4.083629131317139,4.090031688497401,0.5149841308597081,0.5193650722503662,13.909877777099485,0.19261646270740806,-0.01864433288605305,9.409877777099485,-0.19235038757312406,3.8735556602478027,0.1939558982849121,13.892860412597656,True,0,4.067511558532715,4.083629131317139,0.5004239082336426,0.17327773261770743,0.29892227340439403,-0.0005686609814509191,"StraightLane index=('>>', '>>>', 0)",True,5.712089538574219,0.0,-7.629394523038787e-06,"StraightLane index=('>>', '>>>', 0)",True,0.0,True,False,0.9861332178115845,0.2983536124229431,0.0,0.2983536124229431,True,0.0,0.0,0.18647100776433945,0.0,0.18647100776433945,0.0
8.299812,"[15.867122650146484, 4.5, 0.0]","[29.78506851196289, 4.5, 0.0]",3.9015784263611915,4.0936079025268555,4.099927844991907,0.5149841308588421,0.5167276859283447,13.914239883422727,0.19235038757312406,-0.013303756714200254,9.414239883422727,-0.19202947616566401,3.8835980892181396,0.1939558982849121,13.892860412597656,True,0,4.077553987503052,4.0936079025268555,0.5022859573364258,0.17352996786271158,0.2983491273703932,4.485052549907387e-06,"StraightLane index=('>>', '>>>', 0)",True,5.78950309753418,0.0,-7.629394523038787e-06,"StraightLane index=('>>', '>>>', 0)",True,0.0,True,False,0.9861332178115845,0.2983536124229431,0.0,0.2983536124229431,True,0.0,0.0,0.18647100776433945,0.0,0.18647100776433945,0.0
8.319626,"[15.944948196411133, 4.5, 0.0]","[29.865583419799805, 4.5, 0.0]",3.9118437767029874,4.1034040451049805,4.109828929492505,0.5132675170897993,0.5173719525337219,13.917945861816282,0.19202947616566401,-0.01604557037300225,9.417945861816282,-0.19156026840199303,3.8939497470855713,0.1923503875732422,13.914239883422852,True,0,4.0863001346588135,4.1034040451049805,0.5022859573364258,0.17352996786271158,0.2983491273703932,-0.0009813757720350536,"StraightLane index=('>>', '>>>', 0)",True,5.867122650146484,0.0,-7.629394523038787e-06,"StraightLane index=('>>', '>>>', 0)",True,0.0,True,False,0.9861332178115845,0.29736775159835815,0.0,0.29736775159835815,True,0.0,0.0,0.18585484474897385,0.0,0.18585484474897385,0.0
8.339908,"[16.022979736328125, 4.5, 0.0]","[29.94814109802246, 4.5, 0.0]",3.922109127044782,4.1134114265441895,4.119972332500037,0.5132675170897327,0.5203061699867249,13.920635223388548,0.19156026840199303,-0.02346038818354934,9.420635223388548,-0.19130229949940736,3.904567241668701,0.1923503875732422,13.914239883422852,True,0,4.096917629241943,4.1134114265441895,0.5022859573364258,0.17352996786271158,0.2983491273703932,-0.0009813757720350536,"StraightLane index=('>>', '>>>', 0)",True,5.944948196411133,0.0,-7.629394523038787e-06,"StraightLane index=('>>', '>>>', 0)",True,0.0,True,False,0.9861332178115845,0.29736775159835815,0.0,0.29736775159835815,True,0.0,0.0,0.18585484474897385,0.0,0.18585484474897385,0.0
8.359318,"[16.10121726989746, 4.5, 0.0]","[30.032093048095703, 4.5, 0.0]",3.932374477386579,4.123587131500244,4.129684317990905,0.5132675170898438,0.513759195804596,13.925161361694212,0.19130229949940736,-0.012898445129283509,9.425161361694212,-0.19121265411366517,3.9194576740264893,0.1923503875732422,13.914239883422852,True,0,4.1118080615997314,4.123587131500244,0.5022859573364258,0.17352996786271158,0.2983491273703932,-0.0009813757720350536,"StraightLane index=('>>', '>>>', 0)",True,6.022979736328125,0.0,-7.629394523038787e-06,"StraightLane index=('>>', '>>>', 0)",True,0.0,True,False,0.9861332178115845,0.29736775159835815,0.0,0.29736775159835815,True,0.0,0.0,0.18585484474897385,0.0,0.18585484474897385,0.0
8.380089,"[16.179658889770508, 4.5, 0.0]","[30.11492347717285, 4.5, 0.0]",3.942639827728379,4.133627414703369,4.14006391199946,0.5132675170899992,0.5183462500572205,13.930875778198118,0.19121265411366517,-0.004482269287109375,9.430875778198118,-0.1909875869749902,3.925076484680176,0.1923503875732422,13.914239883422852,True,0,4.117426872253418,4.133627414703369,0.5022859573364258,0.17352996786271158,0.2983491273703932,-0.0009813757720350536,"StraightLane index=('>>', '>>>', 0)",True,6.101217269897461,0.0,-7.629394523038787e-06,"StraightLane index=('>>', '>>>', 0)",True,0.0,True,False,0.9861332178115845,0.29736775159835815,0.0,0.29736775159835815,True,0.0,0.0,0.18585484474897385,0.0,0.18585484474897385,0.0
8.399752,"[16.2583065032959, 4.5, 0.0]","[30.1973876953125, 4.5, 0.0]",3.9529051780701834,4.143622875213623,4.149896190999425,0.5132675170902212,0.5195344686508179,13.93526458740222,0.1909875869749902,-0.011253356933749181,9.43526458740222,-0.19071769714343967,3.935520648956299,0.1923503875732422,13.914239883422852,True,0,4.127871036529541,4.143622875213623,0.5001497268676758,0.17368221151680907,0.29764871466004483,-0.00028096306168667873,"StraightLane index=('>>', '>>>', 0)",True,6.179658889770508,0.0,-7.629394523038787e-06,"StraightLane index=('>>', '>>>', 0)",True,0.0,True,False,0.9861332178115845,0.29736775159835815,0.0,0.29736775159835815,True,0.0,0.0,0.18585484474897385,0.0,0.18585484474897385,0.0
8.419574,"[16.337160110473633, 4.5, 0.0]","[30.27874183654785, 4.5, 0.0]",3.963153362274307,4.153402328491211,4.159805559992674,0.5124092102061883,0.518114447593689,13.939081192016477,0.19071769714343967,-0.013494491577525913,9.439081192016477,-0.1902489662169038,3.945725917816162,0.19098758697509766,13.935264587402344,True,0,4.13671350479126,4.153402328491211,0.5001497268676758,0.17368221151680907,0.29764871466004483,-0.0007813142522536953,"StraightLane index=('>>', '>>>', 0)",True,6.258306503295898,0.0,-7.629394523038787e-06,"StraightLane index=('>>', '>>>', 0)",True,0.0,True,False,1.0113197565078735,0.29686740040779114,0.0,0.29686740040779114,True,0.0,0.0,0.18554212525486946,0.0,0.18554212525486946,0.0
8.439447,"[16.416217803955078, 4.5, 0.0]","[30.36231231689453, 4.5, 0.0]",3.9734015464785037,4.1634111404418945,4.169744831498247,0.5124092102098299,0.5156552195549011,13.94158172607224,0.1902489662169038,-0.023436546326793817,9.44158172607224,-0.1900095939633908,3.9557628631591797,0.19098758697509766,13.935264587402344,True,0,4.146750450134277,4.1634111404418945,0.5001497268676758,0.17368221151680907,0.29764871466004483,-0.0007813142522536953,"StraightLane index=('>>', '>>>', 0)",True,6.337160110473633,0.0,-3.0517578143044024e-05,"StraightLane index=('>>', '>>>', 0)",True,0.0,True,False,1.0113197565078735,0.29686740040779114,0.0,0.29686740040779114,True,0.0,0.0,0.18554212525486946,0.0,0.18554212525486946,0.0
8.459339,"[16.495481491088867, 4.5, 0.0]","[30.445444107055664, 4.5, 0.0]",3.98364973068264,4.176700115203857,4.1796940419910245,0.5124092102068101,0.516491174697876,13.946094512939329,0.1900095939633908,-0.011968612675650192,9.446094512939329,-0.19305038452121748,3.9661142826080322,0.19098758697509766,13.935264587402344,True,0,4.15710186958313,4.176700115203857,0.5001497268676758,0.17368221151680907,0.29764871466004483,-0.0007813142522536953,"StraightLane index=('>>', '>>>', 0)",True,6.416217803955078,0.0,-7.629394523038787e-06,"StraightLane index=('>>', '>>>', 0)",True,0.0,True,False,1.0113197565078735,0.29686740040779114,0.0,0.29686740040779114,True,0.0,0.0,0.18554212525486946,0.0,0.18554212525486946,0.0
8.479612,"[16.574949264526367, 4.5, 0.0]","[30.52893829345703, 4.5, 0.0]",3.9938979148866887,4.180033206939697,4.189826560995425,0.5124092102024358,0.515006422996521,13.949962615966797,0.19305038452121748,0.15203952789133446,9.449962615966797,-0.1861352920530086,3.9762513637542725,0.19098758697509766,13.935264587402344,True,0,4.16723895072937,4.180033206939697,0.5001497268676758,0.17368221151680907,0.29764871466004483,-0.0007813142522536953,"StraightLane index=('>>', '>>>', 0)",True,6.495481491088867,0.0,0.0,"StraightLane index=('>>', '>>>', 0)",True,0.0,True,False,1.0113197565078735,0.29686740040779114,0.0,0.29686740040779114,True,0.0,0.0,0.18554212525486946,0.0,0.18554212525486946,0.0
8.499154,"[16.65462303161621, 4.5, 0.0]","[30.612390518188477, 4.5, 0.0]",4.00414609909069,4.196693420410156,4.199600092996843,0.5124092102000599,0.5126903057098389,13.953989028930664,0.1861352920530086,-0.3457546234104436,9.453989028930664,-0.1925473213194664,3.9862418174743652,0.19098758697509766,13.935264587402344,True,0,4.177229404449463,4.196693420410156,0.530705451965332,0.1748886811839148,0.30004444004156794,-0.0031770396337768014,"StraightLane index=('>>', '>>>', 0)",True,6.574949264526367,0.0,0.0,"StraightLane index=('>>', '>>>', 0)",True,0.0,True,False,1.0113197565078735,0.29686740040779114,0.0,0.29686740040779114,True,0.0,0.0,0.18554212525486946,0.0,0.18554212525486946,0.0
8.519553,"[16.734500885009766, 4.5, 0.0]","[30.69675636291504, 4.5, 0.0]",4.014363765716583,4.200050354003906,4.209793095494388,0.5108833312946537,0.5138080716133118,13.957767486571772,0.1925473213194664,0.3206014633228893,9.457767486571772,-0.18568658828732332,3.9965643882751465,0.18613529205322266,13.953989028930664,True,0,4.182699680328369,4.200050354003906,0.530705451965332,0.1748886811839148,0.30004444004156794,-0.00403931022741999,"StraightLane index=('>>', '>>>', 0)",True,6.654623031616211,0.0,1.5258789046077574e-05,"StraightLane index=('>>', '>>>', 0)",True,0.0,True,False,1.0113197565078735,0.29600512981414795,0.0,0.29600512981414795,True,0.0,0.0,0.18500320613384247,0.0,0.18500320613384247,0.0
8.539371,"[16.814584732055664, 4.5, 0.0]","[30.781387329101562, 4.5, 0.0]",4.024581432342531,4.216732025146484,4.219706936494913,0.510883331297407,0.5126861929893494,13.96225547790416,0.18568658828732332,-0.3430366516071537,9.46225547790416,-0.1921505928039533,4.006687641143799,0.18613529205322266,13.953989028930664,True,0,4.1928229331970215,4.216732025146484,0.530705451965332,0.1748886811839148,0.30004444004156794,-0.00403931022741999,"StraightLane index=('>>', '>>>', 0)",True,6.734500885009766,0.0,2.2888183620005236e-05,"StraightLane index=('>>', '>>>', 0)",True,0.0,True,False,1.0113197565078735,0.29600512981414795,0.0,0.29600512981414795,True,0.0,0.0,0.18500320613384247,0.0,0.18500320613384247,0.0
8.559232,"[16.894872665405273, 4.5, 0.0]","[30.86687660217285, 4.5, 0.0]",4.0347990989685645,4.220183372497559,4.2296325579984115,0.5108833313016703,0.5107690691947937,13.966802597043916,0.1921505928039533,0.3232002258314992,9.466802597043916,-0.18538427352899411,4.0166754722595215,0.18613529205322266,13.953989028930664,True,0,4.202810764312744,4.220183372497559,0.530705451965332,0.1748886811839148,0.30004444004156794,-0.00403931022741999,"StraightLane index=('>>', '>>>', 0)",True,6.814584732055664,0.0,3.0517578143044024e-05,"StraightLane index=('>>', '>>>', 0)",True,0.0,True,False,1.0113197565078735,0.29600512981414795,0.0,0.29600512981414795,True,0.0,0.0,0.18500320613384247,0.0,0.18500320613384247,0.0
8.580557,"[16.975364685058594, 4.5, 0.0]","[30.952205657958984, 4.5, 0.0]",4.045016765594659,4.236947536468506,4.2402919834887145,0.5108833313047345,0.5122876763343811,13.972003936763118,0.18538427352899411,-0.33831596374795936,9.472003936763118,-0.1919307708738467,4.027003765106201,0.18613529205322266,13.953989028930664,True,0,4.213139057159424,4.236947536468506,0.530705451965332,0.1748886811839148,0.30004444004156794,-0.00403931022741999,"StraightLane index=('>>', '>>>', 0)",True,6.894872665405273,0.0,4.5776367189121594e-05,"StraightLane index=('>>', '>>>', 0)",True,0.0,True,False,1.0113197565078735,0.29600512981414795,0.0,0.29600512981414795,True,0.0,0.0,0.18500320613384247,0.0,0.18500320613384247,0.0
8.600139,"[17.056060791015625, 4.5, 0.0]","[31.036705017089844, 4.5, 0.0]",4.055234432220908,4.240281105041504,4.250089488489903,0.5108833313124617,0.5161519646644592,13.976840972894319,0.1919307708738467,0.32732486724262877,9.476840972894319,-0.1850466728205955,4.037621974945068,0.18613529205322266,13.953989028930664,True,0,4.223757266998291,4.240281105041504,0.43587684631347656,0.172655502686495,0.29293584001988204,0.003069289794265906,"StraightLane index=('>>', '>>>', 0)",True,6.975364685058594,0.0,5.340576171216038e-05,"StraightLane index=('>>', '>>>', 0)",True,0.0,True,False,1.0113197565078735,0.29600512981414795,0.0,0.29600512981414795,True,0.0,0.0,0.18500320613384247,0.0,0.18500320613384247,0.0
8.619685,"[17.136960983276367, 4.5, 0.0]","[31.120088577270508, 4.5, 0.0]",4.065316677094327,4.256735801696777,4.259863681002753,0.5041122436709511,0.5168375968933105,13.980644226064179,0.1850466728205955,-0.3442049026625593,9.480644226064179,-0.19141912460244992,4.047991752624512,0.19193077087402344,13.97684097290039,True,0,4.239922523498535,4.256735801696777,0.43587684631347656,0.172655502686495,0.29293584001988204,-0.0008889652583006225,"StraightLane index=('>>', '>>>', 0)",True,7.056060791015625,0.0,6.866455075823796e-05,"StraightLane index=('>>', '>>>', 0)",True,0.0,True,False,1.0359002351760864,0.2920468747615814,0.0,0.2920468747615814,True,0.0,0.0,0.1825292967259884,0.0,0.1825292967259884,0.0
8.639921,"[17.21806526184082, 4.5, 0.0]","[31.207761764526367, 4.5, 0.0]",4.075398921967687,4.260323524475098,4.269980548491003,0.5041122436679757,0.5116012692451477,13.983127593989677,0.19141912460244992,0.3186225890927208,9.483127593989677,-0.18492460250741072,4.062880039215088,0.19193077087402344,13.97684097290039,True,0,4.254810810089111,4.260323524475098,0.43587684631347656,0.172655502686495,0.29293584001988204,-0.0008889652583006225,"StraightLane index=('>>', '>>>', 0)",True,7.136960983276367,0.0,4.5776367189121594e-05,"StraightLane index=('>>', '>>>', 0)",True,0.0,True,False,1.0359002351760864,0.2920468747615814,0.0,0.2920468747615814,True,0.0,0.0,0.1825292967259884,0.0,0.1825292967259884,0.0
8.659506,"[17.29937171936035, 4.5, 0.0]","[31.292814254760742, 4.5, 0.0]",4.085481166840999,4.276937484741211,4.279774288489716,0.504112243665622,0.5178844928741455,13.98969650267947,0.18492460250741072,-0.32472610475196007,9.48969650267947,-0.19145631790021156,4.068655014038086,0.19193077087402344,13.97684097290039,True,0,4.260585784912109,4.276937484741211,0.43587684631347656,0.172655502686495,0.29293584001988204,-0.0008889652583006225,"StraightLane index=('>>', '>>>', 0)",True,7.21806526184082,0.0,5.340576171216038e-05,"StraightLane index=('>>', '>>>', 0)",True,0.0,True,False,1.0359002351760864,0.2920468747615814,0.0,0.2920468747615814,True,0.0,0.0,0.1825292967259884,0.0,0.1825292967259884,0.0
8.680195,"[17.38088035583496, 4.5, 0.0]","[31.378726959228516, 4.5, 0.0]",4.0955634117142505,4.2803192138671875,4.290114794496913,0.5041122436625578,0.5170941948890686,13.993442535395925,0.19145631790021156,0.32658576964004205,9.493442535395925,-0.18475580215293697,4.078896999359131,0.19193077087402344,13.97684097290039,True,0,4.270827770233154,4.2803192138671875,0.43587684631347656,0.172655502686495,0.29293584001988204,-0.0008889652583006225,"StraightLane index=('>>', '>>>', 0)",True,7.299371719360352,0.0,4.5776367189121594e-05,"StraightLane index=('>>', '>>>', 0)",True,0.0,True,False,1.0359002351760864,0.2920468747615814,0.0,0.2920468747615814,True,0.0,0.0,0.1825292967259884,0.0,0.1825292967259884,0.0
8.699536,"[17.462589263916016, 4.5, 0.0]","[31.4637451171875, 4.5, 0.0]",4.105645656587475,4.296929359436035,4.299787046492566,0.5041122436612255,0.5151440501213074,13.997846603387474,0.18475580215293697,-0.3350257873637297,9.497846603387474,-0.1912837028485601,4.0889692306518555,0.19193077087402344,13.97684097290039,True,0,4.280900001525879,4.296929359436035,0.5664825439453125,0.17521684145593142,0.29955124830749547,-0.007504373545914045,"StraightLane index=('>>', '>>>', 0)",True,7.380880355834961,0.0,5.340576171216038e-05,"StraightLane index=('>>', '>>>', 0)",True,0.0,True,False,1.0359002351760864,0.2920468747615814,0.0,0.2920468747615814,True,0.0,0.0,0.1825292967259884,0.0,0.1825292967259884,0.0
8.71986,"[17.54450035095215, 4.5, 0.0]","[31.5480899810791, 4.5, 0.0]",4.115954875948104,4.300049304962158,4.309944014999201,0.5154609680314337,0.5117634534835815,14.001155853267015,0.1912837028485601,0.3263950347811573,9.501155853267015,-0.18409442901405448,4.098870277404785,0.18475580215454102,13.997846603393555,True,0,4.283626079559326,4.300049304962158,0.5664825439453125,0.17521684145593142,0.29955124830749547,-0.0009288785412601142,"StraightLane index=('>>', '>>>', 0)",True,7.462589263916016,0.0,4.5776367189121594e-05,"StraightLane index=('>>', '>>>', 0)",True,0.0,True,False,1.0359002351760864,0.29862236976623535,0.0,0.29862236976623535,True,0.0,0.0,0.1866389811038971,0.0,0.1866389811038971,0.0
8.739954,"[17.62661361694336, 4.5, 0.0]","[31.63709831237793, 4.5, 0.0]",4.126264095308479,4.317005634307861,4.319996466499288,0.5154609680187772,0.5082989931106567,14.003589630122484,0.18409442901405448,-0.35946369172528136,9.503589630122484,-0.19074153899938207,4.108668804168701,0.18475580215454102,13.997846603393555,True,0,4.293424606323242,4.317005634307861,0.5664825439453125,0.17521684145593142,0.29955124830749547,-0.0009288785412601142,"StraightLane index=('>>', '>>>', 0)",True,7.544500350952148,0.0,4.5776367189121594e-05,"StraightLane index=('>>', '>>>', 0)",True,0.0,True,False,1.0359002351760864,0.29862236976623535,0.0,0.29862236976623535,True,0.0,0.0,0.1866389811038971,0.0,0.1866389811038971,0.0
8.759297,"[17.708932876586914, 4.5, 0.0]","[31.722909927368164, 4.5, 0.0]",4.136573314668686,4.320260047912598,4.329674649491789,0.5154609680103395,0.5052590370178223,14.010484695431465,0.19074153899938207,0.3323554992663791,9.510484695431465,-0.1836867332439116,4.1235527992248535,0.18475580215454102,13.997846603393555,True,0,4.3083086013793945,4.320260047912598,0.5664825439453125,0.17521684145593142,0.29955124830749547,-0.0009288785412601142,"StraightLane index=('>>', '>>>', 0)",True,7.626613616943359,0.0,3.814697266608281e-05,"StraightLane index=('>>', '>>>', 0)",True,0.0,True,False,1.0359002351760864,0.29862236976623535,0.0,0.29862236976623535,True,0.0,0.0,0.1866389811038971,0.0,0.1866389811038971,0.0
8.779913,"[17.791458129882812, 4.5, 0.0]","[31.809627532958984, 4.5, 0.0]",4.146882534028679,4.33695125579834,4.339974491990869,0.5154609679996369,0.5076603889465332,14.013977050778145,0.1836867332439116,-0.35274028777352306,9.513977050778145,-0.19006872176966105,4.128857135772705,0.18475580215454102,13.997846603393555,True,0,4.313612937927246,4.33695125579834,0.5664825439453125,0.17521684145593142,0.29955124830749547,-0.0009288785412601142,"StraightLane index=('>>', '>>>', 0)",True,7.708932876586914,0.0,3.814697266608281e-05,"StraightLane index=('>>', '>>>', 0)",True,0.0,True,False,1.0359002351760864,0.29862236976623535,0.0,0.29862236976623535,True,0.0,0.0,0.1866389811038971,0.0,0.1866389811038971,0.0
8.799894,"[17.874189376831055, 4.5, 0.0]","[31.896066665649414, 4.5, 0.0]",4.157191753388795,4.340278148651123,4.349969501493614,0.5154609680058098,0.5059870481491089,14.018169403074182,0.19006872176966105,0.31909942628747245,9.518169403074182,-0.18308639526232806,4.138771057128906,0.18475580215454102,13.997846603393555,True,0,4.323526859283447,4.340278148651123,0.4334878921508789,0.17286723353561903,0.29187339045613225,0.006748979310103098,"StraightLane index=('>>', '>>>', 0)",True,7.7914581298828125,0.0,3.0517578143044024e-05,"StraightLane index=('>>', '>>>', 0)",True,0.0,True,False,1.0359002351760864,0.29862236976623535,0.0,0.29862236976623535,True,0.0,0.0,0.1866389811038971,0.0,0.1866389811038971,0.0
8.821716,"[17.95712661743164, 4.5, 0.0]","[31.982412338256836, 4.5, 0.0]",4.16725301742673,4.356846809387207,4.360877678499673,0.5030632018967474,0.5079690217971802,14.02187728881724,0.18308639526232806,-0.3491163253666496,9.52187728881724,-0.1895937919604771,4.149054527282715,0.19006872177124023,14.018169403076172,True,0,4.339123249053955,4.356846809387207,0.4334878921508789,0.17286723353561903,0.29187339045613225,-0.0004021177491467798,"StraightLane index=('>>', '>>>', 0)",True,7.874189376831055,0.0,2.2888183620005236e-05,"StraightLane index=('>>', '>>>', 0)",True,0.0,True,False,1.0598877668380737,0.2914712727069855,0.0,0.2914712727069855,True,0.0,0.0,0.18216954544186592,0.0,0.18216954544186592,0.0
8.840852,"[18.04026985168457, 4.5, 0.0]","[32.07096481323242, 4.5, 0.0]",4.177314281464695,4.360301494598389,4.370446172502124,0.5030632018982573,0.5124252438545227,14.025285720822087,0.1895937919604771,0.32536983490745186,9.525285720822087,-0.1829872131336936,4.159650802612305,0.19006872177124023,14.018169403076172,True,0,4.349719524383545,4.360301494598389,0.4334878921508789,0.17286723353561903,0.29187339045613225,-0.0004021177491467798,"StraightLane index=('>>', '>>>', 0)",True,7.957126617431641,0.0,3.814697266608281e-05,"StraightLane index=('>>', '>>>', 0)",True,0.0,True,False,1.0598877668380737,0.2914712727069855,0.0,0.2914712727069855,True,0.0,0.0,0.18216954544186592,0.0,0.18216954544186592,0.0
8.85934,"[18.123615264892578, 4.5, 0.0]","[32.15810012817383, 4.5, 0.0]",4.187375545502706,4.376925945281982,4.379690288990969,0.5030632019005665,0.5137577652931213,14.03069496154673,0.1829872131336936,-0.33032894133917523,9.53069496154673,-0.189550399779276,4.170017242431641,0.19006872177124023,14.018169403076172,True,0,4.360085964202881,4.376925945281982,0.4334878921508789,0.17286723353561903,0.29187339045613225,-0.0004021177491467798,"StraightLane index=('>>', '>>>', 0)",True,8.04026985168457,0.0,2.2888183620005236e-05,"StraightLane index=('>>', '>>>', 0)",True,0.0,True,False,1.0598877668380737,0.2914712727069855,0.0,0.2914712727069855,True,0.0,0.0,0.18216954544186592,0.0,0.18216954544186592,0.0
8.880138,"[18.20716094970703, 4.5, 0.0]","[32.24601364135742, 4.5, 0.0]",4.197436809540707,4.380307197570801,4.390087613489595,0.5030632019000336,0.5135176777839661,14.03448486327814,0.189550399779276,0.328159332279121,9.53448486327814,-0.1828703880300937,4.180211544036865,0.19006872177124023,14.018169403076172,True,0,4.3702802658081055,4.380307197570801,0.4334878921508789,0.17286723353561903,0.29187339045613225,-0.0004021177491467798,"StraightLane index=('>>', '>>>', 0)",True,8.123615264892578,0.0,3.814697266608281e-05,"StraightLane index=('>>', '>>>', 0)",True,0.0,True,False,1.0598877668380737,0.2914712727069855,0.0,0.2914712727069855,True,0.0,0.0,0.18216954544186592,0.0,0.18216954544186592,0.0
8.899204,"[18.290908813476562, 4.5, 0.0]","[32.331153869628906, 4.5, 0.0]",4.207498073578731,4.396703243255615,4.399617837992264,0.5030632019011883,0.50462406873703,14.03885269164927,0.1828703880300937,-0.33400058745911565,9.53885269164927,-0.1892051696768844,4.194622993469238,0.19006872177124023,14.018169403076172,True,0,4.3846917152404785,4.396703243255615,0.5642509460449219,0.1753292932936294,0.29831265358360426,-0.006841380876618786,"StraightLane index=('>>', '>>>', 0)",True,8.207160949707031,0.0,2.2888183620005236e-05,"StraightLane index=('>>', '>>>', 0)",True,0.0,True,False,1.0598877668380737,0.2914712727069855,0.0,0.2914712727069855,True,0.0,0.0,0.18216954544186592,0.0,0.18216954544186592,0.0
8.919583,"[18.37485694885254, 4.5, 0.0]","[32.41950988769531, 4.5, 0.0]",4.217771053315008,4.400058269500732,4.409796228999039,0.5136489868138749,0.5089365243911743,14.040245056149232,0.1892051696768844,0.3167390823395344,9.540245056149232,-0.18228721618572408,4.200121879577637,0.18287038803100586,14.03885269165039,True,0,4.382992267608643,4.400058269500732,0.5642509460449219,0.1753292932936294,0.29831265358360426,-0.0007271364155592153,"StraightLane index=('>>', '>>>', 0)",True,8.290908813476562,0.0,3.814697266608281e-05,"StraightLane index=('>>', '>>>', 0)",True,0.0,True,False,1.0598877668380737,0.29758551716804504,0.0,0.29758551716804504,True,0.0,0.0,0.18599094823002815,0.0,0.18599094823002815,0.0
8.940405,"[18.459007263183594, 4.5, 0.0]","[32.50892639160156, 4.5, 0.0]",4.228044033051311,4.41682767868042,4.420224385499023,0.5136489868151184,0.5067493319511414,14.044652938841653,0.18228721618572408,-0.34589767455801557,9.544652938841653,-0.1887836456291092,4.215124607086182,0.18287038803100586,14.03885269165039,True,0,4.3979949951171875,4.41682767868042,0.5642509460449219,0.1753292932936294,0.29831265358360426,-0.0007271364155592153,"StraightLane index=('>>', '>>>', 0)",True,8.374856948852539,0.0,2.2888183620005236e-05,"StraightLane index=('>>', '>>>', 0)",True,0.0,True,False,1.0598877668380737,0.29758551716804504,0.0,0.29758551716804504,True,0.0,0.0,0.18599094823002815,0.0,0.18599094823002815,0.0
8.959706,"[18.543363571166992, 4.5, 0.0]","[32.59821701049805, 4.5, 0.0]",4.238317012787608,4.423584461212158,4.429877375502838,0.5136489868148519,0.5030136108398438,14.049919128414855,0.1887836456291092,0.3248214721692566,9.549919128414855,-0.18526744842455045,4.224893093109131,0.18287038803100586,14.03885269165039,True,0,4.407763481140137,4.423584461212158,0.5642509460449219,0.1753292932936294,0.29831265358360426,-0.0007271364155592153,"StraightLane index=('>>', '>>>', 0)",True,8.459007263183594,0.0,3.814697266608281e-05,"StraightLane index=('>>', '>>>', 0)",True,0.0,True,False,1.0598877668380737,0.29758551716804504,0.0,0.29758551716804504,True,0.0,0.0,0.18599094823002815,0.0,0.18599094823002815,0.0
8.980352,"[18.6279239654541, 4.5, 0.0]","[32.68708801269531, 4.5, 0.0]",4.248589992523914,4.433626174926758,4.440196752492921,0.513648986815296,0.507800281047821,14.054853439329932,0.18526744842455045,-0.17580986022793788,9.554853439329932,-0.18503618240284414,4.2304253578186035,0.18287038803100586,14.03885269165039,True,0,4.413295745849609,4.433626174926758,0.5642509460449219,0.1753292932936294,0.29831265358360426,-0.0007271364155592153,"StraightLane index=('>>', '>>>', 0)",True,8.543363571166992,0.0,2.2888183620005236e-05,"StraightLane index=('>>', '>>>', 0)",True,0.0,True,False,1.0598877668380737,0.29758551716804504,0.0,0.29758551716804504,True,0.0,0.0,0.18599094823002815,0.0,0.18599094823002815,0.0
8.999878,"[18.712690353393555, 4.5, 0.0]","[32.77543640136719, 4.5, 0.0]",4.258862972260221,4.44360876083374,4.4499489239999095,0.5136489868153848,0.509789228439331,14.059164047238095,0.18503618240284414,-0.011563301085315558,9.559164047238095,-0.18474578857351887,4.240746021270752,0.18287038803100586,14.03885269165039,True,0,4.423616409301758,4.44360876083374,0.46905517578125,0.1742132951166102,0.2942980576893975,0.0032874594786475586,"StraightLane index=('>>', '>>>', 0)",True,8.627923965454102,0.0,3.814697266608281e-05,"StraightLane index=('>>', '>>>', 0)",True,0.0,True,False,1.0598877668380737,0.29758551716804504,0.0,0.29758551716804504,True,0.0,0.0,0.18599094823002815,0.0,0.18599094823002815,0.0
9.0196,"[18.79766273498535, 4.5, 0.0]","[32.86280059814453, 4.5, 0.0]",4.268901348114711,4.453404426574707,4.459820065490203,0.5019187927244761,0.5095309019088745,14.06274604797251,0.18474578857351887,-0.014519691466263751,9.56274604797251,-0.18450307845999614,4.250884056091309,0.18287038803100586,14.03885269165039,True,0,4.4337544441223145,4.453404426574707,0.46905517578125,0.1742132951166102,0.2942980576893975,-0.003500794305532129,"StraightLane index=('>>', '>>>', 0)",True,8.712690353393555,0.0,2.2888183620005236e-05,"StraightLane index=('>>', '>>>', 0)",True,0.0,True,False,1.0832123756408691,0.29079726338386536,0.0,0.29079726338386536,True,0.0,0.0,0.18174828961491585,0.0,0.18174828961491585,0.0
9.039413,"[18.88283920288086, 4.5, 0.0]","[32.95234680175781, 4.5, 0.0]",4.278939723969223,4.463409900665283,4.469728474493604,0.5019187927255864,0.508418619632721,14.065137863156062,0.18450307845999614,-0.012135505676136304,9.565137863156062,-0.18447017669606058,4.260897159576416,0.18503618240356445,14.059164047241211,True,0,4.4459333419799805,4.463409900665283,0.46905517578125,0.1742132951166102,0.2942980576893975,-0.003500794305532129,"StraightLane index=('>>', '>>>', 0)",True,8.797662734985352,0.0,3.814697266608281e-05,"StraightLane index=('>>', '>>>', 0)",True,0.0,True,False,1.0832123756408691,0.29079726338386536,0.0,0.29079726338386536,True,0.0,0.0,0.18174828961491585,0.0,0.18174828961491585,0.0
9.05949,"[18.968217849731445, 4.5, 0.0]","[33.04352569580078, 4.5, 0.0]",4.2889780998237255,4.473597526550294,4.4797669294959634,0.5019187927251423,0.5106509923934937,14.06950759887583,0.18447017669606058,-0.0016450881967777775,9.56950759887583,-0.1846194267265684,4.271257400512695,0.18503618240356445,14.059164047241211,True,0,4.45629358291626,4.473597526550294,0.46905517578125,0.1742132951166102,0.2942980576893975,-0.003500794305532129,"StraightLane index=('>>', '>>>', 0)",True,8.88283920288086,0.0,2.2888183620005236e-05,"StraightLane index=('>>', '>>>', 0)",True,0.0,True,False,1.0832123756408691,0.29079726338386536,0.0,0.29079726338386536,True,0.0,0.0,0.18174828961491585,0.0,0.18174828961491585,0.0
9.080053,"[19.053796768188477, 4.5, 0.0]","[33.133201599121094, 4.5, 0.0]",4.299016475678218,4.483616828918457,4.490043312488706,0.5019187927246094,0.5105128884315491,14.075307846066217,0.1846194267265684,0.007462501525390408,9.575307846066217,-0.18460035324023938,4.281425476074219,0.18503618240356445,14.059164047241211,True,0,4.466461658477783,4.483616828918457,0.46905517578125,0.1742132951166102,0.2942980576893975,-0.003500794305532129,"StraightLane index=('>>', '>>>', 0)",True,8.968217849731445,0.0,3.814697266608281e-05,"StraightLane index=('>>', '>>>', 0)",True,0.0,True,False,1.0832123756408691,0.29079726338386536,0.0,0.29079726338386536,True,0.0,0.0,0.18174828961491585,0.0,0.18174828961491585,0.0
9.100425,"[19.139575958251953, 4.5, 0.0]","[33.222450256347656, 4.5, 0.0]",4.309054851532713,4.493588447570801,4.500235036993399,0.501918792724787,0.5094263553619385,14.079404830931493,0.18460035324023938,-0.0009536743164506589,9.579404830931493,-0.1845335960380874,4.29146146774292,0.18503618240356445,14.059164047241211,True,0,4.476497650146484,4.493588447570801,0.49979686737060547,0.17428485596292037,0.2942316933876772,-0.003434430003811828,"StraightLane index=('>>', '>>>', 0)",True,9.053796768188477,0.0,2.2888183620005236e-05,"StraightLane index=('>>', '>>>', 0)",True,0.0,True,False,1.0832123756408691,0.29079726338386536,0.0,0.29079726338386536,True,0.0,0.0,0.18174828961491585,0.0,0.18174828961491585,0.0
9.119691,"[19.225555419921875, 4.5, 0.0]","[33.310943603515625, 4.5, 0.0]",4.319186687470229,4.503401279449463,4.509858291497221,0.5065917968757994,0.5085685849189758,14.082874298092582,0.1845335960380874,-0.0033378601075995107,9.582874298092582,-0.1842145919792335,4.306633472442627,0.18503618240356445,14.059164047241211,True,0,4.491669654846191,4.503401279449463,0.49979686737060547,0.17428485596292037,0.2942316933876772,-0.0007562741047639765,"StraightLane index=('>>', '>>>', 0)",True,9.139575958251953,0.0,3.814697266608281e-05,"StraightLane index=('>>', '>>>', 0)",True,0.0,True,False,1.0832123756408691,0.2934754192829132,0.0,0.2934754192829132,True,0.0,0.0,0.18342213705182076,0.0,0.18342213705182076,0.0
9.140025,"[19.311737060546875, 4.5, 0.0]","[33.40378189086914, 4.5, 0.0]",4.329318523407819,4.513659477233887,4.520034060496255,0.5065917968794853,0.5052805542945862,14.085388183592626,0.1842145919792335,-0.015950202942693892,9.585388183592626,-0.18434095382606763,4.316488265991211,0.1846003532409668,14.079404830932617,True,0,4.501088619232178,4.513659477233887,0.49979686737060547,0.17428485596292037,0.2942316933876772,-0.0007562741047639765,"StraightLane index=('>>', '>>>', 0)",True,9.225555419921875,0.0,2.2888183620005236e-05,"StraightLane index=('>>', '>>>', 0)",True,0.0,True,False,1.0832123756408691,0.2934754192829132,0.0,0.2934754192829132,True,0.0,0.0,0.18342213705182076,0.0,0.18342213705182076,0.0
9.159473,"[19.398120880126953, 4.5, 0.0]","[33.493770599365234, 4.5, 0.0]",4.33945035934538,4.523602962493897,4.5297617479984185,0.5065917968780642,0.5101863145828247,14.092044830321141,0.18434095382606763,0.006318092341706105,9.592044830321141,-0.184152603148517,4.322055339813232,0.1846003532409668,14.079404830932617,True,0,4.506655693054199,4.523602962493897,0.49979686737060547,0.17428485596292037,0.2942316933876772,-0.0007562741047639765,"StraightLane index=('>>', '>>>', 0)",True,9.311737060546875,0.0,2.2888183620005236e-05,"StraightLane index=('>>', '>>>', 0)",True,0.0,True,False,1.0832123756408691,0.2934754192829132,0.0,0.2934754192829132,True,0.0,0.0,0.18342213705182076,0.0,0.18342213705182076,0.0
9.180349,"[19.48470687866211, 4.5, 0.0]","[33.5844841003418, 4.5, 0.0]",4.349582195282925,4.533626556396484,4.540192112489604,0.5065917968772204,0.5091328024864197,14.095649719235158,0.184152603148517,-0.009417533877531525,9.595649719235158,-0.1840443611135596,4.337227821350098,0.1846003532409668,14.079404830932617,True,0,4.5218281745910645,4.533626556396484,0.49979686737060547,0.17428485596292037,0.2942316933876772,-0.0007562741047639765,"StraightLane index=('>>', '>>>', 0)",True,9.398120880126953,0.0,3.814697266608281e-05,"StraightLane index=('>>', '>>>', 0)",True,0.0,True,False,1.0832123756408691,0.2934754192829132,0.0,0.2934754192829132,True,0.0,0.0,0.18342213705182076,0.0,0.18342213705182076,0.0
9.200083,"[19.571495056152344, 4.5, 0.0]","[33.67498016357422, 4.5, 0.0]",4.3597140312204505,4.543625831604004,4.550062013996649,0.5065917968762879,0.5118892192840576,14.099777221676563,0.1840443611135596,-0.005412101747870324,9.599777221676563,-0.18391180038355337,4.342608451843262,0.1846003532409668,14.079404830932617,True,0,4.5272088050842285,4.543625831604004,0.5003738403320312,0.17436945477824942,0.2939121250275591,-0.0004367057446458822,"StraightLane index=('>>', '>>>', 0)",True,9.48470687866211,0.0,3.814697266608281e-05,"StraightLane index=('>>', '>>>', 0)",True,0.0,True,False,1.0832123756408691,0.2934754192829132,0.0,0.2934754192829132,True,0.0,0.0,0.18342213705182076,0.0,0.18342213705182076,0.0
9.221863,"[19.65848731994629, 4.5, 0.0]","[33.76413345336914, 4.5, 0.0]",4.369847774506609,4.553402900695801,4.5609487534995425,0.5066871643079285,0.5105631947517395,14.10348510741875,0.18391180038355337,-0.006628036500311296,9.60348510741875,-0.18355512618919168,4.352645397186279,0.18404436111450195,14.099777221679688,True,0,4.536689758300781,4.553402900695801,0.5003738403320312,0.17436945477824942,0.2939121250275591,-0.00035251418390064293,"StraightLane index=('>>', '>>>', 0)",True,9.571495056152344,0.0,3.814697266608281e-05,"StraightLane index=('>>', '>>>', 0)",True,0.0,True,False,1.1058440208435059,0.29355961084365845,0.0,0.29355961084365845,True,0.0,0.0,0.18347475677728653,0.0,0.18347475677728653,0.0
9.239868,"[19.745681762695312, 4.5, 0.0]","[33.85564041137695, 4.5, 0.0]",4.379981517792763,4.563403606414795,4.569955171001493,0.5066871643077064,0.5009338855743408,14.105646133419725,0.18355512618919168,-0.017833709718084734,9.605646133419725,-0.1834220886220317,4.366881370544434,0.18404436111450195,14.099777221679688,True,0,4.5509257316589355,4.563403606414795,0.5003738403320312,0.17436945477824942,0.2939121250275591,-0.00035251418390064293,"StraightLane index=('>>', '>>>', 0)",True,9.658487319946289,0.0,3.814697266608281e-05,"StraightLane index=('>>', '>>>', 0)",True,0.0,True,False,1.1058440208435059,0.29355961084365845,0.0,0.29355961084365845,True,0.0,0.0,0.18347475677728653,0.0,0.18347475677728653,0.0
9.259532,"[19.833078384399414, 4.5, 0.0]","[33.94895553588867, 4.5, 0.0]",4.390115261078962,4.573601722717285,4.57978641349764,0.5066871643099269,0.5003865957260132,14.109958648678514,0.1834220886220317,-0.006651878357999408,9.609958648678514,-0.18348646163832338,4.376885414123535,0.18404436111450195,14.099777221679688,True,0,4.560929775238037,4.573601722717285,0.5003738403320312,0.17436945477824942,0.2939121250275591,-0.00035251418390064293,"StraightLane index=('>>', '>>>', 0)",True,9.745681762695312,0.0,3.814697266608281e-05,"StraightLane index=('>>', '>>>', 0)",True,0.0,True,False,1.1058440208435059,0.29355961084365845,0.0,0.29355961084365845,True,0.0,0.0,0.18347475677728653,0.0,0.18347475677728653,0.0
9.280126,"[19.920677185058594, 4.5, 0.0]","[34.04098892211914, 4.5, 0.0]",4.400249004365123,4.583660125732422,4.59008038349857,0.5066871643080617,0.5064765214920044,14.11587715148613,0.18348646163832338,0.0032186508145848336,9.61587715148613,-0.18341112136729887,4.382528305053711,0.18404436111450195,14.099777221679688,True,0,4.566572666168213,4.583660125732422,0.5003738403320312,0.17436945477824942,0.2939121250275591,-0.00035251418390064293,"StraightLane index=('>>', '>>>', 0)",True,9.833078384399414,0.0,3.814697266608281e-05,"StraightLane index=('>>', '>>>', 0)",True,0.0,True,False,1.1058440208435059,0.29355961084365845,0.0,0.29355961084365845,True,0.0,0.0,0.18347475677728653,0.0,0.18347475677728653,0.0
9.299792,"[20.008480072021484, 4.5, 0.0]","[34.13206100463867, 4.5, 0.0]",4.4103827476513136,4.593613624572754,4.5999170149909325,0.5066871643095272,0.5059237480163574,14.120311737057417,0.18341112136729887,-0.003767013551225773,9.620311737057417,-0.18323087692144036,4.392566680908203,0.18404436111450195,14.099777221679688,True,0,4.576611042022705,4.593613624572754,0.4998779296875,0.17442823683948697,0.2935283068384232,3.130400523526644e-05,"StraightLane index=('>>', '>>>', 0)",True,9.920677185058594,0.0,3.814697266608281e-05,"StraightLane index=('>>', '>>>', 0)",True,0.0,True,False,1.1058440208435059,0.29355961084365845,0.0,0.29355961084365845,True,0.0,0.0,0.18347475677728653,0.0,0.18347475677728653,0.0
9.319486,"[20.096485137939453, 4.5, 0.0]","[34.222293853759766, 4.5, 0.0]",4.4205012321484105,4.60340166091919,4.609761363494908,0.5059242248548479,0.5048221349716187,14.123580932614058,0.18323087692144036,-0.009012222292925642,9.623580932614058,-0.18290042877077983,4.402508735656738,0.1834111213684082,14.120311737060547,True,0,4.5859198570251465,4.60340166091919,0.4998779296875,0.17442823683948697,0.2935283068384232,-0.00041444933071749235,"StraightLane index=('>>', '>>>', 0)",True,10.008480072021484,0.0,3.814697266608281e-05,"StraightLane index=('>>', '>>>', 0)",True,0.0,True,False,1.1058440208435059,0.2931138575077057,0.0,0.2931138575077057,True,0.0,0.0,0.18319616094231606,0.0,0.18319616094231606,0.0
9.340451,"[20.1846923828125, 4.5, 0.0]","[34.31507110595703, 4.5, 0.0]",4.430619716645492,4.613430976867676,4.620244844994158,0.5059242248540929,0.5072808861732483,14.125808715817183,0.18290042877077983,-0.01652240753302614,9.625808715817183,-0.1828112602221834,4.4128217697143555,0.1834111213684082,14.120311737060547,True,0,4.596232891082764,4.613430976867676,0.4998779296875,0.17442823683948697,0.2935283068384232,-0.00041444933071749235,"StraightLane index=('>>', '>>>', 0)",True,10.096485137939453,0.0,3.814697266608281e-05,"StraightLane index=('>>', '>>>', 0)",True,0.0,True,False,1.1058440208435059,0.2931138575077057,0.0,0.2931138575077057,True,0.0,0.0,0.18319616094231606,0.0,0.18319616094231606,0.0
9.359607,"[20.273101806640625, 4.5, 0.0]","[34.40690994262695, 4.5, 0.0]",4.440738201142545,4.6233601570129395,4.62981717249495,0.5059242248526274,0.5075087547302246,14.1303787231414,0.1828112602221834,-0.004458427429820944,9.6303787231414,-0.18262195587039454,4.422962665557861,0.1834111213684082,14.120311737060547,True,0,4.6063737869262695,4.6233601570129395,0.4998779296875,0.17442823683948697,0.2935283068384232,-0.00041444933071749235,"StraightLane index=('>>', '>>>', 0)",True,10.1846923828125,0.0,3.814697266608281e-05,"StraightLane index=('>>', '>>>', 0)",True,0.0,True,False,1.1058440208435059,0.2931138575077057,0.0,0.2931138575077057,True,0.0,0.0,0.18319616094231606,0.0,0.18319616094231606,0.0
9.381867,"[20.361713409423828, 4.5, 0.0]","[34.50044250488281, 4.5, 0.0]",4.450856685639598,4.636804580688477,4.640948730989476,0.5059242248526719,0.5068647265434265,14.133808135983196,0.18262195587039454,-0.009465217589443853,9.633808135983196,-0.1859478950488782,4.432986736297607,0.1834111213684082,14.120311737060547,True,0,4.616397857666016,4.636804580688477,0.4998779296875,0.17442823683948697,0.2935283068384232,-0.00041444933071749235,"StraightLane index=('>>', '>>>', 0)",True,10.273101806640625,0.0,3.814697266608281e-05,"StraightLane index=('>>', '>>>', 0)",True,0.0,True,False,1.1058440208435059,0.2931138575077057,0.0,0.2931138575077057,True,0.0,0.0,0.18319616094231606,0.0,0.18319616094231606,0.0
9.399833,"[20.450529098510742, 4.5, 0.0]","[34.594566345214844, 4.5, 0.0]",4.460975170136659,4.6403141021728525,4.64993536749098,0.5059242248530271,0.5095240473747253,14.13872909545585,0.1859478950488782,0.1662969589241836,9.63872909545585,-0.17933893203619355,4.443362712860107,0.1834111213684082,14.120311737060547,True,0,4.626773834228516,4.6403141021728525,0.46700477600098544,0.17333058031557275,0.2899008861390986,0.003212971368607098,"StraightLane index=('>>', '>>>', 0)",True,10.361713409423828,0.0,3.814697266608281e-05,"StraightLane index=('>>', '>>>', 0)",True,0.0,True,False,1.1058440208435059,0.2931138575077057,0.0,0.2931138575077057,True,0.0,0.0,0.18319616094231606,0.0,0.18319616094231606,0.0
9.420252,"[20.539546966552734, 4.5, 0.0]","[34.687801361083984, 4.5, 0.0]",4.471091747285078,4.656984329223633,4.660147131991107,0.5058288574209424,0.5038674473762512,14.144037246700968,0.17933893203619355,-0.3304481506342327,9.644037246700968,-0.18589258193855507,4.458029270172119,0.18594789505004883,14.138729095458984,True,0,4.643977165222168,4.656984329223633,0.46700477600098544,0.17333058031557275,0.2899008861390986,0.0031432041318975035,"StraightLane index=('>>', '>>>', 0)",True,10.450529098510742,0.0,3.814697266608281e-05,"StraightLane index=('>>', '>>>', 0)",True,0.0,True,False,1.127943992614746,0.2930440902709961,0.0,0.2930440902709961,True,0.0,0.0,0.18315255641937256,0.0,0.18315255641937256,0.0
9.440738,"[20.628767013549805, 4.5, 0.0]","[34.781333923339844, 4.5, 0.0]",4.48120832443351,4.6603217124938965,4.6703877110005125,0.5058288574216085,0.5089808106422424,14.148254394528115,0.18589258193855507,0.3276824951180757,9.648254394528115,-0.17911338806038657,4.46360445022583,0.18594789505004883,14.138729095458984,True,0,4.649552345275879,4.6603217124938965,0.46700477600098544,0.17333058031557275,0.2899008861390986,0.0031432041318975035,"StraightLane index=('>>', '>>>', 0)",True,10.539546966552734,0.0,3.814697266608281e-05,"StraightLane index=('>>', '>>>', 0)",True,0.0,True,False,1.127943992614746,0.2930440902709961,0.0,0.2930440902709961,True,0.0,0.0,0.18315255641937256,0.0,0.18315255641937256,0.0
9.460678,"[20.718189239501953, 4.5, 0.0]","[34.873779296875, 4.5, 0.0]",4.491324901581935,4.67687463760376,4.680335036496399,0.5058288574212533,0.511417806148529,14.152566909786902,0.17911338806038657,-0.33895969390842495,9.652566909786902,-0.18554973602182478,4.473998546600342,0.18594789505004883,14.138729095458984,True,0,4.659946441650391,4.67687463760376,0.46700477600098544,0.17333058031557275,0.2899008861390986,0.0031432041318975035,"StraightLane index=('>>', '>>>', 0)",True,10.628767013549805,0.0,3.814697266608281e-05,"StraightLane index=('>>', '>>>', 0)",True,0.0,True,False,1.127943992614746,0.2930440902709961,0.0,0.2930440902709961,True,0.0,0.0,0.18315255641937256,0.0,0.18315255641937256,0.0
9.479903,"[20.80781364440918, 4.5, 0.0]","[34.966732025146484, 4.5, 0.0]",4.501441478730362,4.680150032043457,4.689969241491053,0.5058288574213421,0.511378288269043,14.15559005736991,0.18554973602182478,0.3218173980719108,9.65559005736991,-0.1787085533130952,4.484192848205566,0.18594789505004883,14.138729095458984,True,0,4.670140743255615,4.680150032043457,0.46700477600098544,0.17333058031557275,0.2899008861390986,0.0031432041318975035,"StraightLane index=('>>', '>>>', 0)",True,10.718189239501953,0.0,3.814697266608281e-05,"StraightLane index=('>>', '>>>', 0)",True,0.0,True,False,1.127943992614746,0.2930440902709961,0.0,0.2930440902709961,True,0.0,0.0,0.18315255641937256,0.0,0.18315255641937256,0.0
9.499817,"[20.897640228271484, 4.5, 0.0]","[35.061466217041016, 4.5, 0.0]",4.511558055878804,4.696948051452637,4.699932247490506,0.505828857422097,0.5103089809417725,14.158918380734168,0.1787085533130952,-0.3420591354364788,9.658918380734168,-0.18538999557383296,4.494247913360596,0.18594789505004883,14.138729095458984,True,0,4.6801958084106445,4.696948051452637,0.5663394927978427,0.17581940453193998,0.2963229016549314,-0.0032788113839353206,"StraightLane index=('>>', '>>>', 0)",True,10.80781364440918,0.0,3.814697266608281e-05,"StraightLane index=('>>', '>>>', 0)",True,0.0,True,False,1.127943992614746,0.2930440902709961,0.0,0.2930440902709961,True,0.0,0.0,0.18315255641937256,0.0,0.18315255641937256,0.0
9.519469,"[20.987668991088867, 4.5, 0.0]","[35.153587341308594, 4.5, 0.0]",4.521775722504795,4.7000627517700195,4.7097571014921416,0.5108833312995831,0.5124567151069641,14.163825988766392,0.18538999557383296,0.33407211303688733,9.663825988766392,-0.1782870292652241,4.504636764526367,0.17870855331420898,14.158918380737305,True,0,4.683345317840576,4.7000627517700195,0.5663394927978427,0.17581940453193998,0.2963229016549314,-0.0003661410100186946,"StraightLane index=('>>', '>>>', 0)",True,10.897640228271484,0.0,3.814697266608281e-05,"StraightLane index=('>>', '>>>', 0)",True,0.0,True,False,1.127943992614746,0.2959567606449127,0.0,0.2959567606449127,True,0.0,0.0,0.18497297540307045,0.0,0.18497297540307045,0.0
9.539457,"[21.077899932861328, 4.5, 0.0]","[35.248146057128906, 4.5, 0.0]",4.531993389130791,4.716735363006592,4.7197423179924956,0.5108833312997607,0.5121487379074097,14.165918350216588,0.1782870292652241,-0.35514831543044245,9.665918350216588,-0.18474197387580116,4.514822959899902,0.17870855331420898,14.158918380737305,True,0,4.693531513214111,4.716735363006592,0.5663394927978427,0.17581940453193998,0.2963229016549314,-0.0003661410100186946,"StraightLane index=('>>', '>>>', 0)",True,10.987668991088867,0.0,3.814697266608281e-05,"StraightLane index=('>>', '>>>', 0)",True,0.0,True,False,1.127943992614746,0.2959567606449127,0.0,0.2959567606449127,True,0.0,0.0,0.18497297540307045,0.0,0.18497297540307045,0.0
9.559,"[21.1683349609375, 4.5, 0.0]","[35.342464447021484, 4.5, 0.0]",4.542211055756773,4.720049381256104,4.729523965989938,0.510883331299139,0.5064531564712524,14.170246124264438,0.18474197387580116,0.32274723052885257,9.670246124264438,-0.17783832549933098,4.529515266418457,0.17870855331420898,14.158918380737305,True,0,4.708223819732666,4.720049381256104,0.5663394927978427,0.17581940453193998,0.2963229016549314,-0.0003661410100186946,"StraightLane index=('>>', '>>>', 0)",True,11.077899932861328,0.0,3.814697266608281e-05,"StraightLane index=('>>', '>>>', 0)",True,0.0,True,False,1.127943992614746,0.2959567606449127,0.0,0.2959567606449127,True,0.0,0.0,0.18497297540307045,0.0,0.18497297540307045,0.0
9.580499,"[21.258974075317383, 4.5, 0.0]","[35.4391975402832, 4.5, 0.0]",4.552428722382664,4.73695182800293,4.740262526992592,0.5108833312945205,0.5127885937690735,14.174129486080844,0.17783832549933098,-0.34518241882350864,9.674129486080844,-0.18452310562026586,4.535243988037109,0.17870855331420898,14.158918380737305,True,0,4.713952541351318,4.73695182800293,0.5663394927978427,0.17581940453193998,0.2963229016549314,-0.0003661410100186946,"StraightLane index=('>>', '>>>', 0)",True,11.1683349609375,0.0,3.814697266608281e-05,"StraightLane index=('>>', '>>>', 0)",True,0.0,True,False,1.127943992614746,0.2959567606449127,0.0,0.2959567606449127,True,0.0,0.0,0.18497297540307045,0.0,0.18497297540307045,0.0
9.600385,"[21.34981918334961, 4.5, 0.0]","[35.533634185791016, 4.5, 0.0]",4.562646389008578,4.740279197692871,4.75019125949184,0.5108833312957195,0.5123175978660583,14.180223464963808,0.18452310562026586,0.3342390060467437,9.680223464963808,-0.17763280868429288,4.545418739318848,0.17870855331420898,14.158918380737305,True,0,4.724127292633057,4.740279197692871,0.43331146240234375,0.173403365262828,0.2888646909076184,0.007092069737294315,"StraightLane index=('>>', '>>>', 0)",True,11.258974075317383,0.0,3.0517578143044024e-05,"StraightLane index=('>>', '>>>', 0)",True,0.0,True,False,1.127943992614746,0.2959567606449127,0.0,0.2959567606449127,True,0.0,0.0,0.18497297540307045,0.0,0.18497297540307045,0.0
9.619992,"[21.440868377685547, 4.5, 0.0]","[35.6267204284668, 4.5, 0.0]",4.572625637055414,4.756724834442139,4.760015800991096,0.498962402341796,0.5108848810195923,14.183815002440275,0.17763280868429288,-0.3445148467986492,9.683815002440275,-0.18409919738672453,4.555452823638916,0.1845231056213379,14.18022346496582,True,0,4.739975929260254,4.756724834442139,0.43331146240234375,0.173403365262828,0.2888646909076184,0.00018919622121155166,"StraightLane index=('>>', '>>>', 0)",True,11.34981918334961,0.0,2.2888183620005236e-05,"StraightLane index=('>>', '>>>', 0)",True,0.0,True,False,1.127943992614746,0.28905388712882996,0.0,0.28905388712882996,True,0.0,0.0,0.18065867945551872,0.0,0.18065867945551872,0.0
9.640121,"[21.532121658325195, 4.5, 0.0]","[35.72478103637695, 4.5, 0.0]",4.582604885102275,4.760326862335205,4.770066860498628,0.49896240234303946,0.5127403140068054,14.185852050778106,0.18409919738672453,0.3233194351215829,9.685852050778106,-0.17772197723293015,4.565820693969727,0.1845231056213379,14.18022346496582,True,0,4.7503437995910645,4.760326862335205,0.43331146240234375,0.173403365262828,0.2888646909076184,0.00018919622121155166,"StraightLane index=('>>', '>>>', 0)",True,11.440868377685547,0.0,3.814697266608281e-05,"StraightLane index=('>>', '>>>', 0)",True,0.0,True,False,1.1493549346923828,0.28905388712882996,0.0,0.28905388712882996,True,0.0,0.0,0.18065867945551872,0.0,0.18065867945551872,0.0
9.65946,"[21.623573303222656, 4.5, 0.0]","[35.819801330566406, 4.5, 0.0]",4.592584133149126,4.776942253112793,4.7797551595023835,0.49896240234255096,0.5122075080871582,14.192659378050624,0.17772197723293015,-0.31886100768971914,9.692659378050624,-0.18435811996366702,4.575987339019775,0.1845231056213379,14.18022346496582,True,0,4.760510444641113,4.776942253112793,0.43331146240234375,0.173403365262828,0.2888646909076184,0.00018919622121155166,"StraightLane index=('>>', '>>>', 0)",True,11.532121658325195,0.0,2.2888183620005236e-05,"StraightLane index=('>>', '>>>', 0)",True,0.0,True,False,1.1493549346923828,0.28905388712882996,0.0,0.28905388712882996,True,0.0,0.0,0.18065867945551872,0.0,0.18065867945551872,0.0
9.679986,"[21.715225219726562, 4.5, 0.0]","[35.91548538208008, 4.5, 0.0]",4.602563381195967,4.780295372009277,4.790009523002664,0.49896240234206246,0.5107375383377075,14.196228027340604,0.18435811996366702,0.33180713653684357,9.696228027340604,-0.17773199081331015,4.586014747619629,0.1845231056213379,14.18022346496582,True,0,4.770537853240967,4.780295372009277,0.43331146240234375,0.173403365262828,0.2888646909076184,0.00018919622121155166,"StraightLane index=('>>', '>>>', 0)",True,11.623573303222656,0.0,3.814697266608281e-05,"StraightLane index=('>>', '>>>', 0)",True,0.0,True,False,1.1493549346923828,0.28905388712882996,0.0,0.28905388712882996,True,0.0,0.0,0.18065867945551872,0.0,0.18065867945551872,0.0
9.699894,"[21.807077407836914, 4.5, 0.0]","[36.0106201171875, 4.5, 0.0]",4.61254262924292,4.7969231605529785,4.799969247996342,0.498962402347658,0.5079660415649414,14.200260162352382,0.17773199081331015,-0.3313064575178437,9.700260162352382,-0.18438053131005816,4.5958943367004395,0.1845231056213379,14.18022346496582,True,0,4.780417442321777,4.7969231605529785,0.5664396286010742,0.17588841573758282,0.29573576108912064,-0.006681873960290685,"StraightLane index=('>>', '>>>', 0)",True,11.715225219726562,0.0,2.2888183620005236e-05,"StraightLane index=('>>', '>>>', 0)",True,0.0,True,False,1.1493549346923828,0.28905388712882996,0.0,0.28905388712882996,True,0.0,0.0,0.18065867945551872,0.0,0.18065867945551872,0.0
9.719878,"[21.899127960205078, 4.5, 0.0]","[36.104835510253906, 4.5, 0.0]",4.622733592988088,4.800052642822266,4.80995978450228,0.5095481872583907,0.505165159702301,14.203542709349453,0.18438053131005816,0.3324270248374006,9.703542709349453,-0.17731904983417746,4.605690002441406,0.17773199081420898,14.200260162353516,True,0,4.783421993255615,4.800052642822266,0.5664396286010742,0.17588841573758282,0.29573576108912064,-0.0005344297120912223,"StraightLane index=('>>', '>>>', 0)",True,11.807077407836914,0.0,2.2888183620005236e-05,"StraightLane index=('>>', '>>>', 0)",True,0.0,True,False,1.1493549346923828,0.2952013313770294,0.0,0.2952013313770294,True,0.0,0.0,0.1845008321106434,0.0,0.1845008321106434,0.0
9.740117,"[21.991378784179688, 4.5, 0.0]","[36.20402145385742, 4.5, 0.0]",4.63292455673325,4.816997051239014,4.820078550491599,0.5095481872580798,0.5063967704772949,14.20570755004568,0.17731904983417746,-0.3530740737940352,9.70570755004568,-0.1840724945057639,4.61587381362915,0.17773199081420898,14.200260162353516,True,0,4.793605804443359,4.816997051239014,0.5664396286010742,0.17588841573758282,0.29573576108912064,-0.0005344297120912223,"StraightLane index=('>>', '>>>', 0)",True,11.899127960205078,0.0,3.814697266608281e-05,"StraightLane index=('>>', '>>>', 0)",True,0.0,True,False,1.1493549346923828,0.2952013313770294,0.0,0.2952013313770294,True,0.0,0.0,0.1845008321106434,0.0,0.1845008321106434,0.0
9.75953,"[22.083833694458008, 4.5, 0.0]","[36.300048828125, 4.5, 0.0]",4.64311552047838,4.820281982421875,4.829787077501532,0.5095481872565255,0.5058073401451111,14.212642669674585,0.1840724945057639,0.3376722335793225,9.712642669674585,-0.17716646194349472,4.625906944274902,0.17773199081420898,14.200260162353516,True,0,4.803638935089111,4.820281982421875,0.5664396286010742,0.17588841573758282,0.29573576108912064,-0.0005344297120912223,"StraightLane index=('>>', '>>>', 0)",True,11.991378784179688,0.0,3.814697266608281e-05,"StraightLane index=('>>', '>>>', 0)",True,0.0,True,False,1.1493549346923828,0.2952013313770294,0.0,0.2952013313770294,True,0.0,0.0,0.1845008321106434,0.0,0.1845008321106434,0.0
9.78,"[22.17649269104004, 4.5, 0.0]","[36.39665603637695, 4.5, 0.0]",4.653306484223505,4.836959362030029,4.840020794991869,0.5095481872562146,0.5005196332931519,14.216215133663843,0.17716646194349472,-0.3453016281134591,9.716215133663843,-0.18365287780652473,4.640454292297363,0.17773199081420898,14.200260162353516,True,0,4.818186283111572,4.836959362030029,0.5664396286010742,0.17588841573758282,0.29573576108912064,-0.0005344297120912223,"StraightLane index=('>>', '>>>', 0)",True,12.083833694458008,0.0,3.814697266608281e-05,"StraightLane index=('>>', '>>>', 0)",True,0.0,True,False,1.1493549346923828,0.2952013313770294,0.0,0.2952013313770294,True,0.0,0.0,0.1845008321106434,0.0,0.1845008321106434,0.0
9.799933,"[22.26935577392578, 4.5, 0.0]","[36.49298095703125, 4.5, 0.0]",4.6634974479686235,4.840274810791016,4.849987347002024,0.5095481872559482,0.5071402788162231,14.220163345333763,0.18365287780652473,0.3243207931515002,9.720163345333763,-0.1767773628223921,4.646153926849365,0.17773199081420898,14.200260162353516,True,0,4.823885917663574,4.840274810791016,0.4335165023803711,0.17347265174713752,0.2883779375816924,0.006823393795337029,"StraightLane index=('>>', '>>>', 0)",True,12.176492691040039,0.0,3.814697266608281e-05,"StraightLane index=('>>', '>>>', 0)",True,0.0,True,False,1.1493549346923828,0.2952013313770294,0.0,0.2952013313770294,True,0.0,0.0,0.1845008321106434,0.0,0.1845008321106434,0.0
9.819587,"[22.3624210357666, 4.5, 0.0]","[36.58808517456055, 4.5, 0.0]",4.67346143722646,4.85672664642334,4.859813997495802,0.49819946289182404,0.5073728561401367,14.223625183102317,0.1767773628223921,-0.3437757492066318,9.723625183102317,-0.18326520919687983,4.656292915344238,0.1836528778076172,14.220163345336914,True,0,4.8399457931518555,4.85672664642334,0.4335165023803711,0.17347265174713752,0.2883779375816924,0.0002475411628144464,"StraightLane index=('>>', '>>>', 0)",True,12.269355773925781,0.0,3.814697266608281e-05,"StraightLane index=('>>', '>>>', 0)",True,0.0,True,False,1.1701196432113647,0.28862547874450684,0.0,0.28862547874450684,True,0.0,0.0,0.18039092421531677,0.0,0.18039092421531677,0.0
9.840069,"[22.455690383911133, 4.5, 0.0]","[36.685726165771484, 4.5, 0.0]",4.683425426484305,4.860074996948242,4.870052749497699,0.49819946289226813,0.5067406296730042,14.225664138790792,0.18326520919687983,0.3243923187243869,9.725664138790792,-0.1766495704639368,4.66631555557251,0.1836528778076172,14.220163345336914,True,0,4.849968433380127,4.860074996948242,0.4335165023803711,0.17347265174713752,0.2883779375816924,0.0002475411628144464,"StraightLane index=('>>', '>>>', 0)",True,12.362421035766602,0.0,3.814697266608281e-05,"StraightLane index=('>>', '>>>', 0)",True,0.0,True,False,1.1701196432113647,0.28862547874450684,0.0,0.28862547874450684,True,0.0,0.0,0.18039092421531677,0.0,0.18039092421531677,0.0
9.859202,"[22.54916000366211, 4.5, 0.0]","[36.78355026245117, 4.5, 0.0]",4.693389415742133,4.876774311065674,4.879626002995065,0.49819946289137995,0.4981944262981415,14.230035781857199,0.1766495704639368,-0.33078193664715094,9.730035781857199,-0.18338489532354085,4.6805620193481445,0.1836528778076172,14.220163345336914,True,0,4.864214897155762,4.876774311065674,0.4335165023803711,0.17347265174713752,0.2883779375816924,0.0002475411628144464,"StraightLane index=('>>', '>>>', 0)",True,12.455690383911133,0.0,3.814697266608281e-05,"StraightLane index=('>>', '>>>', 0)",True,0.0,True,False,1.1701196432113647,0.28862547874450684,0.0,0.28862547874450684,True,0.0,0.0,0.18039092421531677,0.0,0.18039092421531677,0.0
9.880057,"[22.6428279876709, 4.5, 0.0]","[36.88308334350586, 4.5, 0.0]",4.703353404999943,4.883649826049806,4.890045137991547,0.4981994628904918,0.4983252286911011,14.234390258785908,0.18338489532354085,0.3367662429802021,9.734390258785908,-0.18029642104986277,4.690585613250732,0.1836528778076172,14.220163345336914,True,0,4.87423849105835,4.883649826049806,0.4335165023803711,0.17347265174713752,0.2883779375816924,0.0002475411628144464,"StraightLane index=('>>', '>>>', 0)",True,12.54916000366211,0.0,3.814697266608281e-05,"StraightLane index=('>>', '>>>', 0)",True,0.0,True,False,1.1701196432113647,0.28862547874450684,0.0,0.28862547874450684,True,0.0,0.0,0.18039092421531677,0.0,0.18039092421531677,0.0
9.899692,"[22.736696243286133, 4.5, 0.0]","[36.980384826660156, 4.5, 0.0]",4.713317394257767,4.890296459197998,4.899868282492389,0.4981994628912023,0.5047287344932556,14.240255355831806,0.18029642104986277,-0.1544237136839044,9.740255355831806,-0.1769790649402312,4.696240425109863,0.1836528778076172,14.220163345336914,True,0,4.8798933029174805,4.890296459197998,0.5002164840698242,0.17363296351486762,0.28866935572601793,-4.387698151109287e-05,"StraightLane index=('>>', '>>>', 0)",True,12.642827987670898,0.0,3.814697266608281e-05,"StraightLane index=('>>', '>>>', 0)",True,0.0,True,False,1.1701196432113647,0.28862547874450684,0.0,0.28862547874450684,True,0.0,0.0,0.18039092421531677,0.0,0.18039092421531677,0.0
9.919508,"[22.83076286315918, 4.5, 0.0]","[37.07624816894531, 4.5, 0.0]",4.723493099213852,4.9067254066467285,4.909773702488747,0.5087852478042443,0.5047403573989868,14.243688583370867,0.1769790649402312,-0.16586780548157876,9.743688583370867,-0.18323230743287677,4.706306457519531,0.1802964210510254,14.240255355834961,True,0,4.886602878570557,4.9067254066467285,0.5002164840698242,0.17363296351486762,0.28866935572601793,0.006083480501399063,"StraightLane index=('>>', '>>>', 0)",True,12.736696243286133,0.0,3.814697266608281e-05,"StraightLane index=('>>', '>>>', 0)",True,0.0,True,False,1.1701196432113647,0.294752836227417,0.0,0.294752836227417,True,0.0,0.0,0.18422052264213562,0.0,0.18422052264213562,0.0
9.939895,"[22.925029754638672, 4.5, 0.0]","[37.17728042602539, 4.5, 0.0]",4.733668804169914,4.910316467285156,4.919970198493684,0.508785247803134,0.5041114687919617,14.245485305782976,0.18323230743287677,0.31266212463227916,9.745485305782976,-0.17664766311524183,4.7162766456604,0.1802964210510254,14.240255355834961,True,0,4.896573066711426,4.910316467285156,0.5002164840698242,0.17363296351486762,0.28866935572601793,0.006083480501399063,"StraightLane index=('>>', '>>>', 0)",True,12.83076286315918,0.0,3.814697266608281e-05,"StraightLane index=('>>', '>>>', 0)",True,0.0,True,False,1.1701196432113647,0.294752836227417,0.0,0.294752836227417,True,0.0,0.0,0.18422052264213562,0.0,0.18422052264213562,0.0
9.95976,"[23.019498825073242, 4.5, 0.0]","[37.275177001953125, 4.5, 0.0]",4.743844509125969,4.926921367645264,4.929905954489368,0.5087852478027344,0.5023402571678162,14.252250671384697,0.17664766311524183,-0.32923221588174734,9.752250671384697,-0.18307685851929456,4.726133346557617,0.1802964210510254,14.240255355834961,True,0,4.906429767608643,4.926921367645264,0.5002164840698242,0.17363296351486762,0.28866935572601793,0.006083480501399063,"StraightLane index=('>>', '>>>', 0)",True,12.925029754638672,0.0,3.0517578143044024e-05,"StraightLane index=('>>', '>>>', 0)",True,0.0,True,False,1.1701196432113647,0.294752836227417,0.0,0.294752836227417,True,0.0,0.0,0.18422052264213562,0.0,0.18422052264213562,0.0
9.980033,"[23.114171981811523, 4.5, 0.0]","[37.37152862548828, 4.5, 0.0]",4.754020214082036,4.930037021636963,4.940034409493092,0.5087852478033561,0.5005911588668823,14.25567817687786,0.18307685851929456,0.3214597702026367,9.75567817687786,-0.17601680755492666,4.735931873321533,0.1802964210510254,14.240255355834961,True,0,4.916228294372559,4.930037021636963,0.5002164840698242,0.17363296351486762,0.28866935572601793,0.006083480501399063,"StraightLane index=('>>', '>>>', 0)",True,13.019498825073242,0.0,3.0517578143044024e-05,"StraightLane index=('>>', '>>>', 0)",True,0.0,True,False,1.1701196432113647,0.294752836227417,0.0,0.294752836227417,True,0.0,0.0,0.18422052264213562,0.0,0.18422052264213562,0.0
9.999488,"[23.209049224853516, 4.5, 0.0]","[37.47005081176758, 4.5, 0.0]",4.764195919038093,4.9467058181762695,4.9497612110018965,0.5087852478028232,0.5028479099273682,14.257356643674735,0.17601680755492666,-0.35300254821839516,9.757356643674735,-0.18250989913817683,4.7461371421813965,0.1802964210510254,14.240255355834961,True,0,4.926433563232422,4.9467058181762695,0.5640935897827148,0.17601294280577587,0.2946443772455908,0.00010845898182620939,"StraightLane index=('>>', '>>>', 0)",True,13.114171981811523,0.0,3.0517578143044024e-05,"StraightLane index=('>>', '>>>', 0)",True,0.0,True,False,1.1701196432113647,0.294752836227417,0.0,0.294752836227417,True,0.0,0.0,0.18422052264213562,0.0,0.18422052264213562,0.0
10.019729,"[23.30413055419922, 4.5, 0.0]","[37.5694465637207, 4.5, 0.0]",4.774253368378922,4.950062274932861,4.959886159488815,0.5028724670414597,0.5032020211219788,14.261001586910902,0.18250989913817683,0.32465457916250884,9.761001586910902,-0.17580890655393944,4.7562031745910645,0.17601680755615234,14.257356643676758,True,0,4.932219982147217,4.950062274932861,0.5640935897827148,0.17601294280577587,0.2946443772455908,-0.003322175755188561,"StraightLane index=('>>', '>>>', 0)",True,13.209049224853516,0.0,3.814697266608281e-05,"StraightLane index=('>>', '>>>', 0)",True,0.0,True,False,1.190247654914856,0.2913222014904022,0.0,0.2913222014904022,True,0.0,0.0,0.1820763759315014,0.0,0.1820763759315014,0.0
10.040049,"[23.3994140625, 4.5, 0.0]","[37.6717414855957, 4.5, 0.0]",4.784310817719727,4.9670090675354,4.970044589997269,0.5028724670402607,0.5029098987579346,14.265316009518322,0.17580890655393944,-0.33504962921186987,9.765316009518322,-0.18269824981567329,4.766180038452148,0.17601680755615234,14.257356643676758,True,0,4.942196846008301,4.9670090675354,0.5640935897827148,0.17601294280577587,0.2946443772455908,-0.003322175755188561,"StraightLane index=('>>', '>>>', 0)",True,13.304130554199219,0.0,3.814697266608281e-05,"StraightLane index=('>>', '>>>', 0)",True,0.0,True,False,1.190247654914856,0.2913222014904022,0.0,0.2913222014904022,True,0.0,0.0,0.1820763759315014,0.0,0.1820763759315014,0.0
10.059509,"[23.49489974975586, 4.5, 0.0]","[37.77042007446289, 4.5, 0.0]",4.794368267060542,4.97026014328003,4.979775250994135,0.5028724670407492,0.5060604810714722,14.272327423092541,0.18269824981567329,0.34446716308669245,9.772327423092541,-0.1758918762194881,4.776530742645264,0.17601680755615234,14.257356643676758,True,0,4.952547550201416,4.97026014328003,0.5640935897827148,0.17601294280577587,0.2946443772455908,-0.003322175755188561,"StraightLane index=('>>', '>>>', 0)",True,13.3994140625,0.0,3.814697266608281e-05,"StraightLane index=('>>', '>>>', 0)",True,0.0,True,False,1.190247654914856,0.2913222014904022,0.0,0.2913222014904022,True,0.0,0.0,0.1820763759315014,0.0,0.1820763759315014,0.0
10.080368,"[23.590585708618164, 4.5, 0.0]","[37.870147705078125, 4.5, 0.0]",4.804425716401349,4.986949443817139,4.99020199549268,0.5028724670403495,0.5068535804748535,14.275520324703868,0.1758918762194881,-0.34031867980925945,9.775520324703868,-0.1825237274157896,4.786709785461426,0.17601680755615234,14.257356643676758,True,0,4.962726593017578,4.986949443817139,0.5640935897827148,0.17601294280577587,0.2946443772455908,-0.003322175755188561,"StraightLane index=('>>', '>>>', 0)",True,13.49489974975586,0.0,3.814697266608281e-05,"StraightLane index=('>>', '>>>', 0)",True,0.0,True,False,1.190247654914856,0.2913222014904022,0.0,0.2913222014904022,True,0.0,0.0,0.1820763759315014,0.0,0.1820763759315014,0.0
10.099781,"[23.686473846435547, 4.5, 0.0]","[37.96946716308594, 4.5, 0.0]",4.814483165742194,4.990264892578125,4.99991191199224,0.5028724670422591,0.5027932524681091,14.279561996456797,0.1825237274157896,0.33159255981507485,9.779561996456797,-0.17578172683593074,4.801431179046631,0.17601680755615234,14.257356643676758,True,0,4.977447986602783,4.990264892578125,0.4355907440185547,0.1736573245658477,0.2879154470092027,0.0034067544811995365,"StraightLane index=('>>', '>>>', 0)",True,13.590585708618164,0.0,3.814697266608281e-05,"StraightLane index=('>>', '>>>', 0)",True,0.0,True,False,1.190247654914856,0.2913222014904022,0.0,0.2913222014904022,True,0.0,0.0,0.1820763759315014,0.0,0.1820763759315014,0.0
10.120066,"[23.782562255859375, 4.5, 0.0]","[38.07026290893555, 4.5, 0.0]",4.824401378632822,5.006991386413574,5.0100547764915975,0.4959106445313832,0.5096361637115479,14.282993316647225,0.17578172683593074,-0.33710002899294267,9.782993316647225,-0.1825900077807523,4.8071770668029785,0.1825237274169922,14.279561996459961,True,0,4.989700794219971,5.006991386413574,0.4355907440185547,0.1736573245658477,0.2879154470092027,-0.0005897965556351803,"StraightLane index=('>>', '>>>', 0)",True,13.686473846435547,0.0,3.814697266608281e-05,"StraightLane index=('>>', '>>>', 0)",True,0.0,True,False,1.190247654914856,0.2873256504535675,0.0,0.2873256504535675,True,0.0,0.0,0.1795785315334797,0.0,0.1795785315334797,0.0
10.14004,"[23.87885284423828, 4.5, 0.0]","[38.17074203491211, 4.5, 0.0]",4.834319591523447,5.0103230476379395,5.020041148501332,0.49591064453125,0.5100945830345154,14.287700653073006,0.1825900077807523,0.3404140472410777,9.787700653073006,-0.17600345611449253,4.8173909187316895,0.1825237274169922,14.279561996459961,True,0,4.999914646148682,5.0103230476379395,0.4355907440185547,0.1736573245658477,0.2879154470092027,-0.0005897965556351803,"StraightLane index=('>>', '>>>', 0)",True,13.782562255859375,0.0,3.814697266608281e-05,"StraightLane index=('>>', '>>>', 0)",True,0.0,True,False,1.190247654914856,0.2873256504535675,0.0,0.2873256504535675,True,0.0,0.0,0.1795785315334797,0.0,0.1795785315334797,0.0
10.159235,"[23.975341796875, 4.5, 0.0]","[38.270713806152344, 4.5, 0.0]",4.844237804414094,5.0269365310668945,5.029643297489383,0.4959106445323602,0.5094567537307739,14.29188919067066,0.17600345611449253,-0.3293275833129883,9.79188919067066,-0.1826987266528004,4.827467918395996,0.1825237274169922,14.279561996459961,True,0,5.009991645812988,5.0269365310668945,0.4355907440185547,0.1736573245658477,0.2879154470092027,-0.0005897965556351803,"StraightLane index=('>>', '>>>', 0)",True,13.878852844238281,0.0,3.814697266608281e-05,"StraightLane index=('>>', '>>>', 0)",True,0.0,True,False,1.190247654914856,0.2873256504535675,0.0,0.2873256504535675,True,0.0,0.0,0.1795785315334797,0.0,0.1795785315334797,0.0
10.179916,"[24.07202911376953, 4.5, 0.0]","[38.37134552001953, 4.5, 0.0]",4.8541560173047325,5.030283451080323,5.039969766995637,0.49591064453191613,0.5073540210723877,14.295372009274177,0.1826987266528004,0.3347635269153937,9.795372009274177,-0.1761274337755907,4.837395191192627,0.1825237274169922,14.279561996459961,True,0,5.019918918609619,5.030283451080323,0.4355907440185547,0.1736573245658477,0.2879154470092027,-0.0005897965556351803,"StraightLane index=('>>', '>>>', 0)",True,13.975341796875,0.0,3.814697266608281e-05,"StraightLane index=('>>', '>>>', 0)",True,0.0,True,False,1.190247654914856,0.2873256504535675,0.0,0.2873256504535675,True,0.0,0.0,0.1795785315334797,0.0,0.1795785315334797,0.0
10.199995,"[24.168914794921875, 4.5, 0.0]","[38.47160720825195, 4.5, 0.0]",4.864074230195357,5.046926021575928,5.050019134493778,0.4959106445312056,0.5004345178604126,14.299316406246831,0.1761274337755907,-0.328564643860485,9.799316406246831,-0.18285179138057117,4.851799964904785,0.1825237274169922,14.279561996459961,True,0,5.034323692321777,5.046926021575928,0.5666112899780273,0.1761229872584939,0.2949766516558652,-0.007651001202297669,"StraightLane index=('>>', '>>>', 0)",True,14.072029113769531,0.0,3.814697266608281e-05,"StraightLane index=('>>', '>>>', 0)",True,0.0,True,False,1.190247654914856,0.2873256504535675,0.0,0.2873256504535675,True,0.0,0.0,0.1795785315334797,0.0,0.1795785315334797,0.0
10.220501,"[24.26599884033203, 4.5, 0.0]","[38.572105407714844, 4.5, 0.0]",4.874228954316434,5.050191402435303,5.060267741489224,0.5077362060538881,0.5020574331283569,14.302692413326909,0.18285179138057117,0.33621788024902344,9.802692413326909,-0.1759624481188684,4.8569746017456055,0.17612743377685547,14.29931640625,True,0,5.033102035522461,5.050191402435303,0.5666112899780273,0.1761229872584939,0.2949766516558652,-0.000806480633450013,"StraightLane index=('>>', '>>>', 0)",True,14.168914794921875,0.0,3.814697266608281e-05,"StraightLane index=('>>', '>>>', 0)",True,0.0,True,False,1.209695816040039,0.29417017102241516,0.0,0.29417017102241516,True,0.0,0.0,0.18385635688900948,0.0,0.18385635688900948,0.0
10.240183,"[24.36328125, 4.5, 0.0]","[38.67510986328125, 4.5, 0.0]",4.8843836784375565,5.067005634307861,5.070110724994447,0.5077362060561086,0.4994485378265381,14.306106567380782,0.1759624481188684,-0.34446716308513814,9.806106567380782,-0.18262195587030483,4.866672515869141,0.17612743377685547,14.29931640625,True,0,5.042799949645996,5.067005634307861,0.5666112899780273,0.1761229872584939,0.2949766516558652,-0.000806480633450013,"StraightLane index=('>>', '>>>', 0)",True,14.265998840332031,0.0,3.0517578143044024e-05,"StraightLane index=('>>', '>>>', 0)",True,0.0,True,False,1.209695816040039,0.29417017102241516,0.0,0.29417017102241516,True,0.0,0.0,0.18385635688900948,0.0,0.18385635688900948,0.0
10.25952,"[24.460765838623047, 4.5, 0.0]","[38.77589797973633, 4.5, 0.0]",4.89453840255868,5.070269584655762,5.079758780502015,0.507736206056153,0.49818602204322815,14.31182861327922,0.18262195587030483,0.3329753875718211,9.81182861327922,-0.17573118209708216,4.881494045257568,0.17612743377685547,14.29931640625,True,0,5.057621479034424,5.070269584655762,0.5666112899780273,0.1761229872584939,0.2949766516558652,-0.000806480633450013,"StraightLane index=('>>', '>>>', 0)",True,14.36328125,0.0,3.0517578143044024e-05,"StraightLane index=('>>', '>>>', 0)",True,0.0,True,False,1.209695816040039,0.29417017102241516,0.0,0.29417017102241516,True,0.0,0.0,0.18385635688900948,0.0,0.18385635688900948,0.0
10.280239,"[24.558452606201172, 4.5, 0.0]","[38.87781524658203, 4.5, 0.0]",4.904693126679776,5.086977005004883,5.090135461493627,0.5077362060548207,0.5012372732162476,14.31513214111125,0.17573118209708216,-0.34453868866113346,9.81513214111125,-0.18228387832510684,4.886795997619629,0.17612743377685547,14.29931640625,True,0,5.062923431396484,5.086977005004883,0.5666112899780273,0.1761229872584939,0.2949766516558652,-0.000806480633450013,"StraightLane index=('>>', '>>>', 0)",True,14.460765838623047,0.0,3.0517578143044024e-05,"StraightLane index=('>>', '>>>', 0)",True,0.0,True,False,1.209695816040039,0.29417017102241516,0.0,0.29417017102241516,True,0.0,0.0,0.18385635688900948,0.0,0.18385635688900948,0.0
10.299789,"[24.656343460083008, 4.5, 0.0]","[38.978981018066406, 4.5, 0.0]",4.914847850800857,5.093610763549805,5.099916323498473,0.5077362060540658,0.5008649826049805,14.319362640378827,0.18228387832510684,0.32763481140123396,9.819362640378827,-0.1787629127489474,4.896724224090576,0.17612743377685547,14.29931640625,True,0,5.072851657867432,5.093610763549805,0.46684741973876953,0.17485034822350146,0.29104624151031727,0.0031239295120978894,"StraightLane index=('>>', '>>>', 0)",True,14.558452606201172,0.0,3.0517578143044024e-05,"StraightLane index=('>>', '>>>', 0)",True,0.0,True,False,1.209695816040039,0.29417017102241516,0.0,0.29417017102241516,True,0.0,0.0,0.18385635688900948,0.0,0.18385635688900948,0.0
10.320034,"[24.754436492919922, 4.5, 0.0]","[39.08145523071289, 4.5, 0.0]",4.924775600434636,5.103638172149658,5.1100133874890155,0.4963874816889202,0.5040830969810486,14.322637557981366,0.1787629127489474,-0.17604827880797203,9.822637557981366,-0.1788625717150225,4.907041549682617,0.18228387832641602,14.31936264038086,True,0,5.089325428009033,5.103638172149658,0.46684741973876953,0.17485034822350146,0.29104624151031727,-0.0034876561049675403,"StraightLane index=('>>', '>>>', 0)",True,14.656343460083008,0.0,3.0517578143044024e-05,"StraightLane index=('>>', '>>>', 0)",True,0.0,True,False,1.209695816040039,0.28755858540534973,0.0,0.28755858540534973,True,0.0,0.0,0.17972411587834358,0.0,0.17972411587834358,0.0
10.340647,"[24.852733612060547, 4.5, 0.0]","[39.18389129638672, 4.5, 0.0]",4.934703350068405,5.113631725311279,5.120343593999859,0.49638748168847613,0.5050445199012756,14.327018737790937,0.1788625717150225,0.004982948303755563,9.827018737790937,-0.17892837524287408,4.917199611663818,0.18228387832641602,14.31936264038086,True,0,5.099483489990234,5.113631725311279,0.46684741973876953,0.17485034822350146,0.29104624151031727,-0.0034876561049675403,"StraightLane index=('>>', '>>>', 0)",True,14.754436492919922,0.0,3.0517578143044024e-05,"StraightLane index=('>>', '>>>', 0)",True,0.0,True,False,1.209695816040039,0.28755858540534973,0.0,0.28755858540534973,True,0.0,0.0,0.17972411587834358,0.0,0.17972411587834358,0.0
10.359441,"[24.951229095458984, 4.5, 0.0]","[39.28605651855469, 4.5, 0.0]",4.944631099702197,5.123599052429199,5.129745589994127,0.49638748168958635,0.5050712823867798,14.331157684324138,0.17892837524287408,0.0032901763925785588,9.831157684324138,-0.17896795272700228,4.927248001098633,0.18228387832641602,14.31936264038086,True,0,5.109531879425049,5.123599052429199,0.46684741973876953,0.17485034822350146,0.29104624151031727,-0.0034876561049675403,"StraightLane index=('>>', '>>>', 0)",True,14.852733612060547,0.0,3.0517578143044024e-05,"StraightLane index=('>>', '>>>', 0)",True,0.0,True,False,1.209695816040039,0.28755858540534973,0.0,0.28755858540534973,True,0.0,0.0,0.17972411587834358,0.0,0.17972411587834358,0.0
10.380313,"[25.049922943115234, 4.5, 0.0]","[39.38896560668945, 4.5, 0.0]",4.954558849335993,5.133639335632324,5.140164765488589,0.4963874816898084,0.5037071704864502,14.33482742309367,0.17896795272700228,0.001978874206409742,9.83482742309367,-0.1790804862963311,4.937169075012207,0.18228387832641602,14.31936264038086,True,0,5.119452953338623,5.133639335632324,0.46684741973876953,0.17485034822350146,0.29104624151031727,-0.0034876561049675403,"StraightLane index=('>>', '>>>', 0)",True,14.951229095458984,0.0,3.0517578143044024e-05,"StraightLane index=('>>', '>>>', 0)",True,0.0,True,False,1.209695816040039,0.28755858540534973,0.0,0.28755858540534973,True,0.0,0.0,0.17972411587834358,0.0,0.17972411587834358,0.0
10.399786,"[25.148815155029297, 4.5, 0.0]","[39.491363525390625, 4.5, 0.0]",4.964486598969774,5.14362907409668,5.149912252996001,0.49638748168905344,0.5021645426750183,14.339042663572185,0.1790804862963311,0.005626678466441604,9.839042663572185,-0.1791424751269055,4.947017669677734,0.18228387832641602,14.31936264038086,True,0,5.12930154800415,5.14362907409668,0.50018310546875,0.17487172209255755,0.2913143309250461,-0.003755745519696374,"StraightLane index=('>>', '>>>', 0)",True,15.049922943115234,0.0,3.0517578143044024e-05,"StraightLane index=('>>', '>>>', 0)",True,0.0,True,False,1.209695816040039,0.28755858540534973,0.0,0.28755858540534973,True,0.0,0.0,0.17972411587834358,0.0,0.17972411587834358,0.0
10.419895,"[25.247905731201172, 4.5, 0.0]","[39.59330368041992, 4.5, 0.0]",4.974635601044974,5.153508186340332,5.159969317496871,0.5074501037599877,0.504472017288208,14.342548370359292,0.1791424751269055,0.003099441528719993,9.842548370359292,-0.1788725852953581,4.957260608673096,0.17908048629760742,14.339042663574219,True,0,5.136341094970703,5.153508186340332,0.50018310546875,0.17487172209255755,0.2913143309250461,0.002682479988039832,"StraightLane index=('>>', '>>>', 0)",True,15.148815155029297,0.0,3.0517578143044024e-05,"StraightLane index=('>>', '>>>', 0)",True,0.0,True,False,1.2284241914749146,0.29399681091308594,0.0,0.29399681091308594,True,0.0,0.0,0.1837480068206787,0.0,0.1837480068206787,0.0
10.440004,"[25.34719467163086, 4.5, 0.0]","[39.6983528137207, 4.5, 0.0]",4.984784603120193,5.1636576652526855,5.170021197994356,0.5074501037609647,0.5047634243965149,14.345397949216714,0.1788725852953581,-0.013494491577370482,9.845397949216714,-0.17887306213249232,4.967352390289307,0.17908048629760742,14.339042663574219,True,0,5.146432876586914,5.1636576652526855,0.50018310546875,0.17487172209255755,0.2913143309250461,0.002682479988039832,"StraightLane index=('>>', '>>>', 0)",True,15.247905731201172,0.0,3.0517578143044024e-05,"StraightLane index=('>>', '>>>', 0)",True,0.0,True,False,1.2284241914749146,0.29399681091308594,0.0,0.29399681091308594,True,0.0,0.0,0.1837480068206787,0.0,0.1837480068206787,0.0
10.459687,"[25.446687698364258, 4.5, 0.0]","[39.8011589050293, 4.5, 0.0]",4.994933605195379,5.173590660095215,5.179861578991404,0.5074501037592771,0.5004409551620483,14.351158142087808,0.17887306213249232,2.3841856711115383e-05,9.851158142087808,-0.17865705489983608,4.981979846954346,0.17908048629760742,14.339042663574219,True,0,5.161060333251953,5.173590660095215,0.50018310546875,0.17487172209255755,0.2913143309250461,0.002682479988039832,"StraightLane index=('>>', '>>>', 0)",True,15.34719467163086,0.0,3.0517578143044024e-05,"StraightLane index=('>>', '>>>', 0)",True,0.0,True,False,1.2284241914749146,0.29399681091308594,0.0,0.29399681091308594,True,0.0,0.0,0.1837480068206787,0.0,0.1837480068206787,0.0
10.480044,"[25.546382904052734, 4.5, 0.0]","[39.905025482177734, 4.5, 0.0]",5.00508260727056,5.1836256980896,5.190039008000167,0.5074501037590551,0.5072957873344421,14.354471206663002,0.17865705489983608,-0.010800361632812283,9.854471206663002,-0.17854309081903974,4.987703323364258,0.17908048629760742,14.339042663574219,True,0,5.166783809661865,5.1836256980896,0.50018310546875,0.17487172209255755,0.2913143309250461,0.002682479988039832,"StraightLane index=('>>', '>>>', 0)",True,15.446687698364258,0.0,3.0517578143044024e-05,"StraightLane index=('>>', '>>>', 0)",True,0.0,True,False,1.2284241914749146,0.29399681091308594,0.0,0.29399681091308594,True,0.0,0.0,0.1837480068206787,0.0,0.1837480068206787,0.0
10.499939,"[25.646282196044922, 4.5, 0.0]","[40.00837326049805, 4.5, 0.0]",5.01523160934576,5.193611145019531,5.19999294448935,0.5074501037599877,0.5078813433647156,14.358642578122963,0.17854309081903974,-0.005698204039816801,9.858642578122963,-0.17837953567377163,4.997884273529053,0.17908048629760742,14.339042663574219,True,0,5.17696475982666,5.193611145019531,0.4998207092285156,0.17487827470629985,0.2908249728942514,0.0031718380188345274,"StraightLane index=('>>', '>>>', 0)",True,15.546382904052734,0.0,3.0517578143044024e-05,"StraightLane index=('>>', '>>>', 0)",True,0.0,True,False,1.2284241914749146,0.29399681091308594,0.0,0.29399681091308594,True,0.0,0.0,0.1837480068206787,0.0,0.1837480068206787,0.0
10.520393,"[25.746383666992188, 4.5, 0.0]","[40.11305236816406, 4.5, 0.0]",5.025277614594784,5.203657627105713,5.210189041000558,0.5023002624512163,0.5074687004089355,14.362091064451088,0.17837953567377163,-0.008177757263405638,9.862091064451088,-0.17838001251092894,5.007941722869873,0.1785430908203125,14.358642578125,True,0,5.1864848136901855,5.203657627105713,0.4998207092285156,0.17487827470629985,0.2908249728942514,0.0001876420711874327,"StraightLane index=('>>', '>>>', 0)",True,15.646282196044922,0.0,3.0517578143044024e-05,"StraightLane index=('>>', '>>>', 0)",True,0.0,True,False,1.2284241914749146,0.29101261496543884,0.0,0.29101261496543884,True,0.0,0.0,0.18188288435339928,0.0,0.18188288435339928,0.0
10.539943,"[25.846689224243164, 4.5, 0.0]","[40.21733093261719, 4.5, 0.0]",5.035323619843811,5.21363639831543,5.219995385489892,0.5023002624513495,0.5056467056274414,14.366668701169836,0.17838001251092894,2.384185786574733e-05,9.866668701169836,-0.17831277847161875,5.017860412597656,0.1785430908203125,14.358642578125,True,0,5.196403503417969,5.21363639831543,0.4998207092285156,0.17487827470629985,0.2908249728942514,0.0001876420711874327,"StraightLane index=('>>', '>>>', 0)",True,15.746383666992188,0.0,3.0517578143044024e-05,"StraightLane index=('>>', '>>>', 0)",True,0.0,True,False,1.2284241914749146,0.29101261496543884,0.0,0.29101261496543884,True,0.0,0.0,0.18188288435339928,0.0,0.18188288435339928,0.0
10.559288,"[25.947195053100586, 4.5, 0.0]","[40.32139587402344, 4.5, 0.0]",5.045369625092837,5.223594665527344,5.229669912997633,0.5023002624513051,0.4991828501224518,14.370641708370838,0.17831277847161875,-0.003361701965509667,9.870641708370838,-0.1782250404345067,5.032265663146973,0.1785430908203125,14.358642578125,True,0,5.210808753967285,5.223594665527344,0.4998207092285156,0.17487827470629985,0.2908249728942514,0.0001876420711874327,"StraightLane index=('>>', '>>>', 0)",True,15.846689224243164,0.0,3.814697266608281e-05,"StraightLane index=('>>', '>>>', 0)",True,0.0,True,False,1.2284241914749146,0.29101261496543884,0.0,0.29101261496543884,True,0.0,0.0,0.18188288435339928,0.0,0.18188288435339928,0.0
10.580213,"[26.047901153564453, 4.5, 0.0]","[40.42605209350586, 4.5, 0.0]",5.05541563034187,5.233609676361084,5.240124607490725,0.5023002624516604,0.5055627822875977,14.374200820919667,0.1782250404345067,-0.004386901855601977,9.874200820919667,-0.17819404601921374,5.037927150726318,0.1785430908203125,14.358642578125,True,0,5.216470241546631,5.233609676361084,0.4998207092285156,0.17487827470629985,0.2908249728942514,0.0001876420711874327,"StraightLane index=('>>', '>>>', 0)",True,15.947195053100586,0.0,3.814697266608281e-05,"StraightLane index=('>>', '>>>', 0)",True,0.0,True,False,1.2284241914749146,0.29101261496543884,0.0,0.29101261496543884,True,0.0,0.0,0.18188288435339928,0.0,0.18188288435339928,0.0
10.60057,"[26.1488094329834, 4.5, 0.0]","[40.530479431152344, 4.5, 0.0]",5.065461635590889,5.243602752685547,5.250299776499742,0.5023002624509498,0.49959811568260193,14.37815093993822,0.17819404601921374,-0.0015497207646486544,9.87815093993822,-0.17814111709465763,5.0524373054504395,0.1785430908203125,14.358642578125,True,0,5.230980396270752,5.243602752685547,0.49991607666015625,0.17488750991877533,0.29067923603030277,0.00033337893513607497,"StraightLane index=('>>', '>>>', 0)",True,16.047901153564453,0.0,3.814697266608281e-05,"StraightLane index=('>>', '>>>', 0)",True,0.0,True,False,1.2284241914749146,0.29101261496543884,0.0,0.29101261496543884,True,0.0,0.0,0.18188288435339928,0.0,0.18188288435339928,0.0
10.619585,"[26.24991798400879, 4.5, 0.0]","[40.634368896484375, 4.5, 0.0]",5.075490474702205,5.25347900390625,5.259808037491166,0.5014419555657845,0.5047717094421387,14.381669998165759,0.17814111709465763,-0.002646446227805299,9.881669998165759,-0.17798852920404507,5.057976245880127,0.1781940460205078,14.378150939941406,True,0,5.236170291900635,5.25347900390625,0.49991607666015625,0.17488750991877533,0.29067923603030277,-0.00013943490954471116,"StraightLane index=('>>', '>>>', 0)",True,16.1488094329834,0.0,3.814697266608281e-05,"StraightLane index=('>>', '>>>', 0)",True,0.0,True,False,1.2463650703430176,0.29053980112075806,0.0,0.29053980112075806,True,0.0,0.0,0.18158737570047379,0.0,0.18158737570047379,0.0
10.640091,"[26.351226806640625, 4.5, 0.0]","[40.7418327331543, 4.5, 0.0]",5.085519313813531,5.263665676116943,5.270065953492304,0.5014419555663174,0.504759669303894,14.3844509124724,0.17798852920404507,-0.007629394530628275,9.8844509124724,-0.17814636230341208,5.0731048583984375,0.1781940460205078,14.378150939941406,True,0,5.251298904418945,5.263665676116943,0.49991607666015625,0.17488750991877533,0.29067923603030277,-0.00013943490954471116,"StraightLane index=('>>', '>>>', 0)",True,16.24991798400879,0.0,3.814697266608281e-05,"StraightLane index=('>>', '>>>', 0)",True,0.0,True,False,1.2463650703430176,0.29053980112075806,0.0,0.29053980112075806,True,0.0,0.0,0.18158737570047379,0.0,0.18158737570047379,0.0
10.659606,"[26.452735900878906, 4.5, 0.0]","[40.84681701660156, 4.5, 0.0]",5.095548152924848,5.273616313934326,5.279826548491838,0.5014419555658289,0.502125084400177,14.390605926510483,0.17814636230341208,0.007891654968350537,9.890605926510483,-0.1780681610094783,5.082955360412598,0.1781940460205078,14.378150939941406,True,0,5.2611494064331055,5.273616313934326,0.49991607666015625,0.17488750991877533,0.29067923603030277,-0.00013943490954471116,"StraightLane index=('>>', '>>>', 0)",True,16.351226806640625,0.0,3.814697266608281e-05,"StraightLane index=('>>', '>>>', 0)",True,0.0,True,False,1.2463650703430176,0.29053980112075806,0.0,0.29053980112075806,True,0.0,0.0,0.18158737570047379,0.0,0.18158737570047379,0.0
10.680094,"[26.554447174072266, 4.5, 0.0]","[40.95254898071289, 4.5, 0.0]",5.105576992036164,5.28363847732544,5.290066320000915,0.5014419555658289,0.5033546090126038,14.394081115719466,0.1780681610094783,-0.003910064696688309,9.894081115719466,-0.1780614852892759,5.093179225921631,0.1781940460205078,14.378150939941406,True,0,5.271373271942139,5.28363847732544,0.49991607666015625,0.17488750991877533,0.29067923603030277,-0.00013943490954471116,"StraightLane index=('>>', '>>>', 0)",True,16.452735900878906,0.0,3.814697266608281e-05,"StraightLane index=('>>', '>>>', 0)",True,0.0,True,False,1.2463650703430176,0.29053980112075806,0.0,0.29053980112075806,True,0.0,0.0,0.18158737570047379,0.0,0.18158737570047379,0.0
10.699779,"[26.65635871887207, 4.5, 0.0]","[41.0576286315918, 4.5, 0.0]",5.115605831147505,5.293598651885986,5.29991111549607,0.501441955567028,0.5054538249969482,14.398101806637435,0.1780614852892759,-0.0003337860101204626,9.898101806637435,-0.17799282073848133,5.098433017730713,0.1781940460205078,14.378150939941406,True,0,5.276627063751221,5.293598651885986,0.49995899200439453,0.1748973236470516,0.29059265712706445,-5.285600630638987e-05,"StraightLane index=('>>', '>>>', 0)",True,16.554447174072266,0.0,3.814697266608281e-05,"StraightLane index=('>>', '>>>', 0)",True,0.0,True,False,1.2463650703430176,0.29053980112075806,0.0,0.29053980112075806,True,0.0,0.0,0.18158737570047379,0.0,0.18158737570047379,0.0
10.721333,"[26.75847053527832, 4.5, 0.0]","[41.16480255126953, 4.5, 0.0]",5.1256289482129604,5.307023525238037,5.31059864499839,0.5011558532727722,0.5034191608428955,14.401269912716534,0.17799282073848133,-0.003433227539728634,9.901269912716534,-0.18139457702507666,5.108262538909912,0.17806148529052734,14.398101806640625,True,0,5.2863240242004395,5.307023525238037,0.49995899200439453,0.1748973236470516,0.29059265712706445,-0.00022603730170128733,"StraightLane index=('>>', '>>>', 0)",True,16.65635871887207,0.0,3.814697266608281e-05,"StraightLane index=('>>', '>>>', 0)",True,0.0,True,False,1.2463650703430176,0.29036661982536316,0.0,0.29036661982536316,True,0.0,0.0,0.18147913739085197,0.0,0.18147913739085197,0.0
10.740473,"[26.860782623291016, 4.5, 0.0]","[41.271141052246094, 4.5, 0.0]",5.135652065278411,5.310342311859131,5.32025725300191,0.5011558532725058,0.5053017735481262,14.406332015988019,0.18139457702507666,0.17008781432976683,9.906332015988019,-0.1746902465807203,5.118483066558838,0.17806148529052734,14.398101806640625,True,0,5.296544551849365,5.310342311859131,0.49995899200439453,0.1748973236470516,0.29059265712706445,-0.00022603730170128733,"StraightLane index=('>>', '>>>', 0)",True,16.75847053527832,0.0,3.814697266608281e-05,"StraightLane index=('>>', '>>>', 0)",True,0.0,True,False,1.2463650703430176,0.29036661982536316,0.0,0.29036661982536316,True,0.0,0.0,0.18147913739085197,0.0,0.18147913739085197,0.0
10.758707,"[26.963294982910156, 4.5, 0.0]","[41.37385940551758, 4.5, 0.0]",5.145675182343845,5.326653480529785,5.329378532001282,0.5011558532717064,0.5052409768104553,14.410358428951884,0.1746902465807203,-0.3352165222178183,9.910358428951884,-0.18097829818594047,5.1285529136657715,0.17806148529052734,14.398101806640625,True,0,5.306614398956299,5.326653480529785,0.49995899200439453,0.1748973236470516,0.29059265712706445,-0.00022603730170128733,"StraightLane index=('>>', '>>>', 0)",True,16.860782623291016,0.0,3.814697266608281e-05,"StraightLane index=('>>', '>>>', 0)",True,0.0,True,False,1.2463650703430176,0.29036661982536316,0.0,0.29036661982536316,True,0.0,0.0,0.18147913739085197,0.0,0.18147913739085197,0.0
10.780015,"[27.066007614135742, 4.5, 0.0]","[41.480865478515625, 4.5, 0.0]",5.155698299409276,5.3300347328186035,5.3400284249975805,0.5011558532715732,0.5045301914215088,14.410564422605377,0.18097829818594047,0.3144025802610084,9.910564422605377,-0.17433643340932736,5.138524055480957,0.17806148529052734,14.398101806640625,True,0,5.316585540771484,5.3300347328186035,0.49995899200439453,0.1748973236470516,0.29059265712706445,-0.00022603730170128733,"StraightLane index=('>>', '>>>', 0)",True,16.963294982910156,0.0,3.0517578143044024e-05,"StraightLane index=('>>', '>>>', 0)",True,0.0,True,False,1.2463650703430176,0.29036661982536316,0.0,0.29036661982536316,True,0.0,0.0,0.18147913739085197,0.0,0.18147913739085197,0.0
10.799265,"[27.168920516967773, 4.5, 0.0]","[41.58711624145508, 4.5, 0.0]",5.165721416474717,5.346677780151367,5.34965628349455,0.5011558532720617,0.5026754140853882,14.414857864377838,0.17433643340932736,-0.3320932388306552,9.914857864377838,-0.1809563636766498,5.148380279541016,0.17806148529052734,14.398101806640625,True,0,5.326441764831543,5.346677780151367,0.5307912826538086,0.17598528617522974,0.2936069225650521,-0.0032403027396889494,"StraightLane index=('>>', '>>>', 0)",True,17.066007614135742,0.0,3.0517578143044024e-05,"StraightLane index=('>>', '>>>', 0)",True,0.0,True,False,1.2463650703430176,0.29036661982536316,0.0,0.29036661982536316,True,0.0,0.0,0.18147913739085197,0.0,0.18147913739085197,0.0
10.819611,"[27.27203369140625, 4.5, 0.0]","[41.69478225708008, 4.5, 0.0]",5.175740718842886,5.350057601928711,5.359826699498807,0.5009651184084252,0.5008472800254822,14.418195724485258,0.1809563636766498,0.3309965133661219,9.918195724485258,-0.17431688308582505,5.158176422119141,0.17433643341064453,14.414857864379883,True,0,5.332512855529785,5.350057601928711,0.5307912826538086,0.17598528617522974,0.2936069225650521,-0.003351852832386093,"StraightLane index=('>>', '>>>', 0)",True,17.168920516967773,0.0,3.0517578143044024e-05,"StraightLane index=('>>', '>>>', 0)",True,0.0,True,False,1.2463650703430176,0.290255069732666,0.0,0.290255069732666,True,0.0,0.0,0.18140941858291626,0.0,0.18140941858291626,0.0
10.839756,"[27.375349044799805, 4.5, 0.0]","[41.80165100097656, 4.5, 0.0]",5.185760021211046,5.366665363311768,5.369898291002027,0.5009651184080255,0.5030322670936584,14.422748565671782,0.17431688308582505,-0.33197402954123767,9.922748565671782,-0.18090534210072118,5.168379306793213,0.17433643341064453,14.414857864379883,True,0,5.342715740203857,5.366665363311768,0.5307912826538086,0.17598528617522974,0.2936069225650521,-0.003351852832386093,"StraightLane index=('>>', '>>>', 0)",True,17.27203369140625,0.0,3.0517578143044024e-05,"StraightLane index=('>>', '>>>', 0)",True,0.0,True,False,1.263534665107727,0.290255069732666,0.0,0.290255069732666,True,0.0,0.0,0.18140941858291626,0.0,0.18140941858291626,0.0
10.859278,"[27.478864669799805, 4.5, 0.0]","[41.90898513793945, 4.5, 0.0]",5.195779323579203,5.369983673095703,5.379665343501256,0.5009651184078479,0.49761340022087097,14.426301956174711,0.18090534210072118,0.32942295074480654,9.926301956174711,-0.17420434951649977,5.182876110076904,0.17433643341064453,14.414857864379883,True,0,5.357212543487549,5.369983673095703,0.5307912826538086,0.17598528617522974,0.2936069225650521,-0.003351852832386093,"StraightLane index=('>>', '>>>', 0)",True,17.375349044799805,0.0,3.0517578143044024e-05,"StraightLane index=('>>', '>>>', 0)",True,0.0,True,False,1.263534665107727,0.290255069732666,0.0,0.290255069732666,True,0.0,0.0,0.18140941858291626,0.0,0.18140941858291626,0.0
10.880005,"[27.58258056640625, 4.5, 0.0]","[42.017242431640625, 4.5, 0.0]",5.205798625947356,5.386720180511475,5.390022887996747,0.5009651184076258,0.502980649471283,14.4301204681376,0.17420434951649977,-0.3350496292110705,9.9301204681376,-0.18092155456411874,5.18841552734375,0.17433643341064453,14.414857864379883,True,0,5.3627519607543945,5.386720180511475,0.5307912826538086,0.17598528617522974,0.2936069225650521,-0.003351852832386093,"StraightLane index=('>>', '>>>', 0)",True,17.478864669799805,0.0,3.0517578143044024e-05,"StraightLane index=('>>', '>>>', 0)",True,0.0,True,False,1.263534665107727,0.290255069732666,0.0,0.290255069732666,True,0.0,0.0,0.18140941858291626,0.0,0.18140941858291626,0.0
10.899261,"[27.68649673461914, 4.5, 0.0]","[42.12417984008789, 4.5, 0.0]",5.215817928315516,5.3900017738342285,5.399654732496129,0.5009651184080255,0.5014808773994446,14.434661865232327,0.18092155456411874,0.3358602523809484,9.934661865232327,-0.17418384551871213,5.19827938079834,0.17433643341064453,14.414857864379883,True,0,5.372615814208984,5.3900017738342285,0.4332399368286133,0.17355015534670823,0.28676965493387113,0.0034854147987948836,"StraightLane index=('>>', '>>>', 0)",True,17.58258056640625,0.0,3.0517578143044024e-05,"StraightLane index=('>>', '>>>', 0)",True,0.0,True,False,1.263534665107727,0.290255069732666,0.0,0.290255069732666,True,0.0,0.0,0.18140941858291626,0.0,0.18140941858291626,0.0
10.919445,"[27.790613174438477, 4.5, 0.0]","[42.233131408691406, 4.5, 0.0]",5.22570943832528,5.406740188598633,5.40974672549346,0.49457550048819243,0.49997735023498535,14.437683105466702,0.17418384551871213,-0.3368854522703302,9.937683105466702,-0.18103075027335258,5.208087921142578,0.17433643341064453,14.414857864379883,True,0,5.382424354553223,5.406740188598633,0.4332399368286133,0.17355015534670823,0.28676965493387113,-0.000224467698992592,"StraightLane index=('>>', '>>>', 0)",True,17.68649673461914,0.0,3.0517578143044024e-05,"StraightLane index=('>>', '>>>', 0)",True,0.0,True,False,1.263534665107727,0.28654518723487854,0.0,0.28654518723487854,True,0.0,0.0,0.1790907420217991,0.0,0.1790907420217991,0.0
10.941616,"[27.894929885864258, 4.5, 0.0]","[42.34287643432617, 4.5, 0.0]",5.2356009483350645,5.410188674926758,5.420829928002786,0.49457550048921384,0.4997287690639496,14.44251823425088,0.18103075027335258,0.3423452377320224,9.94251823425088,-0.1745877265916933,5.223043441772461,0.1809215545654297,14.434661865234375,True,0,5.403964996337891,5.410188674926758,0.4332399368286133,0.17355015534670823,0.28676965493387113,-0.000224467698992592,"StraightLane index=('>>', '>>>', 0)",True,17.790613174438477,0.0,3.0517578143044024e-05,"StraightLane index=('>>', '>>>', 0)",True,0.0,True,False,1.263534665107727,0.28654518723487854,0.0,0.28654518723487854,True,0.0,0.0,0.1790907420217991,0.0,0.1790907420217991,0.0
10.959662,"[27.99944496154785, 4.5, 0.0]","[42.45212173461914, 4.5, 0.0]",5.245492458344821,5.426923751831055,5.429854922989034,0.49457550048783716,0.4973639249801636,14.447946548459864,0.1745877265916933,-0.32215118408296384,9.947946548459864,-0.18143129348623344,5.232822418212891,0.1809215545654297,14.434661865234375,True,0,5.41374397277832,5.426923751831055,0.4332399368286133,0.17355015534670823,0.28676965493387113,-0.000224467698992592,"StraightLane index=('>>', '>>>', 0)",True,17.894929885864258,0.0,3.0517578143044024e-05,"StraightLane index=('>>', '>>>', 0)",True,0.0,True,False,1.263534665107727,0.28654518723487854,0.0,0.28654518723487854,True,0.0,0.0,0.1790907420217991,0.0,0.1790907420217991,0.0
10.980231,"[28.104156494140625, 4.5, 0.0]","[42.561187744140625, 4.5, 0.0]",5.255383968354593,5.430309295654297,5.440134038001998,0.4945755004885921,0.5028204917907715,14.45267677306924,0.18143129348623344,0.3421783447270066,9.95267677306924,-0.17492532729970378,5.238368511199951,0.1809215545654297,14.434661865234375,True,0,5.419290065765381,5.430309295654297,0.4332399368286133,0.17355015534670823,0.28676965493387113,-0.000224467698992592,"StraightLane index=('>>', '>>>', 0)",True,17.99944496154785,0.0,3.0517578143044024e-05,"StraightLane index=('>>', '>>>', 0)",True,0.0,True,False,1.263534665107727,0.28654518723487854,0.0,0.28654518723487854,True,0.0,0.0,0.1790907420217991,0.0,0.1790907420217991,0.0
10.999877,"[28.20906639099121, 4.5, 0.0]","[42.669368743896484, 4.5, 0.0]",5.265275478364367,5.446946144104004,5.449957943990012,0.49457550048868093,0.49515801668167114,14.457031249997948,0.17492532729970378,-0.32529830932648274,9.957031249997948,-0.1816706657396372,5.252598285675049,0.1809215545654297,14.434661865234375,True,0,5.4335198402404785,5.446946144104004,0.5694437026977539,0.1761256694064588,0.29421160213722297,-0.007666414902344432,"StraightLane index=('>>', '>>>', 0)",True,18.104156494140625,0.0,3.0517578143044024e-05,"StraightLane index=('>>', '>>>', 0)",True,0.0,True,False,1.263534665107727,0.28654518723487854,0.0,0.28654518723487854,True,0.0,0.0,0.1790907420217991,0.0,0.1790907420217991,0.0
11.019983,"[28.31417465209961, 4.5, 0.0]","[42.779048919677734, 4.5, 0.0]",5.275399684907373,5.450324535369874,5.459993073996157,0.5062103271503027,0.49590152502059937,14.460302352903222,0.1816706657396372,0.33726692199667063,9.960302352903222,-0.17492485046250117,5.262628555297852,0.1749253273010254,14.45703125,True,0,5.437553882598877,5.450324535369874,0.5694437026977539,0.1761256694064588,0.29421160213722297,-0.0009138941027075909,"StraightLane index=('>>', '>>>', 0)",True,18.20906639099121,0.0,3.0517578143044024e-05,"StraightLane index=('>>', '>>>', 0)",True,0.0,True,False,1.279927134513855,0.2932977080345154,0.0,0.2932977080345154,True,0.0,0.0,0.1833110675215721,0.0,0.1833110675215721,0.0
11.039892,"[28.419479370117188, 4.5, 0.0]","[42.887962341308594, 4.5, 0.0]",5.28552389145037,5.466937065124512,5.469967129992438,0.5062103271498586,0.49799251556396484,14.46487426757492,0.17492485046250117,-0.33729076385680123,9.96487426757492,-0.18141317367414178,5.2678070068359375,0.1749253273010254,14.45703125,True,0,5.442732334136963,5.466937065124512,0.5694437026977539,0.1761256694064588,0.29421160213722297,-0.0009138941027075909,"StraightLane index=('>>', '>>>', 0)",True,18.31417465209961,0.0,3.814697266608281e-05,"StraightLane index=('>>', '>>>', 0)",True,0.0,True,False,1.279927134513855,0.2932977080345154,0.0,0.2932977080345154,True,0.0,0.0,0.1833110675215721,0.0,0.1833110675215721,0.0
11.059329,"[28.524988174438477, 4.5, 0.0]","[42.997344970703125, 4.5, 0.0]",5.295648097993346,5.470260143280029,5.479689959497773,0.5062103271487928,0.4921075999736786,14.4684829711882,0.18141317367414178,0.3244161605820306,9.9684829711882,-0.1746120452866835,5.282047271728516,0.1749253273010254,14.45703125,True,0,5.456972599029541,5.470260143280029,0.5694437026977539,0.1761256694064588,0.29421160213722297,-0.0009138941027075909,"StraightLane index=('>>', '>>>', 0)",True,18.419479370117188,0.0,3.814697266608281e-05,"StraightLane index=('>>', '>>>', 0)",True,0.0,True,False,1.279927134513855,0.2932977080345154,0.0,0.2932977080345154,True,0.0,0.0,0.1833110675215721,0.0,0.1833110675215721,0.0
11.080563,"[28.630699157714844, 4.5, 0.0]","[43.10707473754883, 4.5, 0.0]",5.3057723045363225,5.486947059631348,5.490295888989931,0.5062103271488372,0.49884986877441406,14.472356796261442,0.1746120452866835,-0.34005641937291387,9.972356796261442,-0.18117475509502512,5.287675857543945,0.1749253273010254,14.45703125,True,0,5.462601184844971,5.486947059631348,0.5694437026977539,0.1761256694064588,0.29421160213722297,-0.0009138941027075909,"StraightLane index=('>>', '>>>', 0)",True,18.524988174438477,0.0,3.814697266608281e-05,"StraightLane index=('>>', '>>>', 0)",True,0.0,True,False,1.279927134513855,0.2932977080345154,0.0,0.2932977080345154,True,0.0,0.0,0.1833110675215721,0.0,0.1833110675215721,0.0
11.100664,"[28.73661231994629, 4.5, 0.0]","[43.21657943725586, 4.5, 0.0]",5.315896511079286,5.490281581878662,5.500352079997538,0.506210327148171,0.49965909123420715,14.476375579830776,0.18117475509502512,0.3281354904170808,9.976375579830776,-0.17438507079937615,5.2977118492126465,0.1749253273010254,14.45703125,True,0,5.472637176513672,5.490281581878662,0.43335437774658203,0.1736805056869433,0.2870308017065378,0.006266906327977606,"StraightLane index=('>>', '>>>', 0)",True,18.630699157714844,0.0,3.814697266608281e-05,"StraightLane index=('>>', '>>>', 0)",True,0.0,True,False,1.279927134513855,0.2932977080345154,0.0,0.2932977080345154,True,0.0,0.0,0.1833110675215721,0.0,0.1833110675215721,0.0
11.121201,"[28.842727661132812, 4.5, 0.0]","[43.327003479003906, 4.5, 0.0]",5.3258070945753655,5.5069684982299805,5.510589247499593,0.49552917480397696,0.4963858723640442,14.479967117306362,0.17438507079937615,-0.3394842147824484,9.979967117306362,-0.18116140365461497,5.3123064041137695,0.1749253273010254,14.45703125,True,0,5.487231731414795,5.5069684982299805,0.43335437774658203,0.1736805056869433,0.2870308017065378,4.0336913838812105e-05,"StraightLane index=('>>', '>>>', 0)",True,18.73661231994629,0.0,3.814697266608281e-05,"StraightLane index=('>>', '>>>', 0)",True,0.0,True,False,1.279927134513855,0.2870711386203766,0.0,0.2870711386203766,True,0.0,0.0,0.17941946163773537,0.0,0.17941946163773537,0.0
11.139391,"[28.949045181274414, 4.5, 0.0]","[43.43476486206055, 4.5, 0.0]",5.335717678071461,5.510054588317871,5.519717698497698,0.4955291748047763,0.5013597011566162,14.484275817869039,0.18116140365461497,0.338816642761941,9.984275817869039,-0.17433691024641007,5.32282829284668,0.18117475509643555,14.476375579833984,True,0,5.504003047943115,5.510054588317871,0.43335437774658203,0.1736805056869433,0.2870308017065378,4.0336913838812105e-05,"StraightLane index=('>>', '>>>', 0)",True,18.842727661132812,0.0,3.0517578143044024e-05,"StraightLane index=('>>', '>>>', 0)",True,0.0,True,False,1.279927134513855,0.2870711386203766,0.0,0.2870711386203766,True,0.0,0.0,0.17941946163773537,0.0,0.17941946163773537,0.0
11.159452,"[29.055561065673828, 4.5, 0.0]","[43.5475959777832, 4.5, 0.0]",5.34562826156755,5.5269317626953125,5.529736759493244,0.49552917480446546,0.5049629211425781,14.485719680784078,0.17433691024641007,-0.34122467041024507,9.985719680784078,-0.18130350112776217,5.328219890594482,0.18117475509643555,14.476375579833984,True,0,5.509394645690918,5.5269317626953125,0.43335437774658203,0.1736805056869433,0.2870308017065378,4.0336913838812105e-05,"StraightLane index=('>>', '>>>', 0)",True,18.949045181274414,0.0,3.0517578143044024e-05,"StraightLane index=('>>', '>>>', 0)",True,0.0,True,False,1.279927134513855,0.2870711386203766,0.0,0.2870711386203766,True,0.0,0.0,0.17941946163773537,0.0,0.17941946163773537,0.0
11.179959,"[29.162275314331055, 4.5, 0.0]","[43.65818405151367, 4.5, 0.0]",5.355538845063652,5.5302734375,5.540000198499183,0.4955291748050872,0.5052650570869446,14.492034912107318,0.18130350112776217,0.34832954406760486,9.992034912107318,-0.17473459243634792,5.338297367095947,0.18117475509643555,14.476375579833984,True,0,5.519472122192383,5.5302734375,0.43335437774658203,0.1736805056869433,0.2870308017065378,4.0336913838812105e-05,"StraightLane index=('>>', '>>>', 0)",True,19.055561065673828,0.0,3.0517578143044024e-05,"StraightLane index=('>>', '>>>', 0)",True,0.0,True,False,1.279927134513855,0.2870711386203766,0.0,0.2870711386203766,True,0.0,0.0,0.17941946163773537,0.0,0.17941946163773537,0.0
11.199728,"[29.269187927246094, 4.5, 0.0]","[43.76858139038086, 4.5, 0.0]",5.365449428559744,5.546930313110352,5.549883684000815,0.4955291748045987,0.504084587097168,14.49590873718056,0.17473459243634792,-0.3284454345707122,9.99590873718056,-0.1814808845506075,5.34824275970459,0.18117475509643555,14.476375579833984,True,0,5.529417514801025,5.546930313110352,0.5664873123168945,0.17613951104934028,0.2941020860072352,-0.00703094738685861,"StraightLane index=('>>', '>>>', 0)",True,19.162275314331055,0.0,3.0517578143044024e-05,"StraightLane index=('>>', '>>>', 0)",True,0.0,True,False,1.279927134513855,0.2870711386203766,0.0,0.2870711386203766,True,0.0,0.0,0.17941946163773537,0.0,0.17941946163773537,0.0
11.220945,"[29.376298904418945, 4.5, 0.0]","[43.88068771362305, 4.5, 0.0]",5.375586986543163,5.550346374511719,5.560464764991775,0.5068778991709433,0.5026494264602661,14.499393463132709,0.1814808845506075,0.33731460571297944,9.999393463132709,-0.17475938796855583,5.358110427856445,0.17473459243774414,14.495908737182617,True,0,5.5328450202941895,5.550346374511719,0.5664873123168945,0.17613951104934028,0.2941020860072352,-0.00044970053398385446,"StraightLane index=('>>', '>>>', 0)",True,19.269187927246094,0.0,3.0517578143044024e-05,"StraightLane index=('>>', '>>>', 0)",True,0.0,True,False,1.279927134513855,0.29365238547325134,0.0,0.29365238547325134,True,0.0,0.0,0.1835327409207821,0.0,0.1835327409207821,0.0
11.240423,"[29.48360824584961, 4.5, 0.0]","[43.99205017089844, 4.5, 0.0]",5.3857245445265445,5.566999912261963,5.570206812993274,0.5068778991690781,0.505004346370697,14.504388809202043,0.17475938796855583,-0.3360748291025839,10.004388809202043,-0.1812753677354184,5.368368148803711,0.17473459243774414,14.495908737182617,True,0,5.543102741241455,5.566999912261963,0.5664873123168945,0.17613951104934028,0.2941020860072352,-0.00044970053398385446,"StraightLane index=('>>', '>>>', 0)",True,19.376298904418945,0.0,3.0517578143044024e-05,"StraightLane index=('>>', '>>>', 0)",True,0.0,True,False,1.2955700159072876,0.29365238547325134,0.0,0.29365238547325134,True,0.0,0.0,0.1835327409207821,0.0,0.1835327409207821,0.0
11.259382,"[29.59111976623535, 4.5, 0.0]","[44.102787017822266, 4.5, 0.0]",5.395862102509946,5.573598861694336,5.579712985988589,0.5068778991700551,0.5052970051765442,14.50844192504677,0.1812753677354184,0.3257989883431289,10.00844192504677,-0.17773675918439036,5.3784708976745605,0.17473459243774414,14.495908737182617,True,0,5.553205490112305,5.573598861694336,0.5664873123168945,0.17613951104934028,0.2941020860072352,-0.00044970053398385446,"StraightLane index=('>>', '>>>', 0)",True,19.48360824584961,0.0,3.0517578143044024e-05,"StraightLane index=('>>', '>>>', 0)",True,0.0,True,False,1.2955700159072876,0.29365238547325134,0.0,0.29365238547325134,True,0.0,0.0,0.1835327409207821,0.0,0.1835327409207821,0.0
11.282091,"[29.698833465576172, 4.5, 0.0]","[44.2127799987793, 4.5, 0.0]",5.405999660493356,5.583463191986084,5.591046129996538,0.5068778991704992,0.5048336982727051,14.511667251584855,0.17773675918439036,-0.17693042755140276,10.011667251584855,-0.17746353149272842,5.388470649719238,0.17473459243774414,14.495908737182617,True,0,5.563205242156982,5.583463191986084,0.5664873123168945,0.17613951104934028,0.2941020860072352,-0.00044970053398385446,"StraightLane index=('>>', '>>>', 0)",True,19.59111976623535,0.0,3.0517578143044024e-05,"StraightLane index=('>>', '>>>', 0)",True,0.0,True,False,1.2955700159072876,0.29365238547325134,0.0,0.29365238547325134,True,0.0,0.0,0.1835327409207821,0.0,0.1835327409207821,0.0
11.300062,"[29.806751251220703, 4.5, 0.0]","[44.32600402832031, 4.5, 0.0]",5.416137218476752,5.593617916107178,5.600048019000678,0.5068778991698331,0.5077447891235352,14.513946533201066,0.17746353149272842,-0.013661384583096847,10.013946533201066,-0.1774806976304255,5.398833274841309,0.17473459243774414,14.495908737182617,True,0,5.573567867279053,5.593617916107178,0.4668760299682617,0.1748662209932954,0.290228674453072,0.003423711020179354,"StraightLane index=('>>', '>>>', 0)",True,19.698833465576172,0.0,3.0517578143044024e-05,"StraightLane index=('>>', '>>>', 0)",True,0.0,True,False,1.2955700159072876,0.29365238547325134,0.0,0.29365238547325134,True,0.0,0.0,0.1835327409207821,0.0,0.1835327409207821,0.0
11.320016,"[29.914871215820312, 4.5, 0.0]","[44.43851852416992, 4.5, 0.0]",5.426061153413268,5.603646278381348,5.610028731988859,0.4961967468257722,0.5082655549049377,14.519252777097549,0.1774806976304255,0.0008583068848544428,10.019252777097549,-0.17758512496808,5.409016132354736,0.17746353149414062,14.513946533203125,True,0,5.586479663848877,5.603646278381348,0.4668760299682617,0.1748662209932954,0.290228674453072,-0.002752462666801847,"StraightLane index=('>>', '>>>', 0)",True,19.806751251220703,0.0,3.0517578143044024e-05,"StraightLane index=('>>', '>>>', 0)",True,0.0,True,False,1.2955700159072876,0.28747621178627014,0.0,0.28747621178627014,True,0.0,0.0,0.17967263236641884,0.0,0.17967263236641884,0.0
11.339971,"[30.023193359375, 4.5, 0.0]","[44.55089569091797, 4.5, 0.0]",5.435985088349773,5.613635540008545,5.620006355489021,0.4961967468252837,0.5077832937240601,14.523647308347549,0.17758512496808,0.005221366882723899,10.023647308347549,-0.17765045165877158,5.419073581695557,0.17746353149414062,14.513946533203125,True,0,5.596537113189697,5.613635540008545,0.4668760299682617,0.1748662209932954,0.290228674453072,-0.002752462666801847,"StraightLane index=('>>', '>>>', 0)",True,19.914871215820312,0.0,3.0517578143044024e-05,"StraightLane index=('>>', '>>>', 0)",True,0.0,True,False,1.2955700159072876,0.28747621178627014,0.0,0.28747621178627014,True,0.0,0.0,0.17967263236641884,0.0,0.17967263236641884,0.0
11.359887,"[30.1317138671875, 4.5, 0.0]","[44.66282272338867, 4.5, 0.0]",5.445909023286265,5.623584747314454,5.6299702429998435,0.49619674682457315,0.4992711544036865,14.52770233153975,0.17765045165877158,0.0032663345345795847,10.02770233153975,-0.1776757240281892,5.433355331420898,0.17746353149414062,14.513946533203125,True,0,5.610818862915039,5.623584747314454,0.4668760299682617,0.1748662209932954,0.290228674453072,-0.002752462666801847,"StraightLane index=('>>', '>>>', 0)",True,20.023193359375,0.0,3.814697266608281e-05,"StraightLane index=('>>', '>>>', 0)",True,0.0,True,False,1.2955700159072876,0.28747621178627014,0.0,0.28747621178627014,True,0.0,0.0,0.17967263236641884,0.0,0.17967263236641884,0.0
11.381395,"[30.240432739257812, 4.5, 0.0]","[44.774009704589844, 4.5, 0.0]",5.455832958222782,5.633467674255371,5.640717379489797,0.496196746825861,0.5038435459136963,14.531108856197951,0.1776757240281892,0.0012636184708814113,10.031108856197951,-0.17763471603258907,5.4388275146484375,0.17746353149414062,14.513946533203125,True,0,5.616291046142578,5.633467674255371,0.4668760299682617,0.1748662209932954,0.290228674453072,-0.002752462666801847,"StraightLane index=('>>', '>>>', 0)",True,20.1317138671875,0.0,3.814697266608281e-05,"StraightLane index=('>>', '>>>', 0)",True,0.0,True,False,1.2955700159072876,0.28747621178627014,0.0,0.28747621178627014,True,0.0,0.0,0.17967263236641884,0.0,0.17967263236641884,0.0
11.399319,"[30.349349975585938, 4.5, 0.0]","[44.88541793823242, 4.5, 0.0]",5.4657568931593055,5.643370628356934,5.649681297992356,0.4961967468261719,0.5026513934135437,14.53357696532881,0.17763471603258907,-0.002050399780006984,10.03357696532881,-0.17761373519762813,5.45379114151001,0.17746353149414062,14.513946533203125,True,0,5.63125467300415,5.643370628356934,0.4975271224975586,0.17479304818138042,0.2902419760598387,-0.0027657642735685606,"StraightLane index=('>>', '>>>', 0)",True,20.240432739257812,0.0,3.814697266608281e-05,"StraightLane index=('>>', '>>>', 0)",True,0.0,True,False,1.2955700159072876,0.28747621178627014,0.0,0.28747621178627014,True,0.0,0.0,0.17967263236641884,0.0,0.17967263236641884,0.0
11.419568,"[30.458467483520508, 4.5, 0.0]","[44.998878479003906, 4.5, 0.0]",5.475780010224734,5.653396129608154,5.6597914744954325,0.50115585327144,0.49965599179267883,14.536067962644422,0.17761373519762813,-0.001049041748046875,10.036067962644422,-0.17761611938342003,5.463559150695801,0.17763471603393555,14.533576965332031,True,0,5.641193866729736,5.653396129608154,0.4975271224975586,0.17479304818138042,0.2902419760598387,0.0001296207533632021,"StraightLane index=('>>', '>>>', 0)",True,20.349349975585938,0.0,3.0517578143044024e-05,"StraightLane index=('>>', '>>>', 0)",True,0.0,True,False,1.3102601766586304,0.2903715968132019,0.0,0.2903715968132019,True,0.0,0.0,0.1814822480082512,0.0,0.1814822480082512,0.0
11.439565,"[30.56778335571289, 4.5, 0.0]","[45.11258316040039, 4.5, 0.0]",5.48580312729018,5.663414478302002,5.66980018800241,0.5011558532722837,0.5048118829727173,14.540410995481336,0.17761611938342003,0.00011920928959519017,10.040410995481336,-0.17761135101182202,5.469096660614014,0.17763471603393555,14.533576965332031,True,0,5.646731376647949,5.663414478302002,0.4975271224975586,0.17479304818138042,0.2902419760598387,0.0001296207533632021,"StraightLane index=('>>', '>>>', 0)",True,20.458467483520508,0.0,3.0517578143044024e-05,"StraightLane index=('>>', '>>>', 0)",True,0.0,True,False,1.3102601766586304,0.2903715968132019,0.0,0.2903715968132019,True,0.0,0.0,0.1814822480082512,0.0,0.1814822480082512,0.0
11.459759,"[30.67729949951172, 4.5, 0.0]","[45.22808074951172, 4.5, 0.0]",5.495826244355616,5.673590183258057,5.679905250496813,0.5011558532717952,0.502900242805481,14.544799804685436,0.17761135101182202,-0.00023841857990092308,10.044799804685436,-0.1777639389024408,5.478951930999756,0.17763471603393555,14.533576965332031,True,0,5.656586647033691,5.673590183258057,0.4975271224975586,0.17479304818138042,0.2902419760598387,0.0001296207533632021,"StraightLane index=('>>', '>>>', 0)",True,20.56778335571289,0.0,3.0517578143044024e-05,"StraightLane index=('>>', '>>>', 0)",True,0.0,True,False,1.3102601766586304,0.2903715968132019,0.0,0.2903715968132019,True,0.0,0.0,0.1814822480082512,0.0,0.1814822480082512,0.0
11.480036,"[30.787015914916992, 4.5, 0.0]","[45.34187316894531, 4.5, 0.0]",5.50584936142107,5.683616161346436,5.690038055999321,0.5011558532727278,0.5010181069374084,14.550781249997936,0.1777639389024408,0.0076293945309391376,10.050781249997936,-0.17776679992536604,5.4887471199035645,0.17763471603393555,14.533576965332031,True,0,5.6663818359375,5.683616161346436,0.4975271224975586,0.17479304818138042,0.2902419760598387,0.0001296207533632021,"StraightLane index=('>>', '>>>', 0)",True,20.67729949951172,0.0,3.0517578143044024e-05,"StraightLane index=('>>', '>>>', 0)",True,0.0,True,False,1.3102601766586304,0.2903715968132019,0.0,0.2903715968132019,True,0.0,0.0,0.1814822480082512,0.0,0.1814822480082512,0.0
11.49935,"[30.89693260192871, 4.5, 0.0]","[45.45248794555664, 4.5, 0.0]",5.5158724784865205,5.693361759185791,5.699698958999943,0.5011558532725058,0.49187538027763367,14.554857254026254,0.17776679992536604,0.00014305114626189663,10.054857254026254,-0.1774892806992705,5.502749919891357,0.17763471603393555,14.533576965332031,True,0,5.680384635925293,5.693361759185791,0.4999113082885742,0.17481063915334247,0.2901786716078683,0.00019292520533359392,"StraightLane index=('>>', '>>>', 0)",True,20.787015914916992,0.0,3.0517578143044024e-05,"StraightLane index=('>>', '>>>', 0)",True,0.0,True,False,1.3102601766586304,0.2903715968132019,0.0,0.2903715968132019,True,0.0,0.0,0.1814822480082512,0.0,0.1814822480082512,0.0
11.519374,"[31.007049560546875, 4.5, 0.0]","[45.56694412231445, 4.5, 0.0]",5.52588987350605,5.7033867835998535,5.709695078493678,0.5008697509764737,0.4965304136276245,14.555555343625864,0.1774892806992705,-0.013875961304776752,10.055555343625864,-0.17749691009380353,5.508157253265381,0.1777667999267578,14.55485725402832,True,0,5.685924053192139,5.7033867835998535,0.4999113082885742,0.17481063915334247,0.2901786716078683,-2.3396109505857687e-06,"StraightLane index=('>>', '>>>', 0)",True,20.89693260192871,0.0,3.0517578143044024e-05,"StraightLane index=('>>', '>>>', 0)",True,0.0,True,False,1.3102601766586304,0.2901763319969177,0.0,0.2901763319969177,True,0.0,0.0,0.18136020749807358,0.0,0.18136020749807358,0.0
11.539584,"[31.117366790771484, 4.5, 0.0]","[45.68149185180664, 4.5, 0.0]",5.535907268525556,5.713391304016113,5.719812615500996,0.500869750975319,0.4988461136817932,14.559894561765512,0.17749691009380353,0.00038146972665131784,10.059894561765512,-0.1774840354905569,5.518287658691406,0.1777667999267578,14.55485725402832,True,0,5.696054458618164,5.713391304016113,0.4999113082885742,0.17481063915334247,0.2901786716078683,-2.3396109505857687e-06,"StraightLane index=('>>', '>>>', 0)",True,21.007049560546875,0.0,3.0517578143044024e-05,"StraightLane index=('>>', '>>>', 0)",True,0.0,True,False,1.3102601766586304,0.2901763319969177,0.0,0.2901763319969177,True,0.0,0.0,0.18136020749807358,0.0,0.18136020749807358,0.0
11.558833,"[31.22788429260254, 4.5, 0.0]","[45.795528411865234, 4.5, 0.0]",5.545924663545082,5.723350524902344,5.729441851496813,0.500869750976296,0.49948573112487793,14.56412506103309,0.1774840354905569,-0.000643730162330769,10.06412506103309,-0.17742586135726146,5.528304576873779,0.1777667999267578,14.55485725402832,True,0,5.706071376800537,5.723350524902344,0.4999113082885742,0.17481063915334247,0.2901786716078683,-2.3396109505857687e-06,"StraightLane index=('>>', '>>>', 0)",True,21.117366790771484,0.0,3.0517578143044024e-05,"StraightLane index=('>>', '>>>', 0)",True,0.0,True,False,1.3102601766586304,0.2901763319969177,0.0,0.2901763319969177,True,0.0,0.0,0.18136020749807358,0.0,0.18136020749807358,0.0
11.580334,"[31.33860206604004, 4.5, 0.0]","[45.91306686401367, 4.5, 0.0]",5.5559420585646375,5.733615875244141,5.740180805503042,0.5008697509777615,0.4996216297149658,14.567644119260628,0.17742586135726146,-0.002908706664772609,10.067644119260628,-0.1776738166795031,5.5382537841796875,0.1777667999267578,14.55485725402832,True,0,5.716020584106445,5.733615875244141,0.4999113082885742,0.17481063915334247,0.2901786716078683,-2.3396109505857687e-06,"StraightLane index=('>>', '>>>', 0)",True,21.22788429260254,0.0,3.0517578143044024e-05,"StraightLane index=('>>', '>>>', 0)",True,0.0,True,False,1.3102601766586304,0.2901763319969177,0.0,0.2901763319969177,True,0.0,0.0,0.18136020749807358,0.0,0.18136020749807358,0.0
11.600677,"[31.449520111083984, 4.5, 0.0]","[46.02449417114258, 4.5, 0.0]",5.565959453584189,5.743347644805908,5.750359708999167,0.5008697509775839,0.5032755136489868,14.574464797971565,0.1776738166795031,0.01239776611208221,10.074464797971565,-0.177388191221719,5.548593997955322,0.1777667999267578,14.55485725402832,True,0,5.72636079788208,5.743347644805908,0.4998588562011719,0.17482463520504923,0.29012695949916656,4.937249775116559e-05,"StraightLane index=('>>', '>>>', 0)",True,21.33860206604004,0.0,3.0517578143044024e-05,"StraightLane index=('>>', '>>>', 0)",True,0.0,True,False,1.3102601766586304,0.2901763319969177,0.0,0.2901763319969177,True,0.0,0.0,0.18136020749807358,0.0,0.18136020749807358,0.0
11.620009,"[31.560638427734375, 4.5, 0.0]","[46.141475677490234, 4.5, 0.0]",5.575990200044164,5.753504753112794,5.760026437990018,0.5015373229987574,0.5045953989028931,14.574974060056526,0.177388191221719,-0.014281272889204999,10.074974060056526,-0.1775145530686295,5.558775424957275,0.1776738166809082,14.574464797973633,True,0,5.736449241638184,5.753504753112794,0.4998588562011719,0.17482463520504923,0.29012695949916656,0.0004334350263613951,"StraightLane index=('>>', '>>>', 0)",True,21.449520111083984,0.0,3.0517578143044024e-05,"StraightLane index=('>>', '>>>', 0)",True,0.0,True,False,1.3102601766586304,0.29056039452552795,0.0,0.29056039452552795,True,0.0,0.0,0.18160024657845497,0.0,0.18160024657845497,0.0
11.640066,"[31.67195701599121, 4.5, 0.0]","[46.258792877197266, 4.5, 0.0]",5.586020946504132,5.763661861419678,5.770054341500509,0.5015373229984021,0.5012876987457275,14.58083724975379,0.1775145530686295,0.0063180923455252724,10.08083724975379,-0.17764091491554534,5.573515892028809,0.1776738166809082,14.574464797973633,True,0,5.751189708709717,5.763661861419678,0.4998588562011719,0.17482463520504923,0.29012695949916656,0.0004334350263613951,"StraightLane index=('>>', '>>>', 0)",True,21.560638427734375,0.0,3.0517578143044024e-05,"StraightLane index=('>>', '>>>', 0)",True,0.0,True,False,1.324493646621704,0.29056039452552795,0.0,0.29056039452552795,True,0.0,0.0,0.18160024657845497,0.0,0.18160024657845497,0.0
11.659494,"[31.783475875854492, 4.5, 0.0]","[46.373626708984375, 4.5, 0.0]",5.596051692964103,5.773603916168214,5.779768212497584,0.5015373229985354,0.5037501454353333,14.586835861203985,0.17764091491554534,0.006318092345791726,10.086835861203985,-0.17755222320411068,5.578786849975586,0.1776738166809082,14.574464797973633,True,0,5.756460666656494,5.773603916168214,0.4998588562011719,0.17482463520504923,0.29012695949916656,0.0004334350263613951,"StraightLane index=('>>', '>>>', 0)",True,21.67195701599121,0.0,3.0517578143044024e-05,"StraightLane index=('>>', '>>>', 0)",True,0.0,True,False,1.324493646621704,0.29056039452552795,0.0,0.29056039452552795,True,0.0,0.0,0.18160024657845497,0.0,0.18160024657845497,0.0
11.680207,"[31.89519691467285, 4.5, 0.0]","[46.489498138427734, 4.5, 0.0]",5.606082439424083,5.786969184875488,5.79012108349998,0.5015373229989795,0.5023541450500488,14.590150833127813,0.17755222320411068,-0.004434585571733152,10.090150833127813,-0.1808867454514056,5.588652610778809,0.1776738166809082,14.574464797973633,True,0,5.766326427459717,5.786969184875488,0.4998588562011719,0.17482463520504923,0.29012695949916656,0.0004334350263613951,"StraightLane index=('>>', '>>>', 0)",True,21.783475875854492,0.0,3.0517578143044024e-05,"StraightLane index=('>>', '>>>', 0)",True,0.0,True,False,1.324493646621704,0.29056039452552795,0.0,0.29056039452552795,True,0.0,0.0,0.18160024657845497,0.0,0.18160024657845497,0.0
11.699796,"[32.007118225097656, 4.5, 0.0]","[46.604488372802734, 4.5, 0.0]",5.616113185884022,5.7902588844299325,5.799910122997244,0.5015373229969811,0.504754900932312,14.594301223752812,0.1808867454514056,0.16672611236474566,10.094301223752812,-0.17414569854591022,5.598909378051758,0.1776738166809082,14.574464797973633,True,0,5.776583194732666,5.7902588844299325,0.46911239624024326,0.17376110555295282,0.2869558096077945,0.0036045849177334666,"StraightLane index=('>>', '>>>', 0)",True,21.89519691467285,0.0,3.0517578143044024e-05,"StraightLane index=('>>', '>>>', 0)",True,0.0,True,False,1.324493646621704,0.29056039452552795,0.0,0.29056039452552795,True,0.0,0.0,0.18160024657845497,0.0,0.18160024657845497,0.0
11.719729,"[32.119239807128906, 4.5, 0.0]","[46.718299865722656, 4.5, 0.0]",5.626143932343963,5.806721210479736,5.809883625991643,0.5015373229970255,0.5050952434539795,14.597370147703007,0.17414569854591022,-0.3370523452747687,10.097370147703007,-0.1805772781357735,5.609012126922607,0.18088674545288086,14.594301223754883,True,0,5.789898872375488,5.806721210479736,0.46911239624024326,0.17376110555295282,0.2869558096077945,0.0036067604872677683,"StraightLane index=('>>', '>>>', 0)",True,22.007118225097656,0.0,3.0517578143044024e-05,"StraightLane index=('>>', '>>>', 0)",True,0.0,True,False,1.324493646621704,0.29056257009506226,0.0,0.29056257009506226,True,0.0,0.0,0.1816016063094139,0.0,0.1816016063094139,0.0
11.740327,"[32.231563568115234, 4.5, 0.0]","[46.837684631347656, 4.5, 0.0]",5.636174678803907,5.810302257537842,5.820184390500072,0.5015373229972031,0.5046780705451965,14.599060058591679,0.1805772781357735,0.3215789794931645,10.099060058591679,-0.17412757873393492,5.619012832641602,0.18088674545288086,14.594301223754883,True,0,5.799899578094482,5.810302257537842,0.46911239624024326,0.17376110555295282,0.2869558096077945,0.0036067604872677683,"StraightLane index=('>>', '>>>', 0)",True,22.119239807128906,0.0,3.0517578143044024e-05,"StraightLane index=('>>', '>>>', 0)",True,0.0,True,False,1.324493646621704,0.29056257009506226,0.0,0.29056257009506226,True,0.0,0.0,0.1816016063094139,0.0,0.1816016063094139,0.0
11.758885,"[32.344085693359375, 4.5, 0.0]","[46.95098114013672, 4.5, 0.0]",5.646205425263888,5.826693534851074,5.8294682384905165,0.5015373229990683,0.5030226707458496,14.606121063230349,0.17412757873393492,-0.32248497009192967,10.106121063230349,-0.18048810958718597,5.628893852233887,0.18088674545288086,14.594301223754883,True,0,5.809780597686768,5.826693534851074,0.46911239624024326,0.17376110555295282,0.2869558096077945,0.0036067604872677683,"StraightLane index=('>>', '>>>', 0)",True,22.231563568115234,0.0,3.0517578143044024e-05,"StraightLane index=('>>', '>>>', 0)",True,0.0,True,False,1.324493646621704,0.29056257009506226,0.0,0.29056257009506226,True,0.0,0.0,0.1816016063094139,0.0,0.1816016063094139,0.0
11.780074,"[32.456809997558594, 4.5, 0.0]","[47.07058334350586, 4.5, 0.0]",5.656236171723869,5.830293655395508,5.840041666498291,0.5015373229990239,0.5013149976730347,14.60689544677527,0.18048810958718597,0.3180265426625528,10.10689544677527,-0.1740574836716391,5.6387104988098145,0.18088674545288086,14.594301223754883,True,0,5.819597244262695,5.830293655395508,0.46911239624024326,0.17376110555295282,0.2869558096077945,0.0036067604872677683,"StraightLane index=('>>', '>>>', 0)",True,22.344085693359375,0.0,3.0517578143044024e-05,"StraightLane index=('>>', '>>>', 0)",True,0.0,True,False,1.324493646621704,0.29056257009506226,0.0,0.29056257009506226,True,0.0,0.0,0.1816016063094139,0.0,0.1816016063094139,0.0
11.799807,"[32.569732666015625, 4.5, 0.0]","[47.186912536621094, 4.5, 0.0]",5.666266918183858,5.846945285797119,5.849925372999859,0.501537322999468,0.503557026386261,14.613773345945193,0.1740574836716391,-0.3215312957773442,10.113773345945193,-0.18067836761326106,5.648929119110107,0.18088674545288086,14.594301223754883,True,0,5.829815864562988,5.846945285797119,0.5668640136718661,0.17622523547617286,0.29366617442479254,-0.0031036043297302807,"StraightLane index=('>>', '>>>', 0)",True,22.456809997558594,0.0,3.0517578143044024e-05,"StraightLane index=('>>', '>>>', 0)",True,0.0,True,False,1.324493646621704,0.29056257009506226,0.0,0.29056257009506226,True,0.0,0.0,0.1816016063094139,0.0,0.1816016063094139,0.0
11.8196,"[32.682857513427734, 4.5, 0.0]","[47.30208969116211, 4.5, 0.0]",5.676408290864536,5.850107192993164,5.8598170459910754,0.5070686340339137,0.5038576722145081,14.617179870603394,0.18067836761326106,0.33104419708109845,10.117179870603394,-0.1736989021286277,5.659003257751465,0.1740574836730957,14.613773345947266,True,0,5.8330607414245605,5.850107192993164,0.5668640136718661,0.17622523547617286,0.29366617442479254,0.00010327457079767344,"StraightLane index=('>>', '>>>', 0)",True,22.569732666015625,0.0,3.0517578143044024e-05,"StraightLane index=('>>', '>>>', 0)",True,0.0,True,False,1.3368737697601318,0.2937694489955902,0.0,0.2937694489955902,True,0.0,0.0,0.18360590562224388,0.0,0.18360590562224388,0.0
11.840468,"[32.79618453979492, 4.5, 0.0]","[47.42210006713867, 4.5, 0.0]",5.686549663545172,5.866987228393555,5.870220811996841,0.507068634031782,0.5034875273704529,14.6192321777323,0.1736989021286277,-0.3489732742316676,10.1192321777323,-0.1804375648483827,5.668984413146973,0.1740574836730957,14.613773345947266,True,0,5.843041896820068,5.866987228393555,0.5668640136718661,0.17622523547617286,0.29366617442479254,0.00010327457079767344,"StraightLane index=('>>', '>>>', 0)",True,22.682857513427734,0.0,3.0517578143044024e-05,"StraightLane index=('>>', '>>>', 0)",True,0.0,True,False,1.3368737697601318,0.2937694489955902,0.0,0.2937694489955902,True,0.0,0.0,0.18360590562224388,0.0,0.18360590562224388,0.0
11.859956,"[32.90971374511719, 4.5, 0.0]","[47.53882598876953, 4.5, 0.0]",5.696691036225834,5.870254993438721,5.880001187996823,0.5070686340331143,0.5039600729942322,14.625915527341675,0.1804375648483827,0.3369331359877492,10.125915527341675,-0.17356395721288642,5.684130668640137,0.1740574836730957,14.613773345947266,True,0,5.858188152313232,5.870254993438721,0.5668640136718661,0.17622523547617286,0.29366617442479254,0.00010327457079767344,"StraightLane index=('>>', '>>>', 0)",True,22.796184539794922,0.0,3.0517578143044024e-05,"StraightLane index=('>>', '>>>', 0)",True,0.0,True,False,1.3368737697601318,0.2937694489955902,0.0,0.2937694489955902,True,0.0,0.0,0.18360590562224388,0.0,0.18360590562224388,0.0
11.879961,"[33.02344512939453, 4.5, 0.0]","[47.65678405761719, 4.5, 0.0]",5.70683240890651,5.886960506439209,5.889999526002794,0.5070686340337804,0.5072456002235413,14.629112243650267,0.17356395721288642,-0.3436803817748135,10.129112243650267,-0.1801280975326991,5.689515113830566,0.1740574836730957,14.613773345947266,True,0,5.863572597503662,5.886960506439209,0.5668640136718661,0.17622523547617286,0.29366617442479254,0.00010327457079767344,"StraightLane index=('>>', '>>>', 0)",True,22.909713745117188,0.0,3.0517578143044024e-05,"StraightLane index=('>>', '>>>', 0)",True,0.0,True,False,1.3368737697601318,0.2937694489955902,0.0,0.2937694489955902,True,0.0,0.0,0.18360590562224388,0.0,0.18360590562224388,0.0
11.899815,"[33.13737869262695, 4.5, 0.0]","[47.774169921875, 4.5, 0.0]",5.716973781587149,5.890284538269043,5.899928475500201,0.5070686340319597,0.5069519281387329,14.633338928219413,0.1801280975326991,0.3282070159906336,10.133338928219413,-0.17331075668189388,5.699572563171387,0.1740574836730957,14.613773345947266,True,0,5.873630046844482,5.890284538269043,0.4333925247192383,0.17377145029372892,0.28642344213695997,0.0073460068586302385,"StraightLane index=('>>', '>>>', 0)",True,23.02344512939453,0.0,3.814697266608281e-05,"StraightLane index=('>>', '>>>', 0)",True,0.0,True,False,1.3368737697601318,0.2937694489955902,0.0,0.2937694489955902,True,0.0,0.0,0.18360590562224388,0.0,0.18360590562224388,0.0
11.920074,"[33.25151443481445, 4.5, 0.0]","[47.8925895690918, 4.5, 0.0]",5.726882457734611,5.9069695472717285,5.910060275989236,0.4954338073730913,0.5052458643913269,14.636791229244803,0.17331075668189388,-0.34086704254026046,10.136791229244803,-0.1800870895371176,5.709493637084961,0.1801280975341797,14.633338928222656,True,0,5.889621734619141,5.9069695472717285,0.4333925247192383,0.17377145029372892,0.28642344213695997,0.0005954530122709856,"StraightLane index=('>>', '>>>', 0)",True,23.137378692626953,0.0,3.814697266608281e-05,"StraightLane index=('>>', '>>>', 0)",True,0.0,True,False,1.3368737697601318,0.28701889514923096,0.0,0.28701889514923096,True,0.0,0.0,0.17938680946826935,0.0,0.17938680946826935,0.0
11.940234,"[33.36585235595703, 4.5, 0.0]","[48.01131057739258, 4.5, 0.0]",5.73679113388206,5.910322189331055,5.9201029064890465,0.49543380737246956,0.5033668279647827,14.6410751342741,0.1800870895371176,0.33881664276118606,10.1410751342741,-0.1735310554489944,5.71933650970459,0.1801280975341797,14.633338928222656,True,0,5.8994646072387695,5.910322189331055,0.4333925247192383,0.17377145029372892,0.28642344213695997,0.0005954530122709856,"StraightLane index=('>>', '>>>', 0)",True,23.251514434814453,0.0,3.814697266608281e-05,"StraightLane index=('>>', '>>>', 0)",True,0.0,True,False,1.3368737697601318,0.28701889514923096,0.0,0.28701889514923096,True,0.0,0.0,0.17938680946826935,0.0,0.17938680946826935,0.0
11.958856,"[33.48038864135742, 4.5, 0.0]","[48.12611389160156, 4.5, 0.0]",5.7466998100295426,5.926676273345947,5.929452790488722,0.4954338073741127,0.5053631067276001,14.645458221432301,0.1735310554489944,-0.32780170440616097,10.145458221432301,-0.1799764633164047,5.729568958282471,0.1801280975341797,14.633338928222656,True,0,5.90969705581665,5.926676273345947,0.4333925247192383,0.17377145029372892,0.28642344213695997,0.0005954530122709856,"StraightLane index=('>>', '>>>', 0)",True,23.36585235595703,0.0,3.814697266608281e-05,"StraightLane index=('>>', '>>>', 0)",True,0.0,True,False,1.3368737697601318,0.28701889514923096,0.0,0.28701889514923096,True,0.0,0.0,0.17938680946826935,0.0,0.17938680946826935,0.0
11.980313,"[33.595123291015625, 4.5, 0.0]","[48.24782180786133, 4.5, 0.0]",5.75660848617699,5.930280685424805,5.9401660765026465,0.49543380737238074,0.5053792595863342,14.645725250240895,0.1799764633164047,0.3222703933705162,10.145725250240895,-0.17367219924781452,5.73964786529541,0.1801280975341797,14.633338928222656,True,0,5.91977596282959,5.930280685424805,0.4333925247192383,0.17377145029372892,0.28642344213695997,0.0005954530122709856,"StraightLane index=('>>', '>>>', 0)",True,23.480388641357422,0.0,3.814697266608281e-05,"StraightLane index=('>>', '>>>', 0)",True,0.0,True,False,1.3368737697601318,0.28701889514923096,0.0,0.28701889514923096,True,0.0,0.0,0.17938680946826935,0.0,0.17938680946826935,0.0
12.000156,"[33.71005630493164, 4.5, 0.0]","[48.36604309082031, 4.5, 0.0]",5.766517162324437,5.946923732757568,5.950097966491012,0.49543380737233633,0.5047146677970886,14.652698516842456,0.17367219924781452,-0.31521320342950965,10.152698516842456,-0.18040657043313146,5.749627113342285,0.1801280975341797,14.633338928222656,True,0,5.929755210876465,5.946923732757568,0.5663919448852539,0.17621802333533992,0.2934822941168754,-0.006463398967644418,"StraightLane index=('>>', '>>>', 0)",True,23.595123291015625,0.0,3.814697266608281e-05,"StraightLane index=('>>', '>>>', 0)",True,0.0,True,False,1.3368737697601318,0.28701889514923096,0.0,0.28701889514923096,True,0.0,0.0,0.17938680946826935,0.0,0.17938680946826935,0.0
12.019995,"[33.82518768310547, 4.5, 0.0]","[48.485877990722656, 4.5, 0.0]",5.77663946151877,5.950311183929444,5.960014354993473,0.5061149597166636,0.5028814673423767,14.655986785885425,0.18040657043313146,0.33671855926584726,10.155986785885425,-0.17367172241067408,5.759489059448242,0.1801280975341797,14.633338928222656,True,0,5.939617156982422,5.950311183929444,0.5663919448852539,0.17621802333533992,0.2934822941168754,-0.000273039375206674,"StraightLane index=('>>', '>>>', 0)",True,23.71005630493164,0.0,3.814697266608281e-05,"StraightLane index=('>>', '>>>', 0)",True,0.0,True,False,1.3481489419937134,0.2932092547416687,0.0,0.2932092547416687,True,0.0,0.0,0.18325578421354294,0.0,0.18325578421354294,0.0
12.039976,"[33.94051742553711, 4.5, 0.0]","[48.60554122924805, 4.5, 0.0]",5.786761760713133,5.966990947723389,5.97000726449478,0.5061149597181291,0.5010561347007751,14.660690307613939,0.17367172241067408,-0.33674240112286924,10.160690307613939,-0.18022918701025592,5.769289970397949,0.17367219924926758,14.652698516845703,True,0,5.942962169647217,5.966990947723389,0.5663919448852539,0.17621802333533992,0.2934822941168754,-0.000273039375206674,"StraightLane index=('>>', '>>>', 0)",True,23.82518768310547,0.0,3.814697266608281e-05,"StraightLane index=('>>', '>>>', 0)",True,0.0,True,False,1.3481489419937134,0.2932092547416687,0.0,0.2932092547416687,True,0.0,0.0,0.18325578421354294,0.0,0.18325578421354294,0.0
12.059476,"[34.05604934692383, 4.5, 0.0]","[48.72435760498047, 4.5, 0.0]",5.796884059907479,5.970267295837402,5.979763447499136,0.5061149597173298,0.5032303929328918,14.665023803708857,0.18022918701025592,0.3278732299790921,10.165023803708857,-0.173383235929923,5.779495716094971,0.17367219924926758,14.652698516845703,True,0,5.953167915344238,5.970267295837402,0.5663919448852539,0.17621802333533992,0.2934822941168754,-0.000273039375206674,"StraightLane index=('>>', '>>>', 0)",True,23.94051742553711,0.0,3.0517578143044024e-05,"StraightLane index=('>>', '>>>', 0)",True,0.0,True,False,1.3481489419937134,0.2932092547416687,0.0,0.2932092547416687,True,0.0,0.0,0.18325578421354294,0.0,0.18325578421354294,0.0
12.080329,"[34.171783447265625, 4.5, 0.0]","[48.843990325927734, 4.5, 0.0]",5.807006359101819,5.986944675445557,5.990182411990827,0.5061149597169745,0.5035020112991333,14.668308258054559,0.173383235929923,-0.3422975540166462,10.168308258054559,-0.1799383163437378,5.789560317993164,0.17367219924926758,14.652698516845703,True,0,5.963232517242432,5.986944675445557,0.5663919448852539,0.17621802333533992,0.2934822941168754,-0.000273039375206674,"StraightLane index=('>>', '>>>', 0)",True,24.056049346923828,0.0,3.0517578143044024e-05,"StraightLane index=('>>', '>>>', 0)",True,0.0,True,False,1.3481489419937134,0.2932092547416687,0.0,0.2932092547416687,True,0.0,0.0,0.18325578421354294,0.0,0.18325578421354294,0.0
12.100076,"[34.2877197265625, 4.5, 0.0]","[48.963226318359375, 4.5, 0.0]",5.8171286582961566,5.990256309509277,6.000061321002431,0.5061149597168857,0.5031330585479736,14.672206878660027,0.1799383163437378,0.32775402069074033,10.172206878660027,-0.1731276512131208,5.799534320831299,0.17367219924926758,14.652698516845703,True,0,5.973206520080566,5.990256309509277,0.43332576751708984,0.17376262286490407,0.2862955961534326,0.006913658588236116,"StraightLane index=('>>', '>>>', 0)",True,24.171783447265625,0.0,3.0517578143044024e-05,"StraightLane index=('>>', '>>>', 0)",True,0.0,True,False,1.3481489419937134,0.2932092547416687,0.0,0.2932092547416687,True,0.0,0.0,0.18325578421354294,0.0,0.18325578421354294,0.0
12.120217,"[34.40385818481445, 4.5, 0.0]","[49.08403778076172, 4.5, 0.0]",5.8270220756545665,6.006973743438721,6.010105061493232,0.4946708679204992,0.49929624795913696,14.675506591794793,0.1731276512131208,-0.34053325653085054,10.175506591794793,-0.17995166778415417,5.804163455963135,0.17993831634521484,14.67220687866211,True,0,5.98410177230835,6.006973743438721,0.43332576751708984,0.17376262286490407,0.2862955961534326,0.0003128614118750317,"StraightLane index=('>>', '>>>', 0)",True,24.2877197265625,0.0,3.0517578143044024e-05,"StraightLane index=('>>', '>>>', 0)",True,0.0,True,False,1.3481489419937134,0.2866084575653076,0.0,0.2866084575653076,True,0.0,0.0,0.17913028597831726,0.0,0.17913028597831726,0.0
12.140231,"[34.52020263671875, 4.5, 0.0]","[49.20484161376953, 4.5, 0.0]",5.836915493012992,6.010333061218262,6.020111837994773,0.49467086792125414,0.5069507360458374,14.680179595945182,0.17995166778415417,0.3412008285516688,10.180179595945182,-0.1734175682052701,5.8200578689575195,0.17993831634521484,14.67220687866211,True,0,5.999996185302734,6.010333061218262,0.43332576751708984,0.17376262286490407,0.2862955961534326,0.0003128614118750317,"StraightLane index=('>>', '>>>', 0)",True,24.403858184814453,0.0,3.0517578143044024e-05,"StraightLane index=('>>', '>>>', 0)",True,0.0,True,False,1.3481489419937134,0.2866084575653076,0.0,0.2866084575653076,True,0.0,0.0,0.17913028597831726,0.0,0.17913028597831726,0.0
12.15932,"[34.636741638183594, 4.5, 0.0]","[49.324562072753906, 4.5, 0.0]",5.846808910371379,6.026934623718262,6.029686129494803,0.49467086791938897,0.5067009925842285,14.684638977048698,0.1734175682052701,-0.32670497894420336,10.184638977048698,-0.18012571334688232,5.830114364624023,0.17993831634521484,14.67220687866211,True,0,6.010052680969238,6.026934623718262,0.43332576751708984,0.17376262286490407,0.2862955961534326,0.0003128614118750317,"StraightLane index=('>>', '>>>', 0)",True,24.52020263671875,0.0,3.0517578143044024e-05,"StraightLane index=('>>', '>>>', 0)",True,0.0,True,False,1.3481489419937134,0.2866084575653076,0.0,0.2866084575653076,True,0.0,0.0,0.17913028597831726,0.0,0.17913028597831726,0.0
12.180393,"[34.75347900390625, 4.5, 0.0]","[49.44532012939453, 4.5, 0.0]",5.856702327729769,6.033622741699219,6.040215689997422,0.4946708679194778,0.5050413608551025,14.687820434568229,0.18012571334688232,0.33540725708061103,10.187820434568229,-0.1769204139694498,5.840035438537598,0.17993831634521484,14.67220687866211,True,0,6.0199737548828125,6.033622741699219,0.43332576751708984,0.17376262286490407,0.2862955961534326,0.0003128614118750317,"StraightLane index=('>>', '>>>', 0)",True,24.636741638183594,0.0,3.0517578143044024e-05,"StraightLane index=('>>', '>>>', 0)",True,0.0,True,False,1.3481489419937134,0.2866084575653076,0.0,0.2866084575653076,True,0.0,0.0,0.17913028597831726,0.0,0.17913028597831726,0.0
12.200551,"[34.87041473388672, 4.5, 0.0]","[49.565711975097656, 4.5, 0.0]",5.86659574508815,6.043613910675049,6.050291480994201,0.4946708679190337,0.5032077431678772,14.691841125486196,0.1769204139694498,-0.16026496887162622,10.191841125486196,-0.1770181655868992,5.849878787994385,0.17993831634521484,14.67220687866211,True,0,6.0298171043396,6.043613910675049,0.5335760116577148,0.17506152098643368,0.2901233286179182,-0.0035148710526105575,"StraightLane index=('>>', '>>>', 0)",True,24.75347900390625,0.0,3.0517578143044024e-05,"StraightLane index=('>>', '>>>', 0)",True,0.0,True,False,1.3481489419937134,0.2866084575653076,0.0,0.2866084575653076,True,0.0,0.0,0.17913028597831726,0.0,0.17913028597831726,0.0
12.220531,"[34.987548828125, 4.5, 0.0]","[49.687522888183594, 4.5, 0.0]",5.8767142295852,6.053664684295654,6.060281205998035,0.5059242248525386,0.5006364583969116,14.695297241208852,0.1770181655868992,0.00488758087247021,10.195297241208852,-0.1769504547104539,5.859629154205322,0.17692041397094727,14.691841125488281,True,0,6.0365495681762695,6.053664684295654,0.5335760116577148,0.17506152098643368,0.2901233286179182,0.002978965588701088,"StraightLane index=('>>', '>>>', 0)",True,24.87041473388672,0.0,3.0517578143044024e-05,"StraightLane index=('>>', '>>>', 0)",True,0.0,True,False,1.3584119081497192,0.29310229420661926,0.0,0.29310229420661926,True,0.0,0.0,0.18318893387913704,0.0,0.18318893387913704,0.0
12.239461,"[35.104881286621094, 4.5, 0.0]","[49.80510330200195, 4.5, 0.0]",5.886832714082291,6.063342094421387,6.069752049999079,0.505924224854537,0.49842381477355957,14.699974060056508,0.1769504547104539,-0.0033855438222651912,10.199974060056508,-0.17650938033909558,5.86934232711792,0.17692041397094727,14.691841125488281,True,0,6.046262741088867,6.063342094421387,0.5335760116577148,0.17506152098643368,0.2901233286179182,0.002978965588701088,"StraightLane index=('>>', '>>>', 0)",True,24.987548828125,0.0,3.0517578143044024e-05,"StraightLane index=('>>', '>>>', 0)",True,0.0,True,False,1.3584119081497192,0.29310229420661926,0.0,0.29310229420661926,True,0.0,0.0,0.18318893387913704,0.0,0.18318893387913704,0.0
12.259371,"[35.222415924072266, 4.5, 0.0]","[49.929901123046875, 4.5, 0.0]",5.896951198579395,6.07361364364624,6.07971013499191,0.5059242248552032,0.497654527425766,14.700222015378774,0.17650938033909558,-0.022053718567915936,10.200222015378774,-0.17666244506684503,5.884190559387207,0.17692041397094727,14.691841125488281,True,0,6.061110973358154,6.07361364364624,0.5335760116577148,0.17506152098643368,0.2901233286179182,0.002978965588701088,"StraightLane index=('>>', '>>>', 0)",True,25.104881286621094,0.0,3.0517578143044024e-05,"StraightLane index=('>>', '>>>', 0)",True,0.0,True,False,1.3584119081497192,0.29310229420661926,0.0,0.29310229420661926,True,0.0,0.0,0.18318893387913704,0.0,0.18318893387913704,0.0
12.280192,"[35.340152740478516, 4.5, 0.0]","[50.05161666870117, 4.5, 0.0]",5.907069683076495,6.0836310386657715,6.0901155984931385,0.5059242248549811,0.5008415579795837,14.707485198972522,0.17666244506684503,0.007653236387472617,10.207485198972522,-0.17656135558927666,5.889501571655273,0.17692041397094727,14.691841125488281,True,0,6.066421985626221,6.0836310386657715,0.5335760116577148,0.17506152098643368,0.2901233286179182,0.002978965588701088,"StraightLane index=('>>', '>>>', 0)",True,25.222415924072266,0.0,3.0517578143044024e-05,"StraightLane index=('>>', '>>>', 0)",True,0.0,True,False,1.3584119081497192,0.29310229420661926,0.0,0.29310229420661926,True,0.0,0.0,0.18318893387913704,0.0,0.18318893387913704,0.0
12.299634,"[35.458091735839844, 4.5, 0.0]","[50.172725677490234, 4.5, 0.0]",5.917188167573595,6.093599319458008,6.0998393429938,0.5059242248550255,0.5006958842277527,14.711463928220569,0.17656135558927666,-0.005054473878418619,10.211463928220569,-0.17641115188441248,5.899446487426758,0.17692041397094727,14.691841125488281,True,0,6.076366901397705,6.093599319458008,0.49985408782958984,0.17505026196182596,0.28971751068669405,0.0033847835199252163,"StraightLane index=('>>', '>>>', 0)",True,25.340152740478516,0.0,3.0517578143044024e-05,"StraightLane index=('>>', '>>>', 0)",True,0.0,True,False,1.3584119081497192,0.29310229420661926,0.0,0.29310229420661926,True,0.0,0.0,0.18318893387913704,0.0,0.18318893387913704,0.0
12.319708,"[35.57623291015625, 4.5, 0.0]","[50.292606353759766, 4.5, 0.0]",5.927194118501326,6.103410243988037,6.1098523860011476,0.5002975463865411,0.501685380935669,14.714633941648303,0.17641115188441248,-0.007510185243209122,10.214633941648303,-0.17621612548671095,5.9145684242248535,0.1765613555908203,14.711463928222656,True,0,6.091129779815674,6.103410243988037,0.49985408782958984,0.17505026196182596,0.28971751068669405,0.0001188662187472378,"StraightLane index=('>>', '>>>', 0)",True,25.458091735839844,0.0,3.0517578143044024e-05,"StraightLane index=('>>', '>>>', 0)",True,0.0,True,False,1.3584119081497192,0.2898363769054413,0.0,0.2898363769054413,True,0.0,0.0,0.1811477355659008,0.0,0.1811477355659008,0.0
12.34022,"[35.694576263427734, 4.5, 0.0]","[50.41815948486328, 4.5, 0.0]",5.937200069429062,6.113659381866456,6.120129352001822,0.5002975463868076,0.5051668286323547,14.716373443601428,0.17621612548671095,-0.00975131988507627,10.216373443601428,-0.17645931243739366,5.919950485229492,0.1765613555908203,14.711463928222656,True,0,6.0965118408203125,6.113659381866456,0.49985408782958984,0.17505026196182596,0.28971751068669405,0.0001188662187472378,"StraightLane index=('>>', '>>>', 0)",True,25.57623291015625,0.0,3.0517578143044024e-05,"StraightLane index=('>>', '>>>', 0)",True,0.0,True,False,1.3584119081497192,0.2898363769054413,0.0,0.2898363769054413,True,0.0,0.0,0.1811477355659008,0.0,0.1811477355659008,0.0
12.3589,"[35.8131217956543, 4.5, 0.0]","[50.53741455078125, 4.5, 0.0]",5.947206020356767,6.12339448928833,6.129475181997987,0.5002975463852533,0.5015676617622375,14.723583221433458,0.17645931243739366,0.012159347534135279,10.223583221433458,-0.1761884689315627,5.934674263000488,0.1765613555908203,14.711463928222656,True,0,6.111235618591309,6.12339448928833,0.49985408782958984,0.17505026196182596,0.28971751068669405,0.0001188662187472378,"StraightLane index=('>>', '>>>', 0)",True,25.694576263427734,0.0,3.0517578143044024e-05,"StraightLane index=('>>', '>>>', 0)",True,0.0,True,False,1.3584119081497192,0.2898363769054413,0.0,0.2898363769054413,True,0.0,0.0,0.1811477355659008,0.0,0.1811477355659008,0.0
12.380097,"[35.93186569213867, 4.5, 0.0]","[50.662689208984375, 4.5, 0.0]",5.957211971284487,6.1336212158203125,6.14006759749027,0.5002975463859638,0.5039513111114502,14.724292755124864,0.1761884689315627,-0.013542175291547665,10.224292755124864,-0.17640924453582585,5.939939975738525,0.1765613555908203,14.711463928222656,True,0,6.116501331329346,6.1336212158203125,0.49985408782958984,0.17505026196182596,0.28971751068669405,0.0001188662187472378,"StraightLane index=('>>', '>>>', 0)",True,25.813121795654297,0.0,3.0517578143044024e-05,"StraightLane index=('>>', '>>>', 0)",True,0.0,True,False,1.3584119081497192,0.2898363769054413,0.0,0.2898363769054413,True,0.0,0.0,0.1811477355659008,0.0,0.1811477355659008,0.0
12.399796,"[36.05080795288086, 4.5, 0.0]","[50.78519058227539, 4.5, 0.0]",5.967217922212224,6.143621444702148,6.149918098500348,0.500297546386852,0.5024246573448181,14.730823516843612,0.17640924453582585,0.011038780213157295,10.230823516843612,-0.17640352248992475,5.949795246124268,0.1765613555908203,14.711463928222656,True,0,6.126356601715088,6.143621444702148,0.5002212524414062,0.1750529796010926,0.28971526921954366,0.00012110768589762566,"StraightLane index=('>>', '>>>', 0)",True,25.931865692138672,0.0,3.0517578143044024e-05,"StraightLane index=('>>', '>>>', 0)",True,0.0,True,False,1.3584119081497192,0.2898363769054413,0.0,0.2898363769054413,True,0.0,0.0,0.1811477355659008,0.0,0.1811477355659008,0.0
12.419764,"[36.169952392578125, 4.5, 0.0]","[50.905826568603516, 4.5, 0.0]",5.9772143363968055,6.153413772583008,6.159886689495761,0.49982070922909294,0.5047284364700317,14.73438262939244,0.17640352248992475,-0.00028610229505510176,10.23438262939244,-0.17619943618620226,5.960042953491211,0.1765613555908203,14.711463928222656,True,0,6.136604309082031,6.153413772583008,0.5002212524414062,0.1750529796010926,0.28971526921954366,-0.00011489690509053352,"StraightLane index=('>>', '>>>', 0)",True,26.05080795288086,0.0,3.0517578143044024e-05,"StraightLane index=('>>', '>>>', 0)",True,0.0,True,False,1.3584119081497192,0.2896003723144531,0.0,0.2896003723144531,True,0.0,0.0,0.1810002326965332,0.0,0.1810002326965332,0.0
12.440071,"[36.2892951965332, 4.5, 0.0]","[51.02915573120117, 4.5, 0.0]",5.987210750581376,6.163400173187256,6.170025116490433,0.4998207092285156,0.5050014853477478,14.735874176022126,0.17619943618620226,-0.010204315186124191,10.235874176022126,-0.17618942260588,5.970137596130371,0.17640924453735352,14.730823516845703,True,0,6.146546840667725,6.163400173187256,0.5002212524414062,0.1750529796010926,0.28971526921954366,-0.00011489690509053352,"StraightLane index=('>>', '>>>', 0)",True,26.169952392578125,0.0,3.814697266608281e-05,"StraightLane index=('>>', '>>>', 0)",True,0.0,True,False,1.3614082336425781,0.2896003723144531,0.0,0.2896003723144531,True,0.0,0.0,0.1810002326965332,0.0,0.1810002326965332,0.0
12.459821,"[36.40884017944336, 4.5, 0.0]","[51.1550407409668, 4.5, 0.0]",5.997207164765968,6.173593044281006,6.179933437498403,0.49982070922962585,0.5006362199783325,14.739860534664702,0.17618942260588,-0.0005006790161132812,10.239860534664702,-0.17638587951503748,5.984767913818359,0.17640924453735352,14.730823516845703,True,0,6.161177158355713,6.173593044281006,0.5002212524414062,0.1750529796010926,0.28971526921954366,-0.00011489690509053352,"StraightLane index=('>>', '>>>', 0)",True,26.289295196533203,0.0,3.814697266608281e-05,"StraightLane index=('>>', '>>>', 0)",True,0.0,True,False,1.3614082336425781,0.2896003723144531,0.0,0.2896003723144531,True,0.0,0.0,0.1810002326965332,0.0,0.1810002326965332,0.0
12.479846,"[36.52858352661133, 4.5, 0.0]","[51.27591323852539, 4.5, 0.0]",6.0072035789505405,6.183380603790283,6.1899429840006635,0.49982070922860444,0.49639958143234253,14.746200561521345,0.17638587951503748,0.009822845457874152,10.246200561521345,-0.17617702483974274,5.994358539581299,0.17640924453735352,14.730823516845703,True,0,6.170767784118652,6.183380603790283,0.5002212524414062,0.1750529796010926,0.28971526921954366,-0.00011489690509053352,"StraightLane index=('>>', '>>>', 0)",True,26.40884017944336,0.0,3.0517578143044024e-05,"StraightLane index=('>>', '>>>', 0)",True,0.0,True,False,1.3614082336425781,0.2896003723144531,0.0,0.2896003723144531,True,0.0,0.0,0.1810002326965332,0.0,0.1810002326965332,0.0
12.499924,"[36.648529052734375, 4.5, 0.0]","[51.40256881713867, 4.5, 0.0]",6.0171999931351055,6.193635940551759,6.199982123990776,0.49982070922824917,0.5011519193649292,14.74732971191197,0.17617702483974274,-0.010442733764737255,10.24732971191197,-0.17643594741665325,5.999820709228516,0.17640924453735352,14.730823516845703,True,0,6.176229953765869,6.193635940551759,0.5001449584961026,0.17505275518834693,0.28973612100917157,-0.00013574869471844053,"StraightLane index=('>>', '>>>', 0)",True,26.528583526611328,0.0,3.0517578143044024e-05,"StraightLane index=('>>', '>>>', 0)",True,0.0,True,False,1.3614082336425781,0.2896003723144531,0.0,0.2896003723144531,True,0.0,0.0,0.1810002326965332,0.0,0.1810002326965332,0.0
12.520107,"[36.768672943115234, 4.5, 0.0]","[51.52680587768555, 4.5, 0.0]",6.027192592622403,6.203639030456543,6.210075104000862,0.4996299743648791,0.500573456287384,14.754039764402204,0.17643594741665325,0.012946128845525706,10.254039764402204,-0.17644643783413994,6.014773845672607,0.17640924453735352,14.730823516845703,True,0,6.191183090209961,6.203639030456543,0.5001449584961026,0.17505275518834693,0.28973612100917157,-0.00026851804095562315,"StraightLane index=('>>', '>>>', 0)",True,26.648529052734375,0.0,3.0517578143044024e-05,"StraightLane index=('>>', '>>>', 0)",True,0.0,True,False,1.3614082336425781,0.28946760296821594,0.0,0.28946760296821594,True,0.0,0.0,0.18091725185513496,0.0,0.18091725185513496,0.0
12.539672,"[36.889015197753906, 4.5, 0.0]","[51.64945602416992, 4.5, 0.0]",6.037185192109691,6.2134904861450195,6.219858883999405,0.4996299743643906,0.4980023205280304,14.758132934568218,0.17644643783413994,0.0005245208743343,10.258132934568218,-0.17630529403532869,6.024547100067139,0.1761770248413086,14.747329711914062,True,0,6.200724124908447,6.2134904861450195,0.5001449584961026,0.17505275518834693,0.28973612100917157,-0.00026851804095562315,"StraightLane index=('>>', '>>>', 0)",True,26.768672943115234,0.0,3.0517578143044024e-05,"StraightLane index=('>>', '>>>', 0)",True,0.0,True,False,1.3614082336425781,0.28946760296821594,0.0,0.28946760296821594,True,0.0,0.0,0.18091725185513496,0.0,0.18091725185513496,0.0
12.559957,"[37.009559631347656, 4.5, 0.0]","[51.77522659301758, 4.5, 0.0]",6.047177791596998,6.223592758178711,6.229972860502312,0.4996299743653676,0.5033624768257141,14.760440826413921,0.17630529403532869,-0.0070571899405624805,10.260440826413921,-0.17641496658171274,6.030089378356934,0.1761770248413086,14.747329711914062,True,0,6.206266403198242,6.223592758178711,0.5001449584961026,0.17505275518834693,0.28973612100917157,-0.00026851804095562315,"StraightLane index=('>>', '>>>', 0)",True,26.889015197753906,0.0,3.0517578143044024e-05,"StraightLane index=('>>', '>>>', 0)",True,0.0,True,False,1.3614082336425781,0.28946760296821594,0.0,0.28946760296821594,True,0.0,0.0,0.18091725185513496,0.0,0.18091725185513496,0.0
12.580613,"[37.13030242919922, 4.5, 0.0]","[51.90007019042969, 4.5, 0.0]",6.0571703910843215,6.2336201667785645,6.240324524990865,0.49962997436616696,0.5046526193618774,14.765666961667828,0.17641496658171274,0.005483627319202711,10.265666961667828,-0.17644977569424292,6.045524597167969,0.1761770248413086,14.747329711914062,True,0,6.221701622009277,6.2336201667785645,0.5001449584961026,0.17505275518834693,0.28973612100917157,-0.00026851804095562315,"StraightLane index=('>>', '>>>', 0)",True,27.009559631347656,0.0,3.0517578143044024e-05,"StraightLane index=('>>', '>>>', 0)",True,0.0,True,False,1.3614082336425781,0.28946760296821594,0.0,0.28946760296821594,True,0.0,0.0,0.18091725185513496,0.0,0.18091725185513496,0.0
12.599381,"[37.25124740600586, 4.5, 0.0]","[52.02191162109375, 4.5, 0.0]",6.067162990571642,6.246739864349365,6.249713177490048,0.49962997436603374,0.5074693560600281,14.769767761228373,0.17644977569424292,0.001740455626508819,10.269767761228373,-0.17957687377772302,6.050866603851318,0.1761770248413086,14.747329711914062,True,0,6.227043628692627,6.246739864349365,0.5310392379760653,0.1761338529986745,0.29285882095419447,-0.003391217985978523,"StraightLane index=('>>', '>>>', 0)",True,27.13030242919922,0.0,3.0517578143044024e-05,"StraightLane index=('>>', '>>>', 0)",True,0.0,True,False,1.3614082336425781,0.28946760296821594,0.0,0.28946760296821594,True,0.0,0.0,0.18091725185513496,0.0,0.18091725185513496,0.0
12.619703,"[37.37239074707031, 4.5, 0.0]","[52.147247314453125, 4.5, 0.0]",6.077159404756197,6.250086307525635,6.25987371649826,0.4998207092277607,0.506443977355957,14.770664215085795,0.17957687377772302,0.15635490417400533,10.270664215085795,-0.17292690276943734,6.060847759246826,0.1761770248413086,14.747329711914062,True,0,6.237024784088135,6.250086307525635,0.5310392379760653,0.1761338529986745,0.29285882095419447,-0.0032792506607679517,"StraightLane index=('>>', '>>>', 0)",True,27.25124740600586,0.0,3.0517578143044024e-05,"StraightLane index=('>>', '>>>', 0)",True,0.0,True,False,1.3614082336425781,0.2895795702934265,0.0,0.2895795702934265,True,0.0,0.0,0.18098723143339157,0.0,0.18098723143339157,0.0
12.6402,"[37.49373245239258, 4.5, 0.0]","[52.27255630493164, 4.5, 0.0]",6.087155818940737,6.266737461090088,6.270095385992318,0.4998207092269613,0.5042493939399719,14.774856567380716,0.17292690276943734,-0.3324985504142841,10.274856567380716,-0.17958164214935124,6.070704936981201,0.17644977569580078,14.769767761230469,True,0,6.247154712677002,6.266737461090088,0.5310392379760653,0.1761338529986745,0.29285882095419447,-0.0032792506607679517,"StraightLane index=('>>', '>>>', 0)",True,27.372390747070312,0.0,3.0517578143044024e-05,"StraightLane index=('>>', '>>>', 0)",True,0.0,True,False,1.357380986213684,0.2895795702934265,0.0,0.2895795702934265,True,0.0,0.0,0.18098723143339157,0.0,0.18098723143339157,0.0
12.659062,"[37.61527633666992, 4.5, 0.0]","[52.39733123779297, 4.5, 0.0]",6.097152233125298,6.270013332366944,6.279555616001017,0.49982070922807154,0.4975746273994446,14.778823852536966,0.17958164214935124,0.33273696899569494,10.278823852536966,-0.17286109924164617,6.085043430328369,0.17644977569580078,14.769767761230469,True,0,6.26149320602417,6.270013332366944,0.5310392379760653,0.1761338529986745,0.29285882095419447,-0.0032792506607679517,"StraightLane index=('>>', '>>>', 0)",True,27.493732452392578,0.0,3.0517578143044024e-05,"StraightLane index=('>>', '>>>', 0)",True,0.0,True,False,1.357380986213684,0.2895795702934265,0.0,0.2895795702934265,True,0.0,0.0,0.18098723143339157,0.0,0.18098723143339157,0.0
12.67994,"[37.73701858520508, 4.5, 0.0]","[52.526153564453125, 4.5, 0.0]",6.107148647309881,6.286944389343262,6.289969595501316,0.49982070922913735,0.4925529956817627,14.782054901120949,0.17286109924164617,-0.3360271453852537,10.282054901120949,-0.1797957420333809,6.094485759735107,0.17644977569580078,14.769767761230469,True,0,6.270935535430908,6.286944389343262,0.5310392379760653,0.1761338529986745,0.29285882095419447,-0.0032792506607679517,"StraightLane index=('>>', '>>>', 0)",True,27.615276336669922,0.0,3.0517578143044024e-05,"StraightLane index=('>>', '>>>', 0)",True,0.0,True,False,1.357380986213684,0.2895795702934265,0.0,0.2895795702934265,True,0.0,0.0,0.18098723143339157,0.0,0.18098723143339157,0.0
12.700912,"[37.85896301269531, 4.5, 0.0]","[52.651512145996094, 4.5, 0.0]",6.117145061494481,6.290266990661621,6.3004738314950375,0.49982070923002553,0.4970933794975281,14.789134979245949,0.1797957420333809,0.3467321395867362,10.289134979245949,-0.17312192916713975,6.099887847900391,0.17644977569580078,14.769767761230469,True,0,6.276337623596191,6.290266990661621,0.4352712631225586,0.1737549619080966,0.28628421586673747,0.0032953544266890455,"StraightLane index=('>>', '>>>', 0)",True,27.737018585205078,0.0,3.0517578143044024e-05,"StraightLane index=('>>', '>>>', 0)",True,0.0,True,False,1.357380986213684,0.2895795702934265,0.0,0.2895795702934265,True,0.0,0.0,0.18098723143339157,0.0,0.18098723143339157,0.0
12.72025,"[37.98110580444336, 4.5, 0.0]","[52.77838897705078, 4.5, 0.0]",6.127162456514037,6.306987285614014,6.310142042496591,0.5008697509777615,0.5144322514533997,14.792549133298682,0.17312192916713975,-0.3336906433120568,10.292549133298682,-0.1798248290999771,6.111788749694824,0.17644977569580078,14.769767761230469,True,0,6.288238525390625,6.306987285614014,0.4352712631225586,0.1737549619080966,0.28628421586673747,0.0039192064412306715,"StraightLane index=('>>', '>>>', 0)",True,27.858963012695312,0.0,3.0517578143044024e-05,"StraightLane index=('>>', '>>>', 0)",True,0.0,True,False,1.357380986213684,0.29020342230796814,0.0,0.29020342230796814,True,0.0,0.0,0.1813771389424801,0.0,0.1813771389424801,0.0
12.739647,"[38.10344696044922, 4.5, 0.0]","[52.90188980102539, 4.5, 0.0]",6.13717985153357,6.310083866119385,6.319813855490065,0.5008697509766513,0.5092549920082092,14.797283172605322,0.1798248290999771,0.33514499664186737,10.297283172605322,-0.17290401458581517,6.121476650238037,0.1797957420349121,14.789134979248047,True,0,6.301272392272949,6.310083866119385,0.4352712631225586,0.1737549619080966,0.28628421586673747,0.0039192064412306715,"StraightLane index=('>>', '>>>', 0)",True,27.98110580444336,0.0,3.0517578143044024e-05,"StraightLane index=('>>', '>>>', 0)",True,0.0,True,False,1.357380986213684,0.29020342230796814,0.0,0.29020342230796814,True,0.0,0.0,0.1813771389424801,0.0,0.1813771389424801,0.0
12.759406,"[38.225990295410156, 4.5, 0.0]","[53.030704498291016, 4.5, 0.0]",6.147197246553096,6.326932907104492,6.329704018996562,0.5008697509763405,0.5046677589416504,14.798442840574072,0.17290401458581517,-0.34604072570809663,10.298442840574072,-0.17973566055139578,6.131101131439209,0.1797957420349121,14.789134979248047,True,0,6.310896873474121,6.326932907104492,0.4352712631225586,0.1737549619080966,0.28628421586673747,0.0039192064412306715,"StraightLane index=('>>', '>>>', 0)",True,28.10344696044922,0.0,3.0517578143044024e-05,"StraightLane index=('>>', '>>>', 0)",True,0.0,True,False,1.357380986213684,0.29020342230796814,0.0,0.29020342230796814,True,0.0,0.0,0.1813771389424801,0.0,0.1813771389424801,0.0
12.780002,"[38.348731994628906, 4.5, 0.0]","[53.157615661621094, 4.5, 0.0]",6.1572146415726134,6.330299377441406,6.3400211659929475,0.500869750975852,0.5000529885292053,14.804714202878758,0.17973566055139578,0.34158229827903064,10.304714202878758,-0.1730847358687928,6.140655040740967,0.1797957420349121,14.789134979248047,True,0,6.320450782775879,6.330299377441406,0.4352712631225586,0.1737549619080966,0.28628421586673747,0.0039192064412306715,"StraightLane index=('>>', '>>>', 0)",True,28.225990295410156,0.0,3.0517578143044024e-05,"StraightLane index=('>>', '>>>', 0)",True,0.0,True,False,1.357380986213684,0.29020342230796814,0.0,0.29020342230796814,True,0.0,0.0,0.1813771389424801,0.0,0.1813771389424801,0.0
12.800131,"[38.471675872802734, 4.5, 0.0]","[53.2838134765625, 4.5, 0.0]",6.1672320365921145,6.346941947937012,6.350063162000151,0.5008697509750526,0.49642521142959595,14.808883666990086,0.1730847358687928,-0.33254623413014883,10.308883666990086,-0.17970991134489722,6.150200366973877,0.1797957420349121,14.789134979248047,True,0,6.329996109008789,6.346941947937012,0.5667495727539062,0.17621570076367365,0.2930271431378568,-0.0028237208298886873,"StraightLane index=('>>', '>>>', 0)",True,28.348731994628906,0.0,3.0517578143044024e-05,"StraightLane index=('>>', '>>>', 0)",True,0.0,True,False,1.357380986213684,0.29020342230796814,0.0,0.29020342230796814,True,0.0,0.0,0.1813771389424801,0.0,0.1813771389424801,0.0
12.821007,"[38.59482192993164, 4.5, 0.0]","[53.40837478637695, 4.5, 0.0]",6.1773428916946465,6.350069046020508,6.3605226014944485,0.5055427551265979,0.4976019263267517,14.812137603757664,0.17970991134489722,0.33125877380522084,10.312137603757664,-0.17272615432586136,6.160202503204346,0.1797957420349121,14.789134979248047,True,0,6.339998245239258,6.350069046020508,0.5667495727539062,0.17621570076367365,0.2930271431378568,-0.00011775936405311604,"StraightLane index=('>>', '>>>', 0)",True,28.471675872802734,0.0,3.0517578143044024e-05,"StraightLane index=('>>', '>>>', 0)",True,0.0,True,False,1.357380986213684,0.2929093837738037,0.0,0.2929093837738037,True,0.0,0.0,0.18306836485862732,0.0,0.18306836485862732,0.0
12.840544,"[38.71816635131836, 4.5, 0.0]","[53.5394172668457, 4.5, 0.0]",6.187453746797191,6.367013454437256,6.370289618501555,0.5055427551272196,0.4975087642669678,14.813552856443211,0.17272615432586136,-0.34918785095179317,10.313552856443211,-0.179559707640065,6.170114040374756,0.17308473587036133,14.808883666992188,True,0,6.343198776245117,6.367013454437256,0.5667495727539062,0.17621570076367365,0.2930271431378568,-0.00011775936405311604,"StraightLane index=('>>', '>>>', 0)",True,28.59482192993164,0.0,3.0517578143044024e-05,"StraightLane index=('>>', '>>>', 0)",True,0.0,True,False,1.3534058332443237,0.2929093837738037,0.0,0.2929093837738037,True,0.0,0.0,0.18306836485862732,0.0,0.18306836485862732,0.0
12.859742,"[38.841712951660156, 4.5, 0.0]","[53.6661491394043, 4.5, 0.0]",6.197564601899728,6.370286464691163,6.37989554948872,0.5055427551268643,0.4972456395626068,14.82125091552524,0.179559707640065,0.34167766571018277,10.32125091552524,-0.17272186279143487,6.17997932434082,0.17308473587036133,14.808883666992188,True,0,6.353064060211182,6.370286464691163,0.5667495727539062,0.17621570076367365,0.2930271431378568,-0.00011775936405311604,"StraightLane index=('>>', '>>>', 0)",True,28.71816635131836,0.0,3.0517578143044024e-05,"StraightLane index=('>>', '>>>', 0)",True,0.0,True,False,1.3534058332443237,0.2929093837738037,0.0,0.2929093837738037,True,0.0,0.0,0.18306836485862732,0.0,0.18306836485862732,0.0
12.880174,"[38.96546173095703, 4.5, 0.0]","[53.7938346862793, 4.5, 0.0]",6.207675457002276,6.386967658996582,6.390106632493553,0.5055427551273972,0.49615204334259033,14.824436187742037,0.17272186279143487,-0.3418922424315074,10.324436187742037,-0.17929220199430596,6.189773082733154,0.17308473587036133,14.808883666992188,True,0,6.362857818603516,6.386967658996582,0.5667495727539062,0.17621570076367365,0.2930271431378568,-0.00011775936405311604,"StraightLane index=('>>', '>>>', 0)",True,28.841712951660156,0.0,3.0517578143044024e-05,"StraightLane index=('>>', '>>>', 0)",True,0.0,True,False,1.3534058332443237,0.2929093837738037,0.0,0.2929093837738037,True,0.0,0.0,0.18306836485862732,0.0,0.18306836485862732,0.0
12.899237,"[39.089412689208984, 4.5, 0.0]","[53.917667388916016, 4.5, 0.0]",6.2177863121048205,6.390013694763184,6.399641458995757,0.5055427551272196,0.4952613413333893,14.828372955320162,0.17929220199430596,0.32851696014355447,10.328372955320162,-0.17222738265836313,6.1995415687561035,0.17308473587036133,14.808883666992188,True,0,6.372626304626465,6.390013694763184,0.43071746826171875,0.17366924207646645,0.2856170408044025,0.007292342969401233,"StraightLane index=('>>', '>>>', 0)",True,28.96546173095703,0.0,3.0517578143044024e-05,"StraightLane index=('>>', '>>>', 0)",True,0.0,True,False,1.3534058332443237,0.2929093837738037,0.0,0.2929093837738037,True,0.0,0.0,0.18306836485862732,0.0,0.18306836485862732,0.0
12.91996,"[39.213565826416016, 4.5, 0.0]","[54.049652099609375, 4.5, 0.0]",6.22765493393101,6.406976699829102,6.410002548497869,0.49343109130948193,0.4984525442123413,14.828254699704928,0.17222738265836313,-0.35324096679714145,10.328254699704928,-0.17932176589809146,6.209743499755859,0.17308473587036133,14.808883666992188,True,0,6.382828235626221,6.406976699829102,0.43071746826171875,0.17366924207646645,0.2856170408044025,0.0002827473368481326,"StraightLane index=('>>', '>>>', 0)",True,29.089412689208984,0.0,3.0517578143044024e-05,"StraightLane index=('>>', '>>>', 0)",True,0.0,True,False,1.3534058332443237,0.2858997881412506,0.0,0.2858997881412506,True,0.0,0.0,0.17868736758828163,0.0,0.17868736758828163,0.0
12.942145,"[39.337921142578125, 4.5, 0.0]","[54.17627716064453, 4.5, 0.0]",6.237523555757226,6.410164833068848,6.421074693996343,0.4934310913108142,0.49973759055137634,14.836086273190071,0.17932176589809146,0.3547191619864165,10.336086273190071,-0.17264127731162127,6.219823837280273,0.1792922019958496,14.828372955322266,True,0,6.399116039276123,6.410164833068848,0.43071746826171875,0.17366924207646645,0.2856170408044025,0.0002827473368481326,"StraightLane index=('>>', '>>>', 0)",True,29.213565826416016,0.0,3.814697266608281e-05,"StraightLane index=('>>', '>>>', 0)",True,0.0,True,False,1.3534058332443237,0.2858997881412506,0.0,0.2858997881412506,True,0.0,0.0,0.17868736758828163,0.0,0.17868736758828163,0.0
12.959764,"[39.46247482299805, 4.5, 0.0]","[54.30332565307617, 4.5, 0.0]",6.247392177583418,6.426717758178711,6.429906653999933,0.49343109130957075,0.49691739678382874,14.838356018063118,0.17264127731162127,-0.3340244293235095,10.338356018063118,-0.17932558059529313,6.23447322845459,0.1792922019958496,14.828372955322266,True,0,6.4137654304504395,6.426717758178711,0.43071746826171875,0.17366924207646645,0.2856170408044025,0.0002827473368481326,"StraightLane index=('>>', '>>>', 0)",True,29.337921142578125,0.0,3.814697266608281e-05,"StraightLane index=('>>', '>>>', 0)",True,0.0,True,False,1.3534058332443237,0.2858997881412506,0.0,0.2858997881412506,True,0.0,0.0,0.17868736758828163,0.0,0.17868736758828163,0.0
12.979859,"[39.58722686767578, 4.5, 0.0]","[54.43110275268555, 4.5, 0.0]",6.257260799409603,6.4299955368042,6.439948947491939,0.4934310913092599,0.5042434930801392,14.840850830074837,0.17932558059529313,0.3342151641835933,10.340850830074837,-0.1727347373945971,6.240211009979248,0.1792922019958496,14.828372955322266,True,0,6.419503211975098,6.4299955368042,0.43071746826171875,0.17366924207646645,0.2856170408044025,0.0002827473368481326,"StraightLane index=('>>', '>>>', 0)",True,29.462474822998047,0.0,3.814697266608281e-05,"StraightLane index=('>>', '>>>', 0)",True,0.0,True,False,1.3534058332443237,0.2858997881412506,0.0,0.2858997881412506,True,0.0,0.0,0.17868736758828163,0.0,0.17868736758828163,0.0
12.999066,"[39.71217346191406, 4.5, 0.0]","[54.55959701538086, 4.5, 0.0]",6.267129421235767,6.446660995483398,6.449556082490017,0.49343109130819407,0.505698025226593,14.843875885006476,0.1727347373945971,-0.3295421600348014,10.343875885006476,-0.17953157424763155,6.250426769256592,0.1792922019958496,14.828372955322266,True,0,6.429718971252441,6.446660995483398,0.5664730072021484,0.176128873120895,0.29282439638185553,-0.006924608240604924,"StraightLane index=('>>', '>>>', 0)",True,29.58722686767578,0.0,3.814697266608281e-05,"StraightLane index=('>>', '>>>', 0)",True,0.0,True,False,1.3534058332443237,0.2858997881412506,0.0,0.2858997881412506,True,0.0,0.0,0.17868736758828163,0.0,0.17868736758828163,0.0
13.020044,"[39.837318420410156, 4.5, 0.0]","[54.69278335571289, 4.5, 0.0]",6.2772288322464895,6.450305461883545,6.4600419340014925,0.5049705505361324,0.5060349106788635,14.84742355346469,0.17953157424763155,0.33984184265172246,10.34742355346469,-0.1730766296370554,6.260522842407227,0.1792922019958496,14.828372955322266,True,0,6.439815044403076,6.450305461883545,0.5664730072021484,0.176128873120895,0.29282439638185553,-0.0002642958264356121,"StraightLane index=('>>', '>>>', 0)",True,29.712173461914062,0.0,3.0517578143044024e-05,"StraightLane index=('>>', '>>>', 0)",True,0.0,True,False,1.3534058332443237,0.2925601005554199,0.0,0.2925601005554199,True,0.0,0.0,0.18285006284713745,0.0,0.18285006284713745,0.0
13.040101,"[39.96266174316406, 4.5, 0.0]","[54.822532653808594, 4.5, 0.0]",6.287328243257228,6.466990947723389,6.470070907994523,0.5049705505369317,0.50483238697052,14.855464935300626,0.1730766296370554,-0.32274723052880816,10.355464935300626,-0.1796627044661605,6.270481109619141,0.17953157424926758,14.847423553466797,True,0,6.450012683868408,6.466990947723389,0.5664730072021484,0.176128873120895,0.29282439638185553,-0.0002642958264356121,"StraightLane index=('>>', '>>>', 0)",True,29.837318420410156,0.0,3.0517578143044024e-05,"StraightLane index=('>>', '>>>', 0)",True,0.0,True,False,1.3491806983947754,0.2925601005554199,0.0,0.2925601005554199,True,0.0,0.0,0.18285006284713745,0.0,0.18285006284713745,0.0
13.058861,"[40.08820724487305, 4.5, 0.0]","[54.94765090942383, 4.5, 0.0]",6.297427654267973,6.469986438751222,6.479456267991918,0.5049705505372426,0.5033358931541443,14.859870910642423,0.1796627044661605,0.32930374145525576,10.359870910642423,-0.17255878448324857,6.280357360839844,0.17953157424926758,14.847423553466797,True,0,6.459888935089111,6.469986438751222,0.5664730072021484,0.176128873120895,0.29282439638185553,-0.0002642958264356121,"StraightLane index=('>>', '>>>', 0)",True,29.962661743164062,0.0,3.0517578143044024e-05,"StraightLane index=('>>', '>>>', 0)",True,0.0,True,False,1.3491806983947754,0.2925601005554199,0.0,0.2925601005554199,True,0.0,0.0,0.18285006284713745,0.0,0.18285006284713745,0.0
13.080199,"[40.21395492553711, 4.5, 0.0]","[55.081233978271484, 4.5, 0.0]",6.3075270652787045,6.486968040466309,6.4901192244898995,0.5049705505365765,0.49431705474853516,14.859443664548673,0.17255878448324857,-0.35519599914559663,10.359443664548673,-0.17944097518760405,6.294445037841797,0.17953157424926758,14.847423553466797,True,0,6.4739766120910645,6.486968040466309,0.5664730072021484,0.176128873120895,0.29282439638185553,-0.0002642958264356121,"StraightLane index=('>>', '>>>', 0)",True,30.088207244873047,0.0,3.0517578143044024e-05,"StraightLane index=('>>', '>>>', 0)",True,0.0,True,False,1.3491806983947754,0.2925601005554199,0.0,0.2925601005554199,True,0.0,0.0,0.18285006284713745,0.0,0.18285006284713745,0.0
13.099675,"[40.33990478515625, 4.5, 0.0]","[55.210289001464844, 4.5, 0.0]",6.317626476289452,6.493600368499756,6.499860159502714,0.5049705505373758,0.49892476201057434,14.867279052732265,0.17944097518760405,0.34410953521777365,10.367279052732265,-0.1759738922103038,6.299871921539307,0.17953157424926758,14.847423553466797,True,0,6.479403495788574,6.493600368499756,0.4693937301635742,0.1749447663645306,0.28932779630122807,0.0032323042541918534,"StraightLane index=('>>', '>>>', 0)",True,30.21395492553711,0.0,3.0517578143044024e-05,"StraightLane index=('>>', '>>>', 0)",True,0.0,True,False,1.3491806983947754,0.2925601005554199,0.0,0.2925601005554199,True,0.0,0.0,0.18285006284713745,0.0,0.18285006284713745,0.0
13.120068,"[40.46605682373047, 4.5, 0.0]","[55.34107971191406, 4.5, 0.0]",6.3277239799515845,6.503645896911621,6.510030969994841,0.5048751831066234,0.5010554194450378,14.870384216306483,0.1759738922103038,-0.17335414886501255,10.370384216306483,-0.17592191696003656,6.31002950668335,0.17953157424926758,14.847423553466797,True,0,6.489561080932617,6.503645896911621,0.4693937301635742,0.1749447663645306,0.28932779630122807,0.0031856338173327226,"StraightLane index=('>>', '>>>', 0)",True,30.33990478515625,0.0,3.0517578143044024e-05,"StraightLane index=('>>', '>>>', 0)",True,0.0,True,False,1.3491806983947754,0.2925134301185608,0.0,0.2925134301185608,True,0.0,0.0,0.1828208938241005,0.0,0.1828208938241005,0.0
13.139255,"[40.592411041259766, 4.5, 0.0]","[55.46811294555664, 4.5, 0.0]",6.3378214836137206,6.513380527496338,6.519650103992899,0.504875183106801,0.5014291405677795,14.875022888181483,0.17592191696003656,-0.002598762513361663,10.375022888181483,-0.17555904388261734,6.320061683654785,0.17597389221191406,14.870384216308594,True,0,6.496035575866699,6.513380527496338,0.4693937301635742,0.1749447663645306,0.28932779630122807,0.0031856338173327226,"StraightLane index=('>>', '>>>', 0)",True,30.46605682373047,0.0,3.0517578143044024e-05,"StraightLane index=('>>', '>>>', 0)",True,0.0,True,False,1.3491806983947754,0.2925134301185608,0.0,0.2925134301185608,True,0.0,0.0,0.1828208938241005,0.0,0.1828208938241005,0.0
13.159443,"[40.718963623046875, 4.5, 0.0]","[55.601463317871094, 4.5, 0.0]",6.347918987275845,6.523599147796631,6.529746602990781,0.5048751831062237,0.5012588500976562,14.875701904294765,0.17555904388261734,-0.018143653870961174,10.375701904294765,-0.17568016052078583,6.330016136169434,0.17597389221191406,14.870384216308594,True,0,6.505990028381348,6.523599147796631,0.4693937301635742,0.1749447663645306,0.28932779630122807,0.0031856338173327226,"StraightLane index=('>>', '>>>', 0)",True,30.592411041259766,0.0,3.0517578143044024e-05,"StraightLane index=('>>', '>>>', 0)",True,0.0,True,False,1.3491806983947754,0.2925134301185608,0.0,0.2925134301185608,True,0.0,0.0,0.1828208938241005,0.0,0.1828208938241005,0.0
13.180707,"[40.84571838378906, 4.5, 0.0]","[55.73217010498047, 4.5, 0.0]",6.358016490937963,6.533614635467529,6.540369722995092,0.5048751831059128,0.5045963525772095,14.882499694822107,0.17568016052078583,0.006055831908424736,10.382499694822107,-0.175598144529566,6.3403544425964355,0.17597389221191406,14.870384216308594,True,0,6.51632833480835,6.533614635467529,0.4693937301635742,0.1749447663645306,0.28932779630122807,0.0031856338173327226,"StraightLane index=('>>', '>>>', 0)",True,30.718963623046875,0.0,3.0517578143044024e-05,"StraightLane index=('>>', '>>>', 0)",True,0.0,True,False,1.3491806983947754,0.2925134301185608,0.0,0.2925134301185608,True,0.0,0.0,0.1828208938241005,0.0,0.1828208938241005,0.0
13.20036,"[40.97267532348633, 4.5, 0.0]","[55.862449645996094, 4.5, 0.0]",6.368113994600075,6.543598175048828,6.550201474997448,0.504875183105602,0.5001254677772522,14.886451721189294,0.175598144529566,-0.004100799560990964,10.386451721189294,-0.1754841804487528,6.355009078979492,0.17597389221191406,14.870384216308594,True,0,6.530982971191406,6.543598175048828,0.49997806549072266,0.17494952202025282,0.28901423931194214,0.003499190806618646,"StraightLane index=('>>', '>>>', 0)",True,30.845718383789062,0.0,3.0517578143044024e-05,"StraightLane index=('>>', '>>>', 0)",True,0.0,True,False,1.3491806983947754,0.2925134301185608,0.0,0.2925134301185608,True,0.0,0.0,0.1828208938241005,0.0,0.1828208938241005,0.0
13.219564,"[41.09983444213867, 4.5, 0.0]","[55.9911003112793, 4.5, 0.0]",6.3780932426469175,6.553404331207275,6.559798741003033,0.49896240234210687,0.5056407451629639,14.889774322507654,0.1754841804487528,-0.0056982040406605705,10.389774322507654,-0.17531108856035793,6.360589027404785,0.17597389221191406,14.870384216308594,True,0,6.536562919616699,6.553404331207275,0.49997806549072266,0.17494952202025282,0.28901423931194214,7.290720867247913e-05,"StraightLane index=('>>', '>>>', 0)",True,30.972675323486328,0.0,3.0517578143044024e-05,"StraightLane index=('>>', '>>>', 0)",True,0.0,True,False,1.3491806983947754,0.2890871465206146,0.0,0.2890871465206146,True,0.0,0.0,0.18067946657538414,0.0,0.18067946657538414,0.0
13.240238,"[41.227195739746094, 4.5, 0.0]","[56.126136779785156, 4.5, 0.0]",6.388072490693789,6.563673496246338,6.570115552490461,0.49896240234357236,0.5088527202606201,14.891265869137325,0.17531108856035793,-0.008654594419743589,10.391265869137325,-0.17560100555254898,6.371001243591309,0.17559814453125,14.886451721191406,True,0,6.546599388122559,6.563673496246338,0.49997806549072266,0.17494952202025282,0.28901423931194214,7.290720867247913e-05,"StraightLane index=('>>', '>>>', 0)",True,31.099834442138672,0.0,3.814697266608281e-05,"StraightLane index=('>>', '>>>', 0)",True,0.0,True,False,1.3453898429870605,0.2890871465206146,0.0,0.2890871465206146,True,0.0,0.0,0.18067946657538414,0.0,0.18067946657538414,0.0
13.259299,"[41.354759216308594, 4.5, 0.0]","[56.25669860839844, 4.5, 0.0]",6.398051738740692,6.573602199554445,6.579675185497035,0.4989624023451711,0.5095194578170776,14.89894104003576,0.17560100555254898,0.014495849609552636,10.39894104003576,-0.1755504608137528,6.381222248077393,0.17559814453125,14.886451721191406,True,0,6.556820392608643,6.573602199554445,0.49997806549072266,0.17494952202025282,0.28901423931194214,7.290720867247913e-05,"StraightLane index=('>>', '>>>', 0)",True,31.227195739746094,0.0,3.814697266608281e-05,"StraightLane index=('>>', '>>>', 0)",True,0.0,True,False,1.3453898429870605,0.2890871465206146,0.0,0.2890871465206146,True,0.0,0.0,0.18067946657538414,0.0,0.18067946657538414,0.0
13.280111,"[41.482521057128906, 4.5, 0.0]","[56.388671875, 4.5, 0.0]",6.408030986787569,6.5836381912231445,6.59006870999583,0.4989624023438388,0.5090646743774414,14.901939392086542,0.1755504608137528,-0.00252723693980883,10.401939392086542,-0.17560720443557543,6.391307830810547,0.17559814453125,14.886451721191406,True,0,6.566905975341797,6.5836381912231445,0.49997806549072266,0.17494952202025282,0.28901423931194214,7.290720867247913e-05,"StraightLane index=('>>', '>>>', 0)",True,31.354759216308594,0.0,3.814697266608281e-05,"StraightLane index=('>>', '>>>', 0)",True,0.0,True,False,1.3453898429870605,0.2890871465206146,0.0,0.2890871465206146,True,0.0,0.0,0.18067946657538414,0.0,0.18067946657538414,0.0
13.299857,"[41.61048126220703, 4.5, 0.0]","[56.52017593383789, 4.5, 0.0]",6.418010234834426,6.593638420104981,6.599949894999735,0.4989624023428618,0.5004410147666931,14.90615081786779,0.17560720443557543,0.002837181091130958,10.40615081786779,-0.17562818527055502,6.40561580657959,0.17559814453125,14.886451721191406,True,0,6.58121395111084,6.593638420104981,0.5004024505615323,0.17496865558788116,0.28912697601374193,-3.982949312730799e-05,"StraightLane index=('>>', '>>>', 0)",True,31.482521057128906,0.0,3.814697266608281e-05,"StraightLane index=('>>', '>>>', 0)",True,0.0,True,False,1.3453898429870605,0.2890871465206146,0.0,0.2890871465206146,True,0.0,0.0,0.18067946657538414,0.0,0.18067946657538414,0.0
13.319518,"[41.738643646240234, 4.5, 0.0]","[56.64909744262695, 4.5, 0.0]",6.427985668184002,6.603391170501709,6.6097754855029045,0.4987716674787812,0.5049502849578857,14.909694671627555,0.17562818527055502,0.0010490417489794623,10.409694671627555,-0.17540550231770702,6.411093235015869,0.17559814453125,14.886451721191406,True,0,6.586691379547119,6.603391170501709,0.5004024505615323,0.17496865558788116,0.28912697601374193,-0.00017364192064805994,"StraightLane index=('>>', '>>>', 0)",True,31.61048126220703,0.0,3.814697266608281e-05,"StraightLane index=('>>', '>>>', 0)",True,0.0,True,False,1.3453898429870605,0.28895333409309387,0.0,0.28895333409309387,True,0.0,0.0,0.18059583380818367,0.0,0.18059583380818367,0.0
13.340277,"[41.86700439453125, 4.5, 0.0]","[56.78109359741211, 4.5, 0.0]",6.4379611015336025,6.613353252410889,6.620159795001381,0.49877166748002466,0.5020374655723572,14.910453796383415,0.17540550231770702,-0.011134147642399839,10.410453796383415,-0.1753921508772862,6.420840740203857,0.17560720443725586,14.906150817871094,True,0,6.596447944641113,6.613353252410889,0.5004024505615323,0.17496865558788116,0.28912697601374193,-0.00017364192064805994,"StraightLane index=('>>', '>>>', 0)",True,31.738643646240234,0.0,3.814697266608281e-05,"StraightLane index=('>>', '>>>', 0)",True,0.0,True,False,1.3453898429870605,0.28895333409309387,0.0,0.28895333409309387,True,0.0,0.0,0.18059583380818367,0.0,0.18059583380818367,0.0
13.35889,"[41.99556350708008, 4.5, 0.0]","[56.913124084472656, 4.5, 0.0]",6.447936534883199,6.623317718505859,6.629470435497933,0.498771667479847,0.49949708580970764,14.914089202877554,0.1753921508772862,-0.0006675720210402858,10.414089202877554,-0.17538118362265998,6.430545806884766,0.17560720443725586,14.906150817871094,True,0,6.6061530113220215,6.623317718505859,0.5004024505615323,0.17496865558788116,0.28912697601374193,-0.00017364192064805994,"StraightLane index=('>>', '>>>', 0)",True,31.86700439453125,0.0,3.814697266608281e-05,"StraightLane index=('>>', '>>>', 0)",True,0.0,True,False,1.3453898429870605,0.28895333409309387,0.0,0.28895333409309387,True,0.0,0.0,0.18059583380818367,0.0,0.18059583380818367,0.0
13.379636,"[42.12432098388672, 4.5, 0.0]","[57.0459098815918, 4.5, 0.0]",6.457911968232815,6.633339405059815,6.639834799501114,0.4987716674807796,0.501259446144104,14.91756057739046,0.17538118362265998,-0.0005483627313118689,10.41756057739046,-0.17542743682700035,6.440674781799316,0.17560720443725586,14.906150817871094,True,0,6.616281986236572,6.633339405059815,0.5004024505615323,0.17496865558788116,0.28912697601374193,-0.00017364192064805994,"StraightLane index=('>>', '>>>', 0)",True,31.995563507080078,0.0,3.0517578143044024e-05,"StraightLane index=('>>', '>>>', 0)",True,0.0,True,False,1.3453898429870605,0.28895333409309387,0.0,0.28895333409309387,True,0.0,0.0,0.18059583380818367,0.0,0.18059583380818367,0.0
13.399284,"[42.25328063964844, 4.5, 0.0]","[57.17841339111328, 4.5, 0.0]",6.4678874015824155,6.64333963394165,6.6496641509904295,0.49877166748002466,0.5013593435287476,14.92158889770296,0.17542743682700035,0.0023126602170187027,10.42158889770296,-0.1754522323592349,6.450680732727051,0.17560720443725586,14.906150817871094,True,0,6.626287937164307,6.64333963394165,0.49701213836669034,0.17486721487192722,0.2889111659054299,4.216818766394903e-05,"StraightLane index=('>>', '>>>', 0)",True,32.12432098388672,0.0,3.0517578143044024e-05,"StraightLane index=('>>', '>>>', 0)",True,0.0,True,False,1.3453898429870605,0.28895333409309387,0.0,0.28895333409309387,True,0.0,0.0,0.18059583380818367,0.0,0.18059583380818367,0.0
13.419677,"[42.38243865966797, 4.5, 0.0]","[57.31236267089844, 4.5, 0.0]",6.4778571128861255,6.653398036956787,6.659858671500115,0.49848556518550247,0.5009989142417908,14.925132751462726,0.1754522323592349,0.0012397766117278053,10.425132751462726,-0.17554092407066157,6.460612773895264,0.17560720443725586,14.906150817871094,True,0,6.6362199783325195,6.653398036956787,0.49701213836669034,0.17486721487192722,0.2889111659054299,-0.0001133999351998205,"StraightLane index=('>>', '>>>', 0)",True,32.25328063964844,0.0,3.0517578143044024e-05,"StraightLane index=('>>', '>>>', 0)",True,0.0,True,False,1.3453898429870605,0.2887977659702301,0.0,0.2887977659702301,True,0.0,0.0,0.18049860373139381,0.0,0.18049860373139381,0.0
13.439607,"[42.51179504394531, 4.5, 0.0]","[57.4453239440918, 4.5, 0.0]",6.487826824189842,6.663357734680176,6.66982313648914,0.49848556518581333,0.49960774183273315,14.92992401122835,0.17554092407066157,0.004434585571333471,10.42992401122835,-0.17553091049033398,6.470448970794678,0.17542743682861328,14.921588897705078,True,0,6.645876407623291,6.663357734680176,0.49701213836669034,0.17486721487192722,0.2889111659054299,-0.0001133999351998205,"StraightLane index=('>>', '>>>', 0)",True,32.38243865966797,0.0,3.0517578143044024e-05,"StraightLane index=('>>', '>>>', 0)",True,0.0,True,False,1.3413909673690796,0.2887977659702301,0.0,0.2887977659702301,True,0.0,0.0,0.18049860373139381,0.0,0.18049860373139381,0.0
13.459571,"[42.641353607177734, 4.5, 0.0]","[57.578277587890625, 4.5, 0.0]",6.49779653549357,6.673316955566407,6.679805822993512,0.49848556518639064,0.49829548597335815,14.933528900144365,0.17553091049033398,-0.0005006790163797348,10.433528900144365,-0.17552042007283752,6.480240821838379,0.17542743682861328,14.921588897705078,True,0,6.655668258666992,6.673316955566407,0.49701213836669034,0.17486721487192722,0.2889111659054299,-0.0001133999351998205,"StraightLane index=('>>', '>>>', 0)",True,32.51179504394531,0.0,3.0517578143044024e-05,"StraightLane index=('>>', '>>>', 0)",True,0.0,True,False,1.3413909673690796,0.2887977659702301,0.0,0.2887977659702301,True,0.0,0.0,0.18049860373139381,0.0,0.18049860373139381,0.0
13.480065,"[42.77111053466797, 4.5, 0.0]","[57.71593475341797, 4.5, 0.0]",6.507766246797288,6.683628082275391,6.690051043496351,0.49848556518590215,0.5010019540786743,14.936923980710771,0.17552042007283752,-0.0005245208748227981,10.436923980710771,-0.17586183547810297,6.49044942855835,0.17542743682861328,14.921588897705078,True,0,6.665876865386963,6.683628082275391,0.49701213836669034,0.17486721487192722,0.2889111659054299,-0.0001133999351998205,"StraightLane index=('>>', '>>>', 0)",True,32.641353607177734,0.0,3.0517578143044024e-05,"StraightLane index=('>>', '>>>', 0)",True,0.0,True,False,1.3413909673690796,0.2887977659702301,0.0,0.2887977659702301,True,0.0,0.0,0.18049860373139381,0.0,0.18049860373139381,0.0
13.499227,"[42.901065826416016, 4.5, 0.0]","[57.84577941894531, 4.5, 0.0]",6.517735958101012,6.693354606628418,6.699637130997144,0.498485565186213,0.5017878413200378,14.944824218747879,0.17586183547810297,0.017070770263272195,10.444824218747879,-0.17561864852740605,6.500525951385498,0.17542743682861328,14.921588897705078,True,0,6.675953388214111,6.693354606628418,0.5001497268676758,0.17488573382510314,0.2890378553679171,-0.00024008939768699333,"StraightLane index=('>>', '>>>', 0)",True,32.77111053466797,0.0,3.0517578143044024e-05,"StraightLane index=('>>', '>>>', 0)",True,0.0,True,False,1.3413909673690796,0.2887977659702301,0.0,0.2887977659702301,True,0.0,0.0,0.18049860373139381,0.0,0.18049860373139381,0.0
13.520153,"[43.031219482421875, 4.5, 0.0]","[57.983943939208984, 4.5, 0.0]",6.527699947358841,6.706984519958496,6.710092947501107,0.49819946289146877,0.4982636272907257,14.944713592525986,0.17561864852740605,-0.012159347534845821,10.444713592525986,-0.1792845725996548,6.515156269073486,0.17542743682861328,14.921588897705078,True,0,6.6905837059021,6.706984519958496,0.5001497268676758,0.17488573382510314,0.2890378553679171,-0.0004283208658876769,"StraightLane index=('>>', '>>>', 0)",True,32.901065826416016,0.0,3.814697266608281e-05,"StraightLane index=('>>', '>>>', 0)",True,0.0,True,False,1.3413909673690796,0.2886095345020294,0.0,0.2886095345020294,True,0.0,0.0,0.1803809590637684,0.0,0.1803809590637684,0.0
13.539469,"[43.16157531738281, 4.5, 0.0]","[58.11514663696289, 4.5, 0.0]",6.537663936616659,6.710073471069336,6.719758327995078,0.49819946289089145,0.500770092010498,14.952724456783796,0.1792845725996548,0.18329620361243748,10.452724456783796,-0.17240953445267682,6.520401954650879,0.17586183547973633,14.94482421875,True,0,6.696263790130615,6.710073471069336,0.5001497268676758,0.17488573382510314,0.2890378553679171,-0.0004283208658876769,"StraightLane index=('>>', '>>>', 0)",True,33.031219482421875,0.0,3.814697266608281e-05,"StraightLane index=('>>', '>>>', 0)",True,0.0,True,False,1.3413909673690796,0.2886095345020294,0.0,0.2886095345020294,True,0.0,0.0,0.1803809590637684,0.0,0.1803809590637684,0.0
13.559317,"[43.29212951660156, 4.5, 0.0]","[58.252281188964844, 4.5, 0.0]",6.547627925874485,6.726935386657715,6.729684719993384,0.49819946289129113,0.4995808005332947,14.953571319576765,0.17240953445267682,-0.34375190734889927,10.453571319576765,-0.1793074607832299,6.530230522155762,0.17586183547973633,14.94482421875,True,0,6.706092357635498,6.726935386657715,0.5001497268676758,0.17488573382510314,0.2890378553679171,-0.0004283208658876769,"StraightLane index=('>>', '>>>', 0)",True,33.16157531738281,0.0,3.814697266608281e-05,"StraightLane index=('>>', '>>>', 0)",True,0.0,True,False,1.3413909673690796,0.2886095345020294,0.0,0.2886095345020294,True,0.0,0.0,0.1803809590637684,0.0,0.1803809590637684,0.0
13.580029,"[43.422882080078125, 4.5, 0.0]","[58.38732147216797, 4.5, 0.0]",6.557591915132304,6.73030948638916,6.7400340454943946,0.49819946289093586,0.5022964477539062,14.960151672359967,0.1793074607832299,0.3448963165276542,10.460151672359967,-0.1727175712568565,6.54046630859375,0.17586183547973633,14.94482421875,True,0,6.716328144073486,6.73030948638916,0.5001497268676758,0.17488573382510314,0.2890378553679171,-0.0004283208658876769,"StraightLane index=('>>', '>>>', 0)",True,33.29212951660156,0.0,3.814697266608281e-05,"StraightLane index=('>>', '>>>', 0)",True,0.0,True,False,1.3413909673690796,0.2886095345020294,0.0,0.2886095345020294,True,0.0,0.0,0.1803809590637684,0.0,0.1803809590637684,0.0
13.599956,"[43.5538330078125, 4.5, 0.0]","[58.521217346191406, 4.5, 0.0]",6.5675559043901135,6.7469305992126465,6.7500004064961105,0.4981994628904918,0.5030099153518677,14.964439392086527,0.1727175712568565,-0.32949447631867024,10.464439392086527,-0.179374694822533,6.55056095123291,0.17586183547973633,14.94482421875,True,0,6.7264227867126465,6.7469305992126465,0.5357599258422852,0.17614875784707282,0.29274230948171925,-0.004132774979689835,"StraightLane index=('>>', '>>>', 0)",True,33.422882080078125,0.0,3.814697266608281e-05,"StraightLane index=('>>', '>>>', 0)",True,0.0,True,False,1.3413909673690796,0.2886095345020294,0.0,0.2886095345020294,True,0.0,0.0,0.1803809590637684,0.0,0.1803809590637684,0.0
13.620553,"[43.68498611450195, 4.5, 0.0]","[58.65733337402344, 4.5, 0.0]",6.577535152436977,6.750332832336426,6.760288073989796,0.4989624023431727,0.5029845833778381,14.96738433837559,0.179374694822533,0.33285617828382463,10.46738433837559,-0.17279767989944883,6.560563087463379,0.17586183547973633,14.94482421875,True,0,6.736424922943115,6.750332832336426,0.5357599258422852,0.17614875784707282,0.29274230948171925,-0.0036422883578331455,"StraightLane index=('>>', '>>>', 0)",True,33.5538330078125,0.0,3.814697266608281e-05,"StraightLane index=('>>', '>>>', 0)",True,0.0,True,False,1.3413909673690796,0.2891000211238861,0.0,0.2891000211238861,True,0.0,0.0,0.18068751320242882,0.0,0.18068751320242882,0.0
13.641187,"[43.81633758544922, 4.5, 0.0]","[58.78996276855469, 4.5, 0.0]",6.587514400483851,6.766787052154541,6.770595904995571,0.4989624023437056,0.49542930722236633,14.972347259518166,0.17279767989944883,-0.32885074615420784,10.472347259518166,-0.17927265167068995,6.57481050491333,0.17271757125854492,14.964439392089844,True,0,6.747528076171875,6.766787052154541,0.5357599258422852,0.17614875784707282,0.29274230948171925,-0.0036422883578331455,"StraightLane index=('>>', '>>>', 0)",True,33.68498611450195,0.0,3.814697266608281e-05,"StraightLane index=('>>', '>>>', 0)",True,0.0,True,False,1.3373918533325195,0.2891000211238861,0.0,0.2891000211238861,True,0.0,0.0,0.18068751320242882,0.0,0.18068751320242882,0.0
13.659494,"[43.9478874206543, 4.5, 0.0]","[58.92753601074219, 4.5, 0.0]",6.597493648530754,6.770273685455323,6.779768158495426,0.4989624023451267,0.5003532767295837,14.97362518310215,0.17927265167068995,0.3237485885620561,10.47362518310215,-0.17278003692456956,6.5802812576293945,0.17271757125854492,14.964439392089844,True,0,6.7529988288879395,6.770273685455323,0.5357599258422852,0.17614875784707282,0.29274230948171925,-0.0036422883578331455,"StraightLane index=('>>', '>>>', 0)",True,33.81633758544922,0.0,3.814697266608281e-05,"StraightLane index=('>>', '>>>', 0)",True,0.0,True,False,1.3373918533325195,0.2891000211238861,0.0,0.2891000211238861,True,0.0,0.0,0.18068751320242882,0.0,0.18068751320242882,0.0
13.680157,"[44.07963943481445, 4.5, 0.0]","[59.063392639160156, 4.5, 0.0]",6.607472896577651,6.786966323852539,6.790097124499153,0.4989624023448602,0.502903401851654,14.97964859008457,0.17278003692456956,-0.32463073730601977,10.47964859008457,-0.17949342727488826,6.590514183044434,0.17271757125854492,14.964439392089844,True,0,6.7632317543029785,6.786966323852539,0.5357599258422852,0.17614875784707282,0.29274230948171925,-0.0036422883578331455,"StraightLane index=('>>', '>>>', 0)",True,33.9478874206543,0.0,3.814697266608281e-05,"StraightLane index=('>>', '>>>', 0)",True,0.0,True,False,1.3373918533325195,0.2891000211238861,0.0,0.2891000211238861,True,0.0,0.0,0.18068751320242882,0.0,0.18068751320242882,0.0
13.699895,"[44.21158981323242, 4.5, 0.0]","[59.19828414916992, 4.5, 0.0]",6.617452144624539,6.790255069732666,6.799961119994987,0.49896240234441613,0.5034624338150024,14.983753204342383,0.17949342727488826,0.3356695175159352,10.483753204342383,-0.1728029251081269,6.600604057312012,0.17271757125854492,14.964439392089844,True,0,6.773321628570557,6.790255069732666,0.4332447052001953,0.17369744674437237,0.28601934806465484,0.0030806730592312648,"StraightLane index=('>>', '>>>', 0)",True,34.07963943481445,0.0,3.814697266608281e-05,"StraightLane index=('>>', '>>>', 0)",True,0.0,True,False,1.3373918533325195,0.2891000211238861,0.0,0.2891000211238861,True,0.0,0.0,0.18068751320242882,0.0,0.18068751320242882,0.0
13.720302,"[44.3437385559082, 4.5, 0.0]","[59.335453033447266, 4.5, 0.0]",6.627324581147969,6.806993007659912,6.810172349493951,0.4936218261714753,0.5032990574836731,14.986694335934178,0.1728029251081269,-0.3345251083380685,10.486694335934178,-0.17966842651194348,6.610599994659424,0.17271757125854492,14.964439392089844,True,0,6.783317565917969,6.806993007659912,0.4332447052001953,0.17369744674437237,0.28601934806465484,-2.8484026187436395e-05,"StraightLane index=('>>', '>>>', 0)",True,34.21158981323242,0.0,3.814697266608281e-05,"StraightLane index=('>>', '>>>', 0)",True,0.0,True,False,1.3373918533325195,0.2859908640384674,0.0,0.2859908640384674,True,0.0,0.0,0.17874429002404213,0.0,0.17874429002404213,0.0
13.741821,"[44.47608947753906, 4.5, 0.0]","[59.46919250488281, 4.5, 0.0]",6.637197017671394,6.810124397277832,6.820932826990611,0.4936218261712533,0.501908004283905,14.99171447753574,0.17966842651194348,0.34327507019082937,10.49171447753574,-0.17292737960643834,6.620482444763184,0.17949342727661133,14.983753204345703,True,0,6.799975872039795,6.810124397277832,0.4332447052001953,0.17369744674437237,0.28601934806465484,-2.8484026187436395e-05,"StraightLane index=('>>', '>>>', 0)",True,34.3437385559082,0.0,3.814697266608281e-05,"StraightLane index=('>>', '>>>', 0)",True,0.0,True,False,1.3373918533325195,0.2859908640384674,0.0,0.2859908640384674,True,0.0,0.0,0.17874429002404213,0.0,0.17874429002404213,0.0
13.759319,"[44.60863494873047, 4.5, 0.0]","[59.60759353637695, 4.5, 0.0]",6.64706945419482,6.826930046081543,6.829684854502556,0.4936218261712977,0.49626219272613525,14.993103027340428,0.17292737960643834,-0.3370523452752572,10.493103027340428,-0.17986059188672332,6.634869575500488,0.17949342727661133,14.983753204345703,True,0,6.8143630027771,6.826930046081543,0.4332447052001953,0.17369744674437237,0.28601934806465484,-2.8484026187436395e-05,"StraightLane index=('>>', '>>>', 0)",True,34.47608947753906,0.0,3.814697266608281e-05,"StraightLane index=('>>', '>>>', 0)",True,0.0,True,False,1.3373918533325195,0.2859908640384674,0.0,0.2859908640384674,True,0.0,0.0,0.17874429002404213,0.0,0.17874429002404213,0.0
13.780036,"[44.74137878417969, 4.5, 0.0]","[59.744468688964844, 4.5, 0.0]",6.65694189071825,6.830291271209717,6.840030812501208,0.49362182617151973,0.49832257628440857,14.99895858764316,0.17986059188672332,0.3466606140142492,10.49895858764316,-0.17334938049146675,6.640048503875732,0.17949342727661133,14.983753204345703,True,0,6.819541931152344,6.830291271209717,0.4332447052001953,0.17369744674437237,0.28601934806465484,-2.8484026187436395e-05,"StraightLane index=('>>', '>>>', 0)",True,34.60863494873047,0.0,3.814697266608281e-05,"StraightLane index=('>>', '>>>', 0)",True,0.0,True,False,1.3373918533325195,0.2859908640384674,0.0,0.2859908640384674,True,0.0,0.0,0.17874429002404213,0.0,0.17874429002404213,0.0
13.799661,"[44.87432098388672, 4.5, 0.0]","[59.880699157714844, 4.5, 0.0]",6.666814327241701,6.846937656402588,6.849853121489286,0.49362182617254113,0.49656176567077637,15.003089904781831,0.17334938049146675,-0.3255605697628283,10.503089904781831,-0.18012332916088702,6.649764537811279,0.17949342727661133,14.983753204345703,True,0,6.829257965087891,6.846937656402588,0.5668258666992188,0.1761666074044078,0.29324677135898436,-0.007255907320516952,"StraightLane index=('>>', '>>>', 0)",True,34.74137878417969,0.0,3.814697266608281e-05,"StraightLane index=('>>', '>>>', 0)",True,0.0,True,False,1.3373918533325195,0.2859908640384674,0.0,0.2859908640384674,True,0.0,0.0,0.17874429002404213,0.0,0.17874429002404213,0.0
13.821919,"[45.00746154785156, 4.5, 0.0]","[60.018592834472656, 4.5, 0.0]",6.676915645601068,6.850322246551514,6.860976483995909,0.5050659179683503,0.4944467842578888,15.0063781738248,0.18012332916088702,0.33869743347101355,10.5063781738248,-0.1734066009504458,6.6594319343566895,0.17949342727661133,14.983753204345703,True,0,6.838925361633301,6.850322246551514,0.5668258666992188,0.1761666074044078,0.29324677135898436,-0.0006192877526458584,"StraightLane index=('>>', '>>>', 0)",True,34.87432098388672,0.0,3.814697266608281e-05,"StraightLane index=('>>', '>>>', 0)",True,0.0,True,False,1.3373918533325195,0.2926274836063385,0.0,0.2926274836063385,True,0.0,0.0,0.18289217725396156,0.0,0.18289217725396156,0.0
13.840051,"[45.14079666137695, 4.5, 0.0]","[60.152610778808594, 4.5, 0.0]",6.687016963960457,6.866735458374023,6.870043399994028,0.5050659179694605,0.4929347038269043,15.011131286617767,0.1734066009504458,-0.33583641052206126,10.511131286617767,-0.17971849441356635,6.669097900390625,0.17334938049316406,15.003089904785156,True,0,6.842447280883789,6.866735458374023,0.5668258666992188,0.1761666074044078,0.29324677135898436,-0.0006192877526458584,"StraightLane index=('>>', '>>>', 0)",True,35.00746154785156,0.0,3.814697266608281e-05,"StraightLane index=('>>', '>>>', 0)",True,0.0,True,False,1.3334519863128662,0.2926274836063385,0.0,0.2926274836063385,True,0.0,0.0,0.18289217725396156,0.0,0.18289217725396156,0.0
13.860335,"[45.27433395385742, 4.5, 0.0]","[60.2899055480957, 4.5, 0.0]",6.697118282319847,6.870054244995117,6.880191435996676,0.505065917969505,0.49343356490135193,15.011814117428314,0.17971849441356635,0.31559467315602774,10.511814117428314,-0.17293596267527,6.683926582336426,0.17334938049316406,15.003089904785156,True,0,6.85727596282959,6.870054244995117,0.5668258666992188,0.1761666074044078,0.29324677135898436,-0.0006192877526458584,"StraightLane index=('>>', '>>>', 0)",True,35.14079666137695,0.0,3.814697266608281e-05,"StraightLane index=('>>', '>>>', 0)",True,0.0,True,False,1.3334519863128662,0.2926274836063385,0.0,0.2926274836063385,True,0.0,0.0,0.18289217725396156,0.0,0.18289217725396156,0.0
13.879949,"[45.40807342529297, 4.5, 0.0]","[60.43101501464844, 4.5, 0.0]",6.7072196006792115,6.8869829177856445,6.889992581494153,0.5050659179682171,0.49705764651298523,15.015571594234954,0.17293596267527,-0.33912658691481745,10.515571594234954,-0.179763317106433,6.689241409301758,0.17334938049316406,15.003089904785156,True,0,6.862590789794922,6.8869829177856445,0.5668258666992188,0.1761666074044078,0.29324677135898436,-0.0006192877526458584,"StraightLane index=('>>', '>>>', 0)",True,35.27433395385742,0.0,3.814697266608281e-05,"StraightLane index=('>>', '>>>', 0)",True,0.0,True,False,1.3334519863128662,0.2926274836063385,0.0,0.2926274836063385,True,0.0,0.0,0.18289217725396156,0.0,0.18289217725396156,0.0
13.899714,"[45.542015075683594, 4.5, 0.0]","[60.56803894042969, 4.5, 0.0]",6.717320919038581,6.890282154083252,6.8998762829898626,0.5050659179684835,0.49447351694107056,15.02294158935214,0.179763317106433,0.3413677215581501,10.52294158935214,-0.17296123504467076,6.703836917877197,0.17334938049316406,15.003089904785156,True,0,6.877186298370361,6.890282154083252,0.4334449768066406,0.17372052085219944,0.28614532363123546,0.006482159975103041,"StraightLane index=('>>', '>>>', 0)",True,35.40807342529297,0.0,3.814697266608281e-05,"StraightLane index=('>>', '>>>', 0)",True,0.0,True,False,1.3334519863128662,0.2926274836063385,0.0,0.2926274836063385,True,0.0,0.0,0.18289217725396156,0.0,0.18289217725396156,0.0
13.919862,"[45.6761589050293, 4.5, 0.0]","[60.706512451171875, 4.5, 0.0]",6.727200984956557,6.906968593597412,6.9099533244909255,0.49400329589879277,0.5019342303276062,15.026023864742765,0.17296123504467076,-0.34010410308811245,10.526023864742765,-0.17976760864085506,6.709564685821533,0.17334938049316406,15.003089904785156,True,0,6.882914066314697,6.906968593597412,0.4334449768066406,0.17372052085219944,0.28614532363123546,8.461463742603925e-05,"StraightLane index=('>>', '>>>', 0)",True,35.542015075683594,0.0,3.814697266608281e-05,"StraightLane index=('>>', '>>>', 0)",True,0.0,True,False,1.3334519863128662,0.2862299382686615,0.0,0.2862299382686615,True,0.0,0.0,0.17889371141791344,0.0,0.17889371141791344,0.0
13.940635,"[45.81050491333008, 4.5, 0.0]","[60.8433837890625, 4.5, 0.0]",6.737081050874523,6.910184860229492,6.920337794991792,0.4940032958983043,0.5037032961845398,15.030353546140445,0.17976760864085506,0.34031867980921504,10.530353546140445,-0.17310380935496905,6.719768524169922,0.1797633171081543,15.022941589355469,True,0,6.899531841278076,6.910184860229492,0.4334449768066406,0.17372052085219944,0.28614532363123546,8.461463742603925e-05,"StraightLane index=('>>', '>>>', 0)",True,35.6761589050293,0.0,3.0517578143044024e-05,"StraightLane index=('>>', '>>>', 0)",True,0.0,True,False,1.3334519863128662,0.2862299382686615,0.0,0.2862299382686615,True,0.0,0.0,0.17889371141791344,0.0,0.17889371141791344,0.0
13.95975,"[45.94504928588867, 4.5, 0.0]","[60.98307418823242, 4.5, 0.0]",6.7469611167925025,6.926936626434326,6.9298910370009255,0.4940032958989704,0.5043850541114807,15.032878875730288,0.17310380935496905,-0.33318996429430037,10.532878875730288,-0.17997550964182363,6.729862213134766,0.1797633171081543,15.022941589355469,True,0,6.90962553024292,6.926936626434326,0.4334449768066406,0.17372052085219944,0.28614532363123546,8.461463742603925e-05,"StraightLane index=('>>', '>>>', 0)",True,35.81050491333008,0.0,3.0517578143044024e-05,"StraightLane index=('>>', '>>>', 0)",True,0.0,True,False,1.3334519863128662,0.2862299382686615,0.0,0.2862299382686615,True,0.0,0.0,0.17889371141791344,0.0,0.17889371141791344,0.0
13.980284,"[46.07979202270508, 4.5, 0.0]","[61.12186813354492, 4.5, 0.0]",6.756841182710498,6.930292129516602,6.9401624834892575,0.49400329589976977,0.5035276412963867,15.038024902341617,0.17997550964182363,0.3435850143427288,10.538024902341617,-0.17345094680610362,6.73982572555542,0.1797633171081543,15.022941589355469,True,0,6.919589042663574,6.930292129516602,0.4334449768066406,0.17372052085219944,0.28614532363123546,8.461463742603925e-05,"StraightLane index=('>>', '>>>', 0)",True,35.94504928588867,0.0,3.0517578143044024e-05,"StraightLane index=('>>', '>>>', 0)",True,0.0,True,False,1.3334519863128662,0.2862299382686615,0.0,0.2862299382686615,True,0.0,0.0,0.17889371141791344,0.0,0.17889371141791344,0.0
14.000129,"[46.2147331237793, 4.5, 0.0]","[61.26015090942383, 4.5, 0.0]",6.7667212486284845,6.946942329406738,6.950078627490439,0.4940032958993257,0.5023556351661682,15.04207611083771,0.17345094680610362,-0.32622814178600024,10.54207611083771,-0.18022108077825383,6.749711513519287,0.1797633171081543,15.022941589355469,True,0,6.929474830627441,6.946942329406738,0.5666017532348633,0.1761795301301997,0.2933232326360647,-0.007093294367403191,"StraightLane index=('>>', '>>>', 0)",True,36.07979202270508,0.0,3.0517578143044024e-05,"StraightLane index=('>>', '>>>', 0)",True,0.0,True,False,1.3334519863128662,0.2862299382686615,0.0,0.2862299382686615,True,0.0,0.0,0.17889371141791344,0.0,0.17889371141791344,0.0
14.019872,"[46.34986877441406, 4.5, 0.0]","[61.396453857421875, 4.5, 0.0]",6.7768340110796474,6.953402042388916,6.959921634497005,0.5056381225581497,0.5003058314323425,15.045417785642396,0.18022108077825383,0.33850669860751026,10.545417785642396,-0.17656803130926857,6.759502410888672,0.1797633171081543,15.022941589355469,True,0,6.939265727996826,6.953402042388916,0.5666017532348633,0.1761795301301997,0.2933232326360647,-0.0003718573900167166,"StraightLane index=('>>', '>>>', 0)",True,36.2147331237793,0.0,3.0517578143044024e-05,"StraightLane index=('>>', '>>>', 0)",True,0.0,True,False,1.3334519863128662,0.292951375246048,0.0,0.292951375246048,True,0.0,0.0,0.18309460952877998,0.0,0.18309460952877998,0.0
14.040206,"[46.48520278930664, 4.5, 0.0]","[61.53952407836914, 4.5, 0.0]",6.786946773530804,6.960324764251709,6.970122563000769,0.5056381225578388,0.49419447779655457,15.046585083005677,0.17656803130926857,-0.18265247344926294,10.546585083005677,-0.17337799072090476,6.773786544799805,0.17345094680786133,15.042076110839844,True,0,6.947237491607666,6.960324764251709,0.5666017532348633,0.1761795301301997,0.2933232326360647,-0.0003718573900167166,"StraightLane index=('>>', '>>>', 0)",True,36.34986877441406,0.0,3.0517578143044024e-05,"StraightLane index=('>>', '>>>', 0)",True,0.0,True,False,1.3296198844909668,0.292951375246048,0.0,0.292951375246048,True,0.0,0.0,0.18309460952877998,0.0,0.18309460952877998,0.0
14.05932,"[46.6207389831543, 4.5, 0.0]","[61.678165435791016, 4.5, 0.0]",6.7970595359819574,6.976929187774658,6.979683665998164,0.5056381225576612,0.4980859160423279,15.054321289060365,0.17337799072090476,-0.15950202941819036,10.554321289060365,-0.17986965179270076,6.784144878387451,0.17345094680786133,15.042076110839844,True,0,6.9575958251953125,6.976929187774658,0.5666017532348633,0.1761795301301997,0.2933232326360647,-0.0003718573900167166,"StraightLane index=('>>', '>>>', 0)",True,36.48520278930664,0.0,3.0517578143044024e-05,"StraightLane index=('>>', '>>>', 0)",True,0.0,True,False,1.3296198844909668,0.292951375246048,0.0,0.292951375246048,True,0.0,0.0,0.18309460952877998,0.0,0.18309460952877998,0.0
14.080466,"[46.75647735595703, 4.5, 0.0]","[61.81804656982422, 4.5, 0.0]",6.80717229843311,6.98029088973999,6.990251194994198,0.5056381225576168,0.5013477206230164,15.057426452634582,0.17986965179270076,0.3245830535897998,10.557426452634582,-0.17311859130688045,6.789468288421631,0.17345094680786133,15.042076110839844,True,0,6.962919235229492,6.98029088973999,0.5666017532348633,0.1761795301301997,0.2933232326360647,-0.0003718573900167166,"StraightLane index=('>>', '>>>', 0)",True,36.6207389831543,0.0,3.0517578143044024e-05,"StraightLane index=('>>', '>>>', 0)",True,0.0,True,False,1.3296198844909668,0.292951375246048,0.0,0.292951375246048,True,0.0,0.0,0.18309460952877998,0.0,0.18309460952877998,0.0
14.099962,"[46.892417907714844, 4.5, 0.0]","[61.957252502441406, 4.5, 0.0]",6.817285060884279,6.996935844421387,7.000003274998744,0.5056381225584605,0.49762460589408875,15.06156921386505,0.17311859130688045,-0.3375530242910152,10.56156921386505,-0.17965078353710773,6.8040618896484375,0.17345094680786133,15.042076110839844,True,0,6.977512836456299,6.996935844421387,0.4999351501464844,0.17605930737230668,0.29283231667142673,0.0001190585746212447,"StraightLane index=('>>', '>>>', 0)",True,36.75647735595703,0.0,3.0517578143044024e-05,"StraightLane index=('>>', '>>>', 0)",True,0.0,True,False,1.3296198844909668,0.292951375246048,0.0,0.292951375246048,True,0.0,0.0,0.18309460952877998,0.0,0.18309460952877998,0.0
14.120016,"[47.028560638427734, 4.5, 0.0]","[62.097957611083984, 4.5, 0.0]",6.827172756196788,7.000305652618408,7.010028430001694,0.4943847656254441,0.5047124624252319,15.064834594724426,0.17965078353710773,0.3266096115113637,10.564834594724426,-0.17313289642162033,6.809781551361084,0.17345094680786133,15.042076110839844,True,0,6.983232498168945,7.000305652618408,0.4999351501464844,0.17605930737230668,0.29283231667142673,-0.006387891088540987,"StraightLane index=('>>', '>>>', 0)",True,36.892417907714844,0.0,3.0517578143044024e-05,"StraightLane index=('>>', '>>>', 0)",True,0.0,True,False,1.3296198844909668,0.28644442558288574,0.0,0.28644442558288574,True,0.0,0.0,0.1790277659893036,0.0,0.1790277659893036,0.0
14.139988,"[47.1649055480957, 4.5, 0.0]","[62.238685607910156, 4.5, 0.0]",6.837060451509283,7.016988277435303,7.020016224490246,0.49438476562477796,0.5057775974273682,15.069396972654111,0.17313289642162033,-0.32589435577436987,10.569396972654111,-0.1799278259260193,6.819963455200195,0.17311859130859375,15.061569213867188,True,0,6.993082046508789,7.016988277435303,0.4999351501464844,0.17605930737230668,0.29283231667142673,-0.006387891088540987,"StraightLane index=('>>', '>>>', 0)",True,37.028560638427734,0.0,3.0517578143044024e-05,"StraightLane index=('>>', '>>>', 0)",True,0.0,True,False,1.3296198844909668,0.28644442558288574,0.0,0.28644442558288574,True,0.0,0.0,0.1790277659893036,0.0,0.1790277659893036,0.0
14.159288,"[47.301448822021484, 4.5, 0.0]","[62.37837219238281, 4.5, 0.0]",6.846948146821758,7.020264148712158,7.029670125502162,0.49438476562371214,0.5058334469795227,15.073780059812314,0.1799278259260193,0.3397464752199486,10.573780059812314,-0.17331600189040053,6.8300299644470215,0.17311859130859375,15.061569213867188,True,0,7.003148555755615,7.020264148712158,0.4999351501464844,0.17605930737230668,0.29283231667142673,-0.006387891088540987,"StraightLane index=('>>', '>>>', 0)",True,37.1649055480957,0.0,3.0517578143044024e-05,"StraightLane index=('>>', '>>>', 0)",True,0.0,True,False,1.3296198844909668,0.28644442558288574,0.0,0.28644442558288574,True,0.0,0.0,0.1790277659893036,0.0,0.1790277659893036,0.0
14.180099,"[47.43819046020508, 4.5, 0.0]","[62.51925277709961, 4.5, 0.0]",6.856835842134285,7.036957740783691,7.0400691409915455,0.4943847656263767,0.5044435262680054,15.07692337035919,0.17331600189040053,-0.3305912017809387,10.57692337035919,-0.1801218986494062,6.839963436126709,0.17311859130859375,15.061569213867188,True,0,7.013082027435303,7.036957740783691,0.4999351501464844,0.17605930737230668,0.29283231667142673,-0.006387891088540987,"StraightLane index=('>>', '>>>', 0)",True,37.301448822021484,0.0,3.0517578143044024e-05,"StraightLane index=('>>', '>>>', 0)",True,0.0,True,False,1.3296198844909668,0.28644442558288574,0.0,0.28644442558288574,True,0.0,0.0,0.1790277659893036,0.0,0.1790277659893036,0.0
14.200157,"[47.575130462646484, 4.5, 0.0]","[62.65928649902344, 4.5, 0.0]",6.8667235374467985,7.040257930755615,7.050099542993121,0.49438476562566613,0.5028377771377563,15.08106231689239,0.1801218986494062,0.3402948379502835,10.58106231689239,-0.1735343933088167,6.849820137023926,0.17311859130859375,15.061569213867188,True,0,7.0229387283325195,7.040257930755615,0.43322086334228516,0.173616106852056,0.2864134625027869,3.0963080098866946e-05,"StraightLane index=('>>', '>>>', 0)",True,37.43819046020508,0.0,3.0517578143044024e-05,"StraightLane index=('>>', '>>>', 0)",True,0.0,True,False,1.3296198844909668,0.28644442558288574,0.0,0.28644442558288574,True,0.0,0.0,0.1790277659893036,0.0,0.1790277659893036,0.0
14.220514,"[47.7122688293457, 4.5, 0.0]","[62.801483154296875, 4.5, 0.0]",6.876609325410695,7.056995391845703,7.060274160993868,0.49428939819482487,0.49376749992370605,15.084156036374813,0.1735343933088167,-0.3293752670294747,10.584156036374813,-0.1803860664350081,6.863886833190918,0.17311859130859375,15.061569213867188,True,0,7.037005424499512,7.056995391845703,0.43322086334228516,0.173616106852056,0.2864134625027869,-5.445037586426782e-05,"StraightLane index=('>>', '>>>', 0)",True,37.575130462646484,0.0,3.0517578143044024e-05,"StraightLane index=('>>', '>>>', 0)",True,0.0,True,False,1.3296198844909668,0.2863590121269226,0.0,0.2863590121269226,True,0.0,0.0,0.17897438257932663,0.0,0.17897438257932663,0.0
14.24151,"[47.84960174560547, 4.5, 0.0]","[62.941795349121094, 4.5, 0.0]",6.886495113374569,7.060245037078857,7.07077122250048,0.49428939819371465,0.49838021397590637,15.089214324949031,0.1803860664350081,0.34258365630956966,10.589214324949031,-0.1737499237042881,6.8693084716796875,0.17353439331054688,15.084156036376953,True,0,7.042842864990234,7.060245037078857,0.43322086334228516,0.173616106852056,0.2864134625027869,-5.445037586426782e-05,"StraightLane index=('>>', '>>>', 0)",True,37.7122688293457,0.0,3.0517578143044024e-05,"StraightLane index=('>>', '>>>', 0)",True,0.0,True,False,1.3252276182174683,0.2863590121269226,0.0,0.2863590121269226,True,0.0,0.0,0.17897438257932663,0.0,0.17897438257932663,0.0
14.259575,"[47.98713302612305, 4.5, 0.0]","[63.08382034301758, 4.5, 0.0]",6.896380901338435,7.076948165893555,7.079811557999346,0.49428939819327056,0.5005432367324829,15.092193603513484,0.1737499237042881,-0.3318071365359998,10.592193603513484,-0.18056726455511996,6.879458904266357,0.17353439331054688,15.084156036376953,True,0,7.052993297576904,7.076948165893555,0.43322086334228516,0.173616106852056,0.2864134625027869,-5.445037586426782e-05,"StraightLane index=('>>', '>>>', 0)",True,37.84960174560547,0.0,3.0517578143044024e-05,"StraightLane index=('>>', '>>>', 0)",True,0.0,True,False,1.3252276182174683,0.2863590121269226,0.0,0.2863590121269226,True,0.0,0.0,0.17897438257932663,0.0,0.17897438257932663,0.0
14.279669,"[48.12486267089844, 4.5, 0.0]","[63.22254180908203, 4.5, 0.0]",6.906266689302308,7.080085754394532,7.089853253989713,0.49428939819367024,0.4953702390193939,15.096687316892389,0.18056726455511996,0.3408670425415927,10.596687316892389,-0.173819065092224,6.893908977508545,0.17353439331054688,15.084156036376953,True,0,7.067443370819092,7.080085754394532,0.43322086334228516,0.173616106852056,0.2864134625027869,-5.445037586426782e-05,"StraightLane index=('>>', '>>>', 0)",True,37.98713302612305,0.0,3.0517578143044024e-05,"StraightLane index=('>>', '>>>', 0)",True,0.0,True,False,1.3252276182174683,0.2863590121269226,0.0,0.2863590121269226,True,0.0,0.0,0.17897438257932663,0.0,0.17897438257932663,0.0
14.299784,"[48.26279067993164, 4.5, 0.0]","[63.366668701171875, 4.5, 0.0]",6.9161524772661815,7.096937656402588,7.099914267996791,0.49428939819367024,0.5008673071861267,15.097679138180249,0.173819065092224,-0.3374099731447977,10.597679138180249,-0.18078517913640635,6.899439334869385,0.17353439331054688,15.084156036376953,True,0,7.072973728179932,7.096937656402588,0.5667972564697266,0.17609240014329083,0.29360276658195494,-0.007243754455032336,"StraightLane index=('>>', '>>>', 0)",True,38.12486267089844,0.0,3.814697266608281e-05,"StraightLane index=('>>', '>>>', 0)",True,0.0,True,False,1.3252276182174683,0.2863590121269226,0.0,0.2863590121269226,True,0.0,0.0,0.17897438257932663,0.0,0.17897438257932663,0.0
14.321119,"[48.400917053222656, 4.5, 0.0]","[63.50947570800781, 4.5, 0.0]",6.926051616670489,7.100314617156982,7.110572393491747,0.49495697021537666,0.49966633319854736,15.103878021236888,0.18078517913640635,0.3483057022091174,10.603878021236888,-0.17426300048649335,6.909294128417969,0.17353439331054688,15.084156036376953,True,0,7.082828521728516,7.100314617156982,0.5667972564697266,0.17609240014329083,0.29360276658195494,-0.006828071662368762,"StraightLane index=('>>', '>>>', 0)",True,38.26279067993164,0.0,3.814697266608281e-05,"StraightLane index=('>>', '>>>', 0)",True,0.0,True,False,1.3252276182174683,0.2867746949195862,0.0,0.2867746949195862,True,0.0,0.0,0.17923418432474136,0.0,0.17923418432474136,0.0
14.340886,"[48.539241790771484, 4.5, 0.0]","[63.65205383300781, 4.5, 0.0]",6.935950756074797,7.116986274719238,7.120461255489499,0.49495697021537666,0.494445264339447,15.108558654781808,0.17426300048649335,-0.3261089324956501,10.608558654781808,-0.18103551864444167,6.9236626625061035,0.1807851791381836,15.103878021240234,True,0,7.104447841644287,7.116986274719238,0.5667972564697266,0.17609240014329083,0.29360276658195494,-0.006828071662368762,"StraightLane index=('>>', '>>>', 0)",True,38.400917053222656,0.0,3.814697266608281e-05,"StraightLane index=('>>', '>>>', 0)",True,0.0,True,False,1.3252276182174683,0.2867746949195862,0.0,0.2867746949195862,True,0.0,0.0,0.17923418432474136,0.0,0.17923418432474136,0.0
14.359579,"[48.67776107788086, 4.5, 0.0]","[63.79375457763672, 4.5, 0.0]",6.945849895479117,7.120264053344727,7.12980367099517,0.4949569702159984,0.49029412865638733,15.11281204223298,0.18103551864444167,0.3386259078974163,10.61281204223298,-0.17441415786561,6.933137893676758,0.1807851791381836,15.103878021240234,True,0,7.113923072814941,7.120264053344727,0.5667972564697266,0.17609240014329083,0.29360276658195494,-0.006828071662368762,"StraightLane index=('>>', '>>>', 0)",True,38.539241790771484,0.0,3.814697266608281e-05,"StraightLane index=('>>', '>>>', 0)",True,0.0,True,False,1.3252276182174683,0.2867746949195862,0.0,0.2867746949195862,True,0.0,0.0,0.17923418432474136,0.0,0.17923418432474136,0.0
14.379891,"[48.81647872924805, 4.5, 0.0]","[63.93301773071289, 4.5, 0.0]",6.9557490348834135,7.136703014373779,7.1399642764910825,0.49495697021484375,0.4952269196510315,15.11599349975251,0.17441415786561,-0.3310680389415843,10.61599349975251,-0.18095397949036585,6.938558578491211,0.1807851791381836,15.103878021240234,True,0,7.1193437576293945,7.136703014373779,0.5667972564697266,0.17609240014329083,0.29360276658195494,-0.006828071662368762,"StraightLane index=('>>', '>>>', 0)",True,38.67776107788086,0.0,3.814697266608281e-05,"StraightLane index=('>>', '>>>', 0)",True,0.0,True,False,1.3252276182174683,0.2867746949195862,0.0,0.2867746949195862,True,0.0,0.0,0.17923418432474136,0.0,0.17923418432474136,0.0
14.39954,"[48.95539474487305, 4.5, 0.0]","[64.07595825195312, 4.5, 0.0]",6.965648174287712,7.1400675773620605,7.149785802993574,0.49495697021493257,0.49803104996681213,15.116539001461494,0.18095397949036585,0.32699108123779297,10.616539001461494,-0.17441940307434844,6.948716640472412,0.1807851791381836,15.103878021240234,True,0,7.129501819610596,7.1400675773620605,0.43129920959472656,0.17357863246477717,0.28695124446310366,-0.0001765495435174791,"StraightLane index=('>>', '>>>', 0)",True,38.81647872924805,0.0,3.814697266608281e-05,"StraightLane index=('>>', '>>>', 0)",True,0.0,True,False,1.3252276182174683,0.2867746949195862,0.0,0.2867746949195862,True,0.0,0.0,0.17923418432474136,0.0,0.17923418432474136,0.0
14.420782,"[49.09450912475586, 4.5, 0.0]","[64.22279357910156, 4.5, 0.0]",6.975793361665631,7.156989097595215,7.160405477002496,0.5072593688959515,0.4937480092048645,15.120563507076728,0.17441940307434844,-0.32672882080087007,10.620563507076728,-0.1811957359295837,6.963193893432617,0.1807851791381836,15.103878021240234,True,0,7.143979072570801,7.156989097595215,0.43129920959472656,0.17357863246477717,0.28695124446310366,0.0069575899942938,"StraightLane index=('>>', '>>>', 0)",True,38.95539474487305,0.0,3.814697266608281e-05,"StraightLane index=('>>', '>>>', 0)",True,0.0,True,False,1.3252276182174683,0.29390883445739746,0.0,0.29390883445739746,True,0.0,0.0,0.1836930215358734,0.0,0.1836930215358734,0.0
14.440265,"[49.233821868896484, 4.5, 0.0]","[64.36641693115234, 4.5, 0.0]",6.985938549043549,7.1636643409729,7.170151940491633,0.5072593688959071,0.49607741832733154,15.128284454342351,0.1811957359295837,0.3388166427617634,10.628284454342351,-0.17772579192935112,6.973370552062988,0.1809539794921875,15.116539001464844,True,0,7.154324531555176,7.1636643409729,0.43129920959472656,0.17357863246477717,0.28695124446310366,0.0069575899942938,"StraightLane index=('>>', '>>>', 0)",True,39.09450912475586,0.0,3.814697266608281e-05,"StraightLane index=('>>', '>>>', 0)",True,0.0,True,False,1.3214722871780396,0.29390883445739746,0.0,0.29390883445739746,True,0.0,0.0,0.1836930215358734,0.0,0.1836930215358734,0.0
14.459445,"[49.37333679199219, 4.5, 0.0]","[64.50885009765625, 4.5, 0.0]",6.996083736421469,7.1735901832580575,7.179746760989656,0.5072593688959959,0.4927821755409241,15.132595062252506,0.17772579192935112,-0.17349720001162972,10.632595062252506,-0.17750644683658834,6.982973575592041,0.1809539794921875,15.116539001464844,True,0,7.1639275550842285,7.1735901832580575,0.43129920959472656,0.17357863246477717,0.28695124446310366,0.0069575899942938,"StraightLane index=('>>', '>>>', 0)",True,39.233821868896484,0.0,3.814697266608281e-05,"StraightLane index=('>>', '>>>', 0)",True,0.0,True,False,1.3214722871780396,0.29390883445739746,0.0,0.29390883445739746,True,0.0,0.0,0.1836930215358734,0.0,0.1836930215358734,0.0
14.479603,"[49.51305389404297, 4.5, 0.0]","[64.64933776855469, 4.5, 0.0]",7.006228923799396,7.183380126953125,7.189819205991808,0.5072593688963511,0.49798819422721863,15.135513305660709,0.17750644683658834,-0.010967254638138968,10.635513305660709,-0.1771512031537288,6.988447666168213,0.1809539794921875,15.116539001464844,True,0,7.1694016456604,7.183380126953125,0.43129920959472656,0.17357863246477717,0.28695124446310366,0.0069575899942938,"StraightLane index=('>>', '>>>', 0)",True,39.37333679199219,0.0,3.814697266608281e-05,"StraightLane index=('>>', '>>>', 0)",True,0.0,True,False,1.3214722871780396,0.29390883445739746,0.0,0.29390883445739746,True,0.0,0.0,0.1836930215358734,0.0,0.1836930215358734,0.0
14.499765,"[49.652976989746094, 4.5, 0.0]","[64.7961196899414, 4.5, 0.0]",7.01637411117733,7.19360876083374,7.199903828502284,0.5072593688967064,0.5010831356048584,15.136283874508365,0.1771512031537288,-0.01776218414297759,10.636283874508365,-0.1772346496564099,6.998692989349365,0.1809539794921875,15.116539001464844,True,0,7.179646968841553,7.19360876083374,0.5354118347167969,0.17496018343338735,0.29016270571005376,0.003746128747343702,"StraightLane index=('>>', '>>>', 0)",True,39.51305389404297,0.0,3.814697266608281e-05,"StraightLane index=('>>', '>>>', 0)",True,0.0,True,False,1.3214722871780396,0.29390883445739746,0.0,0.29390883445739746,True,0.0,0.0,0.1836930215358734,0.0,0.1836930215358734,0.0
14.520087,"[49.7931022644043, 4.5, 0.0]","[64.94097900390625, 4.5, 0.0]",7.026521205903905,7.203655242919922,7.210060976492241,0.5073547363287467,0.4967542886734009,15.143142700191957,0.1772346496564099,0.004172325134055299,10.643142700191957,-0.1771340370160166,7.01325798034668,0.1809539794921875,15.116539001464844,True,0,7.194211959838867,7.203655242919922,0.5354118347167969,0.17496018343338735,0.29016270571005376,0.00377900070893733,"StraightLane index=('>>', '>>>', 0)",True,39.652976989746094,0.0,3.814697266608281e-05,"StraightLane index=('>>', '>>>', 0)",True,0.0,True,False,1.3214722871780396,0.2939417064189911,0.0,0.2939417064189911,True,0.0,0.0,0.18371356651186943,0.0,0.18371356651186943,0.0
14.539978,"[49.93342971801758, 4.5, 0.0]","[65.08551025390625, 4.5, 0.0]",7.036668300630459,7.213656902313232,7.220010762993479,0.5073547363276809,0.502410888671875,15.147876739498596,0.1771340370160166,-0.005030632019664694,10.647876739498596,-0.17698860168277353,7.0188188552856445,0.17723464965820312,15.143142700195312,True,0,7.196053504943848,7.213656902313232,0.5354118347167969,0.17496018343338735,0.29016270571005376,0.00377900070893733,"StraightLane index=('>>', '>>>', 0)",True,39.7931022644043,0.0,3.814697266608281e-05,"StraightLane index=('>>', '>>>', 0)",True,0.0,True,False,1.3214722871780396,0.2939417064189911,0.0,0.2939417064189911,True,0.0,0.0,0.18371356651186943,0.0,0.18371356651186943,0.0
14.559674,"[50.07395935058594, 4.5, 0.0]","[65.22920227050781, 4.5, 0.0]",7.046815395357026,7.223601341247559,7.22986057799717,0.507354736328347,0.5059908628463745,15.152080535886522,0.17698860168277353,-0.007271766662153567,10.652080535886522,-0.17678594589053276,7.0292067527771,0.17723464965820312,15.143142700195312,True,0,7.206441402435303,7.223601341247559,0.5354118347167969,0.17496018343338735,0.29016270571005376,0.00377900070893733,"StraightLane index=('>>', '>>>', 0)",True,39.93342971801758,0.0,3.0517578143044024e-05,"StraightLane index=('>>', '>>>', 0)",True,0.0,True,False,1.3214722871780396,0.2939417064189911,0.0,0.2939417064189911,True,0.0,0.0,0.18371356651186943,0.0,0.18371356651186943,0.0
14.580248,"[50.214691162109375, 4.5, 0.0]","[65.37393951416016, 4.5, 0.0]",7.056962490083599,7.233617782592773,7.240140476994566,0.5073547363286579,0.5070923566818237,15.155242919919724,0.17678594589053276,-0.01013278961203845,10.655242919919724,-0.17665529250917444,7.0394182205200195,0.17723464965820312,15.143142700195312,True,0,7.216652870178223,7.233617782592773,0.5354118347167969,0.17496018343338735,0.29016270571005376,0.00377900070893733,"StraightLane index=('>>>', '1S0_0_', 0)",True,0.0739593505859375,0.0,3.0517578143044024e-05,"StraightLane index=('>>', '>>>', 0)",True,0.0,True,False,1.3214722871780396,0.2939417064189911,0.0,0.2939417064189911,True,0.0,0.0,0.18371356651186943,0.0,0.18371356651186943,0.0
14.600544,"[50.355628967285156, 4.5, 0.0]","[65.51806640625, 4.5, 0.0]",7.067109584809983,7.243592262268067,7.250290065497393,0.5073547363191988,0.503305196762085,15.159248352047422,0.17665529250917444,-0.0065326690679157196,10.659248352047422,-0.17648267745808432,7.0541791915893555,0.17723464965820312,15.143142700195312,True,0,7.231413841247559,7.243592262268067,0.4998350143432706,0.17495839059206308,0.2896721309398179,0.004269575479173171,"StraightLane index=('>>>', '1S0_0_', 0)",True,0.214691162109375,0.0,3.814697266608281e-05,"StraightLane index=('>>', '>>>', 0)",True,0.0,True,False,1.3214722871780396,0.2939417064189911,0.0,0.2939417064189911,True,0.0,0.0,0.18371356651186943,0.0,0.18371356651186943,0.0
14.620523,"[50.496768951416016, 4.5, 0.0]","[65.66216278076172, 4.5, 0.0]",7.0771327018753185,7.253516197204592,7.26027524099045,0.501155853266777,0.5101982951164246,15.162437438962693,0.17648267745808432,-0.00863075255450596,10.662437438962693,-0.1763834953292731,7.059935092926025,0.17723464965820312,15.143142700195312,True,0,7.2371697425842285,7.253516197204592,0.4998350143432706,0.17495839059206308,0.2896721309398179,0.000673984887742507,"StraightLane index=('>>>', '1S0_0_', 0)",True,0.35562896728515625,0.0,3.0517578143044024e-05,"StraightLane index=('>>', '>>>', 0)",True,0.0,True,False,1.3214722871780396,0.2903461158275604,0.0,0.2903461158275604,True,0.0,0.0,0.18146632239222527,0.0,0.18146632239222527,0.0
14.63977,"[50.63811111450195, 4.5, 0.0]","[65.8062515258789, 4.5, 0.0]",7.087155818940701,7.2634196281433105,7.269903130002786,0.5011558532691307,0.5107067227363586,15.165393829344493,0.1763834953292731,-0.0049591064405607455,10.665393829344493,-0.17626380920260942,7.070166110992432,0.17665529251098633,15.159248352050781,True,0,7.246821403503418,7.2634196281433105,0.4998350143432706,0.17495839059206308,0.2896721309398179,0.000673984887742507,"StraightLane index=('>>>', '1S0_0_', 0)",True,0.4967689514160156,0.0,2.2888183620005236e-05,"StraightLane index=('>>', '>>>', 0)",True,0.0,True,False,1.317409634590149,0.2903461158275604,0.0,0.2903461158275604,True,0.0,0.0,0.18146632239222527,0.0,0.18146632239222527,0.0
14.659503,"[50.77965545654297, 4.5, 0.0]","[65.95464324951172, 4.5, 0.0]",7.097178936006051,7.273618221282959,7.279772080498515,0.5011558532674876,0.5059572458267212,15.168140411373592,0.17626380920260942,-0.005984306333184364,10.668140411373592,-0.1764392852769081,7.084924221038818,0.17665529251098633,15.159248352050781,True,0,7.261579513549805,7.273618221282959,0.4998350143432706,0.17495839059206308,0.2896721309398179,0.000673984887742507,"StraightLane index=('>>>', '1S0_0_', 0)",True,0.6381111145019531,0.0,3.814697266608281e-05,"StraightLane index=('>>', '>>>', 0)",True,0.0,True,False,1.317409634590149,0.2903461158275604,0.0,0.2903461158275604,True,0.0,0.0,0.18146632239222527,0.0,0.18146632239222527,0.0
14.680074,"[50.9213981628418, 4.5, 0.0]","[66.10041046142578, 4.5, 0.0]",7.107202053071412,7.283637046813965,7.290055811000639,0.5011558532680649,0.5011572241783142,15.174987792967539,0.1764392852769081,0.008773803714934303,10.674987792967539,-0.17643499374255267,7.094559669494629,0.17665529251098633,15.159248352050781,True,0,7.271214962005615,7.283637046813965,0.4998350143432706,0.17495839059206308,0.2896721309398179,0.000673984887742507,"StraightLane index=('>>>', '1S0_0_', 0)",True,0.7796554565429688,0.0,2.2888183620005236e-05,"StraightLane index=('>>', '>>>', 0)",True,0.0,True,False,1.317409634590149,0.2903461158275604,0.0,0.2903461158275604,True,0.0,0.0,0.18146632239222527,0.0,0.18146632239222527,0.0
14.699693,"[51.0633430480957, 4.5, 0.0]","[66.24543762207031, 4.5, 0.0]",7.117225170136782,7.293604373931885,7.299868731500465,0.501155853268509,0.500908613204956,15.17901229858062,0.17643499374255267,-0.00021457671777191933,10.67901229858062,-0.1763792037951024,7.10460090637207,0.17665529251098633,15.159248352050781,True,0,7.281256198883057,7.293604373931885,0.5001211166381747,0.17496679061519288,0.28961327308200946,0.0007328427455509656,"StraightLane index=('>>>', '1S0_0_', 0)",True,0.9213981628417969,0.0,3.814697266608281e-05,"StraightLane index=('>>', '>>>', 0)",True,0.0,True,False,1.317409634590149,0.2903461158275604,0.0,0.2903461158275604,True,0.0,0.0,0.18146632239222527,0.0,0.18146632239222527,0.0
14.720896,"[51.20548629760742, 4.5, 0.0]","[66.39212036132812, 4.5, 0.0]",7.127233028413121,7.303637504577637,7.310470303989132,0.5003929138169383,0.5039044618606567,15.182094573973398,0.1763792037951024,-0.0027894973725128835,10.682094573973398,-0.1764044761645156,7.11499547958374,0.17665529251098633,15.159248352050781,True,0,7.291650772094727,7.303637504577637,0.5001211166381747,0.17496679061519288,0.28961327308200946,0.0002867317817295545,"StraightLane index=('>>>', '1S0_0_', 0)",True,1.0633430480957031,0.0,2.2888183620005236e-05,"StraightLane index=('>>', '>>>', 0)",True,0.0,True,False,1.317409634590149,0.289900004863739,0.0,0.289900004863739,True,0.0,0.0,0.18118750303983688,0.0,0.18118750303983688,0.0
14.739769,"[51.34783172607422, 4.5, 0.0]","[66.53526306152344, 4.5, 0.0]",7.1372408866894785,7.313408374786378,7.319898452991038,0.5003929138178709,0.5066778063774109,15.186634063717337,0.1764044761645156,0.0012636184706593667,10.686634063717337,-0.1761674880968993,7.120325565338135,0.17643499374389648,15.179012298583984,True,0,7.296760559082031,7.313408374786378,0.5001211166381747,0.17496679061519288,0.28961327308200946,0.0002867317817295545,"StraightLane index=('>>>', '1S0_0_', 0)",True,1.2054862976074219,0.0,3.814697266608281e-05,"StraightLane index=('>>', '>>>', 0)",True,0.0,True,False,1.317409634590149,0.289900004863739,0.0,0.289900004863739,True,0.0,0.0,0.18118750303983688,0.0,0.18118750303983688,0.0
14.759357,"[51.49037551879883, 4.5, 0.0]","[66.68438720703125, 4.5, 0.0]",7.1472487449658635,7.323587894439697,7.329704965991549,0.5003929138192476,0.5014576315879822,15.187431335445853,0.1761674880968993,-0.01184940338081475,10.687431335445853,-0.17633914947383378,7.134906768798828,0.17643499374389648,15.179012298583984,True,0,7.311341762542725,7.323587894439697,0.5001211166381747,0.17496679061519288,0.28961327308200946,0.0002867317817295545,"StraightLane index=('>>>', '1S0_0_', 0)",True,1.3478317260742188,0.0,3.814697266608281e-05,"StraightLane index=('>>', '>>>', 0)",True,0.0,True,False,1.317409634590149,0.289900004863739,0.0,0.289900004863739,True,0.0,0.0,0.18118750303983688,0.0,0.18118750303983688,0.0
14.780142,"[51.633121490478516, 4.5, 0.0]","[66.83148193359375, 4.5, 0.0]",7.157256603242246,7.333628177642822,7.34008944199304,0.5003929138191143,0.5034561157226562,15.194011688230265,0.17633914947383378,0.008583068846723663,10.694011688230265,-0.1763715744005765,7.140130996704102,0.17643499374389648,15.179012298583984,True,0,7.316565990447998,7.333628177642822,0.5001211166381747,0.17496679061519288,0.28961327308200946,0.0002867317817295545,"StraightLane index=('>>>', '1S0_0_', 0)",True,1.4903755187988281,0.0,3.0517578143044024e-05,"StraightLane index=('>>', '>>>', 0)",True,0.0,True,False,1.317409634590149,0.289900004863739,0.0,0.289900004863739,True,0.0,0.0,0.18118750303983688,0.0,0.18118750303983688,0.0
14.799668,"[51.776065826416016, 4.5, 0.0]","[66.97769927978516, 4.5, 0.0]",7.167264461518598,7.343608856201172,7.349856893491232,0.5003929138176044,0.5013594627380371,15.198360443113078,0.1763715744005765,0.0016212463371356733,10.698360443113078,-0.176344394682574,7.149913311004639,0.17643499374389648,15.179012298583984,True,0,7.326348304748535,7.343608856201172,0.5000448226928711,0.17497168034792407,0.28959553689159717,0.00030446797214184196,"StraightLane index=('>>>', '1S0_0_', 0)",True,1.6331214904785156,0.0,3.0517578143044024e-05,"StraightLane index=('>>', '>>>', 0)",True,0.0,True,False,1.317409634590149,0.289900004863739,0.0,0.289900004863739,True,0.0,0.0,0.18118750303983688,0.0,0.18118750303983688,0.0
14.819634,"[51.919212341308594, 4.5, 0.0]","[67.12173461914062, 4.5, 0.0]",7.177262783051649,7.353394985198975,7.359839551502954,0.4999160766525623,0.5033227801322937,15.201633453366984,0.176344394682574,-0.0013589859001239546,10.701633453366984,-0.1761322021473255,7.160101890563965,0.17637157440185547,15.198360443115234,True,0,7.33647346496582,7.353394985198975,0.5000448226928711,0.17497168034792407,0.28959553689159717,2.6918943745235513e-05,"StraightLane index=('>>>', '1S0_0_', 0)",True,1.7760658264160156,0.0,3.0517578143044024e-05,"StraightLane index=('>>', '>>>', 0)",True,0.0,True,False,1.3135958909988403,0.2896224558353424,0.0,0.2896224558353424,True,0.0,0.0,0.181014034897089,0.0,0.181014034897089,0.0
14.840466,"[52.062557220458984, 4.5, 0.0]","[67.27306365966797, 4.5, 0.0]",7.187261104584746,7.363654613494873,7.370251332499901,0.4999160766548272,0.503439724445343,15.202522277829875,0.1761322021473255,-0.010609626762425606,10.702522277829875,-0.1763935089101274,7.170151233673096,0.17637157440185547,15.198360443115234,True,0,7.346522808074951,7.363654613494873,0.5000448226928711,0.17497168034792407,0.28959553689159717,2.6918943745235513e-05,"StraightLane index=('>>>', '1S0_0_', 0)",True,1.9192123413085938,0.0,3.0517578143044024e-05,"StraightLane index=('>>', '>>>', 0)",True,0.0,True,False,1.3135958909988403,0.2896224558353424,0.0,0.2896224558353424,True,0.0,0.0,0.181014034897089,0.0,0.181014034897089,0.0
14.859858,"[52.20610427856445, 4.5, 0.0]","[67.4195327758789, 4.5, 0.0]",7.197259426117882,7.376917362213135,7.379953945495072,0.4999160766568256,0.4990907907485962,15.210506439206826,0.1763935089101274,0.013065338140094696,10.710506439206826,-0.1796579360952526,7.1847357749938965,0.17637157440185547,15.198360443115234,True,0,7.361107349395752,7.376917362213135,0.5000448226928711,0.17497168034792407,0.28959553689159717,2.6918943745235513e-05,"StraightLane index=('>>>', '1S0_0_', 0)",True,2.0625572204589844,0.0,3.0517578143044024e-05,"StraightLane index=('>>', '>>>', 0)",True,0.0,True,False,1.3135958909988403,0.2896224558353424,0.0,0.2896224558353424,True,0.0,0.0,0.181014034897089,0.0,0.181014034897089,0.0
14.880175,"[52.349849700927734, 4.5, 0.0]","[67.56771087646484, 4.5, 0.0]",7.207257747651031,7.380297183990479,7.390106557492982,0.4999160766574473,0.5013726353645325,15.213428497312295,0.1796579360952526,0.16322135925626036,10.713428497312295,-0.1730394363394483,7.189966201782227,0.17637157440185547,15.198360443115234,True,0,7.366337776184082,7.380297183990479,0.5000448226928711,0.17497168034792407,0.28959553689159717,2.6918943745235513e-05,"StraightLane index=('>>>', '1S0_0_', 0)",True,2.206104278564453,0.0,3.0517578143044024e-05,"StraightLane index=('>>', '>>>', 0)",True,0.0,True,False,1.3135958909988403,0.2896224558353424,0.0,0.2896224558353424,True,0.0,0.0,0.181014034897089,0.0,0.181014034897089,0.0
14.899723,"[52.49379348754883, 4.5, 0.0]","[67.71489715576172, 4.5, 0.0]",7.2172560691842,7.396942138671875,7.399884642992402,0.4999160766584243,0.49981027841567993,15.21786117553495,0.1730394363394483,-0.3309249877902154,10.71786117553495,-0.1796860694876754,7.199765682220459,0.17637157440185547,15.198360443115234,True,0,7.3761372566223145,7.396942138671875,0.5333328247070312,0.17614116117787776,0.2929371063448668,-0.003314650509524397,"StraightLane index=('>>>', '1S0_0_', 0)",True,2.3498497009277344,0.0,3.0517578143044024e-05,"StraightLane index=('>>', '>>>', 0)",True,0.0,True,False,1.3135958909988403,0.2896224558353424,0.0,0.2896224558353424,True,0.0,0.0,0.181014034897089,0.0,0.181014034897089,0.0
14.920058,"[52.637939453125, 4.5, 0.0]","[67.86354064941406, 4.5, 0.0]",7.227250576020106,7.400306224822998,7.410051401489182,0.4997253417953207,0.5022478103637695,15.22110366821073,0.1796860694876754,0.3323316574113555,10.72110366821073,-0.17305564880289204,7.209975242614746,0.17303943634033203,15.21786117553711,True,0,7.383014678955078,7.400306224822998,0.5333328247070312,0.17614116117787776,0.2929371063448668,-0.0034201805330992263,"StraightLane index=('>>>', '1S0_0_', 0)",True,2.493793487548828,0.0,3.0517578143044024e-05,"StraightLane index=('>>', '>>>', 0)",True,0.0,True,False,1.3135958909988403,0.2895169258117676,0.0,0.2895169258117676,True,0.0,0.0,0.18094807863235474,0.0,0.18094807863235474,0.0
14.939954,"[52.782283782958984, 4.5, 0.0]","[68.0122299194336, 4.5, 0.0]",7.237245082856033,7.416985511779785,7.419999120992725,0.4997253417963421,0.5027668476104736,15.225601196286902,0.17305564880289204,-0.33152103423916834,10.725601196286902,-0.1797404289237523,7.220047473907471,0.17303943634033203,15.21786117553711,True,0,7.393086910247803,7.416985511779785,0.5333328247070312,0.17614116117787776,0.2929371063448668,-0.0034201805330992263,"StraightLane index=('>>>', '1S0_0_', 0)",True,2.637939453125,0.0,3.0517578143044024e-05,"StraightLane index=('>>', '>>>', 0)",True,0.0,True,False,1.3135958909988403,0.2895169258117676,0.0,0.2895169258117676,True,0.0,0.0,0.18094807863235474,0.0,0.18094807863235474,0.0
14.959535,"[52.92683029174805, 4.5, 0.0]","[68.16004943847656, 4.5, 0.0]",7.247239589691962,7.420272827148438,7.429781308502425,0.4997253417964753,0.5026182532310486,15.22994613647245,0.1797404289237523,0.3342390060430134,10.72994613647245,-0.17303323745647603,7.2300310134887695,0.17303943634033203,15.21786117553711,True,0,7.403070449829102,7.420272827148438,0.5333328247070312,0.17614116117787776,0.2929371063448668,-0.0034201805330992263,"StraightLane index=('>>>', '1S0_0_', 0)",True,2.7822837829589844,0.0,3.0517578143044024e-05,"StraightLane index=('>>', '>>>', 0)",True,0.0,True,False,1.3135958909988403,0.2895169258117676,0.0,0.2895169258117676,True,0.0,0.0,0.18094807863235474,0.0,0.18094807863235474,0.0
14.980603,"[53.07157516479492, 4.5, 0.0]","[68.3087387084961, 4.5, 0.0]",7.257234096527898,7.436952114105225,7.4403217219980435,0.4997253417967862,0.5012789368629456,15.233219146726354,0.17303323745647603,-0.3353595733638137,10.733219146726354,-0.17971801757732653,7.239905834197998,0.17303943634033203,15.21786117553711,True,0,7.41294527053833,7.436952114105225,0.5333328247070312,0.17614116117787776,0.2929371063448668,-0.0034201805330992263,"StraightLane index=('>>>', '1S0_0_', 0)",True,2.926830291748047,0.0,3.0517578143044024e-05,"StraightLane index=('>>', '>>>', 0)",True,0.0,True,False,1.3135958909988403,0.2895169258117676,0.0,0.2895169258117676,True,0.0,0.0,0.18094807863235474,0.0,0.18094807863235474,0.0
15.000289,"[53.21651840209961, 4.5, 0.0]","[68.45684814453125, 4.5, 0.0]",7.267228603363842,7.4402594566345215,7.450165240489878,0.49972534179718586,0.49990174174308777,15.237163543699955,0.17971801757732653,0.3342390060425249,10.737163543699955,-0.17303085327067969,7.2497239112854,0.17303943634033203,15.21786117553711,True,0,7.422763347625732,7.4402594566345215,0.43317317962646484,0.17368810634701626,0.28615816097295804,0.003358764838809536,"StraightLane index=('>>>', '1S0_0_', 0)",True,3.071575164794922,0.0,2.2888183620005236e-05,"StraightLane index=('>>', '>>>', 0)",True,0.0,True,False,1.3135958909988403,0.2895169258117676,0.0,0.2895169258117676,True,0.0,0.0,0.18094807863235474,0.0,0.18094807863235474,0.0
15.019959,"[53.361663818359375, 4.5, 0.0]","[68.60690307617188, 4.5, 0.0]",7.277108669281816,7.45698356628418,7.459999903501012,0.49400329589870395,0.49978309869766235,15.240329742430424,0.17303085327067969,-0.3343582153323421,10.740329742430424,-0.1798748970023638,7.264692306518555,0.17303943634033203,15.21786117553711,True,0,7.437731742858887,7.45698356628418,0.43317317962646484,0.17368810634701626,0.28615816097295804,2.728242837862771e-05,"StraightLane index=('>>>', '1S0_0_', 0)",True,3.2165184020996094,0.0,2.2888183620005236e-05,"StraightLane index=('>>', '>>>', 0)",True,0.0,True,False,1.3135958909988403,0.28618544340133667,0.0,0.28618544340133667,True,0.0,0.0,0.17886590212583542,0.0,0.17886590212583542,0.0
15.040101,"[53.50700759887695, 4.5, 0.0]","[68.75653076171875, 4.5, 0.0]",7.286988735199798,7.460325717926025,7.470073449995835,0.49400329589910363,0.5030590891838074,15.245239257811283,0.1798748970023638,0.3422021865842062,10.745239257811283,-0.17333698272622744,7.270033836364746,0.179718017578125,15.237163543701172,True,0,7.449751853942871,7.460325717926025,0.43317317962646484,0.17368810634701626,0.28615816097295804,2.728242837862771e-05,"StraightLane index=('>>>', '1S0_0_', 0)",True,3.361663818359375,0.0,2.2888183620005236e-05,"StraightLane index=('>>', '>>>', 0)",True,0.0,True,False,1.3094123601913452,0.28618544340133667,0.0,0.28618544340133667,True,0.0,0.0,0.17886590212583542,0.0,0.17886590212583542,0.0
15.060454,"[53.652549743652344, 4.5, 0.0]","[68.90257263183594, 4.5, 0.0]",7.296868801117763,7.4767608642578125,7.480248434995883,0.49400329589825986,0.5029463171958923,15.24952316284058,0.17333698272622744,-0.3268957138068185,10.74952316284058,-0.17989206314004935,7.280027389526367,0.179718017578125,15.237163543701172,True,0,7.459745407104492,7.4767608642578125,0.43317317962646484,0.17368810634701626,0.28615816097295804,2.728242837862771e-05,"StraightLane index=('>>>', '1S0_0_', 0)",True,3.507007598876953,0.0,2.2888183620005236e-05,"StraightLane index=('>>', '>>>', 0)",True,0.0,True,False,1.3094123601913452,0.28618544340133667,0.0,0.28618544340133667,True,0.0,0.0,0.17886590212583542,0.0,0.17886590212583542,0.0
15.080538,"[53.79829025268555, 4.5, 0.0]","[69.05252838134766, 4.5, 0.0]",7.306748867035741,7.4801249504089355,7.490283201989951,0.4940032958988816,0.5016118288040161,15.250022888182377,0.17989206314004935,0.3277540206910956,10.750022888182377,-0.17337608337319477,7.2899088859558105,0.179718017578125,15.237163543701172,True,0,7.4696269035339355,7.4801249504089355,0.43317317962646484,0.17368810634701626,0.28615816097295804,2.728242837862771e-05,"StraightLane index=('>>>', '1S0_0_', 0)",True,3.6525497436523438,0.0,2.2888183620005236e-05,"StraightLane index=('>>', '>>>', 0)",True,0.0,True,False,1.3094123601913452,0.28618544340133667,0.0,0.28618544340133667,True,0.0,0.0,0.17886590212583542,0.0,0.17886590212583542,0.0
15.100493,"[53.94422912597656, 4.5, 0.0]","[69.20401763916016, 4.5, 0.0]",7.316628932953728,7.49692440032959,7.500265005993424,0.4940032958993701,0.5002177357673645,15.254238128660893,0.17337608337319477,-0.32579898834272925,10.754238128660893,-0.18029546737586166,7.299732208251953,0.179718017578125,15.237163543701172,True,0,7.479450225830078,7.49692440032959,0.5666494369506836,0.17615202600558855,0.2933440797998986,-0.007158636398561957,"StraightLane index=('>>>', '1S0_0_', 0)",True,3.798290252685547,0.0,2.2888183620005236e-05,"StraightLane index=('>>', '>>>', 0)",True,0.0,True,False,1.3094123601913452,0.28618544340133667,0.0,0.28618544340133667,True,0.0,0.0,0.17886590212583542,0.0,0.17886590212583542,0.0
15.120097,"[54.090362548828125, 4.5, 0.0]","[69.3550033569336, 4.5, 0.0]",7.326743602753539,7.500310897827149,7.510070747989812,0.5057334899905452,0.49814045429229736,15.259788513182375,0.18029546737586166,0.34596920013334476,10.759788513182375,-0.17356729507361024,7.309476852416992,0.179718017578125,15.237163543701172,True,0,7.489194869995117,7.500310897827149,0.5666494369506836,0.17615202600558855,0.2933440797998986,-0.000347464628466132,"StraightLane index=('>>>', '1S0_0_', 0)",True,3.9442291259765625,0.0,2.2888183620005236e-05,"StraightLane index=('>>', '>>>', 0)",True,0.0,True,False,1.3094123601913452,0.2929966151714325,0.0,0.2929966151714325,True,0.0,0.0,0.1831228844821453,0.0,0.1831228844821453,0.0
15.139465,"[54.2366943359375, 4.5, 0.0]","[69.50210571289062, 4.5, 0.0]",7.336858272553336,7.516751289367676,7.51975324449013,0.5057334899898347,0.4964304268360138,15.26464080810425,0.17356729507361024,-0.33640861511257114,10.76464080810425,-0.17989301681434,7.31919527053833,0.17337608337402344,15.25423812866211,True,0,7.4925713539123535,7.516751289367676,0.5666494369506836,0.17615202600558855,0.2933440797998986,-0.000347464628466132,"StraightLane index=('>>>', '1S0_0_', 0)",True,4.090362548828125,0.0,2.2888183620005236e-05,"StraightLane index=('>>', '>>>', 0)",True,0.0,True,False,1.3094123601913452,0.2929966151714325,0.0,0.2929966151714325,True,0.0,0.0,0.1831228844821453,0.0,0.1831228844821453,0.0
15.158955,"[54.38322830200195, 4.5, 0.0]","[69.65165710449219, 4.5, 0.0]",7.346972942353145,7.520021915435791,7.5295023544924335,0.5057334899904564,0.49896886944770813,15.265411376951906,0.17989301681434,0.3162860870364881,10.765411376951906,-0.1730489730826461,7.329348087310791,0.17337608337402344,15.25423812866211,True,0,7.5027241706848145,7.520021915435791,0.5666494369506836,0.17615202600558855,0.2933440797998986,-0.000347464628466132,"StraightLane index=('>>>', '1S0_0_', 0)",True,4.2366943359375,0.0,2.2888183620005236e-05,"StraightLane index=('>>', '>>>', 0)",True,0.0,True,False,1.3094123601913452,0.2929966151714325,0.0,0.2929966151714325,True,0.0,0.0,0.1831228844821453,0.0,0.1831228844821453,0.0
15.179918,"[54.529964447021484, 4.5, 0.0]","[69.802490234375, 4.5, 0.0]",7.3570876121529425,7.536710262298584,7.539978395990329,0.5057334899898791,0.49975910782814026,15.268428802489016,0.1730489730826461,-0.3422021865846947,10.768428802489016,-0.1796226501456415,7.33938455581665,0.17337608337402344,15.25423812866211,True,0,7.512760639190674,7.536710262298584,0.5666494369506836,0.17615202600558855,0.2933440797998986,-0.000347464628466132,"StraightLane index=('>>>', '1S0_0_', 0)",True,4.383228302001953,0.0,2.2888183620005236e-05,"StraightLane index=('>>', '>>>', 0)",True,0.0,True,False,1.3094123601913452,0.2929966151714325,0.0,0.2929966151714325,True,0.0,0.0,0.1831228844821453,0.0,0.1831228844821453,0.0
15.199728,"[54.676902770996094, 4.5, 0.0]","[69.95647430419922, 4.5, 0.0]",7.367202281952734,7.540275573730469,7.549886122989119,0.5057334899895682,0.49998611211776733,15.272525787352297,0.1796226501456415,0.32868385314976933,10.772525787352297,-0.1730732917777349,7.349349021911621,0.17337608337402344,15.25423812866211,True,0,7.5227251052856445,7.540275573730469,0.43351173400878906,0.1737097340953373,0.28620737375086497,0.006789241420567527,"StraightLane index=('>>>', '1S0_0_', 0)",True,4.529964447021484,0.0,2.2888183620005236e-05,"StraightLane index=('>>', '>>>', 0)",True,0.0,True,False,1.3094123601913452,0.2929966151714325,0.0,0.2929966151714325,True,0.0,0.0,0.1831228844821453,0.0,0.1831228844821453,0.0
15.219835,"[54.82404327392578, 4.5, 0.0]","[70.10480499267578, 4.5, 0.0]",7.377089977265232,7.556752681732178,7.559935718995985,0.4943847656249112,0.5014122724533081,15.279571533201905,0.1730732917777349,-0.32746791839532996,10.779571533201905,-0.17966270446694566,7.364500045776367,0.17337608337402344,15.25423812866211,True,0,7.537876129150391,7.556752681732178,0.43351173400878906,0.1737097340953373,0.28620737375086497,0.00021773992711354717,"StraightLane index=('>>>', '1S0_0_', 0)",True,4.676902770996094,0.0,2.2888183620005236e-05,"StraightLane index=('>>', '>>>', 0)",True,0.0,True,False,1.3094123601913452,0.2864251136779785,0.0,0.2864251136779785,True,0.0,0.0,0.17901569604873657,0.0,0.17901569604873657,0.0
15.239885,"[54.97138595581055, 4.5, 0.0]","[70.25640106201172, 4.5, 0.0]",7.386977672577732,7.560092926025391,7.569958095994662,0.494384765625,0.5050076246261597,15.280761718747831,0.17966270446694566,0.32947063446053804,10.780761718747831,-0.17311525344765855,7.369891166687012,0.17962265014648438,15.272525787353516,True,0,7.549513816833496,7.560092926025391,0.43351173400878906,0.1737097340953373,0.28620737375086497,0.00021773992711354717,"StraightLane index=('>>>', '1S0_0_', 0)",True,4.824043273925781,0.0,3.0517578143044024e-05,"StraightLane index=('>>', '>>>', 0)",True,0.0,True,False,1.3054200410842896,0.2864251136779785,0.0,0.2864251136779785,True,0.0,0.0,0.17901569604873657,0.0,0.17901569604873657,0.0
15.259604,"[55.118927001953125, 4.5, 0.0]","[70.41050720214844, 4.5, 0.0]",7.396865367890241,7.576930999755859,7.579807072502444,0.4943847656254441,0.505294919013977,15.285015106199003,0.17311525344765855,-0.32737255096435547,10.785015106199003,-0.18006563186561841,7.379968166351318,0.17962265014648438,15.272525787353516,True,0,7.559590816497803,7.576930999755859,0.43351173400878906,0.1737097340953373,0.28620737375086497,0.00021773992711354717,"StraightLane index=('>>>', '1S0_0_', 0)",True,4.971385955810547,0.0,3.0517578143044024e-05,"StraightLane index=('>>', '>>>', 0)",True,0.0,True,False,1.3054200410842896,0.2864251136779785,0.0,0.2864251136779785,True,0.0,0.0,0.17901569604873657,0.0,0.17901569604873657,0.0
15.2805,"[55.266666412353516, 4.5, 0.0]","[70.56312561035156, 4.5, 0.0]",7.406753063202752,7.58033847808838,7.590263854991644,0.4943847656255329,0.5041021704673767,15.291580200193144,0.18006563186561841,0.3475189208979934,10.791580200193144,-0.17358541488562818,7.3899126052856445,0.17962265014648438,15.272525787353516,True,0,7.569535255432129,7.58033847808838,0.43351173400878906,0.1737097340953373,0.28620737375086497,0.00021773992711354717,"StraightLane index=('>>>', '1S0_0_', 0)",True,5.118927001953125,0.0,3.0517578143044024e-05,"StraightLane index=('>>', '>>>', 0)",True,0.0,True,False,1.3054200410842896,0.2864251136779785,0.0,0.2864251136779785,True,0.0,0.0,0.17901569604873657,0.0,0.17901569604873657,0.0
15.299589,"[55.41460418701172, 4.5, 0.0]","[70.7136001586914, 4.5, 0.0]",7.416640758515246,7.59693717956543,7.5998172970023,0.49438476562473355,0.4984130561351776,15.296459197995876,0.17358541488562818,-0.32401084899951194,10.796459197995876,-0.1802964210501834,7.404361248016357,0.17962265014648438,15.272525787353516,True,0,7.583983898162842,7.59693717956543,0.5666160583496094,0.1761703227280399,0.2933629964106591,-0.006937882732680589,"StraightLane index=('>>>', '1S0_0_', 0)",True,5.266666412353516,0.0,3.0517578143044024e-05,"StraightLane index=('>>', '>>>', 0)",True,0.0,True,False,1.3054200410842896,0.2864251136779785,0.0,0.2864251136779785,True,0.0,0.0,0.17901569604873657,0.0,0.17901569604873657,0.0
15.319897,"[55.562740325927734, 4.5, 0.0]","[70.86238861083984, 4.5, 0.0]",7.426753520966401,7.600048065185547,7.609935133502585,0.50563812255775,0.5003951191902161,15.298995971677517,0.1802964210501834,0.3355503082277611,10.798995971677517,-0.17329454421914559,7.409553050994873,0.17962265014648438,15.272525787353516,True,0,7.589175701141357,7.600048065185547,0.5666160583496094,0.1761703227280399,0.2933629964106591,-0.0004304562323601546,"StraightLane index=('>>>', '1S0_0_', 0)",True,5.414604187011719,0.0,3.0517578143044024e-05,"StraightLane index=('>>', '>>>', 0)",True,0.0,True,False,1.3054200410842896,0.29293254017829895,0.0,0.29293254017829895,True,0.0,0.0,0.18308283761143684,0.0,0.18308283761143684,0.0
15.340147,"[55.71107482910156, 4.5, 0.0]","[71.01528930664062, 4.5, 0.0]",7.4368662834175705,7.6167402267456055,7.620093969500157,0.5056381225584605,0.4984166920185089,15.299648284909939,0.17329454421914559,-0.3500938415518906,10.799648284909939,-0.17987394332803497,7.419287204742432,0.1735854148864746,15.296459197998047,True,0,7.592872619628906,7.6167402267456055,0.5666160583496094,0.1761703227280399,0.2933629964106591,-0.0004304562323601546,"StraightLane index=('>>>', '1S0_0_', 0)",True,5.562740325927734,0.0,3.0517578143044024e-05,"StraightLane index=('>>', '>>>', 0)",True,0.0,True,False,1.3054200410842896,0.29293254017829895,0.0,0.29293254017829895,True,0.0,0.0,0.18308283761143684,0.0,0.18308283761143684,0.0
15.359516,"[55.85961151123047, 4.5, 0.0]","[71.17056274414062, 4.5, 0.0]",7.446979045868744,7.620255947113037,7.629780464997748,0.5056381225586826,0.4978755712509155,15.304214477536892,0.17987394332803497,0.32896995544446916,10.804214477536892,-0.17327690124429296,7.43416166305542,0.1735854148864746,15.296459197998047,True,0,7.6077470779418945,7.620255947113037,0.5666160583496094,0.1761703227280399,0.2933629964106591,-0.0004304562323601546,"StraightLane index=('>>>', '1S0_0_', 0)",True,5.7110748291015625,0.0,3.0517578143044024e-05,"StraightLane index=('>>', '>>>', 0)",True,0.0,True,False,1.3054200410842896,0.29293254017829895,0.0,0.29293254017829895,True,0.0,0.0,0.18308283761143684,0.0,0.18308283761143684,0.0
15.380072,"[56.00835037231445, 4.5, 0.0]","[71.3200912475586, 4.5, 0.0]",7.457091808319914,7.636727333068848,7.640052911493695,0.5056381225585049,0.49552005529403687,15.310951232907984,0.17327690124429296,-0.32985210418710054,10.810951232907984,-0.1796355247489334,7.443904399871826,0.1735854148864746,15.296459197998047,True,0,7.617489814758301,7.636727333068848,0.5666160583496094,0.1761703227280399,0.2933629964106591,-0.0004304562323601546,"StraightLane index=('>>>', '1S0_0_', 0)",True,5.859611511230469,0.0,3.0517578143044024e-05,"StraightLane index=('>>', '>>>', 0)",True,0.0,True,False,1.3054200410842896,0.29293254017829895,0.0,0.29293254017829895,True,0.0,0.0,0.18308283761143684,0.0,0.18308283761143684,0.0
15.399866,"[56.157291412353516, 4.5, 0.0]","[71.4759750366211, 4.5, 0.0]",7.467204570771107,7.643616199493408,7.649940099497326,0.5056381225596596,0.4973497688770294,15.311740875241968,0.1796355247489334,0.3179311752320224,10.811740875241968,-0.17641162872230076,7.454061985015869,0.1735854148864746,15.296459197998047,True,0,7.627647399902344,7.643616199493408,0.46679019927978516,0.1748909474300284,0.2895585060995239,0.0033740340787750678,"StraightLane index=('>>>', '1S0_0_', 0)",True,6.008350372314453,0.0,3.0517578143044024e-05,"StraightLane index=('>>', '>>>', 0)",True,0.0,True,False,1.3054200410842896,0.29293254017829895,0.0,0.29293254017829895,True,0.0,0.0,0.18308283761143684,0.0,0.18308283761143684,0.0
15.419608,"[56.306434631347656, 4.5, 0.0]","[71.62580108642578, 4.5, 0.0]",7.477099895478147,7.6533966064453125,7.659824297489831,0.4947662353519622,0.5044374465942383,15.318683624265404,0.17641162872230076,-0.16119480133163222,10.818683624265404,-0.17629671096716582,7.459778785705566,0.17963552474975586,15.31174087524414,True,0,7.639414310455322,7.6533966064453125,0.46679019927978516,0.1748909474300284,0.2895585060995239,-0.0028857351225036187,"StraightLane index=('>>>', '1S0_0_', 0)",True,6.157291412353516,0.0,3.0517578143044024e-05,"StraightLane index=('>>', '>>>', 0)",True,0.0,True,False,1.3016088008880615,0.28667277097702026,0.0,0.28667277097702026,True,0.0,0.0,0.17917048186063766,0.0,0.17917048186063766,0.0
15.439662,"[56.455780029296875, 4.5, 0.0]","[71.77946472167969, 4.5, 0.0]",7.486995220185165,7.663407325744629,7.669850446999772,0.49476623535089637,0.5055152177810669,15.31936645507595,0.17629671096716582,-0.0057458877567473365,10.81936645507595,-0.1764121055594643,7.469956874847412,0.17963552474975586,15.31174087524414,True,0,7.649592399597168,7.663407325744629,0.46679019927978516,0.1748909474300284,0.2895585060995239,-0.0028857351225036187,"StraightLane index=('>>>', '1S0_0_', 0)",True,6.306434631347656,0.0,3.0517578143044024e-05,"StraightLane index=('>>', '>>>', 0)",True,0.0,True,False,1.3016088008880615,0.28667277097702026,0.0,0.28667277097702026,True,0.0,0.0,0.17917048186063766,0.0,0.17917048186063766,0.0
15.460019,"[56.605323791503906, 4.5, 0.0]","[71.93580627441406, 4.5, 0.0]",7.496890544892185,7.673592567443848,7.680033499989077,0.4947662353510296,0.5055959224700928,15.323684692380638,0.1764121055594643,0.005769729614923946,10.823684692380638,-0.17670202255166245,7.480020999908447,0.17963552474975586,15.31174087524414,True,0,7.659656524658203,7.673592567443848,0.46679019927978516,0.1748909474300284,0.2895585060995239,-0.0028857351225036187,"StraightLane index=('>>>', '1S0_0_', 0)",True,6.455780029296875,0.0,3.0517578143044024e-05,"StraightLane index=('>>', '>>>', 0)",True,0.0,True,False,1.3016088008880615,0.28667277097702026,0.0,0.28667277097702026,True,0.0,0.0,0.17917048186063766,0.0,0.17917048186063766,0.0
15.480374,"[56.755062103271484, 4.5, 0.0]","[72.0899429321289, 4.5, 0.0]",7.50678586959924,7.683633804321289,7.69019237048924,0.49476623535276154,0.5042381882667542,15.33048248290798,0.17670202255166245,0.014495849609907907,10.83048248290798,-0.17684793472204863,7.48995304107666,0.17963552474975586,15.31174087524414,True,0,7.669588565826416,7.683633804321289,0.46679019927978516,0.1748909474300284,0.2895585060995239,-0.0028857351225036187,"StraightLane index=('>>>', '1S0_0_', 0)",True,6.605323791503906,0.0,3.0517578143044024e-05,"StraightLane index=('>>', '>>>', 0)",True,0.0,True,False,1.3016088008880615,0.28667277097702026,0.0,0.28667277097702026,True,0.0,0.0,0.17917048186063766,0.0,0.17917048186063766,0.0
15.499917,"[56.904998779296875, 4.5, 0.0]","[72.24352264404297, 4.5, 0.0]",7.516681194306287,7.693638801574707,7.699980370499543,0.49476623535231745,0.5026677846908569,15.334880828855246,0.17684793472204863,0.007295608519308772,10.834880828855246,-0.17695760726842025,7.499809265136719,0.17963552474975586,15.31174087524414,True,0,7.679444789886475,7.693638801574707,0.5002260208129883,0.17490976341548015,0.2899322081399533,-0.003259437162933032,"StraightLane index=('>>>', '1S0_0_', 0)",True,6.755062103271484,0.0,3.0517578143044024e-05,"StraightLane index=('>>', '>>>', 0)",True,0.0,True,False,1.3016088008880615,0.28667277097702026,0.0,0.28667277097702026,True,0.0,0.0,0.17917048186063766,0.0,0.17917048186063766,0.0
15.519575,"[57.05513381958008, 4.5, 0.0]","[72.39384460449219, 4.5, 0.0]",7.526793956757462,7.703388214111328,7.709805914989556,0.5056381225587714,0.5003161430358887,15.338523864743918,0.17695760726842025,0.005483627318580986,10.838523864743918,-0.1765942573538659,7.509572982788086,0.1768479347229004,15.334880828857422,True,0,7.686420917510986,7.703388214111328,0.5002260208129883,0.17490976341548015,0.2899322081399533,0.003019822757187207,"StraightLane index=('>>>', '1S0_0_', 0)",True,6.904998779296875,0.0,3.0517578143044024e-05,"StraightLane index=('>>', '>>>', 0)",True,0.0,True,False,1.3016088008880615,0.2929520308971405,0.0,0.2929520308971405,True,0.0,0.0,0.18309501931071281,0.0,0.18309501931071281,0.0
15.539542,"[57.205467224121094, 4.5, 0.0]","[72.54850769042969, 4.5, 0.0]",7.536906719208633,7.7133989334106445,7.719789839992882,0.5056381225585493,0.498278945684433,15.338710784909933,0.1765942573538659,-0.018167495727716698,10.838710784909933,-0.17649221420201133,7.519299030303955,0.1768479347229004,15.334880828857422,True,0,7.6961469650268555,7.7133989334106445,0.5002260208129883,0.17490976341548015,0.2899322081399533,0.003019822757187207,"StraightLane index=('>>>', '1S0_0_', 0)",True,7.055133819580078,0.0,3.0517578143044024e-05,"StraightLane index=('>>', '>>>', 0)",True,0.0,True,False,1.3016088008880615,0.2929520308971405,0.0,0.2929520308971405,True,0.0,0.0,0.18309501931071281,0.0,0.18309501931071281,0.0
15.559493,"[57.35600280761719, 4.5, 0.0]","[72.7059555053711, 4.5, 0.0]",7.547019481659803,7.7235894203186035,7.7297682874952445,0.5056381225585049,0.500471830368042,15.343040466306416,0.17649221420201133,-0.005102157592729029,10.843040466306416,-0.17656993865880022,7.5294508934021,0.1768479347229004,15.334880828857422,True,0,7.706298828125,7.7235894203186035,0.5002260208129883,0.17490976341548015,0.2899322081399533,0.003019822757187207,"StraightLane index=('>>>', '1S0_0_', 0)",True,7.205467224121094,0.0,3.0517578143044024e-05,"StraightLane index=('>>', '>>>', 0)",True,0.0,True,False,1.3016088008880615,0.2929520308971405,0.0,0.2929520308971405,True,0.0,0.0,0.18309501931071281,0.0,0.18309501931071281,0.0
15.580417,"[57.50674057006836, 4.5, 0.0]","[72.86094665527344, 4.5, 0.0]",7.55713224411098,7.733621120452881,7.740216096997028,0.5056381225588158,0.5009245872497559,15.349952697751728,0.17656993865880022,0.0038862228394442866,10.849952697751728,-0.17648887634190125,7.539480209350586,0.1768479347229004,15.334880828857422,True,0,7.716328144073486,7.733621120452881,0.5002260208129883,0.17490976341548015,0.2899322081399533,0.003019822757187207,"StraightLane index=('>>>', '1S0_0_', 0)",True,7.3560028076171875,0.0,3.0517578143044024e-05,"StraightLane index=('>>', '>>>', 0)",True,0.0,True,False,1.3016088008880615,0.2929520308971405,0.0,0.2929520308971405,True,0.0,0.0,0.18309501931071281,0.0,0.18309501931071281,0.0
15.600262,"[57.65768051147461, 4.5, 0.0]","[73.0151138305664, 4.5, 0.0]",7.567245006562144,7.743599891662599,7.750153030490037,0.5056381225582385,0.5008411407470703,15.3542060852029,0.17648887634190125,-0.004053115844948607,10.8542060852029,-0.17635488510045505,7.549434185028076,0.1768479347229004,15.334880828857422,True,0,7.726282119750977,7.743599891662599,0.499610900878924,0.17490516860469446,0.28953584391999027,0.0034161869771502373,"StraightLane index=('>>>', '1S0_0_', 0)",True,7.506740570068359,0.0,3.0517578143044024e-05,"StraightLane index=('>>', '>>>', 0)",True,0.0,True,False,1.3016088008880615,0.2929520308971405,0.0,0.2929520308971405,True,0.0,0.0,0.18309501931071281,0.0,0.18309501931071281,0.0
15.620241,"[57.80882263183594, 4.5, 0.0]","[73.17115020751953, 4.5, 0.0]",7.577252864838499,7.7536540031433105,7.760128347497084,0.5003929138177377,0.5042657256126404,15.357433319089617,0.17635488510045505,-0.006699562072309817,10.857433319089617,-0.1764011383048114,7.5597734451293945,0.17648887634277344,15.354206085205078,True,0,7.736262321472168,7.7536540031433105,0.499610900878924,0.17490516860469446,0.28953584391999027,0.00039479773116329886,"StraightLane index=('>>>', '1S0_0_', 0)",True,7.657680511474609,0.0,3.0517578143044024e-05,"StraightLane index=('>>', '>>>', 0)",True,0.0,True,False,1.2976090908050537,0.28993064165115356,0.0,0.28993064165115356,True,0.0,0.0,0.18120665103197098,0.0,0.18120665103197098,0.0
15.639423,"[57.960166931152344, 4.5, 0.0]","[73.32280731201172, 4.5, 0.0]",7.5872607231148725,7.763406753540039,7.769733161493787,0.5003929138186702,0.5053625702857971,15.362327575681414,0.1764011383048114,0.0023126602178180633,10.862327575681414,-0.17614603042516652,7.569950103759766,0.17648887634277344,15.354206085205078,True,0,7.746438980102539,7.763406753540039,0.499610900878924,0.17490516860469446,0.28953584391999027,0.00039479773116329886,"StraightLane index=('>>>', '1S0_0_', 0)",True,7.8088226318359375,0.0,3.0517578143044024e-05,"StraightLane index=('>>', '>>>', 0)",True,0.0,True,False,1.2976090908050537,0.28993064165115356,0.0,0.28993064165115356,True,0.0,0.0,0.18120665103197098,0.0,0.18120665103197098,0.0
15.65913,"[58.11171340942383, 4.5, 0.0]","[73.47857666015625, 4.5, 0.0]",7.597268581391251,7.7734246253967285,7.7795907994906885,0.5003929138189367,0.5054661631584167,15.362640380857195,0.17614603042516652,-0.012755393982244456,10.862640380857195,-0.17615604400547724,7.580013751983643,0.17648887634277344,15.354206085205078,True,0,7.756502628326416,7.7734246253967285,0.499610900878924,0.17490516860469446,0.28953584391999027,0.00039479773116329886,"StraightLane index=('>>>', '1S0_0_', 0)",True,7.960166931152344,0.0,3.0517578143044024e-05,"StraightLane index=('>>', '>>>', 0)",True,0.0,True,False,1.2976090908050537,0.28993064165115356,0.0,0.28993064165115356,True,0.0,0.0,0.18120665103197098,0.0,0.18120665103197098,0.0
15.680355,"[58.263458251953125, 4.5, 0.0]","[73.63735961914062, 4.5, 0.0]",7.607276439667615,7.783635139465332,7.7901950449915605,0.5003929138181817,0.5041325092315674,15.366863250730242,0.17615604400547724,0.0005006790155359653,10.866863250730242,-0.17635869979771712,7.5899457931518555,0.17648887634277344,15.354206085205078,True,0,7.766434669494629,7.783635139465332,0.499610900878924,0.17490516860469446,0.28953584391999027,0.00039479773116329886,"StraightLane index=('>>>', '1S0_0_', 0)",True,8.111713409423828,0.0,3.0517578143044024e-05,"StraightLane index=('>>', '>>>', 0)",True,0.0,True,False,1.2976090908050537,0.28993064165115356,0.0,0.28993064165115356,True,0.0,0.0,0.18120665103197098,0.0,0.18120665103197098,0.0
15.699891,"[58.4154052734375, 4.5, 0.0]","[73.7923355102539, 4.5, 0.0]",7.617284297943973,7.793601989746094,7.799959225495695,0.5003929138179153,0.5025855898857117,15.373901367185319,0.17635869979771712,0.010132789611994042,10.873901367185319,-0.17631769180212054,7.599802494049072,0.17648887634277344,15.354206085205078,True,0,7.776291370391846,7.793601989746094,0.5000209808349432,0.17491538607344803,0.2895218857448264,0.00040875590632716285,"StraightLane index=('>>>', '1S0_0_', 0)",True,8.263458251953125,0.0,3.0517578143044024e-05,"StraightLane index=('>>', '>>>', 0)",True,0.0,True,False,1.2976090908050537,0.28993064165115356,0.0,0.28993064165115356,True,0.0,0.0,0.18120665103197098,0.0,0.18120665103197098,0.0
15.719936,"[58.56755065917969, 4.5, 0.0]","[73.9454116821289, 4.5, 0.0]",7.6272845268258,7.803402423858643,7.809986304494669,0.5000114440913528,0.5048643946647644,15.376930236814225,0.17631769180212054,-0.0020503997798293483,10.876930236814225,-0.1761178970328423,7.610050678253174,0.17648887634277344,15.354206085205078,True,0,7.786539554595947,7.803402423858643,0.5000209808349432,0.17491538607344803,0.2895218857448264,0.0001642874557808982,"StraightLane index=('>>>', '1S0_0_', 0)",True,8.4154052734375,0.0,3.0517578143044024e-05,"StraightLane index=('>>', '>>>', 0)",True,0.0,True,False,1.2976090908050537,0.2896861732006073,0.0,0.2896861732006073,True,0.0,0.0,0.18105385825037956,0.0,0.18105385825037956,0.0
15.740291,"[58.71989822387695, 4.5, 0.0]","[74.1019058227539, 4.5, 0.0]",7.637284755707648,7.81340217590332,7.820164172491059,0.5000114440923742,0.505111575126648,15.377861022947037,0.1761178970328423,-0.00998973846391138,10.877861022947037,-0.17611742019567256,7.620145320892334,0.17635869979858398,15.3739013671875,True,0,7.796504020690918,7.81340217590332,0.5000209808349432,0.17491538607344803,0.2895218857448264,0.0001642874557808982,"StraightLane index=('>>>', '1S0_0_', 0)",True,8.567550659179688,0.0,3.0517578143044024e-05,"StraightLane index=('>>', '>>>', 0)",True,0.0,True,False,1.2976090908050537,0.2896861732006073,0.0,0.2896861732006073,True,0.0,0.0,0.18105385825037956,0.0,0.18105385825037956,0.0
15.759043,"[58.87244415283203, 4.5, 0.0]","[74.25746154785156, 4.5, 0.0]",7.647284984589484,7.823341369628906,7.829543314498732,0.5000114440917969,0.5046271681785583,15.38200759887477,0.17611742019567256,-2.3841858487472223e-05,10.88200759887477,-0.17605638503942256,7.630138874053955,0.17635869979858398,15.3739013671875,True,0,7.806497573852539,7.823341369628906,0.5000209808349432,0.17491538607344803,0.2895218857448264,0.0001642874557808982,"StraightLane index=('>>>', '1S0_0_', 0)",True,8.719898223876953,0.0,3.0517578143044024e-05,"StraightLane index=('>>', '>>>', 0)",True,0.0,True,False,1.2976090908050537,0.2896861732006073,0.0,0.2896861732006073,True,0.0,0.0,0.18105385825037956,0.0,0.18105385825037956,0.0
15.779461,"[59.02518844604492, 4.5, 0.0]","[74.41423797607422, 4.5, 0.0]",7.657285213471321,7.833359241485597,7.83974851349485,0.5000114440918857,0.502927303314209,15.385017395017348,0.17605638503942256,-0.0030517578125,10.885017395017348,-0.17607402801427519,7.640014171600342,0.17635869979858398,15.3739013671875,True,0,7.816372871398926,7.833359241485597,0.5000209808349432,0.17491538607344803,0.2895218857448264,0.0001642874557808982,"StraightLane index=('>>>', '1S0_0_', 0)",True,8.872444152832031,0.0,3.0517578143044024e-05,"StraightLane index=('>>', '>>>', 0)",True,0.0,True,False,1.2976090908050537,0.2896861732006073,0.0,0.2896861732006073,True,0.0,0.0,0.18105385825037956,0.0,0.18105385825037956,0.0
15.799912,"[59.17813491821289, 4.5, 0.0]","[74.57490539550781, 4.5, 0.0]",7.667285442353159,7.843626022338867,7.849976681990665,0.5000114440918857,0.49687308073043823,15.389049530027114,0.17607402801427519,0.0008821487426313723,10.889049530027114,-0.17634057998570807,7.654384613037109,0.17635869979858398,15.3739013671875,True,0,7.830743312835693,7.843626022338867,0.5002403259277344,0.17493225887357394,0.2895536358642842,0.00013253733632312414,"StraightLane index=('>>>', '1S0_0_', 0)",True,9.025188446044922,0.0,3.0517578143044024e-05,"StraightLane index=('>>', '>>>', 0)",True,0.0,True,False,1.2976090908050537,0.2896861732006073,0.0,0.2896861732006073,True,0.0,0.0,0.18105385825037956,0.0,0.18105385825037956,0.0
15.81973,"[59.33127975463867, 4.5, 0.0]","[74.72870635986328, 4.5, 0.0]",7.677281856537733,7.856743335723877,7.859874217497417,0.49982070922869326,0.5005918145179749,15.396770477292737,0.17634057998570807,0.013327598571644117,10.896770477292737,-0.17946147918614397,7.664777755737305,0.17635869979858398,15.3739013671875,True,0,7.841136455535889,7.856743335723877,0.5002403259277344,0.17493225887357394,0.2895536358642842,7.427186939579222e-06,"StraightLane index=('>>>', '1S0_0_', 0)",True,9.17813491821289,0.0,3.0517578143044024e-05,"StraightLane index=('>>', '>>>', 0)",True,0.0,True,False,1.2976090908050537,0.28956106305122375,0.0,0.28956106305122375,True,0.0,0.0,0.18097566440701485,0.0,0.18097566440701485,0.0
15.839964,"[59.48462677001953, 4.5, 0.0]","[74.88626098632812, 4.5, 0.0]",7.687278270722286,7.860080718994141,7.869998781493631,0.49982070922767186,0.49800798296928406,15.397426605222424,0.17946147918614397,0.15604496002179502,10.897426605222424,-0.1728024482718542,7.6745500564575195,0.17607402801513672,15.389049530029297,True,0,7.850624084472656,7.860080718994141,0.5002403259277344,0.17493225887357394,0.2895536358642842,7.427186939579222e-06,"StraightLane index=('>>>', '1S0_0_', 0)",True,9.331279754638672,0.0,3.0517578143044024e-05,"StraightLane index=('>>', '>>>', 0)",True,0.0,True,False,1.2934088706970215,0.28956106305122375,0.0,0.28956106305122375,True,0.0,0.0,0.18097566440701485,0.0,0.18097566440701485,0.0
15.860279,"[59.6381721496582, 4.5, 0.0]","[75.04656219482422, 4.5, 0.0]",7.69727468490686,7.876924514770508,7.880161465992569,0.49982070922869326,0.503363847732544,15.401634216306409,0.1728024482718542,-0.33295154571448826,10.901634216306409,-0.17964982986364753,7.680091857910156,0.17607402801513672,15.389049530029297,True,0,7.856165885925293,7.876924514770508,0.5002403259277344,0.17493225887357394,0.2895536358642842,7.427186939579222e-06,"StraightLane index=('>>>', '1S0_0_', 0)",True,9.484626770019531,0.0,3.0517578143044024e-05,"StraightLane index=('>>', '>>>', 0)",True,0.0,True,False,1.2934088706970215,0.28956106305122375,0.0,0.28956106305122375,True,0.0,0.0,0.18097566440701485,0.0,0.18097566440701485,0.0
15.879599,"[59.79191589355469, 4.5, 0.0]","[75.2006607055664, 4.5, 0.0]",7.707271099091428,7.880042552947998,7.889814927492989,0.4998207092283824,0.5018277168273926,15.408390045163829,0.17964982986364753,0.3423690795896661,10.908390045163829,-0.1727714538565701,7.689959526062012,0.17607402801513672,15.389049530029297,True,0,7.866033554077148,7.880042552947998,0.5002403259277344,0.17493225887357394,0.2895536358642842,7.427186939579222e-06,"StraightLane index=('>>>', '1S0_0_', 0)",True,9.638172149658203,0.0,3.0517578143044024e-05,"StraightLane index=('>>', '>>>', 0)",True,0.0,True,False,1.2934088706970215,0.28956106305122375,0.0,0.28956106305122375,True,0.0,0.0,0.18097566440701485,0.0,0.18097566440701485,0.0
15.899789,"[59.94586181640625, 4.5, 0.0]","[75.36185455322266, 4.5, 0.0]",7.717267513275999,7.896943092346191,7.899917377001839,0.49982070922856003,0.5002774596214294,15.408744812009532,0.1727714538565701,-0.3439188003538707,10.908744812009532,-0.17967557907019227,7.699769496917725,0.17607402801513672,15.389049530029297,True,0,7.875843524932861,7.896943092346191,0.5331707000732422,0.17610000748878002,0.292889133884405,-0.0033280708331812625,"StraightLane index=('>>>', '1S0_0_', 0)",True,9.791915893554688,0.0,3.0517578143044024e-05,"StraightLane index=('>>', '>>>', 0)",True,0.0,True,False,1.2934088706970215,0.28956106305122375,0.0,0.28956106305122375,True,0.0,0.0,0.18097566440701485,0.0,0.18097566440701485,0.0
15.920086,"[60.100006103515625, 4.5, 0.0]","[75.52055358886719, 4.5, 0.0]",7.72725248336879,7.900308609008791,7.910064949991647,0.49924850463956005,0.5026951432228088,15.41599273681422,0.17967557907019227,0.34520626068110793,10.91599273681422,-0.1730561256400005,7.709986686706543,0.17607402801513672,15.389049530029297,True,0,7.88606071472168,7.900308609008791,0.5331707000732422,0.17610000748878002,0.292889133884405,-0.003624991371129871,"StraightLane index=('>>>', '1S0_0_', 0)",True,9.94586181640625,0.0,3.0517578143044024e-05,"StraightLane index=('>>', '>>>', 0)",True,0.0,True,False,1.2934088706970215,0.28926414251327515,0.0,0.28926414251327515,True,0.0,0.0,0.18079008907079697,0.0,0.18079008907079697,0.0
15.939622,"[60.25435256958008, 4.5, 0.0]","[75.67529296875, 4.5, 0.0]",7.737237453461579,7.9167375564575195,7.91983371549868,0.4992485046394268,0.5031728148460388,15.420547485349374,0.1730561256400005,-0.3309726715095884,10.920547485349374,-0.17950010299594066,7.720063209533691,0.17277145385742188,15.408744812011719,True,0,7.892834663391113,7.9167375564575195,0.5331707000732422,0.17610000748878002,0.292889133884405,-0.003624991371129871,"StraightLane index=('>>>', '1S0_0_', 0)",True,10.100006103515625,0.0,3.0517578143044024e-05,"StraightLane index=('>>', '>>>', 0)",True,0.0,True,False,1.2934088706970215,0.28926414251327515,0.0,0.28926414251327515,True,0.0,0.0,0.18079008907079697,0.0,0.18079008907079697,0.0
15.959622,"[60.408897399902344, 4.5, 0.0]","[75.83675384521484, 4.5, 0.0]",7.747222423554364,7.920258045196533,7.9298324079893066,0.4992485046392492,0.5029701590538025,15.420940399167733,0.17950010299594066,0.3221988677970078,10.920940399167733,-0.17303562164216935,7.730049133300781,0.17277145385742188,15.408744812011719,True,0,7.902820587158203,7.920258045196533,0.5331707000732422,0.17610000748878002,0.292889133884405,-0.003624991371129871,"StraightLane index=('>>>', '1S0_0_', 0)",True,10.254352569580078,0.0,3.0517578143044024e-05,"StraightLane index=('>>', '>>>', 0)",True,0.0,True,False,1.2934088706970215,0.28926414251327515,0.0,0.28926414251327515,True,0.0,0.0,0.18079008907079697,0.0,0.18079008907079697,0.0
15.980807,"[60.56364059448242, 4.5, 0.0]","[75.99571228027344, 4.5, 0.0]",7.757207393647147,7.936953544616699,7.940420481495676,0.4992485046391604,0.5015710592269897,15.427856445310312,0.17303562164216935,-0.3232240676885656,10.927856445310312,-0.17974615096955215,7.73992395401001,0.17277145385742188,15.408744812011719,True,0,7.912695407867432,7.936953544616699,0.5331707000732422,0.17610000748878002,0.292889133884405,-0.003624991371129871,"StraightLane index=('>>>', '1S0_0_', 0)",True,10.408897399902344,0.0,3.0517578143044024e-05,"StraightLane index=('>>', '>>>', 0)",True,0.0,True,False,1.2934088706970215,0.28926414251327515,0.0,0.28926414251327515,True,0.0,0.0,0.18079008907079697,0.0,0.18079008907079697,0.0
15.999788,"[60.71858596801758, 4.5, 0.0]","[76.14990234375, 4.5, 0.0]",7.76719236373992,7.9400153160095215,7.9499013579945315,0.49924850463862747,0.5001336336135864,15.432071685788825,0.17974615096955215,0.3355264663691404,10.932071685788825,-0.17282295226960187,7.749741077423096,0.17277145385742188,15.408744812011719,True,0,7.922512531280518,7.9400153160095215,0.4307222366333008,0.17356528502206756,0.28590020399730875,0.0033639385159663915,"StraightLane index=('>>>', '1S0_0_', 0)",True,10.563640594482422,0.0,3.0517578143044024e-05,"StraightLane index=('>>', '>>>', 0)",True,0.0,True,False,1.2934088706970215,0.28926414251327515,0.0,0.28926414251327515,True,0.0,0.0,0.18079008907079697,0.0,0.18079008907079697,0.0
16.020061,"[60.87372970581055, 4.5, 0.0]","[76.3098373413086, 4.5, 0.0]",7.777064800263347,7.956729888916016,7.960041270492366,0.4936218261713865,0.5026393532752991,15.431316375730232,0.17282295226960187,-0.3461599349975142,10.931316375730232,-0.17966508865266828,7.759964942932129,0.17974615097045898,15.432071685791016,True,0,7.939711093902588,7.956729888916016,0.4307222366333008,0.17356528502206756,0.28590020399730875,7.11395199947118e-05,"StraightLane index=('>>>', '1S0_0_', 0)",True,10.718585968017578,0.0,3.0517578143044024e-05,"StraightLane index=('>>', '>>>', 0)",True,0.0,True,False,1.289601445198059,0.28597134351730347,0.0,0.28597134351730347,True,0.0,0.0,0.17873208969831467,0.0,0.17873208969831467,0.0
16.039423,"[61.02907180786133, 4.5, 0.0]","[76.46928405761719, 4.5, 0.0]",7.7869372367867875,7.960060119628906,7.969731938489713,0.4936218261720082,0.503183126449585,15.436107635495857,0.17966508865266828,0.34210681915332053,10.936107635495857,-0.17312288284211874,7.770047664642334,0.17974615097045898,15.432071685791016,True,0,7.949793815612793,7.960060119628906,0.4307222366333008,0.17356528502206756,0.28590020399730875,7.11395199947118e-05,"StraightLane index=('>>>', '1S0_0_', 0)",True,10.873729705810547,0.0,3.0517578143044024e-05,"StraightLane index=('>>', '>>>', 0)",True,0.0,True,False,1.289601445198059,0.28597134351730347,0.0,0.28597134351730347,True,0.0,0.0,0.17873208969831467,0.0,0.17873208969831467,0.0
16.059614,"[61.18461227416992, 4.5, 0.0]","[76.62773132324219, 4.5, 0.0]",7.796809673310241,7.976660251617432,7.979831726991687,0.49362182617267436,0.4992745816707611,15.44021224975367,0.17312288284211874,-0.327110290527477,10.94021224975367,-0.17985057830719064,7.784675598144531,0.17974615097045898,15.432071685791016,True,0,7.96442174911499,7.976660251617432,0.4307222366333008,0.17356528502206756,0.28590020399730875,7.11395199947118e-05,"StraightLane index=('>>>', '1S0_0_', 0)",True,11.029071807861328,0.0,3.0517578143044024e-05,"StraightLane index=('>>', '>>>', 0)",True,0.0,True,False,1.289601445198059,0.28597134351730347,0.0,0.28597134351730347,True,0.0,0.0,0.17873208969831467,0.0,0.17873208969831467,0.0
16.081707,"[61.34035110473633, 4.5, 0.0]","[76.78946685791016, 4.5, 0.0]",7.806682109833706,7.9801344871521,7.9908705974987235,0.4936218261732517,0.5016561150550842,15.443119049070074,0.17985057830719064,0.33638477325359517,10.943119049070074,-0.17345237731839358,7.789917945861816,0.17974615097045898,15.432071685791016,True,0,7.969664096832275,7.9801344871521,0.4307222366333008,0.17356528502206756,0.28590020399730875,7.11395199947118e-05,"StraightLane index=('>>>', '1S0_0_', 0)",True,11.184612274169922,0.0,3.0517578143044024e-05,"StraightLane index=('>>', '>>>', 0)",True,0.0,True,False,1.289601445198059,0.28597134351730347,0.0,0.28597134351730347,True,0.0,0.0,0.17873208969831467,0.0,0.17873208969831467,0.0
16.099189,"[61.49628829956055, 4.5, 0.0]","[76.94686889648438, 4.5, 0.0]",7.816554546357145,7.996668815612793,7.99961572549655,0.4936218261719638,0.4960578680038452,15.449115753172595,0.17345237731839358,-0.31991004943985324,10.949115753172595,-0.18011426925564766,7.804303169250488,0.17974615097045898,15.432071685791016,True,0,7.984049320220947,7.996668815612793,0.5665349960327148,0.17603748138100583,0.2931117563971768,-0.007140412879873326,"StraightLane index=('>>>', '1S0_0_', 0)",True,11.340351104736328,0.0,2.2888183620005236e-05,"StraightLane index=('>>', '>>>', 0)",True,0.0,True,False,1.289601445198059,0.28597134351730347,0.0,0.28597134351730347,True,0.0,0.0,0.17873208969831467,0.0,0.17873208969831467,0.0
16.120203,"[61.65242004394531, 4.5, 0.0]","[77.10762786865234, 4.5, 0.0]",7.826671123505569,8.000038146972656,8.01012294300308,0.5058288574211645,0.4916206896305084,15.450580596922595,0.18011426925564766,0.33309459686270415,10.950580596922595,-0.17336702346708766,7.813779830932617,0.17345237731933594,15.449115753173828,True,0,7.987232208251953,8.000038146972656,0.5665349960327148,0.17603748138100583,0.2931117563971768,-3.3125234533359915e-05,"StraightLane index=('>>>', '1S0_0_', 0)",True,11.496288299560547,0.0,2.2888183620005236e-05,"StraightLane index=('>>', '>>>', 0)",True,0.0,True,False,1.289601445198059,0.29307863116264343,0.0,0.29307863116264343,True,0.0,0.0,0.18317414447665215,0.0,0.18317414447665215,0.0
16.13971,"[61.80875015258789, 4.5, 0.0]","[77.26821899414062, 4.5, 0.0]",7.836787700654007,8.016711235046387,8.019875959001364,0.5058288574219194,0.49641087651252747,15.455207824705797,0.17336702346708766,-0.3373622894280004,10.955207824705797,-0.17992353439237974,7.819198131561279,0.17345237731933594,15.449115753173828,True,0,7.992650508880615,8.016711235046387,0.5665349960327148,0.17603748138100583,0.2931117563971768,-3.3125234533359915e-05,"StraightLane index=('>>>', '1S0_0_', 0)",True,11.652420043945312,0.0,2.2888183620005236e-05,"StraightLane index=('>>', '>>>', 0)",True,0.0,True,False,1.289601445198059,0.29307863116264343,0.0,0.29307863116264343,True,0.0,0.0,0.18317414447665215,0.0,0.18317414447665215,0.0
16.159561,"[61.96528244018555, 4.5, 0.0]","[77.42823791503906, 4.5, 0.0]",7.846904277802438,8.020012855529785,8.029799833489234,0.5058288574215641,0.4989401400089264,15.4594688415515,0.17992353439237974,0.32782554626460403,10.9594688415515,-0.1731085777273469,7.829349994659424,0.17345237731933594,15.449115753173828,True,0,8.00280237197876,8.020012855529785,0.5665349960327148,0.17603748138100583,0.2931117563971768,-3.3125234533359915e-05,"StraightLane index=('>>>', '1S0_0_', 0)",True,11.80875015258789,0.0,2.2888183620005236e-05,"StraightLane index=('>>', '>>>', 0)",True,0.0,True,False,1.289601445198059,0.29307863116264343,0.0,0.29307863116264343,True,0.0,0.0,0.18317414447665215,0.0,0.18317414447665215,0.0
16.181135,"[62.12201690673828, 4.5, 0.0]","[77.59040069580078, 4.5, 0.0]",7.857020854950853,8.036785125732422,8.040584122503061,0.5058288574207204,0.4997256100177765,15.462955474852281,0.1731085777273469,-0.34074783325164226,10.962955474852281,-0.1797642707815692,7.839385032653809,0.17345237731933594,15.449115753173828,True,0,8.012837409973145,8.036785125732422,0.5665349960327148,0.17603748138100583,0.2931117563971768,-3.3125234533359915e-05,"StraightLane index=('>>>', '1S0_0_', 0)",True,11.965282440185547,0.0,2.2888183620005236e-05,"StraightLane index=('>>', '>>>', 0)",True,0.0,True,False,1.289601445198059,0.29307863116264343,0.0,0.29307863116264343,True,0.0,0.0,0.18317414447665215,0.0,0.18317414447665215,0.0
16.199181,"[62.278953552246094, 4.5, 0.0]","[77.74954223632812, 4.5, 0.0]",7.867137432099265,8.040032386779785,8.049612240999705,0.5058288574206316,0.49995124340057373,15.468383789061265,0.1797642707815692,0.33278465271111557,10.968383789061265,-0.17289495468051985,7.849349021911621,0.17345237731933594,15.449115753173828,True,0,8.022801399230957,8.040032386779785,0.4336357116699219,0.1736109831513525,0.2859927036936904,0.007085927468953035,"StraightLane index=('>>>', '1S0_0_', 0)",True,12.122016906738281,0.0,2.2888183620005236e-05,"StraightLane index=('>>', '>>>', 0)",True,0.0,True,False,1.289601445198059,0.29307863116264343,0.0,0.29307863116264343,True,0.0,0.0,0.18317414447665215,0.0,0.18317414447665215,0.0
16.220164,"[62.436092376708984, 4.5, 0.0]","[77.91353607177734, 4.5, 0.0]",7.8770289421090345,8.056875228881836,8.06010155150143,0.4945755004884589,0.5013798475265503,15.470588684080797,0.17289495468051985,-0.3434658050524675,10.970588684080797,-0.17984628677280146,7.864499092102051,0.1797642707824707,15.4683837890625,True,0,8.044263362884521,8.056875228881836,0.4336357116699219,0.1736109831513525,0.2859927036936904,0.0005540332619523025,"StraightLane index=('>>>', '1S0_0_', 0)",True,12.278953552246094,0.0,2.2888183620005236e-05,"StraightLane index=('>>', '>>>', 0)",True,0.0,True,False,1.2856119871139526,0.2865467369556427,0.0,0.2865467369556427,True,0.0,0.0,0.1790917105972767,0.0,0.1790917105972767,0.0
16.240221,"[62.59343338012695, 4.5, 0.0]","[78.071533203125, 4.5, 0.0]",7.886920452118794,8.059989929199219,8.07013273399498,0.4945755004879704,0.5049768686294556,15.477443695067123,0.17984628677280146,0.3475666046140802,10.977443695067123,-0.17306947708042486,7.869890213012695,0.1797642707824707,15.4683837890625,True,0,8.049654483795166,8.059989929199219,0.4336357116699219,0.1736109831513525,0.2859927036936904,0.0005540332619523025,"StraightLane index=('>>>', '1S0_0_', 0)",True,12.436092376708984,0.0,2.2888183620005236e-05,"StraightLane index=('>>', '>>>', 0)",True,0.0,True,False,1.2856119871139526,0.2865467369556427,0.0,0.2865467369556427,True,0.0,0.0,0.1790917105972767,0.0,0.1790917105972767,0.0
16.259455,"[62.750972747802734, 4.5, 0.0]","[78.23787689208984, 4.5, 0.0]",7.896811962128568,8.076958656311035,8.079751410000608,0.49457550048872534,0.5052679777145386,15.478099822995851,0.17306947708042486,-0.33884048461882976,10.978099822995851,-0.18014669418246676,7.879966735839844,0.1797642707824707,15.4683837890625,True,0,8.059731006622314,8.076958656311035,0.4336357116699219,0.1736109831513525,0.2859927036936904,0.0005540332619523025,"StraightLane index=('>>>', '1S0_0_', 0)",True,12.593433380126953,0.0,3.0517578143044024e-05,"StraightLane index=('>>', '>>>', 0)",True,0.0,True,False,1.2856119871139526,0.2865467369556427,0.0,0.2865467369556427,True,0.0,0.0,0.1790917105972767,0.0,0.1790917105972767,0.0
16.280286,"[62.90871047973633, 4.5, 0.0]","[78.39940643310547, 4.5, 0.0]",7.906703472138332,8.080291748046875,8.0901611869951,0.49457550048819243,0.5040796995162964,15.486904144284912,0.18014669418246676,0.353860855102095,10.986904144284912,-0.17358827590854276,7.88991117477417,0.1797642707824707,15.4683837890625,True,0,8.06967544555664,8.080291748046875,0.4336357116699219,0.1736109831513525,0.2859927036936904,0.0005540332619523025,"StraightLane index=('>>>', '1S0_0_', 0)",True,12.750972747802734,0.0,3.0517578143044024e-05,"StraightLane index=('>>', '>>>', 0)",True,0.0,True,False,1.2856119871139526,0.2865467369556427,0.0,0.2865467369556427,True,0.0,0.0,0.1790917105972767,0.0,0.1790917105972767,0.0
16.299818,"[63.066646575927734, 4.5, 0.0]","[78.56108093261719, 4.5, 0.0]",7.9165949821480925,8.09697151184082,8.099931325489887,0.4945755004880148,0.5026390552520752,15.490695953366943,0.17358827590854276,-0.32792091369620024,10.990695953366943,-0.18037652969272777,7.899778366088867,0.1797642707824707,15.4683837890625,True,0,8.079542636871338,8.09697151184082,0.5693912506103516,0.17617857860757957,0.2934233229078526,-0.006876585952209913,"StraightLane index=('>>>', '1S0_0_', 0)",True,12.908710479736328,0.0,3.0517578143044024e-05,"StraightLane index=('>>', '>>>', 0)",True,0.0,True,False,1.2856119871139526,0.2865467369556427,0.0,0.2865467369556427,True,0.0,0.0,0.1790917105972767,0.0,0.1790917105972767,0.0
16.320075,"[63.22478103637695, 4.5, 0.0]","[78.72334289550781, 4.5, 0.0]",7.926713466645167,8.10364055633545,8.110058409994235,0.5059242248537377,0.49375057220458984,15.494434356687254,0.18037652969272777,0.33941268920925083,10.994434356687254,-0.17692708969028192,7.913860321044922,0.17358827590942383,15.49069595336914,True,0,8.087448596954346,8.10364055633545,0.5693912506103516,0.17617857860757957,0.2934233229078526,-0.00031137274877973686,"StraightLane index=('>>>', '1S0_0_', 0)",True,13.066646575927734,0.0,3.0517578143044024e-05,"StraightLane index=('>>', '>>>', 0)",True,0.0,True,False,1.2856119871139526,0.2931119501590729,0.0,0.2931119501590729,True,0.0,0.0,0.18319496884942055,0.0,0.18319496884942055,0.0
16.339605,"[63.383113861083984, 4.5, 0.0]","[78.8821792602539, 4.5, 0.0]",7.936831951142234,8.113414764404297,8.119822714000474,0.505924224853338,0.49840691685676575,15.49856185912866,0.17692708969028192,-0.17247200012229236,10.99856185912866,-0.17658281326206282,7.919286251068115,0.17358827590942383,15.49069595336914,True,0,8.092874526977539,8.113414764404297,0.5693912506103516,0.17617857860757957,0.2934233229078526,-0.00031137274877973686,"StraightLane index=('>>>', '1S0_0_', 0)",True,13.224781036376953,0.0,3.0517578143044024e-05,"StraightLane index=('>>', '>>>', 0)",True,0.0,True,False,1.2856119871139526,0.2931119501590729,0.0,0.2931119501590729,True,0.0,0.0,0.18319496884942055,0.0,0.18319496884942055,0.0
16.359876,"[63.541648864746094, 4.5, 0.0]","[79.04757690429688, 4.5, 0.0]",7.9469504356393,8.123594284057617,8.129961556990748,0.5059242248532936,0.5006365776062012,15.499065399167723,0.17658281326206282,-0.017213821410955177,10.999065399167723,-0.17664384841831726,7.929444789886475,0.17358827590942383,15.49069595336914,True,0,8.103033065795898,8.123594284057617,0.5693912506103516,0.17617857860757957,0.2934233229078526,-0.00031137274877973686,"StraightLane index=('>>>', '1S0_0_', 0)",True,13.383113861083984,0.0,3.0517578143044024e-05,"StraightLane index=('>>', '>>>', 0)",True,0.0,True,False,1.2856119871139526,0.2931119501590729,0.0,0.2931119501590729,True,0.0,0.0,0.18319496884942055,0.0,0.18319496884942055,0.0
16.380069,"[63.70038604736328, 4.5, 0.0]","[79.21085357666016, 4.5, 0.0]",7.957068920136397,8.133641242980957,8.140053547994468,0.5059242248548479,0.4955175518989563,15.50592803954858,0.17664384841831726,0.0030517578127220446,11.00592803954858,-0.17657232284456015,7.943903923034668,0.17358827590942383,15.49069595336914,True,0,8.117492198944092,8.133641242980957,0.5693912506103516,0.17617857860757957,0.2934233229078526,-0.00031137274877973686,"StraightLane index=('>>>', '1S0_0_', 0)",True,13.541648864746094,0.0,3.0517578143044024e-05,"StraightLane index=('>>', '>>>', 0)",True,0.0,True,False,1.2856119871139526,0.2931119501590729,0.0,0.2931119501590729,True,0.0,0.0,0.18319496884942055,0.0,0.18319496884942055,0.0
16.400025,"[63.85932159423828, 4.5, 0.0]","[79.3729248046875, 4.5, 0.0]",7.967187404633478,8.143614768981934,8.150031963002403,0.5059242248540485,0.49734917283058167,15.510467529294674,0.17657232284456015,-0.003576278687855705,11.010467529294674,-0.17642736434845574,7.954061508178711,0.17358827590942383,15.49069595336914,True,0,8.127649784088135,8.143614768981934,0.4664325714111328,0.17488586074621126,0.28956364757270747,0.003548302586365404,"StraightLane index=('>>>', '1S0_0_', 0)",True,13.700386047363281,0.0,3.0517578143044024e-05,"StraightLane index=('>>', '>>>', 0)",True,0.0,True,False,1.2856119871139526,0.2931119501590729,0.0,0.2931119501590729,True,0.0,0.0,0.18319496884942055,0.0,0.18319496884942055,0.0
16.420176,"[64.01846313476562, 4.5, 0.0]","[79.53665924072266, 4.5, 0.0]",7.9770846366891455,8.153648376464844,8.160106206999627,0.49486160278338076,0.5044375658035278,15.513603210447018,0.17642736434845574,-0.007247924805220407,11.013603210447018,-0.17656373977569828,7.959778308868408,0.17657232284545898,15.510467529296875,True,0,8.136350631713867,8.153648376464844,0.4664325714111328,0.17488586074621126,0.28956364757270747,-0.002858630482863722,"StraightLane index=('>>>', '1S0_0_', 0)",True,13.859321594238281,0.0,3.0517578143044024e-05,"StraightLane index=('>>', '>>>', 0)",True,0.0,True,False,1.2856119871139526,0.28670501708984375,0.0,0.28670501708984375,True,0.0,0.0,0.17919063568115234,0.0,0.17919063568115234,0.0
16.439786,"[64.17781066894531, 4.5, 0.0]","[79.69615173339844, 4.5, 0.0]",7.9869818687448255,8.163403511047363,8.169899515999715,0.4948616027840025,0.505516529083252,15.518196105954829,0.17656373977569828,0.006818771362127052,11.018196105954829,-0.17642164230253776,7.969956398010254,0.17657232284545898,15.510467529296875,True,0,8.146528720855713,8.163403511047363,0.4664325714111328,0.17488586074621126,0.28956364757270747,-0.002858630482863722,"StraightLane index=('>>>', '1S0_0_', 0)",True,14.018463134765625,0.0,3.0517578143044024e-05,"StraightLane index=('>>', '>>>', 0)",True,0.0,True,False,1.2816088199615479,0.28670501708984375,0.0,0.28670501708984375,True,0.0,0.0,0.17919063568115234,0.0,0.17919063568115234,0.0
16.459465,"[64.33734893798828, 4.5, 0.0]","[79.86273956298828, 4.5, 0.0]",7.996879100800492,8.173591613769531,8.179756701490259,0.49486160278333635,0.5055980086326599,15.518341064450922,0.17642164230253776,-0.007104873658025923,11.018341064450922,-0.176712512969039,7.980020999908447,0.17657232284545898,15.510467529296875,True,0,8.156593322753906,8.173591613769531,0.4664325714111328,0.17488586074621126,0.28956364757270747,-0.002858630482863722,"StraightLane index=('>>>', '1S0_0_', 0)",True,14.177810668945312,0.0,3.0517578143044024e-05,"StraightLane index=('>>', '>>>', 0)",True,0.0,True,False,1.2816088199615479,0.28670501708984375,0.0,0.28670501708984375,True,0.0,0.0,0.17919063568115234,0.0,0.17919063568115234,0.0
16.480451,"[64.49708557128906, 4.5, 0.0]","[80.02694702148438, 4.5, 0.0]",8.00677776336763,8.183634757995605,8.190232078998815,0.4949331283568892,0.5042406320571899,15.525390624997797,0.176712512969039,0.014543533325062086,11.025390624997797,-0.17685699462797544,7.98995304107666,0.17657232284545898,15.510467529296875,True,0,8.16652536392212,8.183634757995605,0.4664325714111328,0.17488586074621126,0.28956364757270747,-0.002858630482863722,"StraightLane index=('>>>', '1S0_0_', 0)",True,14.337348937988281,0.0,3.0517578143044024e-05,"StraightLane index=('>>', '>>>', 0)",True,0.0,True,False,1.2816088199615479,0.28670501708984375,0.0,0.28670501708984375,True,0.0,0.0,0.17919063568115234,0.0,0.17919063568115234,0.0
16.500122,"[64.65702056884766, 4.5, 0.0]","[80.19020080566406, 4.5, 0.0]",8.01667690277193,8.193619728088379,8.200081392994615,0.4949569702150214,0.4983777701854706,15.52986145019311,0.17685699462797544,0.007224082946821753,11.02986145019311,-0.17694282531644845,8.004385948181152,0.17657232284545898,15.510467529296875,True,0,8.180958271026611,8.193619728088379,0.5000495910644531,0.174899010358846,0.2899118468145375,-0.0032068297246937716,"StraightLane index=('>>>', '1S0_0_', 0)",True,14.497085571289062,0.0,3.0517578143044024e-05,"StraightLane index=('>>', '>>>', 0)",True,0.0,True,False,1.2816088199615479,0.28670501708984375,0.0,0.28670501708984375,True,0.0,0.0,0.17919063568115234,0.0,0.17919063568115234,0.0
16.52001,"[64.81715393066406, 4.5, 0.0]","[80.3547134399414, 4.5, 0.0]",8.026686668396929,8.203639030456545,8.210023946495493,0.5004882812499112,0.5003178715705872,15.533180236814202,0.17694282531644845,0.004291534423650489,11.033180236814202,-0.17695236205961606,8.009572982788086,0.17685699462890625,15.529861450195312,True,0,8.186429977416992,8.203639030456545,0.5000495910644531,0.174899010358846,0.2899118468145375,3.5062452311551695e-06,"StraightLane index=('>>>', '1S0_0_', 0)",True,14.657020568847656,0.0,3.0517578143044024e-05,"StraightLane index=('>>', '>>>', 0)",True,0.0,True,False,1.2816088199615479,0.2899153530597687,0.0,0.2899153530597687,True,0.0,0.0,0.18119709566235542,0.0,0.18119709566235542,0.0
16.540181,"[64.97748565673828, 4.5, 0.0]","[80.51944732666016, 4.5, 0.0]",8.036696434021911,8.213653564453125,8.220110112498514,0.5004882812491118,0.49391111731529236,15.53755950927514,0.17695236205961606,0.0004768371583807607,11.03755950927514,-0.17695713043121408,8.023823738098145,0.17685699462890625,15.529861450195312,True,0,8.20068073272705,8.213653564453125,0.5000495910644531,0.174899010358846,0.2899118468145375,3.5062452311551695e-06,"StraightLane index=('>>>', '1S0_0_', 0)",True,14.817153930664062,0.0,3.0517578143044024e-05,"StraightLane index=('>>', '>>>', 0)",True,0.0,True,False,1.2816088199615479,0.2899153530597687,0.0,0.2899153530597687,True,0.0,0.0,0.18119709566235542,0.0,0.18119709566235542,0.0
16.559407,"[65.13801574707031, 4.5, 0.0]","[80.6830062866211, 4.5, 0.0]",8.046706199646904,8.223596572875977,8.229729757501627,0.5004882812496447,0.5004720091819763,15.54196166991967,0.17695713043121408,0.00023841857990092308,11.04196166991967,-0.17689037322907275,8.029451370239258,0.17685699462890625,15.529861450195312,True,0,8.206308364868164,8.223596572875977,0.5000495910644531,0.174899010358846,0.2899118468145375,3.5062452311551695e-06,"StraightLane index=('>>>', '1S0_0_', 0)",True,14.977485656738281,0.0,3.0517578143044024e-05,"StraightLane index=('>>', '>>>', 0)",True,0.0,True,False,1.2816088199615479,0.2899153530597687,0.0,0.2899153530597687,True,0.0,0.0,0.18119709566235542,0.0,0.18119709566235542,0.0
16.580346,"[65.29875183105469, 4.5, 0.0]","[80.84771728515625, 4.5, 0.0]",8.056715965271895,8.233609199523926,8.240190434490795,0.5004882812495559,0.4953347444534302,15.544990539548575,0.17689037322907275,-0.0033378601070666036,11.044990539548575,-0.17689323425203085,8.043903350830078,0.17685699462890625,15.529861450195312,True,0,8.220760345458984,8.233609199523926,0.5000495910644531,0.174899010358846,0.2899118468145375,3.5062452311551695e-06,"StraightLane index=('>>>', '1S0_0_', 0)",True,15.138015747070312,0.0,3.0517578143044024e-05,"StraightLane index=('>>', '>>>', 0)",True,0.0,True,False,1.2816088199615479,0.2899153530597687,0.0,0.2899153530597687,True,0.0,0.0,0.18119709566235542,0.0,0.18119709566235542,0.0
16.602034,"[65.45968627929688, 4.5, 0.0]","[81.0091552734375, 4.5, 0.0]",8.066725730896893,8.243422508239746,8.251013443502597,0.5004882812499112,0.5008420944213867,15.548965454099356,0.17689323425203085,0.0001430511479050267,11.048965454099356,-0.17669677734285294,8.049433708190918,0.17685699462890625,15.529861450195312,True,0,8.226290702819824,8.243422508239746,0.4980278015136719,0.17484008237593993,0.28969298764879436,0.00022236541097431228,"StraightLane index=('>>>', '1S0_0_', 0)",True,15.298751831054688,0.0,3.0517578143044024e-05,"StraightLane index=('>>', '>>>', 0)",True,0.0,True,False,1.2816088199615479,0.2899153530597687,0.0,0.2899153530597687,True,0.0,0.0,0.18119709566235542,0.0,0.18119709566235542,0.0
16.620308,"[65.62081909179688, 4.5, 0.0]","[81.17815399169922, 4.5, 0.0]",8.076739311219175,8.253654479980469,8.260174452490173,0.5006790161140806,0.49965736269950867,15.549468994138419,0.17669677734285294,-0.009822845458895557,11.049468994138419,-0.17691516876129398,8.059289932250977,0.17685699462890625,15.529861450195312,True,0,8.236146926879883,8.253654479980469,0.4980278015136719,0.17484008237593993,0.28969298764879436,0.00037760570829181717,"StraightLane index=('>>>', '1S0_0_', 0)",True,15.459686279296875,0.0,3.0517578143044024e-05,"StraightLane index=('>>', '>>>', 0)",True,0.0,True,False,1.2816088199615479,0.2900705933570862,0.0,0.2900705933570862,True,0.0,0.0,0.18129412084817886,0.0,0.18129412084817886,0.0
16.640145,"[65.78215026855469, 4.5, 0.0]","[81.34375, 4.5, 0.0]",8.086752891541446,8.263660430908203,8.270092517999,0.5006790161135477,0.49848857522010803,15.557334899901102,0.17691516876129398,0.010919570922052202,11.057334899901102,-0.1769075393667574,8.069098472595215,0.1768932342529297,15.548965454101562,True,0,8.245991706848145,8.263660430908203,0.4980278015136719,0.17484008237593993,0.28969298764879436,0.00037760570829181717,"StraightLane index=('>>>', '1S0_0_', 0)",True,15.620819091796875,0.0,2.2888183620005236e-05,"StraightLane index=('>>', '>>>', 0)",True,0.0,True,False,1.2776284217834473,0.2900705933570862,0.0,0.2900705933570862,True,0.0,0.0,0.18129412084817886,0.0,0.18129412084817886,0.0
16.659549,"[65.94368743896484, 4.5, 0.0]","[81.50834655761719, 4.5, 0.0]",8.09676647186372,8.273605346679688,8.279794861492702,0.5006790161137253,0.501285970211029,15.56159973144407,0.1769075393667574,-0.0003814697268289535,11.06159973144407,-0.17683887481596727,8.079320907592773,0.1768932342529297,15.548965454101562,True,0,8.256214141845703,8.273605346679688,0.4980278015136719,0.17484008237593993,0.28969298764879436,0.00037760570829181717,"StraightLane index=('>>>', '1S0_0_', 0)",True,15.782150268554688,0.0,2.2888183620005236e-05,"StraightLane index=('>>', '>>>', 0)",True,0.0,True,False,1.2776284217834473,0.2900705933570862,0.0,0.2900705933570862,True,0.0,0.0,0.18129412084817886,0.0,0.18129412084817886,0.0
16.679884,"[66.10542297363281, 4.5, 0.0]","[81.67115783691406, 4.5, 0.0]",8.106780052185973,8.283442497253418,8.289960016499391,0.5006790161126595,0.5021189451217651,15.564659118651102,0.17683887481596727,-0.003433227539506589,11.064659118651102,-0.17666244506744455,8.089408874511719,0.1768932342529297,15.548965454101562,True,0,8.266302108764648,8.283442497253418,0.4980278015136719,0.17484008237593993,0.28969298764879436,0.00037760570829181717,"StraightLane index=('>>>', '1S0_0_', 0)",True,15.943687438964844,0.0,2.2888183620005236e-05,"StraightLane index=('>>', '>>>', 0)",True,0.0,True,False,1.2776284217834473,0.2900705933570862,0.0,0.2900705933570862,True,0.0,0.0,0.18129412084817886,0.0,0.18129412084817886,0.0
16.699749,"[66.2673568725586, 4.5, 0.0]","[81.83917999267578, 4.5, 0.0]",8.116793632508235,8.293595314025879,8.299897042498925,0.5006790161131036,0.5022326707839966,15.565734863279042,0.17666244506744455,-0.008821487426136088,11.065734863279042,-0.17680168151764342,8.099408149719238,0.1768932342529297,15.548965454101562,True,0,8.276301383972168,8.293595314025879,0.5017280578613281,0.17491655616349241,0.28983764914996063,0.00023294420712555164,"StraightLane index=('>>>', '1S0_0_', 0)",True,16.105422973632812,0.0,3.0517578143044024e-05,"StraightLane index=('>>', '>>>', 0)",True,0.0,True,False,1.2776284217834473,0.2900705933570862,0.0,0.2900705933570862,True,0.0,0.0,0.18129412084817886,0.0,0.18129412084817886,0.0
16.720002,"[66.42948913574219, 4.5, 0.0]","[82.00211334228516, 4.5, 0.0]",8.126807212830503,8.303399085998535,8.310020586493193,0.5006790161133701,0.5011030435562134,15.571823120114978,0.17680168151764342,0.006961822509943261,11.071823120114978,-0.17659187316803227,8.109298706054688,0.1768932342529297,15.548965454101562,True,0,8.286191940307617,8.303399085998535,0.5017280578613281,0.17491655616349241,0.28983764914996063,0.0002555641698178124,"StraightLane index=('>>>', '1S0_0_', 0)",True,16.267356872558594,0.0,3.0517578143044024e-05,"StraightLane index=('>>', '>>>', 0)",True,0.0,True,False,1.2776284217834473,0.29009321331977844,0.0,0.29009321331977844,True,0.0,0.0,0.18130825832486153,0.0,0.18130825832486153,0.0
16.740069,"[66.59182739257812, 4.5, 0.0]","[82.17057037353516, 4.5, 0.0]",8.136820793152788,8.316850662231445,8.320053788501538,0.5006790161142582,0.4998853802680969,15.572624206540759,0.17659187316803227,-0.010490417480557568,11.072624206540759,-0.18002986907865726,8.11913013458252,0.17666244506835938,15.56573486328125,True,0,8.295792579650879,8.316850662231445,0.5017280578613281,0.17491655616349241,0.28983764914996063,0.0002555641698178124,"StraightLane index=('>>>', '1S0_0_', 0)",True,16.429489135742188,0.0,3.0517578143044024e-05,"StraightLane index=('>>', '>>>', 0)",True,0.0,True,False,1.2776284217834473,0.29009321331977844,0.0,0.29009321331977844,True,0.0,0.0,0.18130825832486153,0.0,0.18130825832486153,0.0
16.758871,"[66.75436401367188, 4.5, 0.0]","[82.33421325683594, 4.5, 0.0]",8.146834373475068,8.320011138916017,8.329461092990822,0.5006790161139918,0.4999244809150696,15.578742980954821,0.18002986907865726,0.17189979553124957,11.078742980954821,-0.1731767654409495,8.134117126464844,0.17666244506835938,15.56573486328125,True,0,8.310779571533203,8.320011138916017,0.5017280578613281,0.17491655616349241,0.28983764914996063,0.0002555641698178124,"StraightLane index=('>>>', '1S0_0_', 0)",True,16.591827392578125,0.0,3.0517578143044024e-05,"StraightLane index=('>>', '>>>', 0)",True,0.0,True,False,1.2776284217834473,0.29009321331977844,0.0,0.29009321331977844,True,0.0,0.0,0.18130825832486153,0.0,0.18130825832486153,0.0
16.78007,"[66.91709899902344, 4.5, 0.0]","[82.50535583496094, 4.5, 0.0]",8.156847953797328,8.336958885192871,8.340052296002977,0.5006790161130148,0.5032333135604858,15.579849243161853,0.1731767654409495,-0.34265518188538735,11.079849243161853,-0.1801109313955429,8.139463424682617,0.17666244506835938,15.56573486328125,True,0,8.316125869750977,8.336958885192871,0.5017280578613281,0.17491655616349241,0.28983764914996063,0.0002555641698178124,"StraightLane index=('>>>', '1S0_0_', 0)",True,16.754364013671875,0.0,3.0517578143044024e-05,"StraightLane index=('>>', '>>>', 0)",True,0.0,True,False,1.2776284217834473,0.29009321331977844,0.0,0.29009321331977844,True,0.0,0.0,0.18130825832486153,0.0,0.18130825832486153,0.0
16.799768,"[67.08003234863281, 4.5, 0.0]","[82.6716079711914, 4.5, 0.0]",8.166861534119574,8.340274810791016,8.34990677050082,0.5006790161123043,0.5031636953353882,15.588256835935288,0.1801109313955429,0.3467082977296698,11.088256835935288,-0.17341327667144135,8.149465560913086,0.17666244506835938,15.56573486328125,True,0,8.326128005981445,8.340274810791016,0.4667949676513672,0.17376272441494103,0.2864813542513779,0.003611859068400558,"StraightLane index=('>>>', '1S0_0_', 0)",True,16.917098999023438,0.0,3.0517578143044024e-05,"StraightLane index=('>>', '>>>', 0)",True,0.0,True,False,1.2776284217834473,0.29009321331977844,0.0,0.29009321331977844,True,0.0,0.0,0.18130825832486153,0.0,0.18130825832486153,0.0
16.819547,"[67.24317169189453, 4.5, 0.0]","[82.83538818359375, 4.5, 0.0]",8.176867485047296,8.356739044189453,8.35979072698974,0.500297546386097,0.4955463409423828,15.591575622556382,0.17341327667144135,-0.3348827362050777,11.091575622556382,-0.1798715591421569,8.163710594177246,0.17666244506835938,15.56573486328125,True,0,8.340373039245605,8.356739044189453,0.4667949676513672,0.17376272441494103,0.2864813542513779,0.003389235720164474,"StraightLane index=('>>>', '1S0_0_', 0)",True,17.080032348632812,0.0,3.0517578143044024e-05,"StraightLane index=('>>', '>>>', 0)",True,0.0,True,False,1.2776284217834473,0.28987058997154236,0.0,0.28987058997154236,True,0.0,0.0,0.18116911873221397,0.0,0.18116911873221397,0.0
16.840813,"[67.40650939941406, 4.5, 0.0]","[83.00715637207031, 4.5, 0.0]",8.186873435975029,8.360326766967773,8.370425025498843,0.5002975463866299,0.5004516839981079,15.592216491697007,0.1798715591421569,0.322914123535778,11.092216491697007,-0.17345333099274463,8.169180870056152,0.17341327667236328,15.591575622558594,True,0,8.342594146728516,8.360326766967773,0.4667949676513672,0.17376272441494103,0.2864813542513779,0.003389235720164474,"StraightLane index=('>>>', '1S0_0_', 0)",True,17.24317169189453,0.0,3.0517578143044024e-05,"StraightLane index=('>>', '>>>', 0)",True,0.0,True,False,1.2732328176498413,0.28987058997154236,0.0,0.28987058997154236,True,0.0,0.0,0.18116911873221397,0.0,0.18116911873221397,0.0
16.859666,"[67.5700454711914, 4.5, 0.0]","[83.16956329345703, 4.5, 0.0]",8.196879386902758,8.376689910888672,8.379845404491062,0.5002975463864523,0.5029685497283936,15.600646972654037,0.17345333099274463,-0.3209114074706143,11.100646972654037,-0.17981052398591402,8.179411888122559,0.17341327667236328,15.591575622558594,True,0,8.352825164794922,8.376689910888672,0.4667949676513672,0.17376272441494103,0.2864813542513779,0.003389235720164474,"StraightLane index=('>>>', '1S0_0_', 0)",True,17.406509399414062,0.0,3.0517578143044024e-05,"StraightLane index=('>>', '>>>', 0)",True,0.0,True,False,1.2732328176498413,0.28987058997154236,0.0,0.28987058997154236,True,0.0,0.0,0.18116911873221397,0.0,0.18116911873221397,0.0
16.880356,"[67.73377990722656, 4.5, 0.0]","[83.3416519165039, 4.5, 0.0]",8.206885337830496,8.380295753479004,8.39019653099531,0.5002975463868964,0.5035000443458557,15.599517822263412,0.17981052398591402,0.3178596496584696,11.099517822263412,-0.17341041564850812,8.189499855041504,0.17341327667236328,15.591575622558594,True,0,8.362913131713867,8.380295753479004,0.4667949676513672,0.17376272441494103,0.2864813542513779,0.003389235720164474,"StraightLane index=('>>>', '1S0_0_', 0)",True,17.570045471191406,0.0,3.0517578143044024e-05,"StraightLane index=('>>', '>>>', 0)",True,0.0,True,False,1.2732328176498413,0.28987058997154236,0.0,0.28987058997154236,True,0.0,0.0,0.18116911873221397,0.0,0.18116911873221397,0.0
16.899292,"[67.89772033691406, 4.5, 0.0]","[83.50454711914062, 4.5, 0.0]",8.216891288758243,8.396689414978027,8.399670292495285,0.5002975463873405,0.49954330921173096,15.607872009275129,0.17341041564850812,-0.3200054168702948,11.107872009275129,-0.17979812621978475,8.204132080078125,0.17341327667236328,15.591575622558594,True,0,8.377545356750488,8.396689414978027,0.5641460418701172,0.17613156343890102,0.2930003454817611,-0.003129755510218768,"StraightLane index=('>>>', '1S0_0_', 0)",True,17.733779907226562,0.0,3.0517578143044024e-05,"StraightLane index=('>>', '>>>', 0)",True,0.0,True,False,1.2732328176498413,0.28987058997154236,0.0,0.28987058997154236,True,0.0,0.0,0.18116911873221397,0.0,0.18116911873221397,0.0
16.9201,"[68.06185913085938, 4.5, 0.0]","[83.67774200439453, 4.5, 0.0]",8.226786613465272,8.400319099426271,8.410071599489312,0.4947662353514737,0.5019060969352722,15.606826782224347,0.17979812621978475,0.3193855285638314,11.106826782224347,-0.17353248596099924,8.209375381469727,0.17341327667236328,15.591575622558594,True,0,8.38278865814209,8.400319099426271,0.5641460418701172,0.17613156343890102,0.2930003454817611,-0.006373827709086566,"StraightLane index=('>>>', '1S0_0_', 0)",True,17.897720336914062,0.0,3.0517578143044024e-05,"StraightLane index=('>>', '>>>', 0)",True,0.0,True,False,1.2732328176498413,0.28662651777267456,0.0,0.28662651777267456,True,0.0,0.0,0.1791415736079216,0.0,0.1791415736079216,0.0
16.940703,"[68.2261962890625, 4.5, 0.0]","[83.84217834472656, 4.5, 0.0]",8.236681938172298,8.416746139526367,8.420370725495742,0.49476623535129605,0.5004417896270752,15.615882873532941,0.17353248596099924,-0.3132820129392755,11.115882873532941,-0.1800642013540692,8.219196319580078,0.17979812622070312,15.606826782226562,True,0,8.398994445800781,8.416746139526367,0.5641460418701172,0.17613156343890102,0.2930003454817611,-0.006373827709086566,"StraightLane index=('>>>', '1S0_0_', 0)",True,18.061859130859375,0.0,3.0517578143044024e-05,"StraightLane index=('>>', '>>>', 0)",True,0.0,True,False,1.2732328176498413,0.28662651777267456,0.0,0.28662651777267456,True,0.0,0.0,0.1791415736079216,0.0,0.1791415736079216,0.0
16.959921,"[68.39073181152344, 4.5, 0.0]","[84.01398468017578, 4.5, 0.0]",8.246577262879326,8.42027473449707,8.429985632002353,0.49476623535138486,0.5029091238975525,15.615982055661847,0.1800642013540692,0.32658576965349795,11.115982055661847,-0.17369747161774463,8.229421615600586,0.17979812622070312,15.606826782226562,True,0,8.409219741821289,8.42027473449707,0.5641460418701172,0.17613156343890102,0.2930003454817611,-0.006373827709086566,"StraightLane index=('>>>', '1S0_0_', 0)",True,18.2261962890625,0.0,3.0517578143044024e-05,"StraightLane index=('>>', '>>>', 0)",True,0.0,True,False,1.2732328176498413,0.28662651777267456,0.0,0.28662651777267456,True,0.0,0.0,0.1791415736079216,0.0,0.1791415736079216,0.0
16.98047,"[68.55546569824219, 4.5, 0.0]","[84.18264770507812, 4.5, 0.0]",8.256472587586366,8.436952590942383,8.440255543991224,0.4947662353520066,0.5034090280532837,15.623252868650127,0.17369747161774463,-0.3183364868162286,11.123252868650127,-0.180480003356017,8.239505767822266,0.17979812622070312,15.606826782226562,True,0,8.419303894042969,8.436952590942383,0.5641460418701172,0.17613156343890102,0.2930003454817611,-0.006373827709086566,"StraightLane index=('>>>', '1S0_0_', 0)",True,18.390731811523438,0.0,3.0517578143044024e-05,"StraightLane index=('>>', '>>>', 0)",True,0.0,True,False,1.2732328176498413,0.28662651777267456,0.0,0.28662651777267456,True,0.0,0.0,0.1791415736079216,0.0,0.1791415736079216,0.0
16.999303,"[68.72039794921875, 4.5, 0.0]","[84.34668731689453, 4.5, 0.0]",8.266367912293394,8.440019607543945,8.449671914498321,0.49476623535138486,0.503207802772522,15.62718200683372,0.180480003356017,0.3391265869136184,11.12718200683372,-0.1736516952505518,8.249496459960938,0.17979812622070312,15.606826782226562,True,0,8.42929458618164,8.440019607543945,0.4333019256591797,0.1736839744930822,0.2865575764059409,6.8941366733688e-05,"StraightLane index=('>>>', '1S0_0_', 0)",True,18.555465698242188,0.0,3.0517578143044024e-05,"StraightLane index=('>>', '>>>', 0)",True,0.0,True,False,1.2732328176498413,0.28662651777267456,0.0,0.28662651777267456,True,0.0,0.0,0.1791415736079216,0.0,0.1791415736079216,0.0
17.020736,"[68.88552856445312, 4.5, 0.0]","[84.51651763916016, 4.5, 0.0]",8.276488304139107,8.45672607421875,8.460384763489127,0.5060195922856892,0.5017951726913452,15.626289367673564,0.1736516952505518,-0.34141540527325986,11.126289367673564,-0.1802377700796427,8.259374618530273,0.17979812622070312,15.606826782226562,True,0,8.439172744750977,8.45672607421875,0.4333019256591797,0.1736839744930822,0.2865575764059409,0.006563046228946823,"StraightLane index=('>>>', '1S0_0_', 0)",True,18.72039794921875,0.0,3.0517578143044024e-05,"StraightLane index=('>>', '>>>', 0)",True,0.0,True,False,1.2732328176498413,0.2931206226348877,0.0,0.2931206226348877,True,0.0,0.0,0.1832003891468048,0.0,0.1832003891468048,0.0
17.039837,"[69.05085754394531, 4.5, 0.0]","[84.68550109863281, 4.5, 0.0]",8.286608695984825,8.460027694702148,8.469938220997573,0.5060195922858668,0.4961412250995636,15.630989074704813,0.1802377700796427,0.3293037414545452,11.130989074704813,-0.1734189987173238,8.273756980895996,0.1804800033569336,15.627182006835938,True,0,8.45423698425293,8.460027694702148,0.4333019256591797,0.1736839744930822,0.2865575764059409,0.006563046228946823,"StraightLane index=('>>>', '1S0_0_', 0)",True,18.885528564453125,0.0,3.0517578143044024e-05,"StraightLane index=('>>', '>>>', 0)",True,0.0,True,False,1.2694509029388428,0.2931206226348877,0.0,0.2931206226348877,True,0.0,0.0,0.1832003891468048,0.0,0.1832003891468048,0.0
17.059778,"[69.21638488769531, 4.5, 0.0]","[84.8594741821289, 4.5, 0.0]",8.296729087830535,8.476960182189941,8.479911817997344,0.5060195922855115,0.502812385559082,15.634643554686251,0.1734189987173238,-0.3409385681159449,11.134643554686251,-0.18023109435940654,8.279417991638184,0.1804800033569336,15.627182006835938,True,0,8.459897994995117,8.476960182189941,0.4333019256591797,0.1736839744930822,0.2865575764059409,0.006563046228946823,"StraightLane index=('>>>', '1S0_0_', 0)",True,19.050857543945312,0.0,2.2888183620005236e-05,"StraightLane index=('>>', '>>>', 0)",True,0.0,True,False,1.2694509029388428,0.2931206226348877,0.0,0.2931206226348877,True,0.0,0.0,0.1832003891468048,0.0,0.1832003891468048,0.0
17.080669,"[69.38211822509766, 4.5, 0.0]","[85.02898406982422, 4.5, 0.0]",8.306849479676258,8.480293273925781,8.490350203998968,0.5060195922861332,0.4977002441883087,15.643089294432345,0.18023109435940654,0.3406047821041369,11.143089294432345,-0.17344379424952372,8.293944358825684,0.1804800033569336,15.627182006835938,True,0,8.474424362182617,8.480293273925781,0.4333019256591797,0.1736839744930822,0.2865575764059409,0.006563046228946823,"StraightLane index=('>>>', '1S0_0_', 0)",True,19.216384887695312,0.0,2.2888183620005236e-05,"StraightLane index=('>>', '>>>', 0)",True,0.0,True,False,1.2694509029388428,0.2931206226348877,0.0,0.2931206226348877,True,0.0,0.0,0.1832003891468048,0.0,0.1832003891468048,0.0
17.100193,"[69.54804992675781, 4.5, 0.0]","[85.1978759765625, 4.5, 0.0]",8.316969871521971,8.496925354003906,8.500117444862704,0.5060195922856892,0.4993728697299957,15.646865844725314,0.17344379424952372,-0.33936500549414106,11.146865844725314,-0.17995548248193494,8.304128646850586,0.1804800033569336,15.627182006835938,True,0,8.48460865020752,8.496925354003906,0.5690574645996094,0.17623258830476032,0.293203651918018,-8.302928313030922e-05,"StraightLane index=('>>>', '1S0_0_', 0)",True,19.382118225097656,0.0,2.2888183620005236e-05,"StraightLane index=('>>', '>>>', 0)",True,0.0,True,False,1.2694509029388428,0.2931206226348877,0.0,0.2931206226348877,True,0.0,0.0,0.1832003891468048,0.0,0.1832003891468048,0.0
17.120249,"[69.71418762207031, 4.5, 0.0]","[85.36885070800781, 4.5, 0.0]",8.327109336854006,8.50024700164795,8.510064276972878,0.5069732666017401,0.5017408728599548,15.649826049803439,0.17995548248193494,0.32558441162056084,11.149826049803439,-0.1731376647939431,8.309370040893555,0.1804800033569336,15.627182006835938,True,0,8.489850044250488,8.50024700164795,0.5690574645996094,0.17623258830476032,0.293203651918018,0.0004723965992091683,"StraightLane index=('>>>', '1S0_0_', 0)",True,19.548049926757812,0.0,2.2888183620005236e-05,"StraightLane index=('>>', '>>>', 0)",True,0.0,True,False,1.2694509029388428,0.2936760485172272,0.0,0.2936760485172272,True,0.0,0.0,0.18354753032326698,0.0,0.18354753032326698,0.0
17.141803,"[69.88052368164062, 4.5, 0.0]","[85.53964233398438, 4.5, 0.0]",8.33724880218602,8.516852378845215,8.520755577304959,0.5069732666006743,0.5002938508987427,15.65466308593528,0.1731376647939431,-0.3408908843995917,11.15466308593528,-0.17960357665919524,8.31919002532959,0.17344379425048828,15.646865844726562,True,0,8.492633819580078,8.516852378845215,0.5690574645996094,0.17623258830476032,0.293203651918018,0.0004723965992091683,"StraightLane index=('>>>', '1S0_0_', 0)",True,19.714187622070312,0.0,3.0517578143044024e-05,"StraightLane index=('>>', '>>>', 0)",True,0.0,True,False,1.2694509029388428,0.2936760485172272,0.0,0.2936760485172272,True,0.0,0.0,0.18354753032326698,0.0,0.18354753032326698,0.0
17.159381,"[70.04706573486328, 4.5, 0.0]","[85.70944213867188, 4.5, 0.0]",8.34738826751821,8.520063400268555,8.529478584969043,0.5069732666095561,0.5000669360160828,15.659118652341528,0.17960357665919524,0.32329559326260693,11.159118652341528,-0.17267513275034396,8.334157943725586,0.17344379425048828,15.646865844726562,True,0,8.507601737976074,8.520063400268555,0.5690574645996094,0.17623258830476032,0.293203651918018,0.0004723965992091683,"StraightLane index=('>>>', '1S0_0_', 0)",True,19.880523681640625,0.0,3.0517578143044024e-05,"StraightLane index=('>>', '>>>', 0)",True,0.0,True,False,1.2694509029388428,0.2936760485172272,0.0,0.2936760485172272,True,0.0,0.0,0.18354753032326698,0.0,0.18354753032326698,0.0
17.180291,"[70.21381378173828, 4.5, 0.0]","[85.88009643554688, 4.5, 0.0]",8.357527732850368,8.536661148071289,8.539842315009423,0.5069732666078686,0.497686505317688,15.662376403806372,0.17267513275034396,-0.3464221954425639,11.162376403806372,-0.17913341522092097,8.343941688537598,0.17344379425048828,15.646865844726562,True,0,8.517385482788086,8.536661148071289,0.5690574645996094,0.17623258830476032,0.293203651918018,0.0004723965992091683,"StraightLane index=('>>>', '1S0_0_', 0)",True,20.04706573486328,0.0,3.0517578143044024e-05,"StraightLane index=('>>', '>>>', 0)",True,0.0,True,False,1.2694509029388428,0.2936760485172272,0.0,0.2936760485172272,True,0.0,0.0,0.18354753032326698,0.0,0.18354753032326698,0.0
17.199692,"[70.3807601928711, 4.5, 0.0]","[86.05008697509766, 4.5, 0.0]",8.36766719818249,8.539883613586426,8.5494700415452,0.5069732666060922,0.5031291842460632,15.666282653806372,0.17913341522092097,0.3229141235288502,11.166282653806372,-0.17221641540393584,8.34949016571045,0.17344379425048828,15.646865844726562,True,0,8.522933959960938,8.539883613586426,0.4295825958251953,0.17364472032816614,0.28558539034072444,0.00809065817650273,"StraightLane index=('>>>', '1S0_0_', 0)",True,20.21381378173828,0.0,3.0517578143044024e-05,"StraightLane index=('>>', '>>>', 0)",True,0.0,True,False,1.2694509029388428,0.2936760485172272,0.0,0.2936760485172272,True,0.0,0.0,0.18354753032326698,0.0,0.18354753032326698,0.0
17.219984,"[70.54791259765625, 4.5, 0.0]","[86.21778869628906, 4.5, 0.0]",8.37755870819231,8.556082725524902,8.559248872164684,0.4945755004910346,0.5063472390174866,15.669326782224339,0.17221641540393584,-0.3458499908492563,11.169326782224339,-0.1785240173325917,8.35985279083252,0.17913341522216797,15.666282653808594,True,0,8.538986206054688,8.556082725524902,0.4295825958251953,0.17364472032816614,0.28558539034072444,0.0009174477940411818,"StraightLane index=('>>>', '1S0_0_', 0)",True,20.380760192871094,0.0,3.0517578143044024e-05,"StraightLane index=('>>', '>>>', 0)",True,0.0,True,False,1.2656059265136719,0.2865028381347656,0.0,0.2865028381347656,True,0.0,0.0,0.17906427383422852,0.0,0.17906427383422852,0.0
17.239842,"[70.71526336669922, 4.5, 0.0]","[86.38953399658203, 4.5, 0.0]",8.387450218202124,8.562403678894045,8.568821049473701,0.49457550049067933,0.5071707367897034,15.669876098630589,0.1785240173325917,0.3153800964327935,11.169876098630589,-0.17495346069192053,8.370040893554688,0.17913341522216797,15.666282653808594,True,0,8.549174308776855,8.562403678894045,0.4295825958251953,0.17364472032816614,0.28558539034072444,0.0009174477940411818,"StraightLane index=('>>>', '1S0_0_', 0)",True,20.54791259765625,0.0,3.0517578143044024e-05,"StraightLane index=('>>', '>>>', 0)",True,0.0,True,False,1.2656059265136719,0.2865028381347656,0.0,0.2865028381347656,True,0.0,0.0,0.17906427383422852,0.0,0.17906427383422852,0.0
17.259377,"[70.8828125, 4.5, 0.0]","[86.56036376953125, 4.5, 0.0]",8.397341728211922,8.568673133850098,8.578242482225049,0.49457550048987997,0.5069702863693237,15.674270629880589,0.17495346069192053,-0.17852783203355926,11.174270629880589,-0.17133140563817584,8.380106925964355,0.17913341522216797,15.666282653808594,True,0,8.559240341186523,8.568673133850098,0.4295825958251953,0.17364472032816614,0.28558539034072444,0.0009174477940411818,"StraightLane index=('>>>', '1S0_0_', 0)",True,20.71526336669922,0.0,3.0517578143044024e-05,"StraightLane index=('>>', '>>>', 0)",True,0.0,True,False,1.2656059265136719,0.2865028381347656,0.0,0.2865028381347656,True,0.0,0.0,0.17906427383422852,0.0,0.17906427383422852,0.0
17.280349,"[71.0505599975586, 4.5, 0.0]","[86.73649597167969, 4.5, 0.0]",8.40723323822171,8.585243225097656,8.58833611893612,0.4945755004894359,0.49881765246391296,15.677551269529026,0.17133140563817584,-0.18110275268723441,11.177551269529026,-0.1780099868759457,8.394405364990234,0.17913341522216797,15.666282653808594,True,0,8.573538780212402,8.585243225097656,0.4295825958251953,0.17364472032816614,0.28558539034072444,0.0009174477940411818,"StraightLane index=('>>>', '1S0_0_', 0)",True,20.8828125,0.0,3.0517578143044024e-05,"StraightLane index=('>>', '>>>', 0)",True,0.0,True,False,1.2656059265136719,0.2865028381347656,0.0,0.2865028381347656,True,0.0,0.0,0.17906427383422852,0.0,0.17906427383422852,0.0
17.299933,"[71.218505859375, 4.5, 0.0]","[86.90753173828125, 4.5, 0.0]",8.417124748231492,8.588191032409668,8.597787712856707,0.4945755004890806,0.49907469749450684,15.685935974118868,0.1780099868759457,0.3339290618884938,11.185935974118868,-0.17106628417817582,8.40445613861084,0.17913341522216797,15.666282653808594,True,0,8.583589553833008,8.588191032409668,0.4830741882324219,0.1731878448834843,0.28438092959929856,0.0021219085354670653,"StraightLane index=('>>>', '1S0_0_', 0)",True,21.050559997558594,0.0,3.0517578143044024e-05,"StraightLane index=('>>', '>>>', 0)",True,0.0,True,False,1.2656059265136719,0.2865028381347656,0.0,0.2865028381347656,True,0.0,0.0,0.17906427383422852,0.0,0.17906427383422852,0.0
17.320259,"[71.38665008544922, 4.5, 0.0]","[87.08010864257812, 4.5, 0.0]",8.427218437196151,8.604077339172363,8.606935175950941,0.5046844482329504,0.5025426149368286,15.689025878904024,0.17106628417817582,-0.3471851348884947,11.189025878904024,-0.17685890197621212,8.414865493774414,0.1780099868774414,15.685935974121094,True,0,8.592875480651855,8.604077339172363,0.4830741882324219,0.1731878448834843,0.28438092959929856,0.008050305714116968,"StraightLane index=('>>>', '1S0_0_', 0)",True,21.218505859375,0.0,3.0517578143044024e-05,"StraightLane index=('>>', '>>>', 0)",True,0.0,True,False,1.2656059265136719,0.2924312353134155,0.0,0.2924312353134155,True,0.0,0.0,0.1827695220708847,0.0,0.1827695220708847,0.0
17.341991,"[71.55499267578125, 4.5, 0.0]","[87.2505874633789, 4.5, 0.0]",8.437312126160885,8.606308937072754,8.616715688344568,0.5046844482366808,0.49966204166412354,15.693458557126679,0.17685890197621212,0.2896308899018152,11.193458557126679,-0.16899681091186913,8.424644470214844,0.1780099868774414,15.685935974121094,True,0,8.602654457092285,8.606308937072754,0.4830741882324219,0.1731878448834843,0.28438092959929856,0.008050305714116968,"StraightLane index=('>>>', '1S0_0_', 0)",True,21.38665008544922,0.0,3.0517578143044024e-05,"StraightLane index=('>>', '>>>', 0)",True,0.0,True,False,1.2656059265136719,0.2924312353134155,0.0,0.2924312353134155,True,0.0,0.0,0.1827695220708847,0.0,0.1827695220708847,0.0
17.359759,"[71.7235336303711, 4.5, 0.0]","[87.4239730834961, 4.5, 0.0]",8.447405815125652,8.622028350830078,8.624713415051822,0.5046844482383683,0.5048624277114868,15.695594787595429,0.16899681091186913,-0.39310455321714954,11.195594787595429,-0.17462253570442599,8.43018627166748,0.1780099868774414,15.685935974121094,True,0,8.608196258544922,8.622028350830078,0.4830741882324219,0.1731878448834843,0.28438092959929856,0.008050305714116968,"StraightLane index=('>>>', '1S0_0_', 0)",True,21.55499267578125,0.0,3.0517578143044024e-05,"StraightLane index=('>>', '>>>', 0)",True,0.0,True,False,1.2656059265136719,0.2924312353134155,0.0,0.2924312353134155,True,0.0,0.0,0.1827695220708847,0.0,0.1827695220708847,0.0
17.380291,"[71.89228057861328, 4.5, 0.0]","[87.59716796875, 4.5, 0.0]",8.457499504090435,8.624401092529297,8.633947169798496,0.5046844482391677,0.49648189544677734,15.700439453122772,0.17462253570442599,0.2812862396278426,11.200439453122772,-0.16690158843886138,8.4443941116333,0.1780099868774414,15.685935974121094,True,0,8.622404098510742,8.624401092529297,0.4830741882324219,0.1731878448834843,0.28438092959929856,0.008050305714116968,"StraightLane index=('>>>', '1S0_0_', 0)",True,21.723533630371094,0.0,3.0517578143044024e-05,"StraightLane index=('>>', '>>>', 0)",True,0.0,True,False,1.2656059265136719,0.2924312353134155,0.0,0.2924312353134155,True,0.0,0.0,0.1827695220708847,0.0,0.1827695220708847,0.0
17.40009,"[72.06122589111328, 4.5, 0.0]","[87.7695083618164, 4.5, 0.0]",8.46759319305522,8.640066146850586,8.642844874362677,0.5046844482392565,0.49680954217910767,15.704887390134491,0.16690158843886138,-0.3860473632782302,11.204887390134491,-0.1724729537953653,8.454405784606934,0.1780099868774414,15.685935974121094,True,0,8.632415771484375,8.640066146850586,0.5187511444091797,0.17402535044945716,0.28613277041644464,0.00629846489697089,"StraightLane index=('>>>', '1S0_0_', 0)",True,21.89228057861328,0.0,3.0517578143044024e-05,"StraightLane index=('>>', '>>>', 0)",True,0.0,True,False,1.2656059265136719,0.2924312353134155,0.0,0.2924312353134155,True,0.0,0.0,0.1827695220708847,0.0,0.1827695220708847,0.0
17.421111,"[72.23037719726562, 4.5, 0.0]","[87.94314575195312, 4.5, 0.0]",8.477644920350118,8.641661643981935,8.651152997846406,0.5025863647448503,0.500465452671051,15.708282470700896,0.1724729537953653,0.2785682678251966,11.208282470700896,-0.16401672363181774,8.464790344238281,0.1780099868774414,15.685935974121094,True,0,8.642800331115723,8.641661643981935,0.5187511444091797,0.17402535044945716,0.28613277041644464,0.00505797302990546,"StraightLane index=('>>>', '1S0_0_', 0)",True,22.06122589111328,0.0,3.0517578143044024e-05,"StraightLane index=('>>', '>>>', 0)",True,0.0,True,False,1.2656059265136719,0.2911907434463501,0.0,0.2911907434463501,True,0.0,0.0,0.1819942146539688,0.0,0.1819942146539688,0.0
17.440389,"[72.39972686767578, 4.5, 0.0]","[88.11638641357422, 4.5, 0.0]",8.48769664764502,8.656229019165039,8.658765770037176,0.5025863647451168,0.5035780072212219,15.71276855468527,0.16401672363181774,-0.42281150817737867,11.21276855468527,-0.1685323715200191,8.470121383666992,0.1669015884399414,15.704887390136719,True,0,8.637022972106934,8.656229019165039,0.5187511444091797,0.17402535044945716,0.28613277041644464,0.00505797302990546,"StraightLane index=('>>>', '1S0_0_', 0)",True,22.230377197265625,0.0,3.0517578143044024e-05,"StraightLane index=('>>', '>>>', 0)",True,0.0,True,False,1.2614083290100098,0.2911907434463501,0.0,0.2911907434463501,True,0.0,0.0,0.1819942146539688,0.0,0.1819942146539688,0.0
17.459826,"[72.56928253173828, 4.5, 0.0]","[88.28409576416016, 4.5, 0.0]",8.497748374939935,8.657208442687988,8.66644832175098,0.5025863647457385,0.5031902194023132,15.716659545896208,0.1685323715200191,0.22578239441006787,11.216659545896208,-0.15946006774805355,8.480094909667969,0.1669015884399414,15.704887390136719,True,0,8.64699649810791,8.657208442687988,0.5187511444091797,0.17402535044945716,0.28613277041644464,0.00505797302990546,"StraightLane index=('>>>', '1S0_0_', 0)",True,22.39972686767578,0.0,3.0517578143044024e-05,"StraightLane index=('>>', '>>>', 0)",True,0.0,True,False,1.2614083290100098,0.2911907434463501,0.0,0.2911907434463501,True,0.0,0.0,0.1819942146539688,0.0,0.1819942146539688,0.0
17.480775,"[72.7390365600586, 4.5, 0.0]","[88.4626235961914, 4.5, 0.0]",8.507800102234844,8.672017097473145,8.674698285433301,0.502586364745472,0.503678560256958,15.714813232419646,0.15946006774805355,-0.45361518859827754,11.214813232419646,-0.16421699523830036,8.495234489440918,0.1669015884399414,15.704887390136719,True,0,8.66213607788086,8.672017097473145,0.5187511444091797,0.17402535044945716,0.28613277041644464,0.00505797302990546,"StraightLane index=('>>>', '1S0_0_', 0)",True,22.56928253173828,0.0,3.0517578143044024e-05,"StraightLane index=('>>', '>>>', 0)",True,0.0,True,False,1.2614083290100098,0.2911907434463501,0.0,0.2911907434463501,True,0.0,0.0,0.1819942146539688,0.0,0.1819942146539688,0.0
17.499873,"[72.90898895263672, 4.5, 0.0]","[88.63545989990234, 4.5, 0.0]",8.517851829529757,8.673230171203613,8.682267373395339,0.5025863647456497,0.5013434886932373,15.723587036130581,0.16421699523830036,0.23784637451234047,11.223587036130581,-0.1553783416738561,8.505095481872559,0.1669015884399414,15.704887390136719,True,0,8.6719970703125,8.673230171203613,0.33164024353027344,0.16823022392807102,0.2692261460160775,0.02196459743027257,"StraightLane index=('>>>', '1S0_0_', 0)",True,22.739036560058594,0.0,3.0517578143044024e-05,"StraightLane index=('>>', '>>>', 0)",True,0.0,True,False,1.2614083290100098,0.2911907434463501,0.0,0.2911907434463501,True,0.0,0.0,0.1819942146539688,0.0,0.1819942146539688,0.0
17.520206,"[73.07914733886719, 4.5, 0.0]","[88.80941009521484, 4.5, 0.0]",8.52752590179538,8.686789512634277,8.688804080893005,0.4837036132811612,0.5028332471847534,15.726470947263394,0.1553783416738561,-0.44193267822221216,11.226470947263394,-0.15926361083889695,8.515332221984863,0.1669015884399414,15.704887390136719,True,0,8.682233810424805,8.686789512634277,0.33164024353027344,0.16823022392807102,0.2692261460160775,0.011049169030232897,"StraightLane index=('>>>', '1S0_0_', 0)",True,22.90898895263672,0.0,3.0517578143044024e-05,"StraightLane index=('>>', '>>>', 0)",True,0.0,True,False,1.2614083290100098,0.2802753150463104,0.0,0.2802753150463104,True,0.0,0.0,0.17517207190394402,0.0,0.17517207190394402,0.0
17.539912,"[73.24950408935547, 4.5, 0.0]","[88.98359680175781, 4.5, 0.0]",8.537199974061007,8.68656921386719,8.695166712987538,0.4837036132813388,0.4985308051109314,15.730262756345425,0.15926361083889695,0.19426345825204194,11.230262756345425,-0.1493692398061821,8.5249605178833,0.1642169952392578,15.723587036132812,True,0,8.689177513122559,8.68656921386719,0.33164024353027344,0.16823022392807102,0.2692261460160775,0.011049169030232897,"StraightLane index=('>>>', '1S0_0_', 0)",True,23.079147338867188,0.0,3.0517578143044024e-05,"StraightLane index=('>>', '>>>', 0)",True,0.0,True,False,1.2614083290100098,0.2802753150463104,0.0,0.2802753150463104,True,0.0,0.0,0.17517207190394402,0.0,0.17517207190394402,0.0
17.559161,"[73.42005157470703, 4.5, 0.0]","[89.1522216796875, 4.5, 0.0]",8.546874046326634,8.699480056762695,8.701365898202534,0.4837036132813388,0.5032058358192444,15.73409271240011,0.1493692398061821,-0.4947185516357422,11.23409271240011,-0.15260601043606137,8.530435562133789,0.1642169952392578,15.723587036132812,True,0,8.694652557373047,8.699480056762695,0.33164024353027344,0.16823022392807102,0.2692261460160775,0.011049169030232897,"StraightLane index=('>>>', '1S0_0_', 0)",True,23.24950408935547,0.0,3.0517578143044024e-05,"StraightLane index=('>>', '>>>', 0)",True,0.0,True,False,1.2614083290100098,0.2802753150463104,0.0,0.2802753150463104,True,0.0,0.0,0.17517207190394402,0.0,0.17517207190394402,0.0
17.579936,"[73.5907974243164, 4.5, 0.0]","[89.32653045654297, 4.5, 0.0]",8.55654811859226,8.699264526367188,8.708050847469782,0.4837036132813388,0.500629723072052,15.732170104978236,0.15260601043606137,0.161838531493963,11.232170104978236,-0.14271640777492678,8.540185928344727,0.1642169952392578,15.723587036132812,True,0,8.704402923583984,8.699264526367188,0.33164024353027344,0.16823022392807102,0.2692261460160775,0.011049169030232897,"StraightLane index=('>>>', '1S0_0_', 0)",True,23.42005157470703,0.0,3.0517578143044024e-05,"StraightLane index=('>>', '>>>', 0)",True,0.0,True,False,1.2614083290100098,0.2802753150463104,0.0,0.2802753150463104,True,0.0,0.0,0.17517207190394402,0.0,0.17517207190394402,0.0
17.600526,"[73.76173400878906, 4.5, 0.0]","[89.50382232666016, 4.5, 0.0]",8.566222190857896,8.712495803833008,8.714630476565985,0.4837036132817829,0.49841415882110596,15.73573303222433,0.14271640777492678,-0.49448013305672944,11.23573303222433,-0.14627361297511143,8.549898147583008,0.1642169952392578,15.723587036132812,True,0,8.714115142822266,8.712495803833008,0.3926563262939453,0.165150172955552,0.26022802138937445,0.02004729365693597,"StraightLane index=('>>>', '1S0_0_', 0)",True,23.590797424316406,0.0,3.0517578143044024e-05,"StraightLane index=('>>', '>>>', 0)",True,0.0,True,False,1.2614083290100098,0.2802753150463104,0.0,0.2802753150463104,True,0.0,0.0,0.17517207190394402,0.0,0.17517207190394402,0.0
17.621102,"[73.932861328125, 4.5, 0.0]","[89.6774673461914, 4.5, 0.0]",8.575808525086417,8.71100902557373,8.719405384564492,0.4793167114260477,0.489227831363678,15.742088317869838,0.14627361297511143,0.17786026000923272,11.242088317869838,-0.13520050048731314,8.563817024230957,0.1427164077758789,15.735733032226562,True,0,8.706533432006836,8.71100902557373,0.3926563262939453,0.165150172955552,0.26022802138937445,0.017446176761260312,"StraightLane index=('>>>', '1S0_0_', 0)",True,23.761734008789062,0.0,2.2888183620005236e-05,"StraightLane index=('>>', '>>>', 0)",True,0.0,True,False,1.2576178312301636,0.27767419815063477,0.0,0.27767419815063477,True,0.0,0.0,0.17354637384414673,0.0,0.17354637384414673,0.0
17.640068,"[74.10418701171875, 4.5, 0.0]","[89.85462188720703, 4.5, 0.0]",8.585394859314937,8.722387313842773,8.72380544506032,0.4793167114259589,0.49395596981048584,15.744606018065149,0.13520050048731314,-0.5536556243899149,11.244606018065149,-0.13699245452783693,8.569205284118652,0.1427164077758789,15.735733032226562,True,0,8.711921691894531,8.722387313842773,0.3926563262939453,0.165150172955552,0.26022802138937445,0.017446176761260312,"StraightLane index=('>>>', '1S0_0_', 0)",True,23.932861328125,0.0,2.2888183620005236e-05,"StraightLane index=('>>', '>>>', 0)",True,0.0,True,False,1.2576178312301636,0.27767419815063477,0.0,0.27767419815063477,True,0.0,0.0,0.17354637384414673,0.0,0.17354637384414673,0.0
17.659656,"[74.27570343017578, 4.5, 0.0]","[90.02806854248047, 4.5, 0.0]",8.59498119354362,8.723664283752441,8.728352411208395,0.4793167114341301,0.4918953478336334,15.750434875487024,0.13699245452783693,0.08959770202618955,11.250434875487024,-0.1286830902088223,8.578825950622559,0.1427164077758789,15.735733032226562,True,0,8.721542358398438,8.723664283752441,0.3926563262939453,0.165150172955552,0.26022802138937445,0.017446176761260312,"StraightLane index=('>>>', '1S0_0_', 0)",True,24.10418701171875,0.0,2.2888183620005236e-05,"StraightLane index=('>>', '>>>', 0)",True,0.0,True,False,1.2576178312301636,0.27767419815063477,0.0,0.27767419815063477,True,0.0,0.0,0.17354637384414673,0.0,0.17354637384414673,0.0
17.680251,"[74.4474105834961, 4.5, 0.0]","[90.20311737060547, 4.5, 0.0]",8.604567527772447,8.728318214416504,8.733127591808978,0.4793167114414132,0.4905773103237152,15.752365112301197,0.1286830902088223,-0.4154682159507317,11.252365112301197,-0.12375068664405653,8.588461875915527,0.1427164077758789,15.735733032226562,True,0,8.731178283691406,8.728318214416504,0.3926563262939453,0.165150172955552,0.26022802138937445,0.017446176761260312,"StraightLane index=('>>>', '1S0_0_', 0)",True,24.27570343017578,0.0,3.814697266608281e-05,"StraightLane index=('>>', '>>>', 0)",True,0.0,True,False,1.2576178312301636,0.27767419815063477,0.0,0.27767419815063477,True,0.0,0.0,0.17354637384414673,0.0,0.17354637384414673,0.0
17.70016,"[74.61930847167969, 4.5, 0.0]","[90.37718963623047, 4.5, 0.0]",8.614153862001398,8.732946395874023,8.737725909520394,0.4793167114475416,0.4831013083457947,15.75570678710253,0.12375068664405653,-0.2466201782382882,11.25570678710253,-0.11879253387262523,8.602341651916504,0.1427164077758789,15.735733032226562,True,0,8.745058059692383,8.732946395874023,0.20450592041015625,0.1557928628743523,0.23300800989155868,0.04466618825907609,"StraightLane index=('>>>', '1S0_0_', 0)",True,24.447410583496094,0.0,5.340576171216038e-05,"StraightLane index=('>>', '>>>', 0)",True,0.0,True,False,1.2576178312301636,0.27767419815063477,0.0,0.27767419815063477,True,0.0,0.0,0.17354637384414673,0.0,0.17354637384414673,0.0
17.719623,"[74.79139709472656, 4.5, 0.0]","[90.5482406616211, 4.5, 0.0]",8.622984886171643,8.736115455627441,8.740254664058028,0.4415512085122586,0.4884334206581116,15.757881164545752,0.11879253387262523,-0.24790763857156506,11.257881164545752,-0.11313056945579802,8.607732772827148,0.12375068664550781,15.755706787109375,True,0,8.731483459472656,8.736115455627441,0.20450592041015625,0.1557928628743523,0.23300800989155868,0.022846030492733926,"StraightLane index=('>>>', '1S0_0_', 0)",True,24.619308471679688,0.0,4.5776367189121594e-05,"StraightLane index=('>>', '>>>', 0)",True,0.0,True,False,1.2576178312301636,0.2558540403842926,0.0,0.2558540403842926,True,0.0,0.0,0.15990877524018288,0.0,0.15990877524018288,0.0
17.740347,"[74.96367645263672, 4.5, 0.0]","[90.72742462158203, 4.5, 0.0]",8.6318159103418,8.738779067993164,8.74295070948794,0.4415512085078177,0.48177897930145264,15.756843566889502,0.11313056945579802,-0.28309822084136016,11.256843566889502,-0.10696315765136433,8.621642112731934,0.12375068664550781,15.755706787109375,True,0,8.745392799377441,8.738779067993164,0.20450592041015625,0.1557928628743523,0.23300800989155868,0.022846030492733926,"StraightLane index=('>>>', '1S0_0_', 0)",True,24.791397094726562,0.0,4.5776367189121594e-05,"StraightLane index=('>>', '>>>', 0)",True,0.0,True,False,1.2576178312301636,0.2558540403842926,0.0,0.2558540403842926,True,0.0,0.0,0.15990877524018288,0.0,0.15990877524018288,0.0
17.759096,"[75.13613891601562, 4.5, 0.0]","[90.89697265625, 4.5, 0.0]",8.640646934511937,8.741299629211426,8.745384619147389,0.4415512085068407,0.48274052143096924,15.76374816894028,0.10696315765136433,-0.3083705902216849,11.26374816894028,-0.10065269469948923,8.626561164855957,0.12375068664550781,15.755706787109375,True,0,8.750311851501465,8.741299629211426,0.20450592041015625,0.1557928628743523,0.23300800989155868,0.022846030492733926,"StraightLane index=('>>>', '1S0_0_', 0)",True,24.96367645263672,0.0,4.5776367189121594e-05,"StraightLane index=('>>', '>>>', 0)",True,0.0,True,False,1.2576178312301636,0.2558540403842926,0.0,0.2558540403842926,True,0.0,0.0,0.15990877524018288,0.0,0.15990877524018288,0.0
17.780358,"[75.30877685546875, 4.5, 0.0]","[91.07698822021484, 4.5, 0.0]",8.649477958682025,8.743975639343262,8.748151486108709,0.4415512085044426,0.47541120648384094,15.760833740229344,0.10065269469948923,-0.31552314759375477,11.260833740229344,-0.09449768066123632,8.635375022888184,0.12375068664550781,15.755706787109375,True,0,8.759125709533691,8.743975639343262,0.20450592041015625,0.1557928628743523,0.23300800989155868,0.022846030492733926,"StraightLane index=('>>>', '1S0_0_', 0)",True,25.136138916015625,0.0,4.5776367189121594e-05,"StraightLane index=('>>', '>>>', 0)",True,0.0,True,False,1.2576178312301636,0.2558540403842926,0.0,0.2558540403842926,True,0.0,0.0,0.15990877524018288,0.0,0.15990877524018288,0.0
17.79991,"[75.4815902709961, 4.5, 0.0]","[91.2515869140625, 4.5, 0.0]",8.658308982851786,8.74657154083252,8.750690270540526,0.4415512084880113,0.47135648131370544,15.768211364741061,0.09449768066123632,-0.30775070191264575,11.268211364741061,-0.0882625579807339,8.644377708435059,0.12375068664550781,15.755706787109375,True,0,8.768128395080566,8.74657154083252,0.13625144958496094,0.1449823773223907,0.20235304000986773,0.05350100037442487,"StraightLane index=('>>>', '1S0_0_', 0)",True,25.30877685546875,0.0,4.5776367189121594e-05,"StraightLane index=('>>', '>>>', 0)",True,0.0,True,False,1.2576178312301636,0.2558540403842926,0.0,0.2558540403842926,True,0.0,0.0,0.15990877524018288,0.0,0.15990877524018288,0.0
17.820132,"[75.65457916259766, 4.5, 0.0]","[91.42488098144531, 4.5, 0.0]",8.666483879091649,8.74766731262207,8.751143454087922,0.4087448119931558,0.4632922112941742,15.769996643061372,0.0882625579807339,-0.3117561340251207,11.269996643061372,-0.08118343353042157,8.657605171203613,0.0944976806640625,15.768211364746094,True,0,8.752102851867676,8.74766731262207,0.13625144958496094,0.1449823773223907,0.20235304000986773,0.03442374405251783,"StraightLane index=('>>>', '1S0_0_', 0)",True,25.481590270996094,0.0,4.5776367189121594e-05,"StraightLane index=('>>', '>>>', 0)",True,0.0,True,False,1.2538589239120483,0.23677678406238556,0.0,0.23677678406238556,True,0.0,0.0,0.14798549003899097,0.0,0.14798549003899097,0.0
17.840594,"[75.82774353027344, 4.5, 0.0]","[91.60254669189453, 4.5, 0.0]",8.674658775331924,8.748113632202148,8.751593836349633,0.40874481201376156,0.46450045704841614,15.770301818844162,0.08118343353042157,-0.35395622251561676,11.270301818844162,-0.07345485687022446,8.662364959716797,0.0944976806640625,15.768211364746094,True,0,8.75686264038086,8.748113632202148,0.13625144958496094,0.1449823773223907,0.20235304000986773,0.03442374405251783,"StraightLane index=('>>>', '1S0_0_', 0)",True,25.654579162597656,0.0,3.814697266608281e-05,"StraightLane index=('>>', '>>>', 0)",True,0.0,True,False,1.2538589239120483,0.23677678406238556,0.0,0.23677678406238556,True,0.0,0.0,0.14798549003899097,0.0,0.14798549003899097,0.0
17.860397,"[76.0010757446289, 4.5, 0.0]","[91.7762222290039, 4.5, 0.0]",8.682833671572155,8.748550415039062,8.752029856329575,0.4087448120115411,0.4584059417247772,15.774803161618856,0.07345485687022446,-0.3864288330098553,11.274803161618856,-0.0657167434669077,8.67094898223877,0.0944976806640625,15.768211364746094,True,0,8.765446662902832,8.748550415039062,0.13625144958496094,0.1449823773223907,0.20235304000986773,0.03442374405251783,"StraightLane index=('>>>', '1S0_0_', 0)",True,25.827743530273438,0.0,3.0517578143044024e-05,"StraightLane index=('>>', '>>>', 0)",True,0.0,True,False,1.2538589239120483,0.23677678406238556,0.0,0.23677678406238556,True,0.0,0.0,0.14798549003899097,0.0,0.14798549003899097,0.0
17.880137,"[76.17456817626953, 4.5, 0.0]","[91.95198059082031, 4.5, 0.0]",8.691008567812613,8.748991966247559,8.752463796275633,0.4087448120229098,0.4516533315181732,15.775146484369964,0.0657167434669077,-0.386905670165838,11.275146484369964,-0.0579833984349456,8.679337501525879,0.0944976806640625,15.768211364746094,True,0,8.773835182189941,8.748991966247559,0.13625144958496094,0.1449823773223907,0.20235304000986773,0.03442374405251783,"StraightLane index=('>>>', '1S0_0_', 0)",True,26.001075744628906,0.0,4.5776367189121594e-05,"StraightLane index=('>>', '>>>', 0)",True,0.0,True,False,1.2538589239120483,0.23677678406238556,0.0,0.23677678406238556,True,0.0,0.0,0.14798549003899097,0.0,0.14798549003899097,0.0
17.899298,"[76.34822845458984, 4.5, 0.0]","[92.12247467041016, 4.5, 0.0]",8.699183464053533,8.749421119689941,8.752885437847604,0.40874481204600244,0.43779081106185913,15.777412414541828,0.0579833984349456,-0.3866672515981051,11.277412414541828,-0.05023765563640836,8.691292762756348,0.0944976806640625,15.768211364746094,True,0,8.78579044342041,8.749421119689941,0.02849578857421875,0.1314814921902493,0.16413596835391472,0.07264081570847084,"StraightLane index=('>>>', '1S0_0_', 0)",True,26.17456817626953,0.0,6.103515623519917e-05,"StraightLane index=('>>', '>>>', 0)",True,0.0,True,False,1.2538589239120483,0.23677678406238556,0.0,0.23677678406238556,True,0.0,0.0,0.14798549003899097,0.0,0.14798549003899097,0.0
17.92068,"[76.52204895019531, 4.5, 0.0]","[92.3023452758789, 4.5, 0.0]",8.706324577334946,8.748309135437012,8.751039747340116,0.35705566407067124,0.43841058015823364,15.774246215811361,0.05023765563640836,-0.3872871399268618,11.274246215811361,-0.04198455810206525,8.695735931396484,0.0579833984375,15.777412414550781,True,0,8.753719329833984,8.748309135437012,0.02849578857421875,0.1314814921902493,0.16413596835391472,0.04268952641232063,"StraightLane index=('>>>', '1S0_0_', 0)",True,26.348228454589844,0.0,6.103515623519917e-05,"StraightLane index=('>>', '>>>', 0)",True,0.0,True,False,1.2538589239120483,0.20682549476623535,0.0,0.20682549476623535,True,0.0,0.0,0.1292659342288971,0.0,0.1292659342288971,0.0
17.939867,"[76.69602966308594, 4.5, 0.0]","[92.47709655761719, 4.5, 0.0]",8.713465690616344,8.746511459350586,8.749308296019887,0.3570556640698719,0.4326340854167938,15.780296325676739,0.04198455810206525,-0.4126548767171556,11.280296325676739,-0.03304576873424203,8.70383071899414,0.0579833984375,15.777412414550781,True,0,8.76181411743164,8.746511459350586,0.02849578857421875,0.1314814921902493,0.16413596835391472,0.04268952641232063,"StraightLane index=('>>>', '1S0_0_', 0)",True,26.522048950195312,0.0,5.340576171216038e-05,"StraightLane index=('>>', '>>>', 0)",True,0.0,True,False,1.2538589239120483,0.20682549476623535,0.0,0.20682549476623535,True,0.0,0.0,0.1292659342288971,0.0,0.1292659342288971,0.0
17.959495,"[76.87015533447266, 4.5, 0.0]","[92.65135192871094, 4.5, 0.0]",8.720606803897747,8.744718551635742,8.747541594671354,0.35705566407013833,0.4230680465698242,15.781066894526212,0.03304576873424203,-0.44693946839116094,11.281066894526212,-0.024111747737995515,8.711416244506836,0.0579833984375,15.777412414550781,True,0,8.769399642944336,8.744718551635742,0.02849578857421875,0.1314814921902493,0.16413596835391472,0.04268952641232063,"StraightLane index=('>>>', '1S0_0_', 0)",True,26.696029663085938,0.0,4.5776367189121594e-05,"StraightLane index=('>>', '>>>', 0)",True,0.0,True,False,1.2538589239120483,0.20682549476623535,0.0,0.20682549476623535,True,0.0,0.0,0.1292659342288971,0.0,0.1292659342288971,0.0
17.980258,"[77.04442596435547, 4.5, 0.0]","[92.82675170898438, 4.5, 0.0]",8.727747917179132,8.742914199829102,8.745673774810426,0.35705566406925016,0.41211986541748047,15.781196594231426,0.024111747737995515,-0.44670104981232583,11.281196594231426,-0.015166282649969887,8.718631744384766,0.0579833984375,15.777412414550781,True,0,8.776615142822266,8.742914199829102,0.02849578857421875,0.1314814921902493,0.16413596835391472,0.04268952641232063,"StraightLane index=('>>>', '1S0_0_', 0)",True,26.870155334472656,0.0,5.340576171216038e-05,"StraightLane index=('>>', '>>>', 0)",True,0.0,True,False,1.2538589239120483,0.20682549476623535,0.0,0.20682549476623535,True,0.0,0.0,0.1292659342288971,0.0,0.1292659342288971,0.0
17.999857,"[77.21884155273438, 4.5, 0.0]","[92.99705505371094, 4.5, 0.0]",8.734889030460765,8.741162300109863,8.74390912447169,0.35705566408168465,0.4001297652721405,15.782325744619952,0.015166282649969887,-0.4472732544012814,11.282325744619952,-0.006273269649097912,8.72553825378418,0.0579833984375,15.777412414550781,True,0,8.78352165222168,8.741162300109863,-0.08258819580078125,0.11544275611819702,0.11952038139011066,0.08730511337612469,"StraightLane index=('>>>', '1S0_0_', 0)",True,27.04442596435547,0.0,6.103515623519917e-05,"StraightLane index=('>>', '>>>', 0)",True,0.0,True,False,1.2538589239120483,0.20682549476623535,0.0,0.20682549476623535,True,0.0,0.0,0.1292659342288971,0.0,0.1292659342288971,0.0
18.021033,"[77.39339447021484, 4.5, 0.0]","[93.17476654052734, 4.5, 0.0]",8.740714073185982,8.737796783447266,8.739642696277215,0.29125213626084445,0.38142356276512146,15.77821350096761,0.006273269649097912,-0.4446506500435987,11.27821350096761,0.002917289738716633,8.735365867614746,0.015166282653808594,15.782325744628906,True,0,8.750532150268555,8.737796783447266,-0.08258819580078125,0.11544275611819702,0.11952038139011066,0.04926560789440472,"StraightLane index=('>>>', '1S0_0_', 0)",True,27.218841552734375,0.0,6.103515623519917e-05,"StraightLane index=('>>', '>>>', 0)",True,0.0,True,False,1.2507097721099854,0.16878598928451538,0.0,0.16878598928451538,True,0.0,0.0,0.10549124330282211,0.0,0.10549124330282211,0.0
18.040321,"[77.5680923461914, 4.5, 0.0]","[93.35186767578125, 4.5, 0.0]",8.746539115911375,8.733700752258303,8.735756799454952,0.2912521362696374,0.3826598823070526,15.781372070301167,-0.002917289738716633,-0.45952796939072726,11.281372070301167,0.012838363653072449,8.739309310913086,0.015166282653808594,15.782325744628906,True,0,8.754475593566895,8.733700752258303,-0.08258819580078125,0.11544275611819702,0.11952038139011066,0.04926560789440472,"StraightLane index=('>>>', '1S0_0_', 0)",True,27.393394470214844,0.0,6.866455075823796e-05,"StraightLane index=('>>', '>>>', 0)",True,0.0,True,False,1.2507097721099854,0.16878598928451538,0.0,0.16878598928451538,True,0.0,0.0,0.10549124330282211,0.0,0.10549124330282211,0.0
18.060177,"[77.74290466308594, 4.5, 0.0]","[93.52571105957031, 4.5, 0.0]",8.752364158636546,8.729680061340332,8.731735107521969,0.2912521362585352,0.3758380711078644,15.783775329578509,-0.012838363653072449,-0.4960536957177908,11.283775329578509,0.02268409729621368,8.746193885803223,0.015166282653808594,15.782325744628906,True,0,8.761360168457031,8.729680061340332,-0.08258819580078125,0.11544275611819702,0.11952038139011066,0.04926560789440472,"StraightLane index=('>>>', '1S0_0_', 0)",True,27.568092346191406,0.0,6.866455075823796e-05,"StraightLane index=('>>', '>>>', 0)",True,0.0,True,False,1.2507097721099854,0.16878598928451538,0.0,0.16878598928451538,True,0.0,0.0,0.10549124330282211,0.0,0.10549124330282211,0.0
18.079728,"[77.91783905029297, 4.5, 0.0]","[93.69598388671875, 4.5, 0.0]",8.758189201361203,8.72907543182373,8.727786727044242,0.29125213623286683,0.36510324478149414,15.782806396473042,-0.02268409729621368,-0.4922866821570615,11.282806396473042,0.029113769537472578,8.752509117126465,0.015166282653808594,15.782325744628906,True,0,8.767675399780273,8.72907543182373,-0.08258819580078125,0.11544275611819702,0.11952038139011066,0.04926560789440472,"StraightLane index=('>>>', '1S0_0_', 0)",True,27.742904663085938,0.0,6.866455075823796e-05,"StraightLane index=('>>', '>>>', 0)",True,0.0,True,False,1.2507097721099854,0.16878598928451538,0.0,0.16878598928451538,True,0.0,0.0,0.10549124330282211,0.0,0.10549124330282211,0.0
18.100846,"[78.09288787841797, 4.5, 0.0]","[93.8746109008789, 4.5, 0.0]",8.764014244085907,8.718276023864746,8.723420643824753,0.2912521362351761,0.35224440693855286,15.778144836414452,-0.029113769537472578,-0.32148361206294496,11.278144836414452,0.045738220221160475,8.75837516784668,0.015166282653808594,15.782325744628906,True,0,8.773541450500488,8.718276023864746,-0.22886276245117188,0.0958882838205863,0.06615844067683199,0.10262754860768339,"StraightLane index=('>>>', '1S0_0_', 0)",True,27.91783905029297,0.0,6.866455075823796e-05,"StraightLane index=('>>', '>>>', 0)",True,0.0,True,False,1.2507097721099854,0.16878598928451538,0.0,0.16878598928451538,True,0.0,0.0,0.10549124330282211,0.0,0.10549124330282211,0.0
18.119888,"[78.26805114746094, 4.5, 0.0]","[94.04541015625, 4.5, 0.0]",8.768301963812565,8.719467163085938,8.71742176681389,0.21438598633292116,0.33866026997566223,15.781723022449604,-0.045738220221160475,-0.8312225341843948,11.281723022449604,0.04883480072662749,8.763901710510254,-0.02911376953125,15.778144836425781,True,0,8.734787940979004,8.719467163085938,-0.22886276245117188,0.0958882838205863,0.06615844067683199,0.058056491645670144,"StraightLane index=('>>>', '1S0_0_', 0)",True,28.09288787841797,0.0,6.866455075823796e-05,"StraightLane index=('>>', '>>>', 0)",True,0.0,True,False,1.2507097721099854,0.12421493232250214,0.0,0.12421493232250214,True,0.0,0.0,0.07763433270156384,0.0,0.07763433270156384,0.0
18.139743,"[78.44332885742188, 4.5, 0.0]","[94.22059631347656, 4.5, 0.0]",8.772589683538802,8.706461906433105,8.71116766547198,0.21438598631187133,0.3253883719444275,15.777359008775075,-0.04883480072662749,-0.15482902527335085,11.277359008775075,0.06612777710569695,8.769190788269043,-0.02911376953125,15.778144836425781,True,0,8.740077018737793,8.706461906433105,-0.22886276245117188,0.0958882838205863,0.06615844067683199,0.058056491645670144,"StraightLane index=('>>>', '1S0_0_', 0)",True,28.268051147460938,0.0,7.629394533216562e-05,"StraightLane index=('>>', '>>>', 0)",True,0.0,True,False,1.2507097721099854,0.12421493232250214,0.0,0.12421493232250214,True,0.0,0.0,0.07763433270156384,0.0,0.07763433270156384,0.0
18.159605,"[78.61869812011719, 4.5, 0.0]","[94.39741516113281, 4.5, 0.0]",8.776877403264761,8.706734657287598,8.704908758794149,0.21438598629792693,0.3131457269191742,15.777267456049652,-0.06612777710569695,-0.8646488189534729,11.277267456049652,0.0701427459771633,8.77432632446289,-0.02911376953125,15.778144836425781,True,0,8.74521255493164,8.706734657287598,-0.22886276245117188,0.0958882838205863,0.06615844067683199,0.058056491645670144,"StraightLane index=('>>>', '1S0_0_', 0)",True,28.443328857421875,0.0,4.5776367189121594e-05,"StraightLane index=('>>', '>>>', 0)",True,0.0,True,False,1.2507097721099854,0.12421493232250214,0.0,0.12421493232250214,True,0.0,0.0,0.07763433270156384,0.0,0.07763433270156384,0.0
18.180421,"[78.79415130615234, 4.5, 0.0]","[94.57185363769531, 4.5, 0.0]",8.781165122990584,8.693756103515625,8.69836070511646,0.21438598629117678,0.2866984009742737,15.77871704101213,-0.0701427459771633,-0.20074844357331756,11.27871704101213,0.08740901947495949,8.78071117401123,-0.02911376953125,15.778144836425781,True,0,8.75159740447998,8.693756103515625,-0.22886276245117188,0.0958882838205863,0.06615844067683199,0.058056491645670144,"StraightLane index=('>>>', '1S0_0_', 0)",True,28.618698120117188,0.0,3.814697266608281e-05,"StraightLane index=('>>', '>>>', 0)",True,0.0,True,False,1.2507097721099854,0.12421493232250214,0.0,0.12421493232250214,True,0.0,0.0,0.07763433270156384,0.0,0.07763433270156384,0.0
18.200093,"[78.96968841552734, 4.5, 0.0]","[94.74610137939453, 4.5, 0.0]",8.785452842716346,8.694121360778809,8.692145617271459,0.21438598628806815,0.2818308472633362,15.777702331537933,-0.08740901947495949,-0.8633136748898096,11.277702331537933,0.09133148193753726,8.78306770324707,-0.02911376953125,15.778144836425781,True,0,8.75395393371582,8.694121360778809,-0.241546630859375,0.07784532335844954,0.018479860099050317,0.10573507222345183,"StraightLane index=('>>>', '1S0_0_', 0)",True,28.794151306152344,0.0,4.5776367189121594e-05,"StraightLane index=('>>', '>>>', 0)",True,0.0,True,False,1.2507097721099854,0.12421493232250214,0.0,0.12421493232250214,True,0.0,0.0,0.07763433270156384,0.0,0.07763433270156384,0.0
18.219964,"[79.14530944824219, 4.5, 0.0]","[94.91844177246094, 4.5, 0.0]",8.788107872012397,8.679673194885254,8.683679030432982,0.13275146480253852,0.2551635801792145,15.77641296386495,-0.09133148193753726,-0.19612312312888847,11.27641296386495,0.10843467712714272,8.78847599029541,-0.08740901947021484,15.777702331542969,True,0,8.701066970825195,8.679673194885254,-0.241546630859375,0.07784532335844954,0.018479860099050317,0.0584340778272421,"StraightLane index=('>>>', '1S0_0_', 0)",True,28.969688415527344,0.0,3.0517578143044024e-05,"StraightLane index=('>>', '>>>', 0)",True,0.0,True,False,1.2485228776931763,0.07691393792629242,0.0,0.07691393792629242,True,0.0,0.0,0.04807121120393276,0.0,0.04807121120393276,0.0
18.240451,"[79.3210220336914, 4.5, 0.0]","[95.09398651123047, 4.5, 0.0]",8.7907629013085,8.677717208862305,8.674952671763347,0.13275146480520306,0.2512386441230774,15.77313232421749,-0.10843467712714272,-0.8551597594802729,11.27313232421749,0.113045692446196,8.790616035461426,-0.08740901947021484,15.777702331542969,True,0,8.703207015991211,8.677717208862305,-0.241546630859375,0.07784532335844954,0.018479860099050317,0.0584340778272421,"StraightLane index=('>>>', '1S0_0_', 0)",True,29.145309448242188,0.0,2.2888183620005236e-05,"StraightLane index=('>>', '>>>', 0)",True,0.0,True,False,1.2485228776931763,0.07691393792629242,0.0,0.07691393792629242,True,0.0,0.0,0.04807121120393276,0.0,0.04807121120393276,0.0
18.2597,"[79.49678039550781, 4.5, 0.0]","[95.26590728759766, 4.5, 0.0]",8.793417930604678,8.662602424621582,8.666747426979686,0.1327514648088446,0.2292492538690567,15.772964477538922,-0.113045692446196,-0.230550765952664,11.272964477538922,0.13081550598309555,8.795639991760254,-0.08740901947021484,15.777702331542969,True,0,8.708230972290039,8.662602424621582,-0.241546630859375,0.07784532335844954,0.018479860099050317,0.0584340778272421,"StraightLane index=('>>>', '1S0_0_', 0)",True,29.321022033691406,0.0,7.629394523038787e-06,"StraightLane index=('>>', '>>>', 0)",True,0.0,True,False,1.2485228776931763,0.07691393792629242,0.0,0.07691393792629242,True,0.0,0.0,0.04807121120393276,0.0,0.04807121120393276,0.0
18.279706,"[79.67259216308594, 4.5, 0.0]","[95.43579864501953, 4.5, 0.0]",8.796072959900966,8.660923957824707,8.658228235100896,0.1327514648144401,0.21340890228748322,15.769126892089844,-0.13081550598309555,-0.8884906768449774,11.269126892089844,0.13514900207625935,8.798497200012207,-0.08740901947021484,15.777702331542969,True,0,8.711088180541992,8.660923957824707,-0.241546630859375,0.07784532335844954,0.018479860099050317,0.0584340778272421,"StraightLane index=('>>>', '1S0_0_', 0)",True,29.496780395507812,0.0,0.0,"StraightLane index=('>>', '>>>', 0)",True,0.0,True,False,1.2485228776931763,0.07691393792629242,0.0,0.07691393792629242,True,0.0,0.0,0.04807121120393276,0.0,0.04807121120393276,0.0
18.29953,"[79.84845733642578, 4.5, 0.0]","[95.60901641845703, 4.5, 0.0]",8.798727989197372,8.645746231079102,8.64978453936571,0.1327514648203021,0.20668375492095947,15.763206481933036,-0.13514900207625935,-0.2166748046581901,11.263206481933036,0.15298175811827086,8.799925804138184,-0.08740901947021484,15.777702331542969,True,0,8.712516784667969,8.645746231079102,-0.4837512969970703,0.05312949562770712,-0.046308647149168936,0.12322258507546135,"StraightLane index=('>>>', '1S0_0_', 0)",True,29.672592163085938,0.0,1.5258789046077574e-05,"StraightLane index=('>>', '>>>', 0)",True,0.0,True,False,1.2485228776931763,0.07691393792629242,0.0,0.07691393792629242,True,0.0,0.0,0.04807121120393276,0.0,0.04807121120393276,0.0
18.319569,"[80.02437591552734, 4.5, 0.0]","[95.78228759765625, 4.5, 0.0]",8.791453361511449,8.642430305480957,8.639150586176838,-0.36373138429617313,0.19125588238239288,15.76055908203125,-0.15298175811827086,-0.8916378021005755,11.26055908203125,0.14902305603049193,8.802350044250488,-0.08740901947021484,15.777702331542969,True,0,8.714941024780273,8.642430305480957,-0.4837512969970703,0.05312949562770712,-0.046308647149168936,0.06096917694147774,"StraightLane index=('>>>', '1S0_0_', 0)",True,29.84845733642578,0.0,0.0,"StraightLane index=('>>', '>>>', 0)",True,0.0,True,False,1.2485228776931763,0.014660529792308807,0.0,0.014660529792308807,True,0.0,0.0,0.0,-0.0,0.0,-0.0
18.339791,"[80.20034790039062, 4.5, 0.0]","[95.95482635498047, 4.5, 0.0]",8.784178733825748,8.625096321105957,8.628370901020796,-0.3637313842850709,0.1771557778120041,15.757911682128906,-0.14902305603049193,0.19793510438894657,11.257911682128906,0.1590824127197905,8.804611206054688,-0.1351490020751953,15.763206481933594,True,0,8.669462203979492,8.625096321105957,-0.4837512969970703,0.05312949562770712,-0.046308647149168936,0.06096917694147774,"StraightLane index=('>>>', '1S0_0_', 0)",True,30.024375915527344,0.0,0.0,"StraightLane index=('>>', '>>>', 0)",True,0.0,True,False,1.2485228776931763,0.014660529792308807,0.0,0.014660529792308807,True,0.0,0.0,0.0,-0.0,0.0,-0.0
18.360079,"[80.37617492675781, 4.5, 0.0]","[96.13085174560547, 4.5, 0.0]",8.77690410614014,8.62088394165039,8.617568131111502,-0.36373138428036356,0.14642004668712616,15.754478454589286,-0.1590824127197905,-0.5029678344649291,11.254478454589286,0.15602016448974965,8.804853439331055,-0.1351490020751953,15.763206481933594,True,0,8.66970443725586,8.62088394165039,-0.4837512969970703,0.05312949562770712,-0.046308647149168936,0.06096917694147774,"StraightLane index=('>>>', '1S0_0_', 0)",True,30.200347900390625,0.0,-1.5258789046077574e-05,"StraightLane index=('>>', '>>>', 0)",True,0.0,True,False,1.2485228776931763,0.014660529792308807,0.0,0.014660529792308807,True,0.0,0.0,0.0,-0.0,0.0,-0.0
18.380547,"[80.5518569946289, 4.5, 0.0]","[96.30377197265625, 4.5, 0.0]",8.76962947845459,8.603528022766115,8.60666894895854,-0.3637313842775214,0.09021291881799698,15.754676818847516,-0.15602016448974965,0.15311241150204324,11.254676818847516,0.1661014556884748,8.801666259765625,-0.1351490020751953,15.763206481933594,True,0,8.66651725769043,8.603528022766115,-0.4837512969970703,0.05312949562770712,-0.046308647149168936,0.06096917694147774,"StraightLane index=('>>>', '1S0_0_', 0)",True,30.376174926757812,0.0,-7.629394523038787e-06,"StraightLane index=('>>', '>>>', 0)",True,0.0,True,False,1.2485228776931763,0.014660529792308807,0.0,0.014660529792308807,True,0.0,0.0,0.0,-0.0,0.0,-0.0
18.399734,"[80.7273941040039, 4.5, 0.0]","[96.4760513305664, 4.5, 0.0]",8.762354850769063,8.599547386169434,8.59641951513395,-0.36373138427636675,0.023953862488269806,15.751914978027344,-0.1661014556884748,-0.504064559936257,11.251914978027344,0.16280746459962891,8.796216011047363,-0.1351490020751953,15.763206481933594,True,0,8.661067008972168,8.599547386169434,-0.4619884490966797,0.03164695034655261,-0.07417790164320619,0.088838431435515,"StraightLane index=('>>>', '1S0_0_', 0)",True,30.551856994628906,0.0,0.0,"StraightLane index=('>>', '>>>', 0)",True,0.0,True,False,1.2485228776931763,0.014660529792308807,0.0,0.014660529792308807,True,0.0,0.0,0.0,-0.0,0.0,-0.0
18.420626,"[80.90278625488281, 4.5, 0.0]","[96.64396667480469, 4.5, 0.0]",8.75508022308359,8.581130981445312,8.583261932845506,-0.3637313842736134,-0.07864183932542801,15.748657226561942,-0.16280746459962891,0.16469955444229356,11.248657226561942,0.17394924163827774,8.785164833068848,-0.1351490020751953,15.763206481933594,True,0,8.650015830993652,8.581130981445312,-0.4619884490966797,0.03164695034655261,-0.07417790164320619,0.031223441856791087,"StraightLane index=('>>>', '1S0_0_', 0)",True,30.727394104003906,0.0,-1.5258789046077574e-05,"StraightLane index=('>>', '>>>', 0)",True,0.0,True,False,1.2485228776931763,-0.0429544597864151,0.0,-0.0429544597864151,True,0.0,0.0,0.0,-0.0,0.0,-0.0
18.439749,"[81.07803344726562, 4.5, 0.0]","[96.81531524658203, 4.5, 0.0]",8.747805595398033,8.575175285339355,8.571193725948879,-0.36373138427787666,-0.1502133458852768,15.741180419921735,-0.17394924163827774,-0.5570888519324413,11.241180419921735,0.17263031005867724,8.77568531036377,-0.16610145568847656,15.751914978027344,True,0,8.609583854675293,8.575175285339355,-0.4619884490966797,0.03164695034655261,-0.07417790164320619,0.031223441856791087,"StraightLane index=('>>>', '1S0_0_', 0)",True,30.902786254882812,0.0,-7.629394523038787e-06,"StraightLane index=('>>', '>>>', 0)",True,0.0,True,False,1.2485934495925903,-0.0429544597864151,0.0,-0.0429544597864151,True,0.0,0.0,0.0,-0.0,0.0,-0.0
18.459339,"[81.25313568115234, 4.5, 0.0]","[96.98583984375, 4.5, 0.0]",8.740530967712429,8.555943489074707,8.558828653733059,-0.3637313842801859,-0.1836143136024475,15.737281799316406,-0.17263031005867724,0.0659465789800251,11.237281799316406,0.18458747863772196,8.770679473876953,-0.16610145568847656,15.751914978027344,True,0,8.604578018188477,8.555943489074707,-0.4619884490966797,0.03164695034655261,-0.07417790164320619,0.031223441856791087,"StraightLane index=('>>>', '1S0_0_', 0)",True,31.078033447265625,0.0,0.0,"StraightLane index=('>>', '>>>', 0)",True,0.0,True,False,1.2485934495925903,-0.0429544597864151,0.0,-0.0429544597864151,True,0.0,0.0,0.0,-0.0,0.0,-0.0
18.480239,"[81.42809295654297, 4.5, 0.0]","[97.1616439819336, 4.5, 0.0]",8.733256340026855,8.549659729003906,8.545664361960448,-0.363731384278676,-0.24021612107753754,15.732704162595423,-0.18458747863772196,-0.597858428952236,11.232704162595423,0.18359661102294922,8.760818481445312,-0.16610145568847656,15.751914978027344,True,0,8.594717025756836,8.549659729003906,-0.4619884490966797,0.03164695034655261,-0.07417790164320619,0.031223441856791087,"StraightLane index=('>>>', '1S0_0_', 0)",True,31.253135681152344,0.0,3.0517578143044024e-05,"StraightLane index=('>>', '>>>', 0)",True,0.0,True,False,1.2485934495925903,-0.0429544597864151,0.0,-0.0429544597864151,True,0.0,0.0,0.0,-0.0,0.0,-0.0
18.500279,"[81.6029052734375, 4.5, 0.0]","[97.3324966430664, 4.5, 0.0]",8.72598171234131,8.530404090881348,8.532972231857409,-0.36373138427725493,-0.2866407632827759,15.733551025390625,-0.18359661102294922,0.049543380738636955,11.233551025390625,0.1955776214599627,8.7509183883667,-0.16610145568847656,15.751914978027344,True,0,8.584816932678223,8.530404090881348,-0.6914329528808594,0.004282101961067278,-0.12284335198790848,0.07988889220149338,"StraightLane index=('>>>', '1S0_0_', 0)",True,31.42809295654297,0.0,0.0,"StraightLane index=('>>', '>>>', 0)",True,0.0,True,False,1.2485934495925903,-0.0429544597864151,0.0,-0.0429544597864151,True,0.0,0.0,0.0,-0.0,0.0,-0.0
18.519531,"[81.77757263183594, 4.5, 0.0]","[97.4993896484375, 4.5, 0.0]",8.695147514343267,8.52363395690918,8.519287802569645,-1.5417098999021661,-0.32374104857444763,15.729591369628906,-0.1955776214599627,-0.5990505218506748,11.229591369628906,0.17151355743408736,8.741140365600586,-0.16610145568847656,15.751914978027344,True,0,8.57503890991211,8.52363395690918,-0.6914329528808594,0.004282101961067278,-0.12284335198790848,0.028065648702691195,"StraightLane index=('>>>', '1S0_0_', 0)",True,31.6029052734375,0.0,0.0,"StraightLane index=('>>', '>>>', 0)",True,0.0,True,False,1.2485934495925903,-0.09477770328521729,0.0,-0.09477770328521729,True,0.0,0.0,0.0,0.09477770328521729,0.0,0.09477770328521729
18.540948,"[81.95209503173828, 4.5, 0.0]","[97.67547607421875, 4.5, 0.0]",8.664313316345241,8.502232551574707,8.504055536947522,-1.541709899901278,-0.35584771633148193,15.721817016601422,-0.17151355743408736,1.2032032012937677,11.221817016601422,0.16208076477053446,8.731167793273926,-0.18359661102294922,15.733551025390625,True,0,8.547571182250977,8.502232551574707,-0.6914329528808594,0.004282101961067278,-0.12284335198790848,0.028065648702691195,"StraightLane index=('>>>', '1S0_0_', 0)",True,31.777572631835938,0.0,-7.629394523038787e-06,"StraightLane index=('>>', '>>>', 0)",True,0.0,True,False,1.2485934495925903,-0.09477770328521729,0.0,-0.09477770328521729,True,0.0,0.0,0.0,0.09477770328521729,0.0,0.09477770328521729
18.558855,"[82.1259994506836, 4.5, 0.0]","[97.83857727050781, 4.5, 0.0]",8.633479118347235,8.495254516601562,8.491318266300095,-1.541709899900301,-0.4572330117225647,15.723381042480328,-0.16208076477053446,0.4716396331776451,11.223381042480328,0.13822460174567297,8.70911979675293,-0.18359661102294922,15.733551025390625,True,0,8.52552318572998,8.495254516601562,-0.6914329528808594,0.004282101961067278,-0.12284335198790848,0.028065648702691195,"StraightLane index=('>>>', '1S0_0_', 0)",True,31.95209503173828,0.0,-7.629394523038787e-06,"StraightLane index=('>>', '>>>', 0)",True,0.0,True,False,1.2485934495925903,-0.09477770328521729,0.0,-0.09477770328521729,True,0.0,0.0,0.0,0.09477770328521729,0.0,0.09477770328521729
18.580345,"[82.29928588867188, 4.5, 0.0]","[98.01337432861328, 4.5, 0.0]",8.602644920349205,8.473960876464844,8.476050016251149,-1.5417098999015444,-0.5322821736335754,15.712577819824078,-0.13822460174567297,1.1928081512430744,11.212577819824078,0.12868404388436083,8.696674346923828,-0.18359661102294922,15.733551025390625,True,0,8.513077735900879,8.473960876464844,-0.6914329528808594,0.004282101961067278,-0.12284335198790848,0.028065648702691195,"StraightLane index=('>>>', '1S0_0_', 0)",True,32.125999450683594,0.0,-7.629394523038787e-06,"StraightLane index=('>>', '>>>', 0)",True,0.0,True,False,1.2485934495925903,-0.09477770328521729,0.0,-0.09477770328521729,True,0.0,0.0,0.0,0.09477770328521729,0.0,0.09477770328521729
18.599825,"[82.47195434570312, 4.5, 0.0]","[98.18269348144531, 4.5, 0.0]",8.571810722351199,8.466462135314941,8.462195530670858,-1.541709899900301,-0.6734800338745117,15.714088439941266,-0.12868404388436083,0.4770278930656069,11.214088439941266,0.10534858703625716,8.670672416687012,-0.18359661102294922,15.733551025390625,True,0,8.487075805664062,8.466462135314941,-0.6394195556640625,-0.01852579268328164,-0.0870023742568488,-0.007775329028368486,"StraightLane index=('>>>', '1S0_0_', 0)",True,32.299285888671875,0.0,-7.629394523038787e-06,"StraightLane index=('>>', '>>>', 0)",True,0.0,True,False,1.2485934495925903,-0.09477770328521729,0.0,-0.09477770328521729,True,0.0,0.0,0.0,0.09477770328521729,0.0,0.09477770328521729
18.620804,"[82.64400482177734, 4.5, 0.0]","[98.35218811035156, 4.5, 0.0]",8.524722099304297,8.448051452636719,8.446069437544473,-2.3544311523450823,-0.8261325359344482,15.710739135742188,-0.10534858703625716,1.1667728424051838,11.210739135742188,0.07667064666757817,8.640569686889648,-0.12868404388427734,15.714088439941406,True,0,8.511885643005371,8.448051452636719,-0.6394195556640625,-0.01852579268328164,-0.0870023742568488,-0.057740546737909806,"StraightLane index=('>>>', '1S0_0_', 0)",True,32.471954345703125,0.0,0.0,"StraightLane index=('>>', '>>>', 0)",True,0.0,True,False,1.2445355653762817,-0.1447429209947586,0.0,-0.1447429209947586,True,0.0,0.0,0.0,0.1447429209947586,0.0,0.1447429209947586
18.640304,"[82.81543731689453, 4.5, 0.0]","[98.52119445800781, 4.5, 0.0]",8.477633476257466,8.4326229095459,8.431079578931502,-2.3544311523415296,-0.9776243567466736,15.708183288574219,-0.07667064666757817,1.4338970184339495,11.208183288574219,0.04501056671156611,8.607528686523438,-0.12868404388427734,15.714088439941406,True,0,8.47884464263916,8.4326229095459,-0.6394195556640625,-0.01852579268328164,-0.0870023742568488,-0.057740546737909806,"StraightLane index=('>>>', '1S0_0_', 0)",True,32.644004821777344,0.0,0.0,"StraightLane index=('>>', '>>>', 0)",True,0.0,True,False,1.2445355653762817,-0.1447429209947586,0.0,-0.1447429209947586,True,0.0,0.0,0.0,0.1447429209947586,0.0,0.1447429209947586
18.659306,"[82.98593139648438, 4.5, 0.0]","[98.68443298339844, 4.5, 0.0]",8.430544853210561,8.417720794677734,8.416464104888378,-2.35443115234526,-1.146724820137024,15.705757141113281,-0.04501056671156611,1.5830039978006027,11.205757141113281,0.012824058532826754,8.569650650024414,-0.12868404388427734,15.714088439941406,True,0,8.440966606140137,8.417720794677734,-0.6394195556640625,-0.01852579268328164,-0.0870023742568488,-0.057740546737909806,"StraightLane index=('>>>', '1S0_0_', 0)",True,32.81543731689453,0.0,0.0,"StraightLane index=('>>', '>>>', 0)",True,0.0,True,False,1.2445355653762817,-0.1447429209947586,0.0,-0.1447429209947586,True,0.0,0.0,0.0,0.1447429209947586,0.0,0.1447429209947586
18.679772,"[83.15548706054688, 4.5, 0.0]","[98.85332489013672, 4.5, 0.0]",8.383456230163667,8.402302742004395,8.400727339647302,-2.354431152344727,-1.3413312435150146,15.698501586913924,-0.012824058532826754,1.609325408936968,11.198501586913924,-0.018846511840727942,8.52556037902832,-0.12868404388427734,15.714088439941406,True,0,8.396876335144043,8.402302742004395,-0.6394195556640625,-0.01852579268328164,-0.0870023742568488,-0.057740546737909806,"StraightLane index=('>>>', '1S0_0_', 0)",True,32.985931396484375,0.0,-7.629394523038787e-06,"StraightLane index=('>>', '>>>', 0)",True,0.0,True,False,1.2445355653762817,-0.1447429209947586,0.0,-0.1447429209947586,True,0.0,0.0,0.0,0.1447429209947586,0.0,0.1447429209947586
18.700086,"[83.3240966796875, 4.5, 0.0]","[99.0257568359375, 4.5, 0.0]",8.336367607116744,8.386561393737793,8.38512101504011,-2.354431152346148,-1.542197823524475,15.697837829589844,0.018846511840727942,1.5835285186777348,11.197837829589844,-0.05019378662104934,8.476869583129883,-0.12868404388427734,15.714088439941406,True,0,8.348185539245605,8.386561393737793,-0.7990074157714844,-0.04463847296695543,-0.012012511663273356,-0.13273040933148525,"StraightLane index=('>>>', '1S0_0_', 0)",True,33.155487060546875,0.0,0.0,"StraightLane index=('>>', '>>>', 0)",True,0.0,True,False,1.2445355653762817,-0.1447429209947586,0.0,-0.1447429209947586,True,0.0,0.0,0.0,0.1447429209947586,0.0,0.1447429209947586
18.719643,"[83.49176788330078, 4.5, 0.0]","[99.18958282470703, 4.5, 0.0]",8.284735679626486,8.371065139770508,8.369414168245239,-2.5815963745128734,-1.7352815866470337,15.70166015625,0.05019378662104934,1.56736373901607,11.20166015625,-0.08632946014402165,8.425002098083496,0.018846511840820312,15.697837829589844,True,0,8.443848609924316,8.371065139770508,-0.7990074157714844,-0.04463847296695543,-0.012012511663273356,-0.14669552428261898,"StraightLane index=('>>>', '1S0_0_', 0)",True,33.3240966796875,0.0,0.0,"StraightLane index=('>>', '>>>', 0)",True,0.0,True,False,1.2445355653762817,-0.15870803594589233,0.0,-0.15870803594589233,True,0.0,0.0,0.0,0.15870803594589233,0.0,0.15870803594589233
18.740422,"[83.65849304199219, 4.5, 0.0]","[99.3564682006836, 4.5, 0.0]",8.23310375213624,8.355026245117188,8.352752943052932,-2.5815963745123405,-1.9110877513885498,15.69781494140625,0.08632946014402165,1.8067836761486156,11.19781494140625,-0.12192249298094815,8.371162414550781,0.018846511840820312,15.697837829589844,True,0,8.390008926391602,8.355026245117188,-0.7990074157714844,-0.04463847296695543,-0.012012511663273356,-0.14669552428261898,"StraightLane index=('>>>', '1S0_0_', 0)",True,33.49176788330078,0.0,0.0,"StraightLane index=('>>', '>>>', 0)",True,0.0,True,False,1.2445355653762817,-0.15870803594589233,0.0,-0.15870803594589233,True,0.0,0.0,0.0,0.15870803594589233,0.0,0.15870803594589233
18.75947,"[83.82418823242188, 4.5, 0.0]","[99.52654266357422, 4.5, 0.0]",8.181471824646007,8.3386812210083,8.337465666569793,-2.58159637451163,-2.068537473678589,15.697975158691406,0.12192249298094815,1.7796516418463248,11.197975158691406,-0.15720939636229403,8.315842628479004,0.018846511840820312,15.697837829589844,True,0,8.334689140319824,8.3386812210083,-0.7990074157714844,-0.04463847296695543,-0.012012511663273356,-0.14669552428261898,"StraightLane index=('>>>', '1S0_0_', 0)",True,33.65849304199219,0.0,0.0,"StraightLane index=('>>', '>>>', 0)",True,0.0,True,False,1.2445355653762817,-0.15870803594589233,0.0,-0.15870803594589233,True,0.0,0.0,0.0,0.15870803594589233,0.0,0.15870803594589233
18.779637,"[83.98885345458984, 4.5, 0.0]","[99.68978118896484, 4.5, 0.0]",8.129839897155783,8.322993278503418,8.32129937722542,-2.581596374511186,-2.211864471435547,15.702354431152203,0.15720939636229403,1.764345169067294,11.202354431152203,-0.19315338134763493,8.258943557739258,0.018846511840820312,15.697837829589844,True,0,8.277790069580078,8.322993278503418,-0.7990074157714844,-0.04463847296695543,-0.012012511663273356,-0.14669552428261898,"StraightLane index=('>>>', '1S0_0_', 0)",True,33.824188232421875,0.0,-7.629394523038787e-06,"StraightLane index=('>>', '>>>', 0)",True,0.0,True,False,1.2445355653762817,-0.15870803594589233,0.0,-0.15870803594589233,True,0.0,0.0,0.0,0.15870803594589233,0.0,0.15870803594589233
18.800248,"[84.15248107910156, 4.5, 0.0]","[99.86116027832031, 4.5, 0.0]",8.078207969665556,8.306522369384766,8.304768574238045,-2.5815963745113635,-2.3403258323669434,15.70092773437486,0.19315338134763493,1.7971992492670452,11.20092773437486,-0.22831439971920986,8.200804710388184,0.018846511840820312,15.697837829589844,True,0,8.219651222229004,8.306522369384766,-0.8003902435302734,-0.06818828419381946,0.08021607562366696,-0.23892411156955928,"StraightLane index=('>>>', '1S0_0_', 0)",True,33.988853454589844,0.0,-7.629394523038787e-06,"StraightLane index=('>>', '>>>', 0)",True,0.0,True,False,1.2445355653762817,-0.15870803594589233,0.0,-0.15870803594589233,True,0.0,0.0,0.0,0.15870803594589233,0.0,0.15870803594589233
18.819971,"[84.31507873535156, 4.5, 0.0]","[100.02313995361328, 4.5, 0.0]",8.045187950134329,8.290757179260254,8.288814812701474,-1.6510009765613454,-2.4657881259918213,15.70867919921875,0.22831439971920986,1.7580509185787463,11.20867919921875,-0.24556922912592505,8.116043090820312,0.19315338134765625,15.700927734375,True,0,8.309196472167969,8.290757179260254,-0.8003902435302734,-0.06818828419381946,0.08021607562366696,-0.18171555861297817,"StraightLane index=('>>>', '1S0_0_', 0)",True,34.15248107910156,0.0,0.0,"StraightLane index=('>>', '>>>', 0)",True,0.0,True,False,1.2445355653762817,-0.10149948298931122,0.0,-0.10149948298931122,True,0.0,0.0,0.0,0.10149948298931122,0.0,0.10149948298931122
18.84083,"[84.47664642333984, 4.5, 0.0]","[100.18849182128906, 4.5, 0.0]",8.012167930603123,8.274571418762207,8.271973528814344,-1.6510009765602796,-2.529279947280884,15.708061218261719,0.24556922912592505,0.8627414703357594,11.208061218261719,-0.26240348815908376,8.084724426269531,0.19315338134765625,15.700927734375,True,0,8.277877807617188,8.274571418762207,-0.8003902435302734,-0.06818828419381946,0.08021607562366696,-0.18171555861297817,"StraightLane index=('>>>', '1S0_0_', 0)",True,34.31507873535156,0.0,0.0,"StraightLane index=('>>', '>>>', 0)",True,0.0,True,False,1.2182561159133911,-0.10149948298931122,0.0,-0.10149948298931122,True,0.0,0.0,0.0,0.10149948298931122,0.0,0.10149948298931122
18.860769,"[84.6375503540039, 4.5, 0.0]","[100.35272216796875, 4.5, 0.0]",7.979147911071999,8.258495330810547,8.255810265408526,-1.651000976556194,-2.563668966293335,15.71184539794699,0.26240348815908376,0.8417129516579358,11.21184539794699,-0.2793474197385475,8.030416488647461,0.19315338134765625,15.700927734375,True,0,8.223569869995117,8.258495330810547,-0.8003902435302734,-0.06818828419381946,0.08021607562366696,-0.18171555861297817,"StraightLane index=('>>>', '1S0_0_', 0)",True,34.476646423339844,0.0,-3.0517578143044024e-05,"StraightLane index=('>>', '>>>', 0)",True,0.0,True,False,1.2182561159133911,-0.10149948298931122,0.0,-0.10149948298931122,True,0.0,0.0,0.0,0.10149948298931122,0.0,0.10149948298931122
18.879878,"[84.79779052734375, 4.5, 0.0]","[100.51898956298828, 4.5, 0.0]",7.946127891540856,8.242219924926758,8.240348351598763,-1.651000976557171,-2.5339391231536865,15.71517181396359,0.2793474197385475,0.8471965789731861,11.21517181396359,-0.29609203338590184,7.982494354248047,0.19315338134765625,15.700927734375,True,0,8.175647735595703,8.242219924926758,-0.8003902435302734,-0.06818828419381946,0.08021607562366696,-0.18171555861297817,"StraightLane index=('>>>', '1S0_0_', 0)",True,34.637550354003906,0.0,-2.2888183620005236e-05,"StraightLane index=('>>', '>>>', 0)",True,0.0,True,False,1.2182561159133911,-0.10149948298931122,0.0,-0.10149948298931122,True,0.0,0.0,0.0,0.10149948298931122,0.0,0.10149948298931122
18.899843,"[84.9573745727539, 4.5, 0.0]","[100.68762969970703, 4.5, 0.0]",7.913107872009694,8.225711822509766,8.224196082506607,-1.6510009765581035,-2.3978097438812256,15.721199035643277,0.29609203338590184,0.8372306823677178,11.221199035643277,-0.3126039505000717,7.921965599060059,0.19315338134765625,15.700927734375,True,0,8.115118980407715,8.225711822509766,-0.80810546875,-0.08965314718068752,0.11353942064435911,-0.21503890363367034,"StraightLane index=('>>>', '1S0_0_', 0)",True,34.79779052734375,0.0,-2.2888183620005236e-05,"StraightLane index=('>>', '>>>', 0)",True,0.0,True,False,1.2182561159133911,-0.10149948298931122,0.0,-0.10149948298931122,True,0.0,0.0,0.0,0.10149948298931122,0.0,0.10149948298931122
18.919943,"[85.11629486083984, 4.5, 0.0]","[100.84810638427734, 4.5, 0.0]",7.905835151672853,8.210071563720703,8.208234121637302,-0.3636360168420616,-2.355902910232544,15.73025512695187,0.3126039505000717,0.8255958557084941,11.23025512695187,-0.30423641204785046,7.902383804321289,0.19315338134765625,15.700927734375,True,0,8.095537185668945,8.210071563720703,-0.80810546875,-0.08965314718068752,0.11353942064435911,-0.11752596834541988,"StraightLane index=('>>>', '1S0_0_', 0)",True,34.957374572753906,0.0,-2.2888183620005236e-05,"StraightLane index=('>>', '>>>', 0)",True,0.0,True,False,1.2182561159133911,-0.003986547701060772,0.0,-0.003986547701060772,True,0.0,0.0,0.0,-0.0,0.0,-0.0
18.940521,"[85.2745590209961, 4.5, 0.0]","[101.01295471191406, 4.5, 0.0]",7.8985624313359954,8.194038391113281,8.191816223630564,-0.36363601684286095,-2.236274003982544,15.731811523435267,0.30423641204785046,-0.4183769226110634,11.231811523435267,-0.2954759597772858,7.86855936050415,0.29609203338623047,15.721199035644531,True,0,8.16465139389038,8.194038391113281,-0.80810546875,-0.08965314718068752,0.11353942064435911,-0.11752596834541988,"StraightLane index=('>>>', '1S0_0_', 0)",True,35.116294860839844,0.0,-3.0517578143044024e-05,"StraightLane index=('>>', '>>>', 0)",True,0.0,True,False,1.2182561159133911,-0.003986547701060772,0.0,-0.003986547701060772,True,0.0,0.0,0.0,-0.0,0.0,-0.0
18.959825,"[85.43267822265625, 4.5, 0.0]","[101.1790542602539, 4.5, 0.0]",7.891289710999188,8.177884101867676,8.176482874847133,-0.36363601684037405,-1.969266653060913,15.738395690916713,0.2954759597772858,-0.4380226135282328,11.238395690916713,-0.2865943908684878,7.831839084625244,0.29609203338623047,15.721199035644531,True,0,8.127931118011475,8.177884101867676,-0.80810546875,-0.08965314718068752,0.11353942064435911,-0.11752596834541988,"StraightLane index=('>>>', '1S0_0_', 0)",True,35.274559020996094,0.0,-2.2888183620005236e-05,"StraightLane index=('>>', '>>>', 0)",True,0.0,True,False,1.2182561159133911,-0.003986547701060772,0.0,-0.003986547701060772,True,0.0,0.0,0.0,-0.0,0.0,-0.0
18.980836,"[85.59065246582031, 4.5, 0.0]","[101.34324645996094, 4.5, 0.0]",7.884016990662299,8.161914825439455,8.159724588941666,-0.3636360168444597,-1.8607794046401978,15.746376037595422,0.2865943908684878,-0.4440784454398994,11.246376037595422,-0.2778978347771561,7.823526859283447,0.29609203338623047,15.721199035644531,True,0,8.119618892669678,8.161914825439455,-0.80810546875,-0.08965314718068752,0.11353942064435911,-0.11752596834541988,"StraightLane index=('>>>', '1S0_0_', 0)",True,35.43267822265625,0.0,-3.0517578143044024e-05,"StraightLane index=('>>', '>>>', 0)",True,0.0,True,False,1.2182561159133911,-0.003986547701060772,0.0,-0.003986547701060772,True,0.0,0.0,0.0,-0.0,0.0,-0.0
19.000381,"[85.74848175048828, 4.5, 0.0]","[101.50638580322266, 4.5, 0.0]",7.876744270325348,8.146047592163086,8.144172574841942,-0.3636360168475239,-1.485697627067566,15.752593994139367,0.2778978347771561,-0.4348278045665843,11.252593994139367,-0.26930332183773764,7.810722827911377,0.29609203338623047,15.721199035644531,True,0,8.106814861297607,8.146047592163086,-0.7966423034667969,-0.10857031308395666,0.06647684611057282,-0.07046339381163359,"StraightLane index=('>>>', '1S0_0_', 0)",True,35.59065246582031,0.0,-2.2888183620005236e-05,"StraightLane index=('>>', '>>>', 0)",True,0.0,True,False,1.2182561159133911,-0.003986547701060772,0.0,-0.003986547701060772,True,0.0,0.0,0.0,-0.0,0.0,-0.0
19.02082,"[85.90615844726562, 4.5, 0.0]","[101.67021179199219, 4.5, 0.0]",7.879263877869279,8.130428314208986,8.128521988379596,0.12598037719655508,-1.241058111190796,15.757904052733817,0.26930332183773764,-0.4297256469709243,11.257904052733817,-0.25116443633970675,7.807877063751221,0.29609203338623047,15.721199035644531,True,0,8.103969097137451,8.130428314208986,-0.7966423034667969,-0.10857031308395666,0.06647684611057282,0.006493909287700647,"StraightLane index=('>>>', '1S0_0_', 0)",True,35.74848175048828,0.0,-1.5258789046077574e-05,"StraightLane index=('>>', '>>>', 0)",True,0.0,True,False,1.2182561159133911,0.07297075539827347,0.0,0.07297075539827347,True,0.0,0.0,0.04560672212392092,0.0,0.04560672212392092,0.0
19.04018,"[86.06369018554688, 4.5, 0.0]","[101.83211517333984, 4.5, 0.0]",7.881783485413265,8.118463516235352,8.113690780655423,0.12598037719926403,-1.1250749826431274,15.764053344726005,0.25116443633970675,-0.9069442749015444,11.264053344726005,-0.23668003082208688,7.807633399963379,0.27789783477783203,15.752593994140625,True,0,8.085531234741211,8.118463516235352,-0.7966423034667969,-0.10857031308395666,0.06647684611057282,0.006493909287700647,"StraightLane index=('>>>', '1S0_0_', 0)",True,35.906158447265625,0.0,-1.5258789046077574e-05,"StraightLane index=('>>', '>>>', 0)",True,0.0,True,False,1.1789679527282715,0.07297075539827347,0.0,0.07297075539827347,True,0.0,0.0,0.04560672212392092,0.0,0.04560672212392092,0.0
19.059816,"[86.22127532958984, 4.5, 0.0]","[101.99339294433594, 4.5, 0.0]",7.8843030929571665,8.096555709838869,8.098657897372906,0.1259803771950896,-0.8892812728881836,15.76842498779171,0.23668003082208688,-0.7242202758809935,11.26842498779171,-0.2122526168817025,7.811030864715576,0.27789783477783203,15.752593994140625,True,0,8.088928699493408,8.096555709838869,-0.7966423034667969,-0.10857031308395666,0.06647684611057282,0.006493909287700647,"StraightLane index=('>>>', '1S0_0_', 0)",True,36.063690185546875,0.0,-2.2888183620005236e-05,"StraightLane index=('>>', '>>>', 0)",True,0.0,True,False,1.1789679527282715,0.07297075539827347,0.0,0.07297075539827347,True,0.0,0.0,0.04560672212392092,0.0,0.04560672212392092,0.0
19.079806,"[86.37891387939453, 4.5, 0.0]","[102.15174102783203, 4.5, 0.0]",7.886822700500971,8.088260650634766,8.083363723816001,0.1259803771902046,-0.5601633191108704,15.772117614745953,0.2122526168817025,-1.2213706970192195,11.272117614745953,-0.20143795013379506,7.8222856521606445,0.27789783477783203,15.752593994140625,True,0,8.100183486938477,8.088260650634766,-0.7966423034667969,-0.10857031308395666,0.06647684611057282,0.006493909287700647,"StraightLane index=('>>>', '1S0_0_', 0)",True,36.221275329589844,0.0,-7.629394523038787e-06,"StraightLane index=('>>', '>>>', 0)",True,0.0,True,False,1.1789679527282715,0.07297075539827347,0.0,0.07297075539827347,True,0.0,0.0,0.04560672212392092,0.0,0.04560672212392092,0.0
19.099946,"[86.5365982055664, 4.5, 0.0]","[102.31736755371094, 4.5, 0.0]",7.889342308044882,8.06594181060791,8.067908242940613,0.12598037719557809,-0.4588695168495178,15.77282714843624,0.20143795013379506,-0.5407333373953715,11.27282714843624,-0.17659950256302803,7.827309608459473,0.27789783477783203,15.752593994140625,True,0,8.105207443237305,8.06594181060791,-0.8010578155517578,-0.12575030531987252,-0.010960628653904306,0.08393138405217777,"StraightLane index=('>>>', '1S0_0_', 0)",True,36.37891387939453,0.0,-2.2888183620005236e-05,"StraightLane index=('>>', '>>>', 0)",True,0.0,True,False,1.1789679527282715,0.07297075539827347,0.0,0.07297075539827347,True,0.0,0.0,0.04560672212392092,0.0,0.04560672212392092,0.0
19.120575,"[86.6943359375, 4.5, 0.0]","[102.47905731201172, 4.5, 0.0]",7.891907691955996,8.057788848876953,8.052938612328319,0.12826919555570804,-0.27691206336021423,15.780769348143972,0.17659950256302803,-1.2419223785383515,11.280769348143972,-0.16588115692095684,7.8381500244140625,0.27789783477783203,15.752593994140625,True,0,8.116047859191895,8.057788848876953,-0.8010578155517578,-0.12575030531987252,-0.010960628653904306,0.08529858794345509,"StraightLane index=('>>>', '1S0_0_', 0)",True,36.536598205566406,0.0,-1.5258789046077574e-05,"StraightLane index=('>>', '>>>', 0)",True,0.0,True,False,1.1789679527282715,0.07433795928955078,0.0,0.07433795928955078,True,0.0,0.0,0.04646122455596924,0.0,0.04646122455596924,0.0
19.140531,"[86.85211944580078, 4.5, 0.0]","[102.63785552978516, 4.5, 0.0]",7.894473075867164,8.03676700592041,8.038456901584345,0.12826919555837257,-0.12239985913038254,15.78472137451046,0.16588115692095684,-0.5359172821035596,11.28472137451046,-0.14229393005324642,7.849616050720215,0.20143795013427734,15.7728271484375,True,0,8.051054000854492,8.03676700592041,-0.8010578155517578,-0.12575030531987252,-0.010960628653904306,0.08529858794345509,"StraightLane index=('>>>', '1S0_0_', 0)",True,36.6943359375,0.0,-2.2888183620005236e-05,"StraightLane index=('>>', '>>>', 0)",True,0.0,True,False,1.1789679527282715,0.07433795928955078,0.0,0.07433795928955078,True,0.0,0.0,0.04646122455596924,0.0,0.04646122455596924,0.0
19.159559,"[87.00995635986328, 4.5, 0.0]","[102.79981994628906, 4.5, 0.0]",7.897038459778172,8.02879524230957,8.024630834875046,0.12826919555042338,0.0032251421362161636,15.785736083984235,0.14229393005324642,-1.179361343385521,11.285736083984235,-0.1317567825313981,7.860998153686523,0.20143795013427734,15.7728271484375,True,0,8.0624361038208,8.02879524230957,-0.8010578155517578,-0.12575030531987252,-0.010960628653904306,0.08529858794345509,"StraightLane index=('>>>', '1S0_0_', 0)",True,36.85211944580078,0.0,-7.629394523038787e-06,"StraightLane index=('>>', '>>>', 0)",True,0.0,True,False,1.1789679527282715,0.07433795928955078,0.0,0.07433795928955078,True,0.0,0.0,0.04646122455596924,0.0,0.04646122455596924,0.0
19.180448,"[87.1678466796875, 4.5, 0.0]","[102.96138000488281, 4.5, 0.0]",7.8996038436892215,8.007522583007812,8.009479942333012,0.1282691955524662,0.10069742053747177,15.789863586425781,0.1317567825313981,-0.5268573760924156,11.289863586425781,-0.10791873931859097,7.871796607971191,0.20143795013427734,15.7728271484375,True,0,8.073234558105469,8.007522583007812,-0.8010578155517578,-0.12575030531987252,-0.010960628653904306,0.08529858794345509,"StraightLane index=('>>>', '1S0_0_', 0)",True,37.00995635986328,0.0,0.0,"StraightLane index=('>>', '>>>', 0)",True,0.0,True,False,1.1789679527282715,0.07433795928955078,0.0,0.07433795928955078,True,0.0,0.0,0.04646122455596924,0.0,0.04646122455596924,0.0
19.19952,"[87.32579040527344, 4.5, 0.0]","[103.11746978759766, 4.5, 0.0]",7.902169227600339,8.000081062316895,7.995621986823971,0.12826919555588567,0.19801878929138184,15.793533325195312,0.10791873931859097,-1.1919021606403568,11.293533325195312,-0.09791183471655529,7.886117935180664,0.20143795013427734,15.7728271484375,True,0,8.087555885314941,8.000081062316895,-0.6586074829101562,-0.13622653668974075,-0.07258384412397981,0.1469218034135306,"StraightLane index=('>>>', '1S0_0_', 0)",True,37.1678466796875,0.0,0.0,"StraightLane index=('>>', '>>>', 0)",True,0.0,True,False,1.1789679527282715,0.07433795928955078,0.0,0.07433795928955078,True,0.0,0.0,0.04646122455596924,0.0,0.04646122455596924,0.0
19.21982,"[87.48377990722656, 4.5, 0.0]","[103.27761840820312, 4.5, 0.0]",7.894896507263416,7.979554176330566,7.981913163652434,-0.3636360168461472,0.22105248272418976,15.791679382324219,0.09791183471655529,-0.5003452301017841,11.291679382324219,-0.08465766906715011,7.890514850616455,0.10791873931884766,15.793533325195312,True,0,7.998433589935303,7.979554176330566,-0.6586074829101562,-0.13622653668974075,-0.07258384412397981,0.09986727794875741,"StraightLane index=('>>>', '1S0_0_', 0)",True,37.32579040527344,0.0,0.0,"StraightLane index=('>>', '>>>', 0)",True,0.0,True,False,1.1054428815841675,0.027283433824777603,0.0,0.027283433824777603,True,0.0,0.0,0.0,-0.0,0.0,-0.0
19.240067,"[87.6418228149414, 4.5, 0.0]","[103.4356689453125, 4.5, 0.0]",7.887623786926531,7.972839832305908,7.968268556678458,-0.36363601684428204,0.2507314383983612,15.793838500976422,0.08465766906715011,-0.662708282470259,11.293838500976422,-0.08521604537937755,7.89820671081543,0.10791873931884766,15.793533325195312,True,0,8.006125450134277,7.972839832305908,-0.6586074829101562,-0.13622653668974075,-0.07258384412397981,0.09986727794875741,"StraightLane index=('>>>', '1S0_0_', 0)",True,37.48377990722656,0.0,-7.629394523038787e-06,"StraightLane index=('>>', '>>>', 0)",True,0.0,True,False,1.1054428815841675,0.027283433824777603,0.0,0.027283433824777603,True,0.0,0.0,0.0,-0.0,0.0,-0.0
19.259883,"[87.79972076416016, 4.5, 0.0]","[103.59507751464844, 4.5, 0.0]",7.880351066589645,7.95267915725708,7.954905439061893,-0.36363601684428204,0.24659356474876404,15.793846130369833,0.08521604537937755,0.027918815611371883,11.293846130369833,-0.07232809066743506,7.902863025665283,0.10791873931884766,15.793533325195312,True,0,8.01078176498413,7.95267915725708,-0.6586074829101562,-0.13622653668974075,-0.07258384412397981,0.09986727794875741,"StraightLane index=('>>>', '1S0_0_', 0)",True,37.641822814941406,0.0,-2.2888183620005236e-05,"StraightLane index=('>>', '>>>', 0)",True,0.0,True,False,1.1054428815841675,0.027283433824777603,0.0,0.027283433824777603,True,0.0,0.0,0.0,-0.0,0.0,-0.0
19.28013,"[87.95747375488281, 4.5, 0.0]","[103.75892639160156, 4.5, 0.0]",7.873078346252709,7.945474624633789,7.941265709150606,-0.36363601684681335,0.2077784240245819,15.795356750487722,0.07232809066743506,-0.6443977355971242,11.295356750487722,-0.07239627838108031,7.90358304977417,0.10791873931884766,15.793533325195312,True,0,8.011501789093018,7.945474624633789,-0.6586074829101562,-0.13622653668974075,-0.07258384412397981,0.09986727794875741,"StraightLane index=('>>>', '1S0_0_', 0)",True,37.799720764160156,0.0,-1.5258789046077574e-05,"StraightLane index=('>>', '>>>', 0)",True,0.0,True,False,1.1054428815841675,0.027283433824777603,0.0,0.027283433824777603,True,0.0,0.0,0.0,-0.0,0.0,-0.0
19.299973,"[88.11508178710938, 4.5, 0.0]","[103.91822052001953, 4.5, 0.0]",7.865805625915747,7.925323009490967,7.927888482777635,-0.3636360168481012,0.14598417282104492,15.80145263671819,0.07239627838108031,0.0034093856822625668,11.30145263671819,-0.05951738357522007,7.901012420654297,0.10791873931884766,15.793533325195312,True,0,8.008931159973145,7.925323009490967,-0.7475805282592773,-0.14876920150984138,-0.11008290218594832,0.13736633601072593,"StraightLane index=('>>>', '1S0_0_', 0)",True,37.95747375488281,0.0,-1.5258789046077574e-05,"StraightLane index=('>>', '>>>', 0)",True,0.0,True,False,1.1054428815841675,0.027283433824777603,0.0,0.027283433824777603,True,0.0,0.0,0.0,-0.0,0.0,-0.0
19.320164,"[88.27254486083984, 4.5, 0.0]","[104.07675170898438, 4.5, 0.0]",7.849085807800481,7.919357776641846,7.915533796423698,-0.8359909057632731,0.0293210931122303,15.803138732910156,0.05951738357522007,-0.6439447402930121,11.303138732910156,-0.07027196884136444,7.892032146453857,0.07239627838134766,15.80145263671875,True,0,7.964428424835205,7.919357776641846,-0.7475805282592773,-0.14876920150984138,-0.11008290218594832,0.058690153234036396,"StraightLane index=('>>>', '1S0_0_', 0)",True,38.115081787109375,0.0,0.0,"StraightLane index=('>>', '>>>', 0)",True,0.0,True,False,1.1054428815841675,-0.051392748951911926,0.0,-0.051392748951911926,True,0.0,0.0,0.0,0.051392748951911926,0.0,0.051392748951911926
19.339642,"[88.42986297607422, 4.5, 0.0]","[104.23051452636719, 4.5, 0.0]",7.832365989685225,7.900776386260986,7.903611644131714,-0.835990905762829,-0.012766589410603046,15.804206848144531,0.07027196884136444,0.5377292633072184,11.304206848144531,-0.06841039657576165,7.88791036605835,0.07239627838134766,15.80145263671875,True,0,7.960306644439697,7.900776386260986,-0.7475805282592773,-0.14876920150984138,-0.11008290218594832,0.058690153234036396,"StraightLane index=('>>>', '1S0_0_', 0)",True,38.272544860839844,0.0,0.0,"StraightLane index=('>>', '>>>', 0)",True,0.0,True,False,1.1054428815841675,-0.051392748951911926,0.0,-0.051392748951911926,True,0.0,0.0,0.0,0.051392748951911926,0.0,0.051392748951911926
19.358869,"[88.58684539794922, 4.5, 0.0]","[104.38800048828125, 4.5, 0.0]",7.815646171570079,7.895237445831299,7.891840259882389,-0.8359909057572779,-0.10457084327936172,15.80065155029241,0.06841039657576165,-0.09307861328013978,11.30065155029241,-0.0795912742612197,7.87767219543457,0.07239627838134766,15.80145263671875,True,0,7.950068473815918,7.895237445831299,-0.7475805282592773,-0.14876920150984138,-0.11008290218594832,0.058690153234036396,"StraightLane index=('>>>', '1S0_0_', 0)",True,38.42986297607422,0.0,-1.5258789046077574e-05,"StraightLane index=('>>', '>>>', 0)",True,0.0,True,False,1.1054428815841675,-0.051392748951911926,0.0,-0.051392748951911926,True,0.0,0.0,0.0,0.051392748951911926,0.0,0.051392748951911926
19.380877,"[88.74349212646484, 4.5, 0.0]","[104.55007934570312, 4.5, 0.0]",7.798926353454949,7.876011848449709,7.8783790769045,-0.8359909057565229,-0.26456019282341003,15.80115509032853,0.0795912742612197,0.5590438842729029,11.30115509032853,-0.07708549499476014,7.856194972991943,0.07239627838134766,15.80145263671875,True,0,7.928591251373291,7.876011848449709,-0.7475805282592773,-0.14876920150984138,-0.11008290218594832,0.058690153234036396,"StraightLane index=('>>>', '1S0_0_', 0)",True,38.58684539794922,0.0,-3.814697266608281e-05,"StraightLane index=('>>', '>>>', 0)",True,0.0,True,False,1.1054428815841675,-0.051392748951911926,0.0,-0.051392748951911926,True,0.0,0.0,0.0,0.051392748951911926,0.0,0.051392748951911926
19.399976,"[88.8998031616211, 4.5, 0.0]","[104.70796966552734, 4.5, 0.0]",7.782206535339787,7.870441913604736,7.866697204699727,-0.8359909057580772,-0.3301476240158081,15.806587219237722,0.07708549499476014,-0.12528896332297812,11.306587219237722,-0.0882353782649492,7.846668720245361,0.07239627838134766,15.80145263671875,True,0,7.919064998626709,7.870441913604736,-0.5488109588623047,-0.1531006649190379,-0.09574766904682092,0.04435492009490899,"StraightLane index=('>>>', '1S0_0_', 0)",True,38.743492126464844,0.0,-1.5258789046077574e-05,"StraightLane index=('>>', '>>>', 0)",True,0.0,True,False,1.1054428815841675,-0.051392748951911926,0.0,-0.051392748951911926,True,0.0,0.0,0.0,0.051392748951911926,0.0,0.051392748951911926
19.420794,"[89.05577850341797, 4.5, 0.0]","[104.86212921142578, 4.5, 0.0]",7.750966072083136,7.852673530578613,7.855347039604955,-1.5620231628325598,-0.4432215392589569,15.808166503904989,0.0882353782649492,0.5574941635094532,11.308166503904989,-0.10170745849547735,7.827706336975098,0.07708549499511719,15.806587219238281,True,0,7.904791831970215,7.852673530578613,-0.5488109588623047,-0.1531006649190379,-0.09574766904682092,-0.00028188824087210795,"StraightLane index=('>>>', '1S0_0_', 0)",True,38.899803161621094,0.0,-2.2888183620005236e-05,"StraightLane index=('>>', '>>>', 0)",True,0.0,True,False,1.1054428815841675,-0.09602955728769302,0.0,-0.09602955728769302,True,0.0,0.0,0.0,0.09602955728769302,0.0,0.09602955728769302
19.439857,"[89.21142578125, 4.5, 0.0]","[105.01872253417969, 4.5, 0.0]",7.719725608826437,7.848453044891357,7.844955936077737,-1.562023162834958,-0.5474635362625122,15.80635070800431,0.10170745849547735,0.6736040115264075,11.30635070800431,-0.12872743606492065,7.8074469566345215,0.07708549499511719,15.806587219238281,True,0,7.884532451629639,7.848453044891357,-0.5488109588623047,-0.1531006649190379,-0.09574766904682092,-0.00028188824087210795,"StraightLane index=('>>>', '1S0_0_', 0)",True,39.05577850341797,0.0,-3.814697266608281e-05,"StraightLane index=('>>', '>>>', 0)",True,0.0,True,False,1.0076574087142944,-0.09602955728769302,0.0,-0.09602955728769302,True,0.0,0.0,0.0,0.09602955728769302,0.0,0.09602955728769302
19.460472,"[89.36644744873047, 4.5, 0.0]","[105.17897033691406, 4.5, 0.0]",7.688485145569845,7.830646514892578,7.833717965781531,-1.5620231628295844,-0.6667454838752747,15.807296752924643,0.12872743606492065,1.350998878472165,11.307296752924643,-0.14216136932273304,7.7835845947265625,0.07708549499511719,15.806587219238281,True,0,7.86067008972168,7.830646514892578,-0.5488109588623047,-0.1531006649190379,-0.09574766904682092,-0.00028188824087210795,"StraightLane index=('>>>', '1S0_0_', 0)",True,39.21142578125,0.0,-4.5776367189121594e-05,"StraightLane index=('>>', '>>>', 0)",True,0.0,True,False,1.0076574087142944,-0.09602955728769302,0.0,-0.09602955728769302,True,0.0,0.0,0.0,0.09602955728769302,0.0,0.09602955728769302
19.480411,"[89.52084350585938, 4.5, 0.0]","[105.3358154296875, 4.5, 0.0]",7.657244682313109,7.826408863067627,7.822856473296548,-1.562023162836823,-0.808133602142334,15.812522888180089,0.14216136932273304,0.6716966628906196,11.312522888180089,-0.16916418075451833,7.7548604011535645,0.07708549499511719,15.806587219238281,True,0,7.831945896148682,7.826408863067627,-0.5488109588623047,-0.1531006649190379,-0.09574766904682092,-0.00028188824087210795,"StraightLane index=('>>>', '1S0_0_', 0)",True,39.36644744873047,0.0,-3.814697266608281e-05,"StraightLane index=('>>', '>>>', 0)",True,0.0,True,False,1.0076574087142944,-0.09602955728769302,0.0,-0.09602955728769302,True,0.0,0.0,0.0,0.09602955728769302,0.0,0.09602955728769302
19.500243,"[89.67461395263672, 4.5, 0.0]","[105.48805236816406, 4.5, 0.0]",7.626004219056112,7.809159278869629,7.812063341825316,-1.562023162849835,-0.952724039554596,15.814971923825881,0.16916418075451833,1.3501405715892645,11.314971923825881,-0.18315505981351698,7.722942352294922,0.07708549499511719,15.806587219238281,True,0,7.800027847290039,7.809159278869629,-0.6128263473510742,-0.1592395205844217,-0.04018873170563565,-0.05584082558205737,"StraightLane index=('>>>', '1S0_0_', 0)",True,39.520843505859375,0.0,-3.0517578143044024e-05,"StraightLane index=('>>', '>>>', 0)",True,0.0,True,False,1.0076574087142944,-0.09602955728769302,0.0,-0.09602955728769302,True,0.0,0.0,0.0,0.09602955728769302,0.0,0.09602955728769302
19.520134,"[89.8277587890625, 4.5, 0.0]","[105.64867401123047, 4.5, 0.0]",7.585461616516962,7.805570602416992,7.802595585694001,-2.027130126957477,-1.1751494407653809,15.81343841552608,0.18315505981351698,0.6995439529499325,11.31343841552608,-0.2201089859000298,7.668156147003174,0.07708549499511719,15.806587219238281,True,0,7.745241641998291,7.805570602416992,-0.6128263473510742,-0.1592395205844217,-0.04018873170563565,-0.08443460419228686,"StraightLane index=('>>>', '1S0_0_', 0)",True,39.67461395263672,0.0,-2.2888183620005236e-05,"StraightLane index=('>>', '>>>', 0)",True,0.0,True,False,1.0076574087142944,-0.12462333589792252,0.0,-0.12462333589792252,True,0.0,0.0,0.0,0.12462333589792252,0.0,0.12462333589792252
19.539637,"[89.98027801513672, 4.5, 0.0]","[105.80061340332031, 4.5, 0.0]",7.544919013977927,7.792951583862305,7.793312038213643,-2.0271301269517483,-1.2467564344406128,15.820915222166706,0.2201089859000298,1.8476963043256411,11.320915222166706,-0.24803256988437727,7.648892879486084,0.16916418075561523,15.814971923828125,True,0,7.818057060241699,7.792951583862305,-0.6128263473510742,-0.1592395205844217,-0.04018873170563565,-0.08443460419228686,"StraightLane index=('>>>', '1S0_0_', 0)",True,39.8277587890625,0.0,-2.2888183620005236e-05,"StraightLane index=('>>', '>>>', 0)",True,0.0,True,False,1.0076574087142944,-0.12462333589792252,0.0,-0.12462333589792252,True,0.0,0.0,0.0,0.12462333589792252,0.0,0.12462333589792252
19.559705,"[90.13198852539062, 4.5, 0.0]","[105.95970153808594, 4.5, 0.0]",7.504376411438812,7.783228397369385,7.783767028702819,-2.0271301269557895,-1.3629844188690186,15.820335388183453,0.24803256988437727,1.3961791992173733,11.320335388183453,-0.27885198593057314,7.611368656158447,0.16916418075561523,15.814971923828125,True,0,7.7805328369140625,7.783228397369385,-0.6128263473510742,-0.1592395205844217,-0.04018873170563565,-0.08443460419228686,"StraightLane index=('>>>', '1S0_0_', 0)",True,39.98027801513672,0.0,-7.629394523038787e-06,"StraightLane index=('>>', '>>>', 0)",True,0.0,True,False,1.0076574087142944,-0.12462333589792252,0.0,-0.12462333589792252,True,0.0,0.0,0.0,0.12462333589792252,0.0,0.12462333589792252
19.582242,"[90.28289031982422, 4.5, 0.0]","[106.11324310302734, 4.5, 0.0]",7.463833808899706,7.7738447189331055,7.773066423031665,-2.027130126955301,-1.4860272407531738,15.827713012694751,0.27885198593057314,1.5409708023097934,11.327713012694751,-0.31001091003339987,7.57078218460083,0.16916418075561523,15.814971923828125,True,0,7.739946365356445,7.7738447189331055,-0.6128263473510742,-0.1592395205844217,-0.04018873170563565,-0.08443460419228686,"StraightLane index=('>>>', '1S0_0_', 0)",True,40.131988525390625,0.0,-1.5258789046077574e-05,"StraightLane index=('>>', '>>>', 0)",True,0.0,True,False,1.0076574087142944,-0.12462333589792252,0.0,-0.12462333589792252,True,0.0,0.0,0.0,0.12462333589792252,0.0,0.12462333589792252
19.600023,"[90.43297576904297, 4.5, 0.0]","[106.27140045166016, 4.5, 0.0]",7.423291206360753,7.764178276062012,7.764573543656012,-2.0271301269476183,-1.643052339553833,15.83035278320088,0.31001091003339987,1.5579462051413362,11.33035278320088,-0.3408870697012585,7.508095741271973,0.16916418075561523,15.814971923828125,True,0,7.677259922027588,7.764178276062012,-0.4498100280761719,-0.15905891950864554,0.06251767579717249,-0.187141011695095,"StraightLane index=('>>>', '1S0_0_', 0)",True,40.28289031982422,0.0,-3.0517578143044024e-05,"StraightLane index=('>>', '>>>', 0)",True,0.0,True,False,1.0076574087142944,-0.12462333589792252,0.0,-0.12462333589792252,True,0.0,0.0,0.0,0.12462333589792252,0.0,0.12462333589792252
19.620088,"[90.5822525024414, 4.5, 0.0]","[106.42327880859375, 4.5, 0.0]",7.396290779114712,7.755775451660156,7.756387268853933,-1.3500213623020674,-1.7164020538330078,15.83842468261494,0.3408870697012585,1.5438079833929308,11.33842468261494,-0.35948467254544436,7.483970642089844,0.3100109100341797,15.830352783203125,True,0,7.793981552124023,7.755775451660156,-0.4498100280761719,-0.15905891950864554,0.06251767579717249,-0.1455150574843368,"StraightLane index=('>>>', '1S0_0_', 0)",True,40.43297576904297,0.0,-3.0517578143044024e-05,"StraightLane index=('>>', '>>>', 0)",True,0.0,True,False,0.9204440116882324,-0.0829973816871643,0.0,-0.0829973816871643,True,0.0,0.0,0.0,0.0829973816871643,0.0,0.0829973816871643
19.640074,"[90.73072052001953, 4.5, 0.0]","[106.57832336425781, 4.5, 0.0]",7.369290351868582,7.7476067543029785,7.748233708325168,-1.3500213623065083,-1.8451768159866333,15.841026306150097,0.35948467254544436,0.9298801422092939,11.341026306150097,-0.3783164024343968,7.41762113571167,0.3100109100341797,15.830352783203125,True,0,7.72763204574585,7.7476067543029785,-0.4498100280761719,-0.15905891950864554,0.06251767579717249,-0.1455150574843368,"StraightLane index=('>>>', '1S0_0_', 0)",True,40.582252502441406,0.0,-3.0517578143044024e-05,"StraightLane index=('>>', '>>>', 0)",True,0.0,True,False,0.9204440116882324,-0.0829973816871643,0.0,-0.0829973816871643,True,0.0,0.0,0.0,0.0829973816871643,0.0,0.0829973816871643
19.659776,"[90.87864685058594, 4.5, 0.0]","[106.7361831665039, 4.5, 0.0]",7.342289924622394,7.7392897605896,7.740192368599679,-1.3500213623093948,-1.8790245056152344,15.847602844237016,0.3783164024343968,0.9415864944476215,11.347602844237016,-0.3969998359672058,7.395618915557861,0.3100109100341797,15.830352783203125,True,0,7.705629825592041,7.7392897605896,-0.4498100280761719,-0.15905891950864554,0.06251767579717249,-0.1455150574843368,"StraightLane index=('>>>', '1S0_0_', 0)",True,40.73072052001953,0.0,-2.2888183620005236e-05,"StraightLane index=('>>', '>>>', 0)",True,0.0,True,False,0.9204440116882324,-0.0829973816871643,0.0,-0.0829973816871643,True,0.0,0.0,0.0,0.0829973816871643,0.0,0.0829973816871643
19.680473,"[91.02603149414062, 4.5, 0.0]","[106.89185333251953, 4.5, 0.0]",7.315289497376068,7.731088638305664,7.731752604625979,-1.3500213623162782,-1.8890798091888428,15.857536315917828,0.3969998359672058,0.9341716766404495,11.357536315917828,-0.4157991409295958,7.357010364532471,0.3100109100341797,15.830352783203125,True,0,7.66702127456665,7.731088638305664,-0.4498100280761719,-0.15905891950864554,0.06251767579717249,-0.1455150574843368,"StraightLane index=('>>>', '1S0_0_', 0)",True,40.87864685058594,0.0,-7.629394523038787e-06,"StraightLane index=('>>', '>>>', 0)",True,0.0,True,False,0.9204440116882324,-0.0829973816871643,0.0,-0.0829973816871643,True,0.0,0.0,0.0,0.0829973816871643,0.0,0.0829973816871643
19.699868,"[91.1728744506836, 4.5, 0.0]","[107.0462875366211, 4.5, 0.0]",7.288289070129853,7.722951889038088,7.723843627852946,-1.3500213623107715,-1.8661534786224365,15.865821838378766,0.4157991409295958,0.9399652481195009,11.365821838378766,-0.4346628189082349,7.321839809417725,0.3100109100341797,15.830352783203125,True,0,7.631850719451904,7.722951889038088,-0.41226387023924005,-0.15758226301615438,0.12494856927419831,-0.20794595096136262,"StraightLane index=('>>>', '1S0_0_', 0)",True,41.026031494140625,0.0,-7.629394523038787e-06,"StraightLane index=('>>', '>>>', 0)",True,0.0,True,False,0.9204440116882324,-0.0829973816871643,0.0,-0.0829973816871643,True,0.0,0.0,0.0,0.0829973816871643,0.0,0.0829973816871643
19.719679,"[91.31918334960938, 4.5, 0.0]","[107.19733428955078, 4.5, 0.0]",7.281016349792899,7.715830326080322,7.7170213145377575,-0.3636360168477015,-1.7724276781082153,15.87341308593736,0.4346628189082349,0.9431838989319541,11.37341308593736,-0.43481397628742346,7.2765116691589355,0.4157991409301758,15.865821838378906,True,0,7.692310810089111,7.715830326080322,-0.41226387023924005,-0.15758226301615438,0.12494856927419831,-0.11831694159532716,"StraightLane index=('>>>', '1S0_0_', 0)",True,41.172874450683594,0.0,-7.629394523038787e-06,"StraightLane index=('>>', '>>>', 0)",True,0.0,True,False,0.9204440116882324,0.006631627678871155,0.0,0.006631627678871155,True,0.0,0.0,0.0,-0.0,0.0,-0.0
19.740247,"[91.46495056152344, 4.5, 0.0]","[107.3553237915039, 4.5, 0.0]",7.27374362945591,7.708777904510498,7.70994015675704,-0.3636360168494335,-1.751891016960144,15.878150939941266,0.43481397628742346,0.007557868959429115,11.378150939941266,-0.4350342750545879,7.260941982269287,0.4157991409301758,15.865821838378906,True,0,7.676741123199463,7.708777904510498,-0.41226387023924005,-0.15758226301615438,0.12494856927419831,-0.11831694159532716,"StraightLane index=('>>>', '1S0_0_', 0)",True,41.319183349609375,0.0,-7.629394523038787e-06,"StraightLane index=('>>', '>>>', 0)",True,0.0,True,False,0.9204440116882324,0.006631627678871155,0.0,0.006631627678871155,True,0.0,0.0,0.0,-0.0,0.0,-0.0
19.759657,"[91.6105728149414, 4.5, 0.0]","[107.50841522216797, 4.5, 0.0]",7.266470909118837,7.701944828033447,7.7032699258936566,-0.3636360168536523,-1.651978611946106,15.890373229980469,0.4350342750545879,0.011014938358222537,11.390373229980469,-0.4354739189146102,7.236848831176758,0.4157991409301758,15.865821838378906,True,0,7.652647972106934,7.701944828033447,-0.41226387023924005,-0.15758226301615438,0.12494856927419831,-0.11831694159532716,"StraightLane index=('>>>', '1S0_0_', 0)",True,41.46495056152344,0.0,0.0,"StraightLane index=('>>', '>>>', 0)",True,0.0,True,False,0.9204440116882324,0.006631627678871155,0.0,0.006631627678871155,True,0.0,0.0,0.0,-0.0,0.0,-0.0
19.780426,"[91.75605010986328, 4.5, 0.0]","[107.6634292602539, 4.5, 0.0]",7.25919818878178,7.695025444030762,7.696121318650339,-0.36363601685285296,-1.5013676881790161,15.897842407226,0.4354739189146102,0.02198219300111326,11.397842407226,-0.4358272552489817,7.220334053039551,0.4157991409301758,15.865821838378906,True,0,7.636133193969727,7.695025444030762,-0.41226387023924005,-0.15758226301615438,0.12494856927419831,-0.11831694159532716,"StraightLane index=('>>>', '1S0_0_', 0)",True,41.610572814941406,0.0,1.5258789046077574e-05,"StraightLane index=('>>', '>>>', 0)",True,0.0,True,False,0.9204440116882324,0.006631627678871155,0.0,0.006631627678871155,True,0.0,0.0,0.0,-0.0,0.0,-0.0
19.799879,"[91.90138244628906, 4.5, 0.0]","[107.8171157836914, 4.5, 0.0]",7.251925468444842,7.688164710998535,7.689428204214107,-0.36363601684690217,-1.3246612548828125,15.907379150390483,0.4358272552489817,0.017666816718575618,11.407379150390483,-0.4362392425536932,7.209750652313232,0.4157991409301758,15.865821838378906,True,0,7.625549793243408,7.688164710998535,-0.3478717803955256,-0.15399954902838234,0.12955595863151823,-0.12292433095264707,"StraightLane index=('>>>', '1S0_0_', 0)",True,41.75605010986328,0.0,-7.629394523038787e-06,"StraightLane index=('>>', '>>>', 0)",True,0.0,True,False,0.9204440116882324,0.006631627678871155,0.0,0.006631627678871155,True,0.0,0.0,0.0,-0.0,0.0,-0.0
19.819891,"[92.04656982421875, 4.5, 0.0]","[107.96769714355469, 4.5, 0.0]",7.255269050598169,7.682112693786621,7.68356034768115,0.1671791076663709,-1.1440703868865967,15.915733337402202,0.4362392425536932,0.02059936523557404,11.415733337402202,-0.4268436431884517,7.203146457672119,0.43582725524902344,15.907379150390625,True,0,7.638973712921143,7.682112693786621,-0.3478717803955256,-0.15399954902838234,0.12955595863151823,-0.03272512120294843,"StraightLane index=('>>>', '1S0_0_', 0)",True,41.90138244628906,0.0,-7.629394523038787e-06,"StraightLane index=('>>', '>>>', 0)",True,0.0,True,False,0.9204440116882324,0.0968308374285698,0.0,0.0968308374285698,True,0.0,0.0,0.06051927339285612,0.0,0.06051927339285612,0.0
19.839591,"[92.19160461425781, 4.5, 0.0]","[108.12103271484375, 4.5, 0.0]",7.2586126327515075,7.676258563995361,7.677787924499088,0.1671791076669038,-0.9671058058738708,15.921127319335795,0.4268436431884517,-0.469779968262074,11.421127319335795,-0.41764593124385385,7.199744701385498,0.43582725524902344,15.907379150390625,True,0,7.6355719566345215,7.676258563995361,-0.3478717803955256,-0.15399954902838234,0.12955595863151823,-0.03272512120294843,"StraightLane index=('>>>', '1S0_0_', 0)",True,42.04656982421875,0.0,-7.629394523038787e-06,"StraightLane index=('>>', '>>>', 0)",True,0.0,True,False,0.830470860004425,0.0968308374285698,0.0,0.0968308374285698,True,0.0,0.0,0.06051927339285612,0.0,0.06051927339285612,0.0
19.859566,"[92.33670806884766, 4.5, 0.0]","[108.27757263183594, 4.5, 0.0]",7.261956214904825,7.6702823638916025,7.671943380250461,0.1671791076658824,-0.6940999031066895,15.929428100585938,0.41764593124385385,-0.4598855972298921,11.429428100585938,-0.4083261489867773,7.20206356048584,0.43582725524902344,15.907379150390625,True,0,7.637890815734863,7.6702823638916025,-0.3478717803955256,-0.15399954902838234,0.12955595863151823,-0.03272512120294843,"StraightLane index=('>>>', '1S0_0_', 0)",True,42.19160461425781,0.0,0.0,"StraightLane index=('>>', '>>>', 0)",True,0.0,True,False,0.830470860004425,0.0968308374285698,0.0,0.0968308374285698,True,0.0,0.0,0.06051927339285612,0.0,0.06051927339285612,0.0
19.880572,"[92.48188018798828, 4.5, 0.0]","[108.4312515258789, 4.5, 0.0]",7.2652997970581445,7.66441535949707,7.665785748510487,0.16717910766597122,-0.600734531879425,15.94086456298814,0.4083261489867773,-0.46598911285382627,11.44086456298814,-0.39911556243892576,7.204916954040527,0.43582725524902344,15.907379150390625,True,0,7.640744209289551,7.66441535949707,-0.3478717803955256,-0.15399954902838234,0.12955595863151823,-0.03272512120294843,"StraightLane index=('>>>', '1S0_0_', 0)",True,42.336708068847656,0.0,-7.629394523038787e-06,"StraightLane index=('>>', '>>>', 0)",True,0.0,True,False,0.830470860004425,0.0968308374285698,0.0,0.0968308374285698,True,0.0,0.0,0.06051927339285612,0.0,0.06051927339285612,0.0
19.900169,"[92.62712097167969, 4.5, 0.0]","[108.58502960205078, 4.5, 0.0]",7.268643379211502,7.658544540405273,7.660045342972111,0.1671791076678808,-0.42432233691215515,15.94937133789006,0.39911556243892576,-0.4605293273925781,11.44937133789006,-0.3899011611937713,7.212294578552246,0.43582725524902344,15.907379150390625,True,0,7.6481218338012695,7.658544540405273,-0.2962017059326172,-0.1489666538331857,0.10446910094276562,-0.007638263514195831,"StraightLane index=('>>>', '1S0_0_', 0)",True,42.48188018798828,0.0,-1.5258789046077574e-05,"StraightLane index=('>>', '>>>', 0)",True,0.0,True,False,0.830470860004425,0.0968308374285698,0.0,0.0968308374285698,True,0.0,0.0,0.06051927339285612,0.0,0.06051927339285612,0.0
19.920179,"[92.77243041992188, 4.5, 0.0]","[108.73821258544922, 4.5, 0.0]",7.27340984344493,7.65315580368042,7.654862251805886,0.23832321167138737,-0.17964768409729004,15.957908630370952,0.3899011611937713,-0.46072006225772455,11.457908630370952,-0.37974596023549,7.227851867675781,0.39911556243896484,15.949371337890625,True,0,7.626967430114746,7.65315580368042,-0.2962017059326172,-0.1489666538331857,0.10446910094276562,0.03362031746848926,"StraightLane index=('>>>', '1S0_0_', 0)",True,42.62712097167969,0.0,-7.629394523038787e-06,"StraightLane index=('>>', '>>>', 0)",True,0.0,True,False,0.830470860004425,0.13808941841125488,0.0,0.13808941841125488,True,0.0,0.0,0.0863058865070343,0.0,0.0863058865070343,0.0
19.940277,"[92.91780090332031, 4.5, 0.0]","[108.89141082763672, 4.5, 0.0]",7.27817630767835,7.647967338562012,7.649657099799939,0.2383232116709877,-0.05065421387553215,15.965782165527202,0.37974596023549,-0.5077600479140632,11.465782165527202,-0.36979103088366205,7.238481044769287,0.39911556243896484,15.949371337890625,True,0,7.637596607208252,7.647967338562012,-0.2962017059326172,-0.1489666538331857,0.10446910094276562,0.03362031746848926,"StraightLane index=('>>>', '1S0_0_', 0)",True,42.772430419921875,0.0,-7.629394523038787e-06,"StraightLane index=('>>', '>>>', 0)",True,0.0,True,False,0.830470860004425,0.13808941841125488,0.0,0.13808941841125488,True,0.0,0.0,0.0863058865070343,0.0,0.0863058865070343,0.0
19.958898,"[93.06327056884766, 4.5, 0.0]","[109.03970336914062, 4.5, 0.0]",7.282942771911713,7.646277904510498,7.644832751089433,0.23832321166814552,0.05241167172789574,15.97360992431513,0.36979103088366205,-0.49774646759139785,11.47360992431513,-0.36333513259878547,7.248839855194092,0.39911556243896484,15.949371337890625,True,0,7.647955417633057,7.646277904510498,-0.2962017059326172,-0.1489666538331857,0.10446910094276562,0.03362031746848926,"StraightLane index=('>>>', '1S0_0_', 0)",True,42.91780090332031,0.0,-2.2888183620005236e-05,"StraightLane index=('>>', '>>>', 0)",True,0.0,True,False,0.830470860004425,0.13808941841125488,0.0,0.13808941841125488,True,0.0,0.0,0.0863058865070343,0.0,0.0863058865070343,0.0
19.979682,"[93.20883178710938, 4.5, 0.0]","[109.19274139404297, 4.5, 0.0]",7.287709236145098,7.63442850112915,7.639459531392163,0.23832321166925574,0.13921570777893066,15.976432800292827,0.36333513259878547,-0.3227949142438291,11.476432800292827,-0.3467192649840527,7.25947380065918,0.39911556243896484,15.949371337890625,True,0,7.6585893630981445,7.63442850112915,-0.2962017059326172,-0.1489666538331857,0.10446910094276562,0.03362031746848926,"StraightLane index=('>>>', '1S0_0_', 0)",True,43.063270568847656,0.0,-7.629394523038787e-06,"StraightLane index=('>>', '>>>', 0)",True,0.0,True,False,0.830470860004425,0.13808941841125488,0.0,0.13808941841125488,True,0.0,0.0,0.0863058865070343,0.0,0.0863058865070343,0.0
19.999523,"[93.3544921875, 4.5, 0.0]","[109.34563446044922, 4.5, 0.0]",7.292475700378535,7.635916233062744,7.634314241013507,0.23832321167187587,0.1788044422864914,15.983909606933452,0.3467192649840527,-0.8307933807366386,11.483909606933452,-0.34344053268420893,7.265018939971924,0.39911556243896484,15.949371337890625,True,0,7.664134502410889,7.635916233062744,-0.22628307342529297,-0.14198989601975237,0.08124645022498345,0.056842968186271436,"StraightLane index=('>>>', '1S0_0_', 0)",True,43.208831787109375,0.0,-7.629394523038787e-06,"StraightLane index=('>>', '>>>', 0)",True,0.0,True,False,0.830470860004425,0.13808941841125488,0.0,0.13808941841125488,True,0.0,0.0,0.0863058865070343,0.0,0.0863058865070343,0.0
20.020119,"[93.500244140625, 4.5, 0.0]","[109.49903869628906, 4.5, 0.0]",7.297110557556325,7.6241774559021005,7.629180390076729,0.2317428588894721,0.24054239690303802,15.991142272949077,0.34344053268420893,-0.16393661499218837,11.491142272949077,-0.32706689834577585,7.2753753662109375,0.34671926498413086,15.983909606933594,True,0,7.622094631195068,7.6241774559021005,-0.22628307342529297,-0.14198989601975237,0.08124645022498345,0.05301883848561073,"StraightLane index=('>>>', '1S0_0_', 0)",True,43.3544921875,0.0,-7.629394523038787e-06,"StraightLane index=('>>', '>>>', 0)",True,0.0,True,False,0.7167056202888489,0.13426528871059418,0.0,0.13426528871059418,True,0.0,0.0,0.08391580544412136,0.0,0.08391580544412136,0.0
20.040208,"[93.6460952758789, 4.5, 0.0]","[109.65544128417969, 4.5, 0.0]",7.301745414734133,7.625734329223633,7.62417871612382,0.2317428588904047,0.29354405403137207,15.998794555662785,0.32706689834577585,-0.8186817169216543,11.498794555662785,-0.32398891448950007,7.288791656494141,0.34671926498413086,15.983909606933594,True,0,7.6355109214782715,7.625734329223633,-0.22628307342529297,-0.14198989601975237,0.08124645022498345,0.05301883848561073,"StraightLane index=('>>>', '1S0_0_', 0)",True,43.500244140625,0.0,-2.2888183620005236e-05,"StraightLane index=('>>', '>>>', 0)",True,0.0,True,False,0.7167056202888489,0.13426528871059418,0.0,0.13426528871059418,True,0.0,0.0,0.08391580544412136,0.0,0.08391580544412136,0.0
20.059374,"[93.79203796386719, 4.5, 0.0]","[109.80299377441406, 4.5, 0.0]",7.306380271911932,7.6142473220825195,7.619403718068486,0.2317428588899606,0.3142153024673462,16.009346008299502,0.32398891448950007,-0.15389919281378894,11.509346008299502,-0.3078670501705876,7.296970844268799,0.34671926498413086,15.983909606933594,True,0,7.64369010925293,7.6142473220825195,-0.22628307342529297,-0.14198989601975237,0.08124645022498345,0.05301883848561073,"StraightLane index=('>>>', '1S0_0_', 0)",True,43.646095275878906,0.0,-2.2888183620005236e-05,"StraightLane index=('>>', '>>>', 0)",True,0.0,True,False,0.7167056202888489,0.13426528871059418,0.0,0.13426528871059418,True,0.0,0.0,0.08391580544412136,0.0,0.08391580544412136,0.0
20.079792,"[93.93807220458984, 4.5, 0.0]","[109.95542907714844, 4.5, 0.0]",7.31101512908971,7.615933895111084,7.6143235792337975,0.2317428588888948,0.3238504230976105,16.010955810546307,0.3078670501705876,-0.8060932159456247,11.510955810546307,-0.30491876602137413,7.30112361907959,0.34671926498413086,15.983909606933594,True,0,7.647842884063721,7.615933895111084,-0.22628307342529297,-0.14198989601975237,0.08124645022498345,0.05301883848561073,"StraightLane index=('>>>', '1S0_0_', 0)",True,43.79203796386719,0.0,-1.5258789046077574e-05,"StraightLane index=('>>', '>>>', 0)",True,0.0,True,False,0.7167056202888489,0.13426528871059418,0.0,0.13426528871059418,True,0.0,0.0,0.08391580544412136,0.0,0.08391580544412136,0.0
20.099373,"[94.08419799804688, 4.5, 0.0]","[110.1075439453125, 4.5, 0.0]",7.315649986267348,7.604298114776611,7.609445615452208,0.2317428588819226,0.3280967175960541,16.01735687255845,0.30491876602137413,-0.14741420746067213,11.517356872558452,-0.288648128509263,7.3080735206604,0.34671926498413086,15.983909606933594,True,0,7.654792785644531,7.604298114776611,-0.3161811828613281,-0.1388572478179236,0.04876403571309737,0.08550125299749681,"StraightLane index=('>>>', '1S0_0_', 0)",True,43.938072204589844,0.0,-7.629394523038787e-06,"StraightLane index=('>>', '>>>', 0)",True,0.0,True,False,0.7167056202888489,0.13426528871059418,0.0,0.13426528871059418,True,0.0,0.0,0.08391580544412136,0.0,0.08391580544412136,0.0
20.120161,"[94.23041534423828, 4.5, 0.0]","[110.26043701171875, 4.5, 0.0]",7.319401741028008,7.605742931365967,7.603946839408728,0.18758773803297935,0.32424116134643555,16.023345947265483,0.288648128509263,-0.8135318756055554,11.523345947265483,-0.2863411903379589,7.314189434051514,0.3049187660217285,16.017356872558594,True,0,7.619108200073242,7.605742931365967,-0.3161811828613281,-0.1388572478179236,0.04876403571309737,0.059943533826449596,"StraightLane index=('>>>', '1S0_0_', 0)",True,44.084197998046875,0.0,-7.629394523038787e-06,"StraightLane index=('>>', '>>>', 0)",True,0.0,True,False,0.7167056202888489,0.10870756953954697,0.0,0.10870756953954697,True,0.0,0.0,0.06794223096221685,0.0,0.06794223096221685,0.0
20.13955,"[94.3767318725586, 4.5, 0.0]","[110.41231536865234, 4.5, 0.0]",7.3231534957886595,7.593778610229492,7.5988103348744165,0.18758773803257967,0.31314322352409363,16.030021667480327,0.2863411903379589,-0.11534690856520591,11.530021667480327,-0.2706251144408327,7.322646617889404,0.3049187660217285,16.017356872558594,True,0,7.627565383911133,7.593778610229492,-0.3161811828613281,-0.1388572478179236,0.04876403571309737,0.059943533826449596,"StraightLane index=('>>>', '1S0_0_', 0)",True,44.23041534423828,0.0,-7.629394523038787e-06,"StraightLane index=('>>', '>>>', 0)",True,0.0,True,False,0.7167056202888489,0.10870756953954697,0.0,0.10870756953954697,True,0.0,0.0,0.06794223096221685,0.0,0.06794223096221685,0.0
20.159502,"[94.52311706542969, 4.5, 0.0]","[110.5676498413086, 4.5, 0.0]",7.326905250549398,7.595025539398193,7.593520255415916,0.18758773803693174,0.3078306317329407,16.035583496093608,0.2706251144408327,-0.7858037948563101,11.535583496093608,-0.26812028884879524,7.325220584869385,0.3049187660217285,16.017356872558594,True,0,7.630139350891113,7.595025539398193,-0.3161811828613281,-0.1388572478179236,0.04876403571309737,0.059943533826449596,"StraightLane index=('>>>', '1S0_0_', 0)",True,44.376731872558594,0.0,7.629394523038787e-06,"StraightLane index=('>>', '>>>', 0)",True,0.0,True,False,0.7167056202888489,0.10870756953954697,0.0,0.10870756953954697,True,0.0,0.0,0.06794223096221685,0.0,0.06794223096221685,0.0
20.180114,"[94.6695785522461, 4.5, 0.0]","[110.71986389160156, 4.5, 0.0]",7.330657005310154,7.583049297332764,7.5880613171575355,0.1875877380377755,0.2779337763786316,16.044532775878764,0.26812028884879524,-0.12524127960187315,11.544532775878764,-0.25239229202261004,7.331043243408203,0.3049187660217285,16.017356872558594,True,0,7.635962009429932,7.583049297332764,-0.3161811828613281,-0.1388572478179236,0.04876403571309737,0.059943533826449596,"StraightLane index=('>>>', '1S0_0_', 0)",True,44.52311706542969,0.0,-7.629394523038787e-06,"StraightLane index=('>>', '>>>', 0)",True,0.0,True,False,0.7167056202888489,0.10870756953954697,0.0,0.10870756953954697,True,0.0,0.0,0.06794223096221685,0.0,0.06794223096221685,0.0
20.200511,"[94.81611633300781, 4.5, 0.0]","[110.87168884277344, 4.5, 0.0]",7.33440876007093,7.584418773651123,7.582651506649469,0.18758773803879691,0.2725153863430023,16.050285339355327,0.25239229202261004,-0.7863998413092599,11.550285339355327,-0.2500100135801935,7.333254337310791,0.3049187660217285,16.017356872558594,True,0,7.6381731033325195,7.584418773651123,-0.1987934112548828,-0.13192929243005214,0.030577216397073642,0.07813035314247332,"StraightLane index=('>>>', '1S0_0_', 0)",True,44.669578552246094,0.0,-7.629394523038787e-06,"StraightLane index=('>>', '>>>', 0)",True,0.0,True,False,0.7167056202888489,0.10870756953954697,0.0,0.10870756953954697,True,0.0,0.0,0.06794223096221685,0.0,0.06794223096221685,0.0
20.219971,"[94.96273040771484, 4.5, 0.0]","[111.02108001708984, 4.5, 0.0]",7.337412834167555,7.57192850112915,7.576617434371809,0.15020370483127543,0.2560102939605713,16.055572509765625,0.2500100135801935,-0.11911392212082816,11.555572509765625,-0.23451566696159531,7.3368821144104,0.2523922920227051,16.05028533935547,True,0,7.5892744064331055,7.57192850112915,-0.1987934112548828,-0.13192929243005214,0.030577216397073642,0.056434292246553525,"StraightLane index=('>>>', '1S0_0_', 0)",True,44.81611633300781,0.0,0.0,"StraightLane index=('>>', '>>>', 0)",True,0.0,True,False,0.5857651233673096,0.08701150864362717,0.0,0.08701150864362717,True,0.0,0.0,0.05438219290226698,0.0,0.05438219290226698,0.0
20.239918,"[95.10942077636719, 4.5, 0.0]","[111.17118072509766, 4.5, 0.0]",7.340416908264213,7.572465419769287,7.570454499515612,0.15020370483287415,0.23720327019691467,16.058349609375,0.23451566696159531,-0.7747173309299082,11.558349609375,-0.23204851150507455,7.3399248123168945,0.2523922920227051,16.05028533935547,True,0,7.5923171043396,7.572465419769287,-0.1987934112548828,-0.13192929243005214,0.030577216397073642,0.056434292246553525,"StraightLane index=('>>>', '1S0_0_', 0)",True,44.962730407714844,0.0,0.0,"StraightLane index=('>>', '>>>', 0)",True,0.0,True,False,0.5857651233673096,0.08701150864362717,0.0,0.08701150864362717,True,0.0,0.0,0.05438219290226698,0.0,0.05438219290226698,0.0
20.259717,"[95.25617218017578, 4.5, 0.0]","[111.32613372802734, 4.5, 0.0]",7.343420982360908,7.55947208404541,7.5643327386024115,0.15020370483478374,0.2179068624973297,16.0617599487299,0.23204851150507455,-0.12335777282603821,11.5617599487299,-0.21605110168450192,7.342535018920898,0.2523922920227051,16.05028533935547,True,0,7.5949273109436035,7.55947208404541,-0.1987934112548828,-0.13192929243005214,0.030577216397073642,0.056434292246553525,"StraightLane index=('>>>', '1S0_0_', 0)",True,45.10942077636719,0.0,-1.5258789046077574e-05,"StraightLane index=('>>', '>>>', 0)",True,0.0,True,False,0.5857651233673096,0.08701150864362717,0.0,0.08701150864362717,True,0.0,0.0,0.05438219290226698,0.0,0.05438219290226698,0.0
20.280243,"[95.4029769897461, 4.5, 0.0]","[111.47770690917969, 4.5, 0.0]",7.346425056457595,7.559948921203613,7.55799436621248,0.15020370483433965,0.1979636549949646,16.06996154785142,0.21605110168450192,-0.7998704910286314,11.56996154785142,-0.21352386474601825,7.346735000610352,0.2523922920227051,16.05028533935547,True,0,7.599127292633057,7.559948921203613,-0.1987934112548828,-0.13192929243005214,0.030577216397073642,0.056434292246553525,"StraightLane index=('>>>', '1S0_0_', 0)",True,45.25617218017578,0.0,-7.629394523038787e-06,"StraightLane index=('>>', '>>>', 0)",True,0.0,True,False,0.5857651233673096,0.08701150864362717,0.0,0.08701150864362717,True,0.0,0.0,0.05438219290226698,0.0,0.05438219290226698,0.0
20.299891,"[95.54984283447266, 4.5, 0.0]","[111.62874603271484, 4.5, 0.0]",7.349429130554278,7.547115325927734,7.551919162331259,0.150203704834162,0.19416269659996033,16.074729919433594,0.21352386474601825,-0.1263618469241834,11.574729919433594,-0.1976861953734561,7.348315715789795,0.2523922920227051,16.05028533935547,True,0,7.6007080078125,7.547115325927734,-0.3730344772338867,-0.13179256989023297,-0.0032965428974864874,0.09030805154111365,"StraightLane index=('>>>', '1S0_0_', 0)",True,45.402976989746094,0.0,0.0,"StraightLane index=('>>', '>>>', 0)",True,0.0,True,False,0.5857651233673096,0.08701150864362717,0.0,0.08701150864362717,True,0.0,0.0,0.05438219290226698,0.0,0.05438219290226698,0.0
20.320191,"[95.69676971435547, 4.5, 0.0]","[111.77983093261719, 4.5, 0.0]",7.3511800765992295,7.546602725982666,7.544211787180719,0.08754730224755924,0.1774693727493286,16.078903198242188,0.1976861953734561,-0.7918834686281073,11.578903198242188,-0.19542264938343656,7.352221965789795,0.21352386474609375,16.074729919433594,True,0,7.565745830535889,7.546602725982666,-0.3730344772338867,-0.13179256989023297,-0.0032965428974864874,0.05399522556331138,"StraightLane index=('>>>', '1S0_0_', 0)",True,45.549842834472656,0.0,0.0,"StraightLane index=('>>', '>>>', 0)",True,0.0,True,False,0.5857651233673096,0.05069868266582489,0.0,0.05069868266582489,True,0.0,0.0,0.031686676666140556,0.0,0.031686676666140556,0.0
20.341196,"[95.84375762939453, 4.5, 0.0]","[111.93082427978516, 4.5, 0.0]",7.352931022644201,7.532320022583009,7.5362312225040275,0.08754730224858065,0.1737823635339737,16.083061218261577,0.19542264938343656,-0.11317729950097721,11.583061218261577,-0.17938899993880764,7.353610038757324,0.21352386474609375,16.074729919433594,True,0,7.567133903503418,7.532320022583009,-0.3730344772338867,-0.13179256989023297,-0.0032965428974864874,0.05399522556331138,"StraightLane index=('>>>', '1S0_0_', 0)",True,45.69676971435547,0.0,-7.629394523038787e-06,"StraightLane index=('>>', '>>>', 0)",True,0.0,True,False,0.5857651233673096,0.05069868266582489,0.0,0.05069868266582489,True,0.0,0.0,0.031686676666140556,0.0,0.031686676666140556,0.0
20.359453,"[95.99078369140625, 4.5, 0.0]","[112.08064270019531, 4.5, 0.0]",7.354681968689132,7.531428337097168,7.529289092187862,0.08754730224653784,0.15996162593364716,16.087066650389342,0.17938899993880764,-0.8016824722314464,11.587066650389342,-0.17674636840803615,7.355576038360596,0.21352386474609375,16.074729919433594,True,0,7.5690999031066895,7.531428337097168,-0.3730344772338867,-0.13179256989023297,-0.0032965428974864874,0.05399522556331138,"StraightLane index=('>>>', '1S0_0_', 0)",True,45.84375762939453,0.0,-2.2888183620005236e-05,"StraightLane index=('>>', '>>>', 0)",True,0.0,True,False,0.5857651233673096,0.05069868266582489,0.0,0.05069868266582489,True,0.0,0.0,0.031686676666140556,0.0,0.031686676666140556,0.0
20.380585,"[96.1378402709961, 4.5, 0.0]","[112.23158264160156, 4.5, 0.0]",7.356432914734066,7.517148017883301,7.5212659317857815,0.08754730224671547,0.14502358436584473,16.089859008788494,0.17674636840803615,-0.13213157653857444,11.589859008788494,-0.16071510314923465,7.357115268707275,0.21352386474609375,16.074729919433594,True,0,7.570639133453369,7.517148017883301,-0.3730344772338867,-0.13179256989023297,-0.0032965428974864874,0.05399522556331138,"StraightLane index=('>>>', '1S0_0_', 0)",True,45.99078369140625,0.0,-1.5258789046077574e-05,"StraightLane index=('>>', '>>>', 0)",True,0.0,True,False,0.5857651233673096,0.05069868266582489,0.0,0.05069868266582489,True,0.0,0.0,0.031686676666140556,0.0,0.031686676666140556,0.0
20.399805,"[96.2849349975586, 4.5, 0.0]","[112.38220977783203, 4.5, 0.0]",7.358183860778946,7.516215801239014,7.5139572671460675,0.08754730224400653,0.1340845227241516,16.09374237060547,0.16071510314923465,-0.8015632629400748,11.593742370605469,-0.1580319404600674,7.3587965965271,0.21352386474609375,16.074729919433594,True,0,7.572320461273193,7.516215801239014,-0.30899524688720703,-0.12942814654226192,-0.0267073852432181,0.07740606790904299,"StraightLane index=('>>>', '1S0_0_', 0)",True,46.137840270996094,0.0,0.0,"StraightLane index=('>>', '>>>', 0)",True,0.0,True,False,0.5857651233673096,0.05069868266582489,0.0,0.05069868266582489,True,0.0,0.0,0.031686676666140556,0.0,0.031686676666140556,0.0
20.41989,"[96.43206024169922, 4.5, 0.0]","[112.52930450439453, 4.5, 0.0]",7.350911140442011,7.500843524932862,7.5044786592418316,-0.36363601684676894,0.12204067409038544,16.097274780273438,0.1580319404600674,-0.134158134458362,11.597274780273438,-0.14993238449085133,7.360160827636719,0.16071510314941406,16.09374237060547,True,0,7.520875930786133,7.500843524932862,-0.30899524688720703,-0.12942814654226192,-0.0267073852432181,0.053369679064791356,"StraightLane index=('>>>', '1S0_0_', 0)",True,46.284934997558594,0.0,0.0,"StraightLane index=('>>', '>>>', 0)",True,0.0,True,False,0.4663304388523102,0.026662293821573257,0.0,0.026662293821573257,True,0.0,0.0,0.0,-0.0,0.0,-0.0
20.440088,"[96.5792236328125, 4.5, 0.0]","[112.68301391601562, 4.5, 0.0]",7.3436384201050435,7.497803688049316,7.494926731217064,-0.36363601684836766,0.11067139357328415,16.097244262695312,0.14993238449085133,-0.40497779846080384,11.597244262695312,-0.15416526794427288,7.361332893371582,0.16071510314941406,16.09374237060547,True,0,7.522047996520996,7.497803688049316,-0.30899524688720703,-0.12942814654226192,-0.0267073852432181,0.053369679064791356,"StraightLane index=('>>>', '1S0_0_', 0)",True,46.43206024169922,0.0,0.0,"StraightLane index=('>>', '>>>', 0)",True,0.0,True,False,0.4663304388523102,0.026662293821573257,0.0,0.026662293821573257,True,0.0,0.0,0.0,-0.0,0.0,-0.0
20.459724,"[96.72624206542969, 4.5, 0.0]","[112.83161163330078, 4.5, 0.0]",7.336365699768116,7.485086441040039,7.485627523785538,-0.36363601684636926,0.08592035621404648,16.103790283203125,0.15416526794427288,0.21164417267107716,11.603790283203125,-0.14872074127192292,7.360899925231934,0.16071510314941406,16.09374237060547,True,0,7.521615028381348,7.485086441040039,-0.30899524688720703,-0.12942814654226192,-0.0267073852432181,0.053369679064791356,"StraightLane index=('>>>', '1S0_0_', 0)",True,46.5792236328125,0.0,0.0,"StraightLane index=('>>', '>>>', 0)",True,0.0,True,False,0.4663304388523102,0.026662293821573257,0.0,0.026662293821573257,True,0.0,0.0,0.0,-0.0,0.0,-0.0
20.480829,"[96.87311553955078, 4.5, 0.0]","[112.98171997070312, 4.5, 0.0]",7.329092979431225,7.475607395172119,7.4756601792463275,-0.3636360168445485,0.042252812534570694,16.10536956787052,0.14872074127192292,-0.27222633361749793,11.605369567870522,-0.14651441574089397,7.357856750488281,0.16071510314941406,16.09374237060547,True,0,7.518571853637695,7.475607395172119,-0.30899524688720703,-0.12942814654226192,-0.0267073852432181,0.053369679064791356,"StraightLane index=('>>>', '1S0_0_', 0)",True,46.72624206542969,0.0,-1.5258789046077574e-05,"StraightLane index=('>>', '>>>', 0)",True,0.0,True,False,0.4663304388523102,0.026662293821573257,0.0,0.026662293821573257,True,0.0,0.0,0.0,-0.0,0.0,-0.0
20.500008,"[97.01984405517578, 4.5, 0.0]","[113.13128662109375, 4.5, 0.0]",7.32182025909437,7.46616268157959,7.466570600821049,-0.36363601684277214,-0.04042307287454605,16.10860443115177,0.14651441574089397,-0.1103162765514476,11.608604431151772,-0.1443424224852201,7.349677085876465,0.16071510314941406,16.09374237060547,True,0,7.510392189025879,7.46616268157959,-0.5005311965942383,-0.13400392376883408,-0.040181349153441,0.06684364297501426,"StraightLane index=('>>>', '1S0_0_', 0)",True,46.87311553955078,0.0,-1.5258789046077574e-05,"StraightLane index=('>>', '>>>', 0)",True,0.0,True,False,0.4663304388523102,0.026662293821573257,0.0,0.026662293821573257,True,0.0,0.0,0.0,-0.0,0.0,-0.0
20.520128,"[97.16642761230469, 4.5, 0.0]","[113.2808609008789, 4.5, 0.0]",7.314547538757504,7.455164432525635,7.454880044772662,-0.36363601684330504,-0.07675948739051819,16.111442565916683,0.1443424224852201,-0.10859966278369271,11.611442565916683,-0.14061689376813113,7.345460891723633,0.1465144157409668,16.108604431152344,True,0,7.4919753074646,7.455164432525635,-0.5005311965942383,-0.13400392376883408,-0.040181349153441,0.021784004877131988,"StraightLane index=('>>>', '1S0_0_', 0)",True,47.01984405517578,0.0,-2.2888183620005236e-05,"StraightLane index=('>>', '>>>', 0)",True,0.0,True,False,0.4663304388523102,-0.018397344276309013,0.0,-0.018397344276309013,True,0.0,0.0,0.0,-0.0,0.0,-0.0
20.540084,"[97.3128662109375, 4.5, 0.0]","[113.42979431152344, 4.5, 0.0]",7.307274818420654,7.443530082702637,7.443286506402039,-0.3636360168424613,-0.13827888667583466,16.114433288573647,0.14061689376813113,-0.18627643585444886,11.614433288573647,-0.1362552642819823,7.337178707122803,0.1465144157409668,16.108604431152344,True,0,7.4836931228637695,7.443530082702637,-0.5005311965942383,-0.13400392376883408,-0.040181349153441,0.021784004877131988,"StraightLane index=('>>>', '1S0_0_', 0)",True,47.16642761230469,0.0,-1.5258789046077574e-05,"StraightLane index=('>>', '>>>', 0)",True,0.0,True,False,0.4663304388523102,-0.018397344276309013,0.0,-0.018397344276309013,True,0.0,0.0,0.0,-0.0,0.0,-0.0
20.55957,"[97.45915985107422, 4.5, 0.0]","[113.57808685302734, 4.5, 0.0]",7.300002098083828,7.431946277618408,7.431970081236586,-0.36363601684130664,-0.19512569904327393,16.116928100582367,0.1362552642819823,-0.21808147430744107,11.616928100582367,-0.13194417953457993,7.328201770782471,0.1465144157409668,16.108604431152344,True,0,7.4747161865234375,7.431946277618408,-0.5005311965942383,-0.13400392376883408,-0.040181349153441,0.021784004877131988,"StraightLane index=('>>>', '1S0_0_', 0)",True,47.3128662109375,0.0,-3.814697266608281e-05,"StraightLane index=('>>', '>>>', 0)",True,0.0,True,False,0.4663304388523102,-0.018397344276309013,0.0,-0.018397344276309013,True,0.0,0.0,0.0,-0.0,0.0,-0.0
20.580424,"[97.60530853271484, 4.5, 0.0]","[113.72703552246094, 4.5, 0.0]",7.292729377746986,7.4203104972839355,7.419852957878169,-0.363636016842106,-0.24446967244148254,16.118927001952553,0.13194417953457993,-0.21555423737011914,11.618927001952553,-0.1275811195369494,7.318885326385498,0.1465144157409668,16.108604431152344,True,0,7.465399742126465,7.4203104972839355,-0.5005311965942383,-0.13400392376883408,-0.040181349153441,0.021784004877131988,"StraightLane index=('>>>', '1S0_0_', 0)",True,47.45915985107422,0.0,-1.5258789046077574e-05,"StraightLane index=('>>', '>>>', 0)",True,0.0,True,False,0.4663304388523102,-0.018397344276309013,0.0,-0.018397344276309013,True,0.0,0.0,0.0,-0.0,0.0,-0.0
20.600545,"[97.75131225585938, 4.5, 0.0]","[113.8752670288086, 4.5, 0.0]",7.285456657410187,7.408730983734131,7.408115333213589,-0.3636360168399744,-0.2862098813056946,16.121726989743806,0.1275811195369494,-0.2181529998815268,11.621726989743806,-0.1232743263239442,7.309442520141602,0.1465144157409668,16.108604431152344,True,0,7.455956935882568,7.408730983734131,-0.5743169784545898,-0.14070462563786132,-0.06057631352729759,0.042178969250988574,"StraightLane index=('>>>', '1S0_0_', 0)",True,47.605308532714844,0.0,-3.0517578143044024e-05,"StraightLane index=('>>', '>>>', 0)",True,0.0,True,False,0.4663304388523102,-0.018397344276309013,0.0,-0.018397344276309013,True,0.0,0.0,0.0,-0.0,0.0,-0.0
20.620412,"[97.89716339111328, 4.5, 0.0]","[114.02011108398438, 4.5, 0.0]",7.278183937073443,7.395747661590578,7.39418771530001,-0.3636360168371766,-0.32389551401138306,16.12395477294693,0.1232743263239442,-0.21533966065026,11.62395477294693,-0.11756372451713482,7.29960823059082,0.12758111953735352,16.121726989746094,True,0,7.427189350128174,7.395747661590578,-0.5743169784545898,-0.14070462563786132,-0.06057631352729759,0.02460542822070083,"StraightLane index=('>>>', '1S0_0_', 0)",True,47.751312255859375,0.0,-3.0517578143044024e-05,"StraightLane index=('>>', '>>>', 0)",True,0.0,True,False,0.35441386699676514,-0.035970885306596756,0.0,-0.035970885306596756,True,0.0,0.0,0.0,-0.0,0.0,-0.0
20.639641,"[98.0428695678711, 4.5, 0.0]","[114.16778564453125, 4.5, 0.0]",7.270911216736603,7.381728649139404,7.380722768007778,-0.3636360168420172,-0.35180026292800903,16.12294769286752,0.11756372451713482,-0.28553009034046894,11.62294769286752,-0.11081743240280151,7.2900710105896,0.12758111953735352,16.121726989746094,True,0,7.417652130126953,7.381728649139404,-0.5743169784545898,-0.14070462563786132,-0.06057631352729759,0.02460542822070083,"StraightLane index=('>>>', '1S0_0_', 0)",True,47.89716339111328,0.0,-3.814697266608281e-05,"StraightLane index=('>>', '>>>', 0)",True,0.0,True,False,0.35441386699676514,-0.035970885306596756,0.0,-0.035970885306596756,True,0.0,0.0,0.0,-0.0,0.0,-0.0
20.659619,"[98.18843078613281, 4.5, 0.0]","[114.31829071044922, 4.5, 0.0]",7.263638496399735,7.367440223693849,7.366733202902484,-0.36363601684339386,-0.37178847193717957,16.12491607665787,0.11081743240280151,-0.3373146057166654,11.624916076657868,-0.10380172729411452,7.280872821807861,0.12758111953735352,16.121726989746094,True,0,7.408453941345215,7.367440223693849,-0.5743169784545898,-0.14070462563786132,-0.06057631352729759,0.02460542822070083,"StraightLane index=('>>>', '1S0_0_', 0)",True,48.042869567871094,0.0,-3.0517578143044024e-05,"StraightLane index=('>>', '>>>', 0)",True,0.0,True,False,0.35441386699676514,-0.035970885306596756,0.0,-0.035970885306596756,True,0.0,0.0,0.0,-0.0,0.0,-0.0
20.680044,"[98.33384704589844, 4.5, 0.0]","[114.46249389648438, 4.5, 0.0]",7.256365776063062,7.353750705718994,7.352508699608384,-0.3636360168336239,-0.3842146098613739,16.12985992431512,0.10380172729411452,-0.35078525543434935,11.62985992431512,-0.0973849296559317,7.2720818519592285,0.12758111953735352,16.121726989746094,True,0,7.399662971496582,7.353750705718994,-0.5743169784545898,-0.14070462563786132,-0.06057631352729759,0.02460542822070083,"StraightLane index=('>>>', '1S0_0_', 0)",True,48.18843078613281,0.0,-2.2888183620005236e-05,"StraightLane index=('>>', '>>>', 0)",True,0.0,True,False,0.35441386699676514,-0.035970885306596756,0.0,-0.035970885306596756,True,0.0,0.0,0.0,-0.0,0.0,-0.0
20.699446,"[98.47911834716797, 4.5, 0.0]","[114.6094970703125, 4.5, 0.0]",7.249093055726242,7.339795112609863,7.338857596410904,-0.3636360168410402,-0.391242116689682,16.12864685058465,0.0973849296559317,-0.3208398819091407,11.628646850584651,-0.09070205688362165,7.263662815093994,0.12758111953735352,16.121726989746094,True,0,7.391243934631348,7.339795112609863,-0.6893587112426758,-0.15076171796756885,-0.09180538099321478,0.055834495686618024,"StraightLane index=('>>>', '1S0_0_', 0)",True,48.33384704589844,0.0,-2.2888183620005236e-05,"StraightLane index=('>>', '>>>', 0)",True,0.0,True,False,0.35441386699676514,-0.035970885306596756,0.0,-0.035970885306596756,True,0.0,0.0,0.0,-0.0,0.0,-0.0
20.720562,"[98.6242446899414, 4.5, 0.0]","[114.757080078125, 4.5, 0.0]",7.230359077454756,7.324074745178223,7.321638624578667,-0.9366989135742632,-0.397892564535141,16.130378723142243,0.09070205688362165,-0.3341436386155028,11.630378723142243,-0.09371566772346629,7.255144119262695,0.09738492965698242,16.128646850585938,True,0,7.352529048919678,7.324074745178223,-0.6893587112426758,-0.15076171796756885,-0.09180538099321478,0.034220294319716626,"StraightLane index=('>>>', '1S0_0_', 0)",True,48.47911834716797,0.0,-3.0517578143044024e-05,"StraightLane index=('>>', '>>>', 0)",True,0.0,True,False,0.35441386699676514,-0.057585086673498154,0.0,-0.057585086673498154,True,0.0,0.0,0.0,0.057585086673498154,0.0,0.057585086673498154
20.740254,"[98.76922607421875, 4.5, 0.0]","[114.906005859375, 4.5, 0.0]",7.211625099183269,7.307360649108888,7.305498260687233,-0.936698913574352,-0.394366055727005,16.13283538818302,0.09371566772346629,0.1506805419922319,11.632835388183022,-0.09573554992561828,7.243570327758789,0.09738492965698242,16.128646850585938,True,0,7.3409552574157715,7.307360649108888,-0.6893587112426758,-0.15076171796756885,-0.09180538099321478,0.034220294319716626,"StraightLane index=('>>>', '1S0_0_', 0)",True,48.624244689941406,0.0,-1.5258789046077574e-05,"StraightLane index=('>>', '>>>', 0)",True,0.0,True,False,0.35441386699676514,-0.057585086673498154,0.0,-0.057585086673498154,True,0.0,0.0,0.0,0.057585086673498154,0.0,0.057585086673498154
20.759895,"[98.91383361816406, 4.5, 0.0]","[115.05126953125, 4.5, 0.0]",7.19289112091177,7.291057586669922,7.289406364421663,-0.9366989135749737,-0.41596102714538574,16.136779785152672,0.09573554992561828,0.10099411010759951,11.636779785152672,-0.09816646575815202,7.237361431121826,0.09738492965698242,16.128646850585938,True,0,7.334746360778809,7.291057586669922,-0.6893587112426758,-0.15076171796756885,-0.09180538099321478,0.034220294319716626,"StraightLane index=('>>>', '1S0_0_', 0)",True,48.76922607421875,0.0,-3.814697266608281e-05,"StraightLane index=('>>', '>>>', 0)",True,0.0,True,False,0.35441386699676514,-0.057585086673498154,0.0,-0.057585086673498154,True,0.0,0.0,0.0,0.057585086673498154,0.0,0.057585086673498154
20.781876,"[99.05806732177734, 4.5, 0.0]","[115.19566345214844, 4.5, 0.0]",7.174157142640056,7.274852752685547,7.271414312786871,-0.9366989135856763,-0.48350346088409424,16.137435913084648,0.09816646575815202,0.1215457916266871,11.637435913084648,-0.10069561004549055,7.217224597930908,0.09738492965698242,16.128646850585938,True,0,7.314609527587891,7.274852752685547,-0.6893587112426758,-0.15076171796756885,-0.09180538099321478,0.034220294319716626,"StraightLane index=('>>>', '1S0_0_', 0)",True,48.91383361816406,0.0,-2.2888183620005236e-05,"StraightLane index=('>>', '>>>', 0)",True,0.0,True,False,0.35441386699676514,-0.057585086673498154,0.0,-0.057585086673498154,True,0.0,0.0,0.0,0.057585086673498154,0.0,0.057585086673498154
20.799808,"[99.2019271850586, 4.5, 0.0]","[115.34366607666016, 4.5, 0.0]",7.155423164368367,7.258242607116699,7.256723388090072,-0.9366989135844772,-0.5259103775024414,16.137596130371094,0.10069561004549055,0.12645721436692625,11.637596130371094,-0.10281944274833243,7.207940578460693,0.09738492965698242,16.128646850585938,True,0,7.305325508117676,7.258242607116699,-0.8155250549316406,-0.16422892309341938,-0.0973962853070033,0.03981119863350514,"StraightLane index=('>>>', '1S0_0_', 0)",True,49.058067321777344,0.0,0.0,"StraightLane index=('>>', '>>>', 0)",True,0.0,True,False,0.35441386699676514,-0.057585086673498154,0.0,-0.057585086673498154,True,0.0,0.0,0.0,0.057585086673498154,0.0,0.057585086673498154
20.820631,"[99.34541320800781, 4.5, 0.0]","[115.48688507080078, 4.5, 0.0]",7.1246118545538355,7.240470409393311,7.237311716865283,-1.5405654907265642,-0.6190235614776611,16.14173889160142,0.10281944274833243,0.1061916351420944,11.64173889160142,-0.11585855483947594,7.181443214416504,0.10069561004638672,16.137596130371094,True,0,7.282138824462891,7.240470409393311,-0.8155250549316406,-0.16422892309341938,-0.0973962853070033,0.00268700815398816,"StraightLane index=('>>>', '1S0_0_', 0)",True,49.201927185058594,0.0,-7.629394523038787e-06,"StraightLane index=('>>', '>>>', 0)",True,0.0,True,False,0.24941563606262207,-0.09470927715301514,0.0,-0.09470927715301514,True,0.0,0.0,0.0,0.09470927715301514,0.0,0.09470927715301514
20.840752,"[99.488525390625, 4.5, 0.0]","[115.63308715820312, 4.5, 0.0]",7.0938005447393815,7.221551418304443,7.218543739848828,-1.5405654907227007,-0.6619776487350464,16.141471862792397,0.11585855483947594,0.651955604557175,11.641471862792397,-0.12775087356506187,7.170746803283691,0.10069561004638672,16.137596130371094,True,0,7.271442413330078,7.221551418304443,-0.8155250549316406,-0.16422892309341938,-0.0973962853070033,0.00268700815398816,"StraightLane index=('>>>', '1S0_0_', 0)",True,49.34541320800781,0.0,-1.5258789046077574e-05,"StraightLane index=('>>', '>>>', 0)",True,0.0,True,False,0.24941563606262207,-0.09470927715301514,0.0,-0.09470927715301514,True,0.0,0.0,0.0,0.09470927715301514,0.0,0.09470927715301514
20.85962,"[99.63101959228516, 4.5, 0.0]","[115.77633666992188, 4.5, 0.0]",7.062989234925038,7.203014373779297,7.200930118947959,-1.540565490717194,-0.7477186322212219,16.144561767575833,0.12775087356506187,0.5946159362792969,11.644561767575833,-0.14002513885425927,7.148261070251465,0.10069561004638672,16.137596130371094,True,0,7.248956680297852,7.203014373779297,-0.8155250549316406,-0.16422892309341938,-0.0973962853070033,0.00268700815398816,"StraightLane index=('>>>', '1S0_0_', 0)",True,49.488525390625,0.0,-3.0517578143044024e-05,"StraightLane index=('>>', '>>>', 0)",True,0.0,True,False,0.24941563606262207,-0.09470927715301514,0.0,-0.09470927715301514,True,0.0,0.0,0.0,0.09470927715301514,0.0,0.09470927715301514
20.880421,"[99.77289581298828, 4.5, 0.0]","[115.91851806640625, 4.5, 0.0]",7.032177925110538,7.187948703765869,7.181553729818085,-1.5405654907249655,-0.8564856648445129,16.145317077634427,0.14002513885425927,0.6137132644598697,11.645317077634427,-0.15577077865533084,7.1215105056762695,0.10069561004638672,16.137596130371094,True,0,7.222206115722656,7.187948703765869,-0.8155250549316406,-0.16422892309341938,-0.0973962853070033,0.00268700815398816,"StraightLane index=('>>>', '1S0_0_', 0)",True,49.631019592285156,0.0,-3.0517578143044024e-05,"StraightLane index=('>>', '>>>', 0)",True,0.0,True,False,0.24941563606262207,-0.09470927715301514,0.0,-0.09470927715301514,True,0.0,0.0,0.0,0.09470927715301514,0.0,0.09470927715301514
20.899887,"[99.91415405273438, 4.5, 0.0]","[116.0650634765625, 4.5, 0.0]",7.001366615296108,7.162318706512451,7.163363870397034,-1.5405654907215016,-0.9749764800071716,16.145622253415677,0.15577077865533084,0.7872819900535788,11.645622253415677,-0.1609520912163429,7.091501712799072,0.10069561004638672,16.137596130371094,True,0,7.192197322845459,7.162318706512451,-0.9592390060424805,-0.18137939599556427,-0.07676053670494137,-0.017948740448073763,"StraightLane index=('>>>', '1S0_0_', 0)",True,49.77289581298828,0.0,-3.0517578143044024e-05,"StraightLane index=('>>', '>>>', 0)",True,0.0,True,False,0.24941563606262207,-0.09470927715301514,0.0,-0.09470927715301514,True,0.0,0.0,0.0,0.09470927715301514,0.0,0.09470927715301514
20.920082,"[100.05479431152344, 4.5, 0.0]","[116.20817565917969, 4.5, 0.0]",6.96277904510589,7.148865222930908,7.142469400607846,-1.929378509510915,-1.0931576490402222,16.150909423824547,0.1609520912163429,0.2590656280506032,11.650909423824547,-0.18608617782501824,7.059146881103516,0.15577077865600586,16.14562225341797,True,0,7.2149176597595215,7.148865222930908,-0.9592390060424805,-0.18137939599556427,-0.07676053670494137,-0.04185328754337253,"StraightLane index=('>>>', '1S0_0_', 0)",True,49.914154052734375,0.0,-3.814697266608281e-05,"StraightLane index=('>>', '>>>', 0)",True,0.0,True,False,0.24941563606262207,-0.1186138242483139,0.0,-0.1186138242483139,True,0.0,0.0,0.0,0.1186138242483139,0.0,0.1186138242483139
20.940201,"[100.19482421875, 4.5, 0.0]","[116.35062408447266, 4.5, 0.0]",6.924191474915465,7.1214680671691895,7.121649404769017,-1.9293785095212623,-1.208534598350525,16.153381347655678,0.18608617782501824,1.2567043304337666,11.653381347655678,-0.19727659225372474,7.024751663208008,0.15577077865600586,16.14562225341797,True,0,7.180522441864014,7.1214680671691895,-0.9592390060424805,-0.18137939599556427,-0.07676053670494137,-0.04185328754337253,"StraightLane index=('>>>', '1S0_0_', 0)",True,50.05479431152344,0.0,-1.5258789046077574e-05,"StraightLane index=('>>', '>>>', 0)",True,0.0,True,False,0.24941563606262207,-0.1186138242483139,0.0,-0.1186138242483139,True,0.0,0.0,0.0,0.1186138242483139,0.0,0.1186138242483139
20.959757,"[100.3340835571289, 4.5, 0.0]","[116.49193572998047, 4.5, 0.0]",6.88560390472485,7.10756778717041,7.101401077730883,-1.9293785095307214,-1.3233897686004639,16.155799865722514,0.19727659225372474,0.5595207214353248,11.655799865722514,-0.22196388244555987,6.98812198638916,0.15577077865600586,16.14562225341797,True,0,7.143892765045166,7.10756778717041,-0.9592390060424805,-0.18137939599556427,-0.07676053670494137,-0.04185328754337253,"StraightLane index=('>>>', '1S0_0_', 0)",True,50.19482421875,0.0,-7.629394523038787e-06,"StraightLane index=('>>', '>>>', 0)",True,0.0,True,False,0.24941563606262207,-0.1186138242483139,0.0,-0.1186138242483139,True,0.0,0.0,0.0,0.1186138242483139,0.0,0.1186138242483139
20.980149,"[100.47256469726562, 4.5, 0.0]","[116.63441467285156, 4.5, 0.0]",6.847016334534318,7.080165386199951,7.080307477588835,-1.9293785095266358,-1.4393759965896606,16.157852172850273,0.22196388244555987,1.2343645095917566,11.657852172850273,-0.2331490516656336,6.949084758758545,0.15577077865600586,16.14562225341797,True,0,7.104855537414551,7.080165386199951,-0.9592390060424805,-0.18137939599556427,-0.07676053670494137,-0.04185328754337253,"StraightLane index=('>>>', '1S0_0_', 0)",True,50.334083557128906,0.0,-2.2888183620005236e-05,"StraightLane index=('>>', '>>>', 0)",True,0.0,True,False,0.24941563606262207,-0.1186138242483139,0.0,-0.1186138242483139,True,0.0,0.0,0.0,0.1186138242483139,0.0,0.1186138242483139
20.999963,"[100.61027526855469, 4.5, 0.0]","[116.7769775390625, 4.5, 0.0]",6.808428764343832,7.066082954406738,7.059792939854332,-1.9293785095242821,-1.5892733335494995,16.161849975585366,0.2331490516656336,0.5592584610036866,11.661849975585366,-0.25765419006290635,6.888643264770508,0.15577077865600586,16.14562225341797,True,0,7.044414043426514,7.066082954406738,-0.9623575210571289,-0.19692396963300735,-0.0294487460921182,-0.0891650781561957,"StraightLane index=('>>>', '1S0_0_', 0)",True,50.472564697265625,0.0,-1.5258789046077574e-05,"StraightLane index=('>>', '>>>', 0)",True,0.0,True,False,0.24941563606262207,-0.1186138242483139,0.0,-0.1186138242483139,True,0.0,0.0,0.0,0.1186138242483139,0.0,0.1186138242483139
21.020656,"[100.7472152709961, 4.5, 0.0]","[116.9145278930664, 4.5, 0.0]",6.7723054885869045,7.038068294525147,7.036661465054798,-1.806163787846371,-1.688395619392395,16.16670227050724,0.25765419006290635,1.2252569198636376,11.66670227050724,-0.26576280593824286,6.8457722663879395,0.15577077865600586,16.14562225341797,True,0,7.001543045043945,7.038068294525147,-0.9623575210571289,-0.19692396963300735,-0.0294487460921182,-0.08158919369479281,"StraightLane index=('>>>', '1S0_0_', 0)",True,50.61027526855469,0.0,-1.5258789046077574e-05,"StraightLane index=('>>', '>>>', 0)",True,0.0,True,False,0.24941563606262207,-0.11103793978691101,0.0,-0.11103793978691101,True,0.0,0.0,0.0,0.11103793978691101,0.0,0.11103793978691101
21.04037,"[100.88338470458984, 4.5, 0.0]","[117.05850982666016, 4.5, 0.0]",6.736182212830005,7.021751403808594,7.014618952445058,-1.8061637878449943,-1.7505160570144653,16.16731262207017,0.26576280593824286,0.40543079376682556,11.66731262207017,-0.2855691909785891,6.822371482849121,0.23314905166625977,16.161849975585938,True,0,7.055520534515381,7.021751403808594,-0.9623575210571289,-0.19692396963300735,-0.0294487460921182,-0.08158919369479281,"StraightLane index=('>>>', '1S0_0_', 0)",True,50.747215270996094,0.0,-7.629394523038787e-06,"StraightLane index=('>>', '>>>', 0)",True,0.0,True,False,0.1591850221157074,-0.11103793978691101,0.0,-0.11103793978691101,True,0.0,0.0,0.0,0.11103793978691101,0.0,0.11103793978691101
21.059651,"[101.01882934570312, 4.5, 0.0]","[117.19747161865234, 4.5, 0.0]",6.700058937073169,6.992903709411621,6.993056639882167,-1.8061637878417969,-1.8358765840530396,16.17512512206974,0.2855691909785891,0.9903192520173132,11.67512512206974,-0.2928447723384524,6.759934425354004,0.23314905166625977,16.161849975585938,True,0,6.993083477020264,6.992903709411621,-0.9623575210571289,-0.19692396963300735,-0.0294487460921182,-0.08158919369479281,"StraightLane index=('>>>', '1S0_0_', 0)",True,50.883384704589844,0.0,-1.5258789046077574e-05,"StraightLane index=('>>', '>>>', 0)",True,0.0,True,False,0.1591850221157074,-0.11103793978691101,0.0,-0.11103793978691101,True,0.0,0.0,0.0,0.11103793978691101,0.0,0.11103793978691101
21.080332,"[101.15354919433594, 4.5, 0.0]","[117.3376693725586, 4.5, 0.0]",6.663935661316273,6.9771904945373535,6.96994263494179,-1.8061637878447723,-1.8754056692123413,16.178642272948647,0.2928447723384524,0.36377906799316406,11.678642272948647,-0.3132548332210803,6.737429141998291,0.23314905166625977,16.161849975585938,True,0,6.970578193664551,6.9771904945373535,-0.9623575210571289,-0.19692396963300735,-0.0294487460921182,-0.08158919369479281,"StraightLane index=('>>>', '1S0_0_', 0)",True,51.018829345703125,0.0,-1.5258789046077574e-05,"StraightLane index=('>>', '>>>', 0)",True,0.0,True,False,0.1591850221157074,-0.11103793978691101,0.0,-0.11103793978691101,True,0.0,0.0,0.0,0.11103793978691101,0.0,0.11103793978691101
21.100405,"[101.28755187988281, 4.5, 0.0]","[117.47781372070312, 4.5, 0.0]",6.6278123855594115,6.948154449462891,6.9474743708205375,-1.8061637878430847,-1.9081988334655762,16.184120178222656,0.3132548332210803,1.0205030441313934,11.684120178222656,-0.3203420639034791,6.69645881652832,0.23314905166625977,16.161849975585938,True,0,6.92960786819458,6.948154449462891,-1.1792850494384766,-0.2185065494000533,-0.010284207862791883,-0.10075373192411913,"StraightLane index=('>>>', '1S0_0_', 0)",True,51.15354919433594,0.0,0.0,"StraightLane index=('>>', '>>>', 0)",True,0.0,True,False,0.1591850221157074,-0.11103793978691101,0.0,-0.11103793978691101,True,0.0,0.0,0.0,0.11103793978691101,0.0,0.11103793978691101
21.120196,"[101.42082977294922, 4.5, 0.0]","[117.61659240722656, 4.5, 0.0]",6.599783897400245,6.931617259979248,6.924218740275073,-1.4014244079583182,-1.9257265329360962,16.19026184081974,0.3203420639034791,0.3543615341199402,11.69026184081974,-0.33183336257900287,6.656515121459961,0.23314905166625977,16.161849975585938,True,0,6.889664173126221,6.931617259979248,-1.1792850494384766,-0.2185065494000533,-0.010284207862791883,-0.07587405284029497,"StraightLane index=('>>>', '1S0_0_', 0)",True,51.28755187988281,0.0,-1.5258789046077574e-05,"StraightLane index=('>>', '>>>', 0)",True,0.0,True,False,0.1591850221157074,-0.08615826070308685,0.0,-0.08615826070308685,True,0.0,0.0,0.0,0.08615826070308685,0.0,0.08615826070308685
21.140049,"[101.55338287353516, 4.5, 0.0]","[117.75466918945312, 4.5, 0.0]",6.571755409241119,6.90140199661255,6.900891056375375,-1.4014244079563198,-1.9313513040542603,16.19576263427677,0.33183336257900287,0.5745649337761893,11.695762634276772,-0.32964658737143093,6.617532730102539,0.31325483322143555,16.184120178222656,True,0,6.930787563323975,6.90140199661255,-1.1792850494384766,-0.2185065494000533,-0.010284207862791883,-0.07587405284029497,"StraightLane index=('>>>', '1S0_0_', 0)",True,51.42082977294922,0.0,-1.5258789046077574e-05,"StraightLane index=('>>', '>>>', 0)",True,0.0,True,False,0.1591850221157074,-0.08615826070308685,0.0,-0.08615826070308685,True,0.0,0.0,0.0,0.08615826070308685,0.0,0.08615826070308685
21.159626,"[101.68537902832031, 4.5, 0.0]","[117.89163970947266, 4.5, 0.0]",6.543726921081969,6.884706974029541,6.8778825647504425,-1.4014244079574745,-1.8825966119766235,16.201286315917393,0.32964658737143093,-0.10933876037859669,11.701286315917393,-0.3409800529475717,6.565046787261963,0.31325483322143555,16.184120178222656,True,0,6.878301620483398,6.884706974029541,-1.1792850494384766,-0.2185065494000533,-0.010284207862791883,-0.07587405284029497,"StraightLane index=('>>>', '1S0_0_', 0)",True,51.553382873535156,0.0,-1.5258789046077574e-05,"StraightLane index=('>>', '>>>', 0)",True,0.0,True,False,0.1591850221157074,-0.08615826070308685,0.0,-0.08615826070308685,True,0.0,0.0,0.0,0.08615826070308685,0.0,0.08615826070308685
21.180326,"[101.81681060791016, 4.5, 0.0]","[118.02976989746094, 4.5, 0.0]",6.515698432922767,6.854481220245361,6.853572151961386,-1.4014244079600946,-1.8706907033920288,16.20626068115105,0.3409800529475717,0.5666732788070394,11.70626068115105,-0.3387827873225939,6.547469615936279,0.31325483322143555,16.184120178222656,True,0,6.860724449157715,6.854481220245361,-1.1792850494384766,-0.2185065494000533,-0.010284207862791883,-0.07587405284029497,"StraightLane index=('>>>', '1S0_0_', 0)",True,51.68537902832031,0.0,-2.2888183620005236e-05,"StraightLane index=('>>', '>>>', 0)",True,0.0,True,False,0.1591850221157074,-0.08615826070308685,0.0,-0.08615826070308685,True,0.0,0.0,0.0,0.08615826070308685,0.0,0.08615826070308685
21.200212,"[101.94768524169922, 4.5, 0.0]","[118.16732025146484, 4.5, 0.0]",6.487669944763624,6.837687969207764,6.830192326467867,-1.4014244079571636,-1.8107486963272095,16.212959289549488,0.3387827873225939,-0.10986328124888978,11.712959289549488,-0.35001802444413954,6.516754627227783,0.31325483322143555,16.184120178222656,True,0,6.830009460449219,6.837687969207764,-1.1046648025512695,-0.2353191625493424,-0.007807446660651696,-0.07835081404243516,"StraightLane index=('>>>', '1S0_0_', 0)",True,51.816810607910156,0.0,-2.2888183620005236e-05,"StraightLane index=('>>', '>>>', 0)",True,0.0,True,False,0.1591850221157074,-0.08615826070308685,0.0,-0.08615826070308685,True,0.0,0.0,0.0,0.08615826070308685,0.0,0.08615826070308685
21.219962,"[102.0780029296875, 4.5, 0.0]","[118.30188751220703, 4.5, 0.0]",6.4803972244266985,6.8074259757995605,6.806457365233718,-0.36363601684628044,-1.695529580116272,16.21963500976505,0.35001802444413954,0.5617618560772808,11.71963500976505,-0.327028751372862,6.475656986236572,0.31325483322143555,16.184120178222656,True,0,6.788911819458008,6.8074259757995605,-1.1046648025512695,-0.2353191625493424,-0.007807446660651696,-0.03555869123135613,"StraightLane index=('>>>', '1S0_0_', 0)",True,51.94768524169922,0.0,-1.5258789046077574e-05,"StraightLane index=('>>', '>>>', 0)",True,0.0,True,False,0.1591850221157074,-0.04336613789200783,0.0,-0.04336613789200783,True,0.0,0.0,0.0,-0.0,0.0,-0.0
21.239663,"[102.20775604248047, 4.5, 0.0]","[118.43621063232422, 4.5, 0.0]",6.473124504089744,6.790244102478027,6.782778144340415,-0.36363601684774594,-1.673574686050415,16.223884582519386,0.327028751372862,-1.1494636535638758,11.723884582519386,-0.31711959838828374,6.461004734039307,0.33878278732299805,16.21295928955078,True,0,6.799787521362305,6.790244102478027,-1.1046648025512695,-0.2353191625493424,-0.007807446660651696,-0.03555869123135613,"StraightLane index=('>>>', '1S0_0_', 0)",True,52.0780029296875,0.0,-7.629394523038787e-06,"StraightLane index=('>>', '>>>', 0)",True,0.0,True,False,0.08193614333868027,-0.04336613789200783,0.0,-0.04336613789200783,True,0.0,0.0,0.0,-0.0,0.0,-0.0
21.259156,"[102.33736419677734, 4.5, 0.0]","[118.57086944580078, 4.5, 0.0]",6.465851783752689,6.759671211242676,6.759338405089953,-0.36363601685271973,-1.505074143409729,16.22845458984375,0.31711959838828374,-0.4954576492289142,11.72845458984375,-0.2938194274899866,6.429920673370361,0.33878278732299805,16.21295928955078,True,0,6.768703460693359,6.759671211242676,-1.1046648025512695,-0.2353191625493424,-0.007807446660651696,-0.03555869123135613,"StraightLane index=('>>>', '1S0_0_', 0)",True,52.20775604248047,0.0,0.0,"StraightLane index=('>>', '>>>', 0)",True,0.0,True,False,0.08193614333868027,-0.04336613789200783,0.0,-0.04336613789200783,True,0.0,0.0,0.0,-0.0,0.0,-0.0
21.280208,"[102.46682739257812, 4.5, 0.0]","[118.7099380493164, 4.5, 0.0]",6.458579063415657,6.741647243499756,6.734048078680272,-0.3636360168516095,-1.4348846673965454,16.233505249023438,0.2938194274899866,-1.1650085449148584,11.733505249023438,-0.28306818008409884,6.4222331047058105,0.33878278732299805,16.21295928955078,True,0,6.761015892028809,6.741647243499756,-1.1046648025512695,-0.2353191625493424,-0.007807446660651696,-0.03555869123135613,"StraightLane index=('>>>', '1S0_0_', 0)",True,52.337364196777344,0.0,0.0,"StraightLane index=('>>', '>>>', 0)",True,0.0,True,False,0.08193614333868027,-0.04336613789200783,0.0,-0.04336613789200783,True,0.0,0.0,0.0,-0.0,0.0,-0.0
21.299945,"[102.59614562988281, 4.5, 0.0]","[118.84491729736328, 4.5, 0.0]",6.451306343078729,6.71101713180542,6.71031190221347,-0.36363601684641367,-1.2688413858413696,16.24311065673828,0.28306818008409884,-0.5375623702943866,11.743110656738281,-0.2597107887266912,6.411783218383789,0.33878278732299805,16.21295928955078,True,0,6.750566005706787,6.71101713180542,-1.2667083740234375,-0.2561220393852285,-0.08731002671287921,0.043943888820871385,"StraightLane index=('>>>', '1S0_0_', 0)",True,52.466827392578125,0.0,0.0,"StraightLane index=('>>', '>>>', 0)",True,0.0,True,False,0.08193614333868027,-0.04336613789200783,0.0,-0.04336613789200783,True,0.0,0.0,0.0,-0.0,0.0,-0.0
21.319683,"[102.7253189086914, 4.5, 0.0]","[118.9759521484375, 4.5, 0.0]",6.444033622741726,6.6942009925842285,6.68669538264568,-0.363636016850144,-1.0076998472213745,16.24877166748047,0.2597107887266912,-1.1678695678703832,11.748771667480469,-0.25016736984250265,6.4037580490112305,0.33878278732299805,16.21295928955078,True,0,6.7425408363342285,6.6942009925842285,-1.2667083740234375,-0.2561220393852285,-0.08731002671287921,0.06098318038152126,"StraightLane index=('>>>', '1S0_0_', 0)",True,52.59614562988281,0.0,0.0,"StraightLane index=('>>', '>>>', 0)",True,0.0,True,False,0.08193614333868027,-0.026326846331357956,0.0,-0.026326846331357956,True,0.0,0.0,0.0,-0.0,0.0,-0.0
21.340473,"[102.8543472290039, 4.5, 0.0]","[119.11093139648438, 4.5, 0.0]",6.436760902404787,6.6632399559021,6.661801358102652,-0.3636360168469466,-0.8508805632591248,16.250633239746094,0.25016736984250265,-0.4771709442094263,11.750633239746094,-0.22647905349731268,6.400822162628174,0.2830681800842285,16.24311065673828,True,0,6.683890342712402,6.6632399559021,-1.2667083740234375,-0.2561220393852285,-0.08731002671287921,0.06098318038152126,"StraightLane index=('>>>', '1S0_0_', 0)",True,52.725318908691406,0.0,0.0,"StraightLane index=('>>', '>>>', 0)",True,0.0,True,False,0.08193614333868027,-0.026326846331357956,0.0,-0.026326846331357956,True,0.0,0.0,0.0,-0.0,0.0,-0.0
21.359043,"[102.98323059082031, 4.5, 0.0]","[119.24151611328125, 4.5, 0.0]",6.429488182067873,6.646401882171631,6.6395650230411025,-0.3636360168457031,-0.704598605632782,16.25658416748047,0.22647905349731268,-1.1844158172594987,11.756584167480469,-0.216913700103758,6.399873733520508,0.2830681800842285,16.24311065673828,True,0,6.682941913604736,6.646401882171631,-1.2667083740234375,-0.2561220393852285,-0.08731002671287921,0.06098318038152126,"StraightLane index=('>>>', '1S0_0_', 0)",True,52.854347229003906,0.0,0.0,"StraightLane index=('>>', '>>>', 0)",True,0.0,True,False,0.08193614333868027,-0.026326846331357956,0.0,-0.026326846331357956,True,0.0,0.0,0.0,-0.0,0.0,-0.0
21.380382,"[103.11196899414062, 4.5, 0.0]","[119.37808990478516, 4.5, 0.0]",6.42221546173099,6.615154266357422,6.614041775084746,-0.3636360168441488,-0.6444714665412903,16.258285522460792,0.216913700103758,-0.4782676696777344,11.758285522460792,-0.19293880462643198,6.399135112762451,0.2830681800842285,16.24311065673828,True,0,6.68220329284668,6.615154266357422,-1.2667083740234375,-0.2561220393852285,-0.08731002671287921,0.06098318038152126,"StraightLane index=('>>>', '1S0_0_', 0)",True,52.98323059082031,0.0,7.629394523038787e-06,"StraightLane index=('>>', '>>>', 0)",True,0.0,True,False,0.08193614333868027,-0.026326846331357956,0.0,-0.026326846331357956,True,0.0,0.0,0.0,-0.0,0.0,-0.0
21.399906,"[103.24056243896484, 4.5, 0.0]","[119.51097869873047, 4.5, 0.0]",6.414942741394113,6.597902774810791,6.590660119336859,-0.36363601684383795,-0.5309703350067139,16.266120910644386,0.19293880462643198,-1.1987447738663004,11.766120910644386,-0.18296003341667788,6.398765563964844,0.2830681800842285,16.24311065673828,True,0,6.681833744049072,6.597902774810791,-1.131143569946289,-0.27009986039482575,-0.15117583867398512,0.12484899234262717,"StraightLane index=('>>>', '1S0_0_', 0)",True,53.111968994140625,0.0,7.629394523038787e-06,"StraightLane index=('>>', '>>>', 0)",True,0.0,True,False,0.08193614333868027,-0.026326846331357956,0.0,-0.026326846331357956,True,0.0,0.0,0.0,-0.0,0.0,-0.0
21.420753,"[103.36900329589844, 4.5, 0.0]","[119.64095306396484, 4.5, 0.0]",6.395173072815008,6.5714192390441895,6.5665226440035145,-0.9884834289552558,-0.4396740794181824,16.270416259765625,0.18296003341667788,-0.498938560487705,11.770416259765625,-0.17624616622918143,6.398251056671143,0.2830681800842285,16.24311065673828,True,0,6.681319236755371,6.5714192390441895,-1.131143569946289,-0.27009986039482575,-0.15117583867398512,0.09040753241864455,"StraightLane index=('>>>', '1S0_0_', 0)",True,53.240562438964844,0.0,0.0,"StraightLane index=('>>', '>>>', 0)",True,0.0,True,False,0.08193614333868027,-0.060768306255340576,0.0,-0.060768306255340576,True,0.0,0.0,0.0,0.060768306255340576,0.0,0.060768306255340576
21.44149,"[103.49729919433594, 4.5, 0.0]","[119.7735595703125, 4.5, 0.0]",6.3754034042359065,6.544579982757568,6.542514315200573,-0.9884834289550781,-0.37358033657073975,16.271949768066406,0.17624616622918143,-0.33569335937482236,11.771949768066406,-0.1691765785216619,6.396788597106934,0.19293880462646484,16.26612091064453,True,0,6.589727401733398,6.544579982757568,-1.131143569946289,-0.27009986039482575,-0.15117583867398512,0.09040753241864455,"StraightLane index=('>>>', '1S0_0_', 0)",True,53.36900329589844,0.0,0.0,"StraightLane index=('>>', '>>>', 0)",True,0.0,True,False,-0.04770929366350174,-0.060768306255340576,0.0,-0.060768306255340576,True,0.0,0.0,0.0,0.060768306255340576,0.0,0.060768306255340576
21.460089,"[103.62520599365234, 4.5, 0.0]","[119.90330505371094, 4.5, 0.0]",6.355633735656772,6.528246879577637,6.520961961969337,-0.9884834289567213,-0.34428057074546814,16.276260375976562,0.1691765785216619,-0.35347938537597656,11.776260375976562,-0.1726131439208647,6.389195919036865,0.19293880462646484,16.26612091064453,True,0,6.58213472366333,6.528246879577637,-1.131143569946289,-0.27009986039482575,-0.15117583867398512,0.09040753241864455,"StraightLane index=('>>>', '1S0_0_', 0)",True,53.49729919433594,0.0,0.0,"StraightLane index=('>>', '>>>', 0)",True,0.0,True,False,-0.04770929366350174,-0.060768306255340576,0.0,-0.060768306255340576,True,0.0,0.0,0.0,0.060768306255340576,0.0,0.060768306255340576
21.479954,"[103.75271606445312, 4.5, 0.0]","[120.03131103515625, 4.5, 0.0]",6.335864067077656,6.498889923095703,6.497978933297226,-0.9884834289557887,-0.3815779685974121,16.278099060058594,0.1726131439208647,0.17182826996013922,11.778099060058594,-0.16302585601804687,6.378162384033203,0.19293880462646484,16.26612091064453,True,0,6.571101188659668,6.498889923095703,-1.131143569946289,-0.27009986039482575,-0.15117583867398512,0.09040753241864455,"StraightLane index=('>>>', '1S0_0_', 0)",True,53.625205993652344,0.0,0.0,"StraightLane index=('>>', '>>>', 0)",True,0.0,True,False,-0.04770929366350174,-0.060768306255340576,0.0,-0.060768306255340576,True,0.0,0.0,0.0,0.060768306255340576,0.0,0.060768306255340576
21.499966,"[103.87982940673828, 4.5, 0.0]","[120.16500854492188, 4.5, 0.0]",6.3160943984985405,6.481856822967529,6.474793417504593,-0.9884834289557887,-0.4437384605407715,16.27859497070298,0.16302585601804687,-0.479364395140891,11.77859497070298,-0.1657624244689888,6.363635063171387,0.19293880462646484,16.26612091064453,True,0,6.556573867797852,6.481856822967529,-1.1604595184326172,-0.2837059575004848,-0.17596038159564203,0.11519207534030146,"StraightLane index=('>>>', '1S0_0_', 0)",True,53.752716064453125,0.0,-7.629394523038787e-06,"StraightLane index=('>>', '>>>', 0)",True,0.0,True,False,-0.04770929366350174,-0.060768306255340576,0.0,-0.060768306255340576,True,0.0,0.0,0.0,0.060768306255340576,0.0,0.060768306255340576
21.519595,"[104.00654602050781, 4.5, 0.0]","[120.29155731201172, 4.5, 0.0]",6.270941734313969,6.453407287597656,6.45339253300092,-2.25763320922856,-0.4894075095653534,16.285179138183594,0.1657624244689888,0.13682842254709726,11.785179138183594,-0.18246555328368697,6.354406833648682,0.19293880462646484,16.26612091064453,True,0,6.5473456382751465,6.453407287597656,-1.1604595184326172,-0.2837059575004848,-0.17596038159564203,0.03716502067282862,"StraightLane index=('>>>', '1S0_0_', 0)",True,53.87982940673828,0.0,0.0,"StraightLane index=('>>', '>>>', 0)",True,0.0,True,False,-0.04770929366350174,-0.13879536092281342,0.0,-0.13879536092281342,True,0.0,0.0,0.0,0.13879536092281342,0.0,0.13879536092281342
21.540076,"[104.13286590576172, 4.5, 0.0]","[120.42276000976562, 4.5, 0.0]",6.225789070129398,6.437799453735352,6.431073362725334,-2.25763320922856,-0.5689805746078491,16.285011291503906,0.18246555328368697,0.8351564407349077,11.785011291503906,-0.21201038360595348,6.335967540740967,0.1630258560180664,16.278594970703125,True,0,6.498993396759033,6.437799453735352,-1.1604595184326172,-0.2837059575004848,-0.17596038159564203,0.03716502067282862,"StraightLane index=('>>>', '1S0_0_', 0)",True,54.00654602050781,0.0,0.0,"StraightLane index=('>>', '>>>', 0)",True,0.0,True,False,-0.04770929366350174,-0.13879536092281342,0.0,-0.13879536092281342,True,0.0,0.0,0.0,0.13879536092281342,0.0,0.13879536092281342
21.560157,"[104.25828552246094, 4.5, 0.0]","[120.5508041381836, 4.5, 0.0]",6.180636405944827,6.409395217895508,6.409179462487123,-2.25763320922856,-0.6917607188224792,16.289894104003906,0.21201038360595348,1.4772415161133257,11.789894104003906,-0.22875881195068093,6.311387538909912,0.1630258560180664,16.278594970703125,True,0,6.4744133949279785,6.409395217895508,-1.1604595184326172,-0.2837059575004848,-0.17596038159564203,0.03716502067282862,"StraightLane index=('>>>', '1S0_0_', 0)",True,54.13286590576172,0.0,0.0,"StraightLane index=('>>', '>>>', 0)",True,0.0,True,False,-0.04770929366350174,-0.13879536092281342,0.0,-0.13879536092281342,True,0.0,0.0,0.0,0.13879536092281342,0.0,0.13879536092281342
21.58016,"[104.38280487060547, 4.5, 0.0]","[120.67943572998047, 4.5, 0.0]",6.135483741760254,6.394222736358643,6.387384755542049,-2.257633209228649,-0.877296507358551,16.292518615722656,0.22875881195068093,0.8374214172363725,11.792518615722656,-0.25873899459838867,6.277439594268799,0.1630258560180664,16.278594970703125,True,0,6.440465450286865,6.394222736358643,-1.1604595184326172,-0.2837059575004848,-0.17596038159564203,0.03716502067282862,"StraightLane index=('>>>', '1S0_0_', 0)",True,54.25828552246094,0.0,0.0,"StraightLane index=('>>', '>>>', 0)",True,0.0,True,False,-0.04770929366350174,-0.13879536092281342,0.0,-0.13879536092281342,True,0.0,0.0,0.0,0.13879536092281342,0.0,0.13879536092281342
21.600626,"[104.50641632080078, 4.5, 0.0]","[120.80767059326172, 4.5, 0.0]",6.0903310775756845,6.365785121917725,6.365329770718895,-2.257633209228471,-1.0953609943389893,16.296630859375,0.25873899459838867,1.4990091323853871,11.796630859375,-0.2754540443420401,6.236147880554199,0.1630258560180664,16.278594970703125,True,0,6.399173736572266,6.365785121917725,-1.1607170104980469,-0.29596045711786795,-0.11691532829554185,-0.02188003262727156,"StraightLane index=('>>>', '1S0_0_', 0)",True,54.38280487060547,0.0,0.0,"StraightLane index=('>>', '>>>', 0)",True,0.0,True,False,-0.04770929366350174,-0.13879536092281342,0.0,-0.13879536092281342,True,0.0,0.0,0.0,0.13879536092281342,0.0,0.13879536092281342
21.620272,"[104.6291275024414, 4.5, 0.0]","[120.93507385253906, 4.5, 0.0]",6.027176856994642,6.3518452644348145,6.345507459864272,-3.1577110290521127,-1.4084759950637817,16.301254272460938,0.2754540443420401,0.8357524871825728,11.801254272460938,-0.3246684074401722,6.167277812957764,0.1630258560180664,16.278594970703125,True,0,6.33030366897583,6.3518452644348145,-1.1607170104980469,-0.29596045711786795,-0.11691532829554185,-0.0772134085580577,"StraightLane index=('>>>', '1S0_0_', 0)",True,54.50641632080078,0.0,0.0,"StraightLane index=('>>', '>>>', 0)",True,0.0,True,False,-0.04770929366350174,-0.19412873685359955,0.0,-0.19412873685359955,True,0.0,0.0,0.0,0.19412873685359955,0.0,0.19412873685359955
21.64076,"[104.75093078613281, 4.5, 0.0]","[121.057373046875, 4.5, 0.0]",5.964022636413594,6.325834751129151,6.325109295439284,-3.1577110290524235,-1.6141855716705322,16.30594635009751,0.3246684074401722,2.460718154906605,11.80594635009751,-0.3618121147155575,6.116274356842041,0.25873899459838867,16.296630859375,True,0,6.37501335144043,6.325834751129151,-1.1607170104980469,-0.29596045711786795,-0.11691532829554185,-0.0772134085580577,"StraightLane index=('>>>', '1S0_0_', 0)",True,54.629127502441406,0.0,-7.629394523038787e-06,"StraightLane index=('>>', '>>>', 0)",True,0.0,True,False,-0.214922234416008,-0.19412873685359955,0.0,-0.19412873685359955,True,0.0,0.0,0.0,0.19412873685359955,0.0,0.19412873685359955
21.659007,"[104.87147521972656, 4.5, 0.0]","[121.18402862548828, 4.5, 0.0]",5.900868415832547,6.312467098236084,6.306800240835542,-3.1577110290523347,-1.7610243558883667,16.306442260742042,0.3618121147155575,1.8571853637692648,11.806442260742042,-0.4115986824035369,6.084728717803955,0.25873899459838867,16.296630859375,True,0,6.343467712402344,6.312467098236084,-1.1607170104980469,-0.29596045711786795,-0.11691532829554185,-0.0772134085580577,"StraightLane index=('>>>', '1S0_0_', 0)",True,54.75093078613281,0.0,-7.629394523038787e-06,"StraightLane index=('>>', '>>>', 0)",True,0.0,True,False,-0.214922234416008,-0.19412873685359955,0.0,-0.19412873685359955,True,0.0,0.0,0.0,0.19412873685359955,0.0,0.19412873685359955
21.680239,"[104.99075317382812, 4.5, 0.0]","[121.31366729736328, 4.5, 0.0]",5.837714195251486,6.285295486450195,6.2856028184557395,-3.1577110290530452,-2.107454299926758,16.31255340576172,0.4115986824035369,2.48932838439897,11.812553405761719,-0.44758129119870915,5.9921183586120605,0.25873899459838867,16.296630859375,True,0,6.250857353210449,6.285295486450195,-1.1607170104980469,-0.29596045711786795,-0.11691532829554185,-0.0772134085580577,"StraightLane index=('>>>', '1S0_0_', 0)",True,54.87147521972656,0.0,0.0,"StraightLane index=('>>', '>>>', 0)",True,0.0,True,False,-0.214922234416008,-0.19412873685359955,0.0,-0.19412873685359955,True,0.0,0.0,0.0,0.19412873685359955,0.0,0.19412873685359955
21.700323,"[105.10877227783203, 4.5, 0.0]","[121.43971252441406, 4.5, 0.0]",5.774559974670421,6.272024154663086,6.265571587024443,-3.1577110290532673,-2.2603020668029785,16.322914123535156,0.44758129119870915,1.7991304397586116,11.822914123535156,-0.4974641799926651,5.955009460449219,0.25873899459838867,16.296630859375,True,0,6.213748455047607,6.272024154663086,-0.9376096725463867,-0.2991807499452047,0.024170967050027636,-0.21829970390362718,"StraightLane index=('>>>', '1S0_0_', 0)",True,54.990753173828125,0.0,0.0,"StraightLane index=('>>', '>>>', 0)",True,0.0,True,False,-0.214922234416008,-0.19412873685359955,0.0,-0.19412873685359955,True,0.0,0.0,0.0,0.19412873685359955,0.0,0.19412873685359955
21.719721,"[105.22552490234375, 4.5, 0.0]","[121.56220245361328, 4.5, 0.0]",5.718979835510267,6.247223854064941,6.248272278170986,-2.7790069580076793,-2.5668792724609375,16.33094024658203,0.4974641799926651,2.4941444396977985,11.830940246582031,-0.5282440185546742,5.851821422576904,0.25873899459838867,16.296630859375,True,0,6.110560417175293,6.247223854064941,-0.9376096725463867,-0.2991807499452047,0.024170967050027636,-0.19501726538701036,"StraightLane index=('>>>', '1S0_0_', 0)",True,55.10877227783203,0.0,0.0,"StraightLane index=('>>', '>>>', 0)",True,0.0,True,False,-0.214922234416008,-0.17084629833698273,0.0,-0.17084629833698273,True,0.0,0.0,0.0,0.17084629833698273,0.0,0.17084629833698273
21.73966,"[105.34101867675781, 4.5, 0.0]","[121.6867446899414, 4.5, 0.0]",5.663399696350124,6.2360334396362305,6.230485220159357,-2.7790069580071464,-2.6943459510803223,16.33667755126953,0.5282440185546742,1.5389919281004527,11.836677551269531,-0.5726337432861062,5.81278133392334,0.44758129119873047,16.322914123535156,True,0,6.26036262512207,6.2360334396362305,-0.9376096725463867,-0.2991807499452047,0.024170967050027636,-0.19501726538701036,"StraightLane index=('>>>', '1S0_0_', 0)",True,55.22552490234375,0.0,0.0,"StraightLane index=('>>', '>>>', 0)",True,0.0,True,False,-0.214922234416008,-0.17084629833698273,0.0,-0.17084629833698273,True,0.0,0.0,0.0,0.17084629833698273,0.0,0.17084629833698273
21.759679,"[105.45539855957031, 4.5, 0.0]","[121.81352233886719, 4.5, 0.0]",5.607819557189976,6.211190223693848,6.21261906313391,-2.779006958007413,-2.8562865257263184,16.345726013183594,0.5726337432861062,2.2194862365715995,11.845726013183594,-0.6033706665038716,5.741279602050781,0.44758129119873047,16.322914123535156,True,0,6.188860893249512,6.211190223693848,-0.9376096725463867,-0.2991807499452047,0.024170967050027636,-0.19501726538701036,"StraightLane index=('>>>', '1S0_0_', 0)",True,55.34101867675781,0.0,0.0,"StraightLane index=('>>', '>>>', 0)",True,0.0,True,False,-0.214922234416008,-0.17084629833698273,0.0,-0.17084629833698273,True,0.0,0.0,0.0,0.17084629833698273,0.0,0.17084629833698273
21.780303,"[105.56866455078125, 4.5, 0.0]","[121.93829345703125, 4.5, 0.0]",5.552239418029812,6.1999664306640625,6.194237397029135,-2.779006958008212,-2.9672276973724365,16.358123779296875,0.6033706665038716,1.5368461608882722,11.858123779296875,-0.6477270126342507,5.672153472900391,0.44758129119873047,16.322914123535156,True,0,6.119734764099121,6.1999664306640625,-0.9376096725463867,-0.2991807499452047,0.024170967050027636,-0.19501726538701036,"StraightLane index=('>>>', '1S0_0_', 0)",True,55.45539855957031,0.0,0.0,"StraightLane index=('>>', '>>>', 0)",True,0.0,True,False,-0.214922234416008,-0.17084629833698273,0.0,-0.17084629833698273,True,0.0,0.0,0.0,0.17084629833698273,0.0,0.17084629833698273
21.800437,"[105.68082427978516, 4.5, 0.0]","[122.06241607666016, 4.5, 0.0]",5.496659278869674,6.178836345672607,6.176329050900258,-2.77900695800688,-3.0352137088775635,16.36962890625,0.6477270126342507,2.2178173065189544,11.86962890625,-0.6821770668029332,5.605539798736572,0.44758129119873047,16.322914123535156,True,0,6.053121089935303,6.178836345672607,-0.9318780899047852,-0.3018784080973517,0.14153668532455488,-0.3123829836615376,"StraightLane index=('>>>', '1S0_0_', 0)",True,55.56866455078125,0.0,0.0,"StraightLane index=('>>', '>>>', 0)",True,0.0,True,False,-0.214922234416008,-0.17084629833698273,0.0,-0.17084629833698273,True,0.0,0.0,0.0,0.17084629833698273,0.0,0.17084629833698273
21.82063,"[105.7918701171875, 4.5, 0.0]","[122.1832275390625, 4.5, 0.0]",5.474015235900924,6.162930011749268,6.16068511404259,-1.1322021484375,-3.049661874771118,16.381591796875,0.6821770668029332,1.722502708434126,11.881591796875,-0.6889147758483434,5.512680530548096,0.44758129119873047,16.322914123535156,True,0,5.960261821746826,6.162930011749268,-0.9318780899047852,-0.3018784080973517,0.14153668532455488,-0.21114330986822172,"StraightLane index=('>>>', '1S0_0_', 0)",True,55.680824279785156,0.0,0.0,"StraightLane index=('>>', '>>>', 0)",True,0.0,True,False,-0.214922234416008,-0.06960662454366684,0.0,-0.06960662454366684,True,0.0,0.0,0.0,0.06960662454366684,0.0,0.06960662454366684
21.841531,"[105.90180206298828, 4.5, 0.0]","[122.31025695800781, 4.5, 0.0]",5.451371192932161,6.146890163421631,6.1444867165805945,-1.1322021484381661,-3.075310707092285,16.391357421875,0.6889147758483434,0.3368854522705078,11.891357421875,-0.69551897048947,5.479493141174316,0.6477270126342773,16.36962890625,True,0,6.127220153808594,6.146890163421631,-0.9318780899047852,-0.3018784080973517,0.14153668532455488,-0.21114330986822172,"StraightLane index=('>>>', '1S0_0_', 0)",True,55.7918701171875,0.0,0.0,"StraightLane index=('>>', '>>>', 0)",True,0.0,True,False,-0.31858766078948975,-0.06960662454366684,0.0,-0.06960662454366684,True,0.0,0.0,0.0,0.06960662454366684,0.0,0.06960662454366684
21.859709,"[106.01128387451172, 4.5, 0.0]","[122.43130493164062, 4.5, 0.0]",5.428727149963394,6.131606101989747,6.130386740141274,-1.1322021484383438,-2.9251441955566406,16.40845489501953,0.69551897048947,0.3302097320563302,11.908454895019531,-0.702878952026353,5.40395975112915,0.6477270126342773,16.36962890625,True,0,6.051686763763428,6.131606101989747,-0.9318780899047852,-0.3018784080973517,0.14153668532455488,-0.21114330986822172,"StraightLane index=('>>>', '1S0_0_', 0)",True,55.90180206298828,0.0,0.0,"StraightLane index=('>>', '>>>', 0)",True,0.0,True,False,-0.31858766078948975,-0.06960662454366684,0.0,-0.06960662454366684,True,0.0,0.0,0.0,0.06960662454366684,0.0,0.06960662454366684
21.880176,"[106.12030792236328, 4.5, 0.0]","[122.55464172363281, 4.5, 0.0]",5.406083106994643,6.11603307723999,6.114536364966205,-1.1322021484375444,-2.8487517833709717,16.420021057128906,0.702878952026353,0.3679990768441499,11.920021057128906,-0.7099499702453471,5.382721900939941,0.6477270126342773,16.36962890625,True,0,6.030448913574219,6.11603307723999,-0.9318780899047852,-0.3018784080973517,0.14153668532455488,-0.21114330986822172,"StraightLane index=('>>>', '1S0_0_', 0)",True,56.01128387451172,0.0,0.0,"StraightLane index=('>>', '>>>', 0)",True,0.0,True,False,-0.31858766078948975,-0.06960662454366684,0.0,-0.06960662454366684,True,0.0,0.0,0.0,0.06960662454366684,0.0,0.06960662454366684
21.900002,"[106.2288818359375, 4.5, 0.0]","[122.67676544189453, 4.5, 0.0]",5.3834390640258905,6.100614070892335,6.099173308948997,-1.1322021484376332,-2.5043692588806152,16.43433380126953,0.7099499702453471,0.35355091094970703,11.934333801269531,-0.7171750068664444,5.336644649505615,0.6477270126342773,16.36962890625,True,0,5.984371662139893,6.100614070892335,-0.7822227478027255,-0.299068363460712,0.1670953910024769,-0.23670201554614373,"StraightLane index=('>>>', '1S0_0_', 0)",True,56.12030792236328,0.0,0.0,"StraightLane index=('>>', '>>>', 0)",True,0.0,True,False,-0.31858766078948975,-0.06960662454366684,0.0,-0.06960662454366684,True,0.0,0.0,0.0,0.06960662454366684,0.0,0.06960662454366684
21.92028,"[106.33700561523438, 4.5, 0.0]","[122.79886627197266, 4.5, 0.0]",5.386301994323735,6.086756706237793,6.085911428933741,0.14314651489222285,-2.254035234451294,16.44788360595703,0.7171750068664444,0.36125183105486514,11.947883605957031,-0.7004547119140581,5.313961505889893,0.6477270126342773,16.36962890625,True,0,5.96168851852417,6.086756706237793,-0.7822227478027255,-0.299068363460712,0.1670953910024769,-0.08416297092753716,"StraightLane index=('>>>', '1S0_0_', 0)",True,56.2288818359375,0.0,0.0,"StraightLane index=('>>', '>>>', 0)",True,0.0,True,False,-0.31858766078948975,0.08293242007493973,0.0,0.08293242007493973,True,0.0,0.0,0.05183276254683733,0.0,0.05183276254683733,0.0
21.940665,"[106.44467163085938, 4.5, 0.0]","[122.92044067382812, 4.5, 0.0]",5.389164924621588,6.073649883270264,6.07257760696219,0.14314651489266694,-2.0064589977264404,16.46186065673828,0.7004547119140581,-0.836014747619318,11.961860656738281,-0.6844849586486754,5.2960028648376465,0.7099499702453613,16.43433380126953,True,0,6.005952835083008,6.073649883270264,-0.7822227478027255,-0.299068363460712,0.1670953910024769,-0.08416297092753716,"StraightLane index=('>>>', '1S0_0_', 0)",True,56.337005615234375,0.0,0.0,"StraightLane index=('>>', '>>>', 0)",True,0.0,True,False,-0.31858766078948975,0.08293242007493973,0.0,0.08293242007493973,True,0.0,0.0,0.05183276254683733,0.0,0.05183276254683733,0.0
21.959074,"[106.55239868164062, 4.5, 0.0]","[123.03801727294922, 4.5, 0.0]",5.392027854919455,6.060975551605225,6.0605319602888885,0.14314651489333308,-1.856946349143982,16.47576904296875,0.6844849586486754,-0.7984876632691318,11.97576904296875,-0.6689476966857697,5.291622638702393,0.7099499702453613,16.43433380126953,True,0,6.001572608947754,6.060975551605225,-0.7822227478027255,-0.299068363460712,0.1670953910024769,-0.08416297092753716,"StraightLane index=('>>>', '1S0_0_', 0)",True,56.444671630859375,0.0,0.0,"StraightLane index=('>>', '>>>', 0)",True,0.0,True,False,-0.31858766078948975,0.08293242007493973,0.0,0.08293242007493973,True,0.0,0.0,0.05183276254683733,0.0,0.05183276254683733,0.0
21.980296,"[106.6601791381836, 4.5, 0.0]","[123.16263580322266, 4.5, 0.0]",5.394890785217338,6.047540187835694,6.046666769187851,0.14314651489413244,-1.3708370923995972,16.48561859130801,0.6689476966857697,-0.7768630981452862,11.985618591308011,-0.6526494026183567,5.291693210601807,0.7099499702453613,16.43433380126953,True,0,6.001643180847168,6.047540187835694,-0.7822227478027255,-0.299068363460712,0.1670953910024769,-0.08416297092753716,"StraightLane index=('>>>', '1S0_0_', 0)",True,56.552398681640625,0.0,-1.5258789046077574e-05,"StraightLane index=('>>', '>>>', 0)",True,0.0,True,False,-0.31858766078948975,0.08293242007493973,0.0,0.08293242007493973,True,0.0,0.0,0.05183276254683733,0.0,0.05183276254683733,0.0
22.000024,"[106.76802062988281, 4.5, 0.0]","[123.28394317626953, 4.5, 0.0]",5.397753715515185,6.0344624519348145,6.03376418088465,0.14314651489235608,-1.2049552202224731,16.502456665038917,0.6526494026183567,-0.8149147033706505,12.002456665038917,-0.6367087364196298,5.29538631439209,0.7099499702453613,16.43433380126953,True,0,6.005336284637451,6.0344624519348145,-0.6615161895752042,-0.2923145937497729,0.12154608492298646,-0.038613664848046736,"StraightLane index=('>>>', '1S0_0_', 0)",True,56.660179138183594,0.0,7.629394523038787e-06,"StraightLane index=('>>', '>>>', 0)",True,0.0,True,False,-0.31858766078948975,0.08293242007493973,0.0,0.08293242007493973,True,0.0,0.0,0.05183276254683733,0.0,0.05183276254683733,0.0
22.020557,"[106.87591552734375, 4.5, 0.0]","[123.4049072265625, 4.5, 0.0]",5.403491020202695,6.023008823394776,6.0228055119251485,0.2868652343755329,-0.7420089840888977,16.515922546386133,0.6367087364196298,-0.7970333099363458,12.015922546386133,-0.6195178031920809,5.312562465667725,0.6526494026184082,16.502456665039062,True,0,5.965211868286133,6.023008823394776,-0.6615161895752042,-0.2923145937497729,0.12154608492298646,0.04462612147883849,"StraightLane index=('>>>', '1S0_0_', 0)",True,56.76802062988281,0.0,-1.5258789046077574e-05,"StraightLane index=('>>', '>>>', 0)",True,0.0,True,False,-0.4237297773361206,0.16617220640182495,0.0,0.16617220640182495,True,0.0,0.0,0.1038576290011406,0.0,0.1038576290011406,0.0
22.040841,"[106.98387145996094, 4.5, 0.0]","[123.52513122558594, 4.5, 0.0]",5.409228324890259,6.012321472167969,6.011972154588451,0.28686523437819744,-0.6015371680259705,16.528991699218164,0.6195178031920809,-0.8595466613774416,12.028991699218164,-0.6030931472777095,5.319878101348877,0.6526494026184082,16.502456665039062,True,0,5.972527503967285,6.012321472167969,-0.6615161895752042,-0.2923145937497729,0.12154608492298646,0.04462612147883849,"StraightLane index=('>>>', '1S0_0_', 0)",True,56.87591552734375,0.0,-1.5258789046077574e-05,"StraightLane index=('>>', '>>>', 0)",True,0.0,True,False,-0.4237297773361206,0.16617220640182495,0.0,0.16617220640182495,True,0.0,0.0,0.1038576290011406,0.0,0.1038576290011406,0.0
22.059594,"[107.0919418334961, 4.5, 0.0]","[123.64453125, 4.5, 0.0]",5.414965629577766,6.001707553863525,6.001971463466716,0.28686523437535527,-0.23675459623336792,16.541259765624854,0.6030931472777095,-0.8212327957185739,12.041259765624854,-0.586741924285759,5.343917369842529,0.6526494026184082,16.502456665039062,True,0,5.9965667724609375,6.001707553863525,-0.6615161895752042,-0.2923145937497729,0.12154608492298646,0.04462612147883849,"StraightLane index=('>>>', '1S0_0_', 0)",True,56.98387145996094,0.0,-7.629394523038787e-06,"StraightLane index=('>>', '>>>', 0)",True,0.0,True,False,-0.4237297773361206,0.16617220640182495,0.0,0.16617220640182495,True,0.0,0.0,0.1038576290011406,0.0,0.1038576290011406,0.0
22.080236,"[107.20012664794922, 4.5, 0.0]","[123.76508331298828, 4.5, 0.0]",5.420702934265294,5.990991115570068,5.990934873755975,0.2868652343763767,-0.12987220287322998,16.55258941650332,0.586741924285759,-0.8175611495975232,12.05258941650332,-0.5702881813047744,5.352762222290039,0.6526494026184082,16.502456665039062,True,0,6.005411624908447,5.990991115570068,-0.6615161895752042,-0.2923145937497729,0.12154608492298646,0.04462612147883849,"StraightLane index=('>>>', '1S0_0_', 0)",True,57.091941833496094,0.0,-1.5258789046077574e-05,"StraightLane index=('>>', '>>>', 0)",True,0.0,True,False,-0.4237297773361206,0.16617220640182495,0.0,0.16617220640182495,True,0.0,0.0,0.1038576290011406,0.0,0.1038576290011406,0.0
22.100177,"[107.30842590332031, 4.5, 0.0]","[123.88510131835938, 4.5, 0.0]",5.426440238952772,5.9803223609924325,5.9803082584902185,0.2868652343738898,0.04986490681767464,16.564956665039062,0.5702881813047744,-0.8226871490492282,12.064956665039062,-0.5538821220396608,5.369941711425781,0.6526494026184082,16.502456665039062,True,0,6.0225911140441895,5.9803223609924325,-0.5414009094238192,-0.2820321662046293,0.07799121312115026,0.08818099328067469,"StraightLane index=('>>>', '1S0_0_', 0)",True,57.20012664794922,0.0,0.0,"StraightLane index=('>>', '>>>', 0)",True,0.0,True,False,-0.4237297773361206,0.16617220640182495,0.0,0.16617220640182495,True,0.0,0.0,0.1038576290011406,0.0,0.1038576290011406,0.0
22.120197,"[107.41683959960938, 4.5, 0.0]","[124.00485229492188, 4.5, 0.0]",5.432160377502546,5.971165657043457,5.971838779061411,0.28600692748872447,0.24603991210460663,16.576675415039062,0.5538821220396608,-0.8203029632556813,12.076675415039062,-0.5390052795409108,5.394161701202393,0.5702881813049316,16.564956665039062,True,0,5.964449882507324,5.971165657043457,-0.5414009094238192,-0.2820321662046293,0.07799121312115026,0.08770797081973719,"StraightLane index=('>>>', '1S0_0_', 0)",True,57.30842590332031,0.0,0.0,"StraightLane index=('>>', '>>>', 0)",True,0.0,True,False,-0.4237297773361206,0.16569918394088745,0.0,0.16569918394088745,True,0.0,0.0,0.10356198996305466,0.0,0.10356198996305466,0.0
22.140155,"[107.5253677368164, 4.5, 0.0]","[124.12428283691406, 4.5, 0.0]",5.4378805160523145,5.962688446044922,5.963396168597759,0.2860069274884136,0.30181795358657837,16.5880126953125,0.5390052795409108,-0.7438421249374993,12.0880126953125,-0.5248079299926074,5.402472972869873,0.5702881813049316,16.564956665039062,True,0,5.972761154174805,5.962688446044922,-0.5414009094238192,-0.2820321662046293,0.07799121312115026,0.08770797081973719,"StraightLane index=('>>>', '1S0_0_', 0)",True,57.416839599609375,0.0,0.0,"StraightLane index=('>>', '>>>', 0)",True,0.0,True,False,-0.4237297773361206,0.16569918394088745,0.0,0.16569918394088745,True,0.0,0.0,0.10356198996305466,0.0,0.10356198996305466,0.0
22.159854,"[107.6340103149414, 4.5, 0.0]","[124.24256896972656, 4.5, 0.0]",5.443600654602147,5.954292297363281,5.955061964146316,0.28600692749161105,0.4091089367866516,16.59891510009751,0.5248079299926074,-0.7098674774151714,12.09891510009751,-0.5106916427611345,5.42401123046875,0.5702881813049316,16.564956665039062,True,0,5.994299411773682,5.954292297363281,-0.5414009094238192,-0.2820321662046293,0.07799121312115026,0.08770797081973719,"StraightLane index=('>>>', '1S0_0_', 0)",True,57.525367736816406,0.0,-7.629394523038787e-06,"StraightLane index=('>>', '>>>', 0)",True,0.0,True,False,-0.4237297773361206,0.16569918394088745,0.0,0.16569918394088745,True,0.0,0.0,0.10356198996305466,0.0,0.10356198996305466,0.0
22.180449,"[107.74276733398438, 4.5, 0.0]","[124.36210632324219, 4.5, 0.0]",5.449320793151963,5.945807456970215,5.946355428738887,0.2860069274908117,0.43379470705986023,16.608558654785156,0.5106916427611345,-0.7058143615736423,12.108558654785156,-0.4964866638182519,5.430692195892334,0.5702881813049316,16.564956665039062,True,0,6.000980377197266,5.945807456970215,-0.5414009094238192,-0.2820321662046293,0.07799121312115026,0.08770797081973719,"StraightLane index=('>>>', '1S0_0_', 0)",True,57.634010314941406,0.0,0.0,"StraightLane index=('>>', '>>>', 0)",True,0.0,True,False,-0.4237297773361206,0.16569918394088745,0.0,0.16569918394088745,True,0.0,0.0,0.10356198996305466,0.0,0.10356198996305466,0.0
22.199809,"[107.85163879394531, 4.5, 0.0]","[124.48114013671875, 4.5, 0.0]",5.455040931701786,5.9373579025268555,5.938164205482335,0.28600692749116696,0.4606493413448334,16.619338989257663,0.4964866638182519,-0.710248947144132,12.119338989257663,-0.4823169708250692,5.442321300506592,0.5702881813049316,16.564956665039062,True,0,6.012609481811523,5.9373579025268555,-0.4296445846557706,-0.2688665100471183,0.04463952098917667,0.12105966295171078,"StraightLane index=('>>>', '1S0_0_', 0)",True,57.742767333984375,0.0,-7.629394523038787e-06,"StraightLane index=('>>', '>>>', 0)",True,0.0,True,False,-0.4237297773361206,0.16569918394088745,0.0,0.16569918394088745,True,0.0,0.0,0.10356198996305466,0.0,0.10356198996305466,0.0
22.219787,"[107.96062469482422, 4.5, 0.0]","[124.59741973876953, 4.5, 0.0]",5.459647178649993,5.930469989776612,5.931777262736758,0.23031234741033302,0.4686570465564728,16.629501342773438,0.4823169708250692,-0.7084846496591357,12.129501342773438,-0.4708228111266193,5.452409267425537,0.4964866638183594,16.619338989257812,True,0,5.9488959312438965,5.930469989776612,-0.4296445846557706,-0.2688665100471183,0.04463952098917667,0.08877325738835629,"StraightLane index=('>>>', '1S0_0_', 0)",True,57.85163879394531,0.0,0.0,"StraightLane index=('>>', '>>>', 0)",True,0.0,True,False,-0.4237297773361206,0.13341277837753296,0.0,0.13341277837753296,True,0.0,0.0,0.0833829864859581,0.0,0.0833829864859581,0.0
22.240093,"[108.0697250366211, 4.5, 0.0]","[124.71891021728516, 4.5, 0.0]",5.464253425598222,5.923925876617433,5.9253017684902645,0.23031234741144324,0.46279871463775635,16.636795043945312,0.4708228111266193,-0.5747079849224956,12.136795043945312,-0.4596724510192116,5.461127758026123,0.4964866638183594,16.619338989257812,True,0,5.957614421844482,5.923925876617433,-0.4296445846557706,-0.2688665100471183,0.04463952098917667,0.08877325738835629,"StraightLane index=('>>>', '1S0_0_', 0)",True,57.96062469482422,0.0,0.0,"StraightLane index=('>>', '>>>', 0)",True,0.0,True,False,-0.6178640723228455,0.13341277837753296,0.0,0.13341277837753296,True,0.0,0.0,0.0833829864859581,0.0,0.0833829864859581,0.0
22.25977,"[108.17891693115234, 4.5, 0.0]","[124.83670043945312, 4.5, 0.0]",5.468859672546458,5.9209136962890625,5.919035293250933,0.2303123474117985,0.44284602999687195,16.649185180664062,0.4596724510192116,-0.5575180053703832,12.149185180664062,-0.4520540237426047,5.468198299407959,0.4964866638183594,16.619338989257812,True,0,5.964684963226318,5.9209136962890625,-0.4296445846557706,-0.2688665100471183,0.04463952098917667,0.08877325738835629,"StraightLane index=('>>>', '1S0_0_', 0)",True,58.069725036621094,0.0,0.0,"StraightLane index=('>>', '>>>', 0)",True,0.0,True,False,-0.6178640723228455,0.13341277837753296,0.0,0.13341277837753296,True,0.0,0.0,0.0833829864859581,0.0,0.0833829864859581,0.0
22.280094,"[108.28820037841797, 4.5, 0.0]","[124.95245361328125, 4.5, 0.0]",5.473465919494676,5.908012866973877,5.912542743357603,0.23031234741091033,0.41482850909233093,16.657783508300632,0.4520540237426047,-0.38092136383034436,12.157783508300632,-0.434546947479201,5.473952770233154,0.4964866638183594,16.619338989257812,True,0,5.970439434051514,5.908012866973877,-0.4296445846557706,-0.2688665100471183,0.04463952098917667,0.08877325738835629,"StraightLane index=('>>>', '1S0_0_', 0)",True,58.178916931152344,0.0,-7.629394523038787e-06,"StraightLane index=('>>', '>>>', 0)",True,0.0,True,False,-0.6178640723228455,0.13341277837753296,0.0,0.13341277837753296,True,0.0,0.0,0.0833829864859581,0.0,0.0833829864859581,0.0
22.299996,"[108.39757537841797, 4.5, 0.0]","[125.07361602783203, 4.5, 0.0]",5.478072166442896,5.908152103424072,5.906190950879641,0.23031234741099915,0.3866736888885498,16.66425323486328,0.434546947479201,-0.8753538131701877,12.164253234863281,-0.4300799369811763,5.479128837585449,0.4964866638183594,16.619338989257812,True,0,5.975615501403809,5.908152103424072,-0.29205799102783203,-0.2522018887283806,0.027350070309383967,0.10606270806814899,"StraightLane index=('>>>', '1S0_0_', 0)",True,58.28820037841797,0.0,0.0,"StraightLane index=('>>', '>>>', 0)",True,0.0,True,False,-0.6178640723228455,0.13341277837753296,0.0,0.13341277837753296,True,0.0,0.0,0.0833829864859581,0.0,0.0833829864859581,0.0
22.32016,"[108.50704193115234, 4.5, 0.0]","[125.19220733642578, 4.5, 0.0]",5.481360435485851,5.896320819854737,5.901553913062776,0.16441345214777137,0.33692359924316406,16.676040649414062,0.4300799369811763,-0.22335052490123353,12.176040649414062,-0.4149603843688858,5.485037803649902,0.43454694747924805,16.66425323486328,True,0,5.91958475112915,5.896320819854737,-0.29205799102783203,-0.2522018887283806,0.027350070309383967,0.06789312289978733,"StraightLane index=('>>>', '1S0_0_', 0)",True,58.39757537841797,0.0,0.0,"StraightLane index=('>>', '>>>', 0)",True,0.0,True,False,-0.6178640723228455,0.0952431932091713,0.0,0.0952431932091713,True,0.0,0.0,0.05952699575573206,0.0,0.05952699575573206,0.0
22.34009,"[108.6166000366211, 4.5, 0.0]","[125.31013488769531, 4.5, 0.0]",5.484648704528814,5.898385524749756,5.8969701993646915,0.16441345214812664,0.3248777389526367,16.685165405273438,0.4149603843688858,-0.7559776306145238,12.185165405273438,-0.41373682022094194,5.487143516540527,0.43454694747924805,16.66425323486328,True,0,5.921690464019775,5.898385524749756,-0.29205799102783203,-0.2522018887283806,0.027350070309383967,0.06789312289978733,"StraightLane index=('>>>', '1S0_0_', 0)",True,58.507041931152344,0.0,0.0,"StraightLane index=('>>', '>>>', 0)",True,0.0,True,False,-0.6178640723228455,0.0952431932091713,0.0,0.0952431932091713,True,0.0,0.0,0.05952699575573206,0.0,0.05952699575573206,0.0
22.359493,"[108.72622680664062, 4.5, 0.0]","[125.42742919921875, 4.5, 0.0]",5.487936973571778,5.887142658233643,5.892506357291237,0.16441345214821546,0.29572156071662903,16.69353485107422,0.41373682022094194,-0.061178207397194484,12.193534851074219,-0.39920568466186435,5.490427017211914,0.43454694747924805,16.66425323486328,True,0,5.924973964691162,5.887142658233643,-0.29205799102783203,-0.2522018887283806,0.027350070309383967,0.06789312289978733,"StraightLane index=('>>>', '1S0_0_', 0)",True,58.616600036621094,0.0,0.0,"StraightLane index=('>>', '>>>', 0)",True,0.0,True,False,-0.6178640723228455,0.0952431932091713,0.0,0.0952431932091713,True,0.0,0.0,0.05952699575573206,0.0,0.05952699575573206,0.0
22.381254,"[108.83592224121094, 4.5, 0.0]","[125.5456314086914, 4.5, 0.0]",5.491225242614746,5.88919734954834,5.887516089612432,0.1644134521483931,0.2494613528251648,16.701202392578125,0.39920568466186435,-0.7265567779538795,12.201202392578125,-0.39797210693359375,5.4939799308776855,0.43454694747924805,16.66425323486328,True,0,5.928526878356934,5.88919734954834,-0.29205799102783203,-0.2522018887283806,0.027350070309383967,0.06789312289978733,"StraightLane index=('>>>', '1S0_0_', 0)",True,58.726226806640625,0.0,0.0,"StraightLane index=('>>', '>>>', 0)",True,0.0,True,False,-0.6178640723228455,0.0952431932091713,0.0,0.0952431932091713,True,0.0,0.0,0.05952699575573206,0.0,0.05952699575573206,0.0
22.400652,"[108.9456787109375, 4.5, 0.0]","[125.66325378417969, 4.5, 0.0]",5.49451351165772,5.877941608428955,5.883092319351068,0.16441345214870395,0.2410137802362442,16.70970916748032,0.39797210693359375,-0.06167888641352981,12.20970916748032,-0.3834280967712349,5.495588302612305,0.43454694747924805,16.66425323486328,True,0,5.930135250091553,5.877941608428955,-0.3021049499511719,-0.23755537310383357,0.011672889797469138,0.08357030341170216,"StraightLane index=('>>>', '1S0_0_', 0)",True,58.83592224121094,0.0,7.629394523038787e-06,"StraightLane index=('>>', '>>>', 0)",True,0.0,True,False,-0.6178640723228455,0.0952431932091713,0.0,0.0952431932091713,True,0.0,0.0,0.05952699575573206,0.0,0.05952699575573206,0.0
22.420466,"[109.05550384521484, 4.5, 0.0]","[125.7784194946289, 4.5, 0.0]",5.496636390686038,5.881086349487305,5.879979908648238,0.1061439514158824,0.21043264865875244,16.717575073242188,0.3834280967712349,-0.7272005081179422,12.217575073242188,-0.38444995880126687,5.499302864074707,0.39797210693359375,16.70970916748047,True,0,5.897274971008301,5.881086349487305,-0.3021049499511719,-0.23755537310383357,0.011672889797469138,0.049810769052723886,"StraightLane index=('>>>', '1S0_0_', 0)",True,58.9456787109375,0.0,0.0,"StraightLane index=('>>', '>>>', 0)",True,0.0,True,False,-0.7894255518913269,0.061483658850193024,0.0,0.061483658850193024,True,0.0,0.0,0.03842728678137064,0.0,0.03842728678137064,0.0
22.440205,"[109.16539764404297, 4.5, 0.0]","[125.89620971679688, 4.5, 0.0]",5.498759269714356,5.871273040771484,5.876881685251516,0.10614395141592681,0.20237143337726593,16.722915649414062,0.38444995880126687,0.05109310150159807,12.222915649414062,-0.372513771057128,5.500561237335205,0.39797210693359375,16.70970916748047,True,0,5.898533344268799,5.871273040771484,-0.3021049499511719,-0.23755537310383357,0.011672889797469138,0.049810769052723886,"StraightLane index=('>>>', '1S0_0_', 0)",True,59.055503845214844,0.0,0.0,"StraightLane index=('>>', '>>>', 0)",True,0.0,True,False,-0.7894255518913269,0.061483658850193024,0.0,0.061483658850193024,True,0.0,0.0,0.03842728678137064,0.0,0.03842728678137064,0.0
22.459233,"[109.27532958984375, 4.5, 0.0]","[126.0128173828125, 4.5, 0.0]",5.500882148742676,5.874823093414307,5.873902637884515,0.10614395141597122,0.17601078748703003,16.730812072753906,0.372513771057128,-0.5968093872069424,12.230812072753906,-0.37394094467163086,5.5035929679870605,0.39797210693359375,16.70970916748047,True,0,5.901565074920654,5.874823093414307,-0.3021049499511719,-0.23755537310383357,0.011672889797469138,0.049810769052723886,"StraightLane index=('>>>', '1S0_0_', 0)",True,59.16539764404297,0.0,0.0,"StraightLane index=('>>', '>>>', 0)",True,0.0,True,False,-0.7894255518913269,0.061483658850193024,0.0,0.061483658850193024,True,0.0,0.0,0.03842728678137064,0.0,0.03842728678137064,0.0
22.480654,"[109.38530731201172, 4.5, 0.0]","[126.13373565673828, 4.5, 0.0]",5.503005027771002,5.864925861358643,5.870532298631296,0.10614395141632649,0.17004922032356262,16.7374877929686,0.37394094467163086,0.07135868072514207,12.2374877929686,-0.36192083358764027,5.504727840423584,0.39797210693359375,16.70970916748047,True,0,5.902699947357178,5.864925861358643,-0.3021049499511719,-0.23755537310383357,0.011672889797469138,0.049810769052723886,"StraightLane index=('>>>', '1S0_0_', 0)",True,59.27532958984375,0.0,-7.629394523038787e-06,"StraightLane index=('>>', '>>>', 0)",True,0.0,True,False,-0.7894255518913269,0.061483658850193024,0.0,0.061483658850193024,True,0.0,0.0,0.03842728678137064,0.0,0.03842728678137064,0.0
22.499538,"[109.49532318115234, 4.5, 0.0]","[126.24784088134766, 4.5, 0.0]",5.505127906799336,5.868542671203613,5.86756692705996,0.10614395141668176,0.15290431678295135,16.748428344726413,0.36192083358764027,-0.6010055541995296,12.248428344726413,-0.36341476440427734,5.506251811981201,0.39797210693359375,16.70970916748047,True,0,5.904223918914795,5.868542671203613,-0.09398937225341797,-0.21708946382231983,0.019130133040460434,0.04235352580973259,"StraightLane index=('>>>', '1S0_0_', 0)",True,59.38530731201172,0.0,-7.629394523038787e-06,"StraightLane index=('>>', '>>>', 0)",True,0.0,True,False,-0.7894255518913269,0.061483658850193024,0.0,0.061483658850193024,True,0.0,0.0,0.03842728678137064,0.0,0.03842728678137064,0.0
22.519927,"[109.60538482666016, 4.5, 0.0]","[126.36564636230469, 4.5, 0.0]",5.506869316101124,5.859476566314697,5.865488072123029,0.08707046508940053,0.13603535294532776,16.752517700195163,0.36341476440427734,0.0746965408318534,12.252517700195163,-0.3526072502135733,5.507436275482178,0.3619208335876465,16.748428344726562,True,0,5.869357109069824,5.859476566314697,-0.09398937225341797,-0.21708946382231983,0.019130133040460434,0.031326882593122635,"StraightLane index=('>>>', '1S0_0_', 0)",True,59.495323181152344,0.0,-7.629394523038787e-06,"StraightLane index=('>>', '>>>', 0)",True,0.0,True,False,-0.7894255518913269,0.05045701563358307,0.0,0.05045701563358307,True,0.0,0.0,0.03153563477098942,0.0,0.03153563477098942,0.0
22.540758,"[109.71548461914062, 4.5, 0.0]","[126.4862060546875, 4.5, 0.0]",5.508610725402932,5.864065647125244,5.863380398468231,0.08707046509042193,0.12427285313606262,16.760261535644382,0.3526072502135733,-0.5403757095352013,12.260261535644382,-0.35545492172231175,5.508845806121826,0.3619208335876465,16.748428344726562,True,0,5.870766639709473,5.864065647125244,-0.09398937225341797,-0.21708946382231983,0.019130133040460434,0.031326882593122635,"StraightLane index=('>>>', '1S0_0_', 0)",True,59.605384826660156,0.0,-7.629394523038787e-06,"StraightLane index=('>>', '>>>', 0)",True,0.0,True,False,-0.7894255518913269,0.05045701563358307,0.0,0.05045701563358307,True,0.0,0.0,0.03153563477098942,0.0,0.03153563477098942,0.0
22.55932,"[109.82562255859375, 4.5, 0.0]","[126.59971618652344, 4.5, 0.0]",5.510352134704713,5.855443954467773,5.861508606877295,0.08707046508904526,0.11224236339330673,16.770721435546726,0.35545492172231175,0.14238357543692182,12.270721435546726,-0.34509181976306014,5.510014533996582,0.3619208335876465,16.748428344726562,True,0,5.8719353675842285,5.855443954467773,-0.09398937225341797,-0.21708946382231983,0.019130133040460434,0.031326882593122635,"StraightLane index=('>>>', '1S0_0_', 0)",True,59.715484619140625,0.0,-7.629394523038787e-06,"StraightLane index=('>>', '>>>', 0)",True,0.0,True,False,-0.7894255518913269,0.05045701563358307,0.0,0.05045701563358307,True,0.0,0.0,0.03153563477098942,0.0,0.03153563477098942,0.0
22.580514,"[109.935791015625, 4.5, 0.0]","[126.7201156616211, 4.5, 0.0]",5.512093544006463,5.8600358963012695,5.859364823701501,0.08707046508749094,0.0969603955745697,16.774093627929094,0.34509181976306014,-0.5181550979625804,12.274093627929094,-0.3479423522948064,5.511597156524658,0.3619208335876465,16.748428344726562,True,0,5.873517990112305,5.8600358963012695,-0.09398937225341797,-0.21708946382231983,0.019130133040460434,0.031326882593122635,"StraightLane index=('>>>', '1S0_0_', 0)",True,59.82562255859375,0.0,-1.5258789046077574e-05,"StraightLane index=('>>', '>>>', 0)",True,0.0,True,False,-0.7894255518913269,0.05045701563358307,0.0,0.05045701563358307,True,0.0,0.0,0.03153563477098942,0.0,0.03153563477098942,0.0
22.602296,"[110.0459976196289, 4.5, 0.0]","[126.83723449707031, 4.5, 0.0]",5.513834953308285,5.851351737976074,5.8572564347527925,0.08707046509108807,0.09615401923656464,16.784324645995945,0.3479423522948064,0.14252662658731374,12.284324645995945,-0.33751678466778934,5.512482166290283,0.3619208335876465,16.748428344726562,True,0,5.87440299987793,5.851351737976074,-0.17190933227539062,-0.20139734406972654,0.01798856596433654,0.03246844966924653,"StraightLane index=('>>>', '1S0_0_', 0)",True,59.935791015625,0.0,-7.629394523038787e-06,"StraightLane index=('>>', '>>>', 0)",True,0.0,True,False,-0.7894255518913269,0.05045701563358307,0.0,0.05045701563358307,True,0.0,0.0,0.03153563477098942,0.0,0.03153563477098942,0.0
22.620027,"[110.15624237060547, 4.5, 0.0]","[126.9520034790039, 4.5, 0.0]",5.5065622329714525,5.856537342071533,5.8561156744316225,-0.3636360168416175,0.09040486067533493,16.791236877440813,0.33751678466778934,-0.5212783813508537,12.291236877440813,-0.3499751091000807,5.513779640197754,0.3479423522949219,16.784324645996094,True,0,5.861721992492676,5.856537342071533,-0.17190933227539062,-0.20139734406972654,0.01798856596433654,0.01951908727205262,"StraightLane index=('>>>', '1S0_0_', 0)",True,60.045997619628906,0.0,-1.5258789046077574e-05,"StraightLane index=('>>', '>>>', 0)",True,0.0,True,False,-0.7894255518913269,0.03750765323638916,0.0,0.03750765323638916,True,0.0,0.0,0.0,-0.0,0.0,-0.0
22.639735,"[110.26651763916016, 4.5, 0.0]","[127.06893920898438, 4.5, 0.0]",5.499289512634643,5.848592758178712,5.854856191232056,-0.3636360168404629,0.0854295864701271,16.795761108397098,0.3499751091000807,0.6229162216145667,12.295761108397098,-0.34930324554406855,5.515021324157715,0.3479423522949219,16.784324645996094,True,0,5.862963676452637,5.848592758178712,-0.17190933227539062,-0.20139734406972654,0.01798856596433654,0.01951908727205262,"StraightLane index=('>>>', '1S0_0_', 0)",True,60.15624237060547,0.0,-2.2888183620005236e-05,"StraightLane index=('>>', '>>>', 0)",True,0.0,True,False,-0.9098272919654846,0.03750765323638916,0.0,0.03750765323638916,True,0.0,0.0,0.0,-0.0,0.0,-0.0
22.659906,"[110.37664794921875, 4.5, 0.0]","[127.18840026855469, 4.5, 0.0]",5.492016792297844,5.8539533615112305,5.8535631397768855,-0.3636360168399744,0.06675384938716888,16.802421569821835,0.34930324554406855,-0.033593177800606,12.302421569821835,-0.3619365692133867,5.51475191116333,0.3479423522949219,16.784324645996094,True,0,5.862694263458252,5.8539533615112305,-0.17190933227539062,-0.20139734406972654,0.01798856596433654,0.01951908727205262,"StraightLane index=('>>>', '1S0_0_', 0)",True,60.266517639160156,0.0,-3.0517578143044024e-05,"StraightLane index=('>>', '>>>', 0)",True,0.0,True,False,-0.9098272919654846,0.03750765323638916,0.0,0.03750765323638916,True,0.0,0.0,0.0,-0.0,0.0,-0.0
22.680518,"[110.48663330078125, 4.5, 0.0]","[127.30607604980469, 4.5, 0.0]",5.484744071961135,5.846000671386719,5.85224510336034,-0.36363601683544466,0.02095188945531845,16.811752319330573,0.3619365692133867,0.6316661834659065,12.311752319330573,-0.36125659942558386,5.511037826538086,0.3479423522949219,16.784324645996094,True,0,5.858980178833008,5.846000671386719,-0.17190933227539062,-0.20139734406972654,0.01798856596433654,0.01951908727205262,"StraightLane index=('>>>', '1S0_0_', 0)",True,60.37664794921875,0.0,-4.5776367189121594e-05,"StraightLane index=('>>', '>>>', 0)",True,0.0,True,False,-0.9098272919654846,0.03750765323638916,0.0,0.03750765323638916,True,0.0,0.0,0.0,-0.0,0.0,-0.0
22.699351,"[110.59647369384766, 4.5, 0.0]","[127.41983032226562, 4.5, 0.0]",5.47747135162448,5.851423263549805,5.851038707777112,-0.3636360168327357,-0.026663364842534065,16.81944274901971,0.36125659942558386,-0.03399848939014127,12.31944274901971,-0.3739519119253245,5.5062785148620605,0.3479423522949219,16.784324645996094,True,0,5.854220867156982,5.851423263549805,0.0007152557373046875,-0.18123257571194823,0.061836167039512696,-0.024328513803123536,"StraightLane index=('>>>', '1S0_0_', 0)",True,60.48663330078125,0.0,-3.814697266608281e-05,"StraightLane index=('>>', '>>>', 0)",True,0.0,True,False,-0.9098272919654846,0.03750765323638916,0.0,0.03750765323638916,True,0.0,0.0,0.0,-0.0,0.0,-0.0
22.720041,"[110.70616912841797, 4.5, 0.0]","[127.53739166259766, 4.5, 0.0]",5.470198631287635,5.843686580657959,5.850035881456826,-0.36363601684223923,-0.07970841228961945,16.823356628416626,0.3739519119253245,0.6347656249870326,12.323356628416626,-0.3734879493703236,5.499938488006592,0.3479423522949219,16.784324645996094,True,0,5.847880840301514,5.843686580657959,0.0007152557373046875,-0.18123257571194823,0.061836167039512696,-0.02194069585406691,"StraightLane index=('>>>', '1S0_0_', 0)",True,60.596473693847656,0.0,-2.2888183620005236e-05,"StraightLane index=('>>', '>>>', 0)",True,0.0,True,False,-0.9098272919654846,0.039895471185445786,0.0,0.039895471185445786,True,0.0,0.0,0.0,-0.0,0.0,-0.0
22.739904,"[110.81571960449219, 4.5, 0.0]","[127.65434265136719, 4.5, 0.0]",5.462925910950789,5.849392890930176,5.849082781407889,-0.36363601684232805,-0.13410475850105286,16.831222534178345,0.3734879493703236,-0.023198127750045927,12.331222534178345,-0.38646697997938695,5.492408275604248,0.36125659942626953,16.819442749023438,True,0,5.853664875030518,5.849392890930176,0.0007152557373046875,-0.18123257571194823,0.061836167039512696,-0.02194069585406691,"StraightLane index=('>>>', '1S0_0_', 0)",True,60.70616912841797,0.0,-2.2888183620005236e-05,"StraightLane index=('>>', '>>>', 0)",True,0.0,True,False,-0.9098272919654846,0.039895471185445786,0.0,0.039895471185445786,True,0.0,0.0,0.0,-0.0,0.0,-0.0
22.760341,"[110.92512512207031, 4.5, 0.0]","[127.77364349365234, 4.5, 0.0]",5.455653190613802,5.845080852508545,5.848101375856343,-0.36363601684934466,-0.19003306329250336,16.83862304687127,0.38646697997938695,0.6489515304531679,12.33862304687127,-0.389427661894743,5.483616352081299,0.36125659942626953,16.819442749023438,True,0,5.844872951507568,5.845080852508545,0.0007152557373046875,-0.18123257571194823,0.061836167039512696,-0.02194069585406691,"StraightLane index=('>>>', '1S0_0_', 0)",True,60.81571960449219,0.0,-3.814697266608281e-05,"StraightLane index=('>>', '>>>', 0)",True,0.0,True,False,-0.9098272919654846,0.039895471185445786,0.0,0.039895471185445786,True,0.0,0.0,0.0,-0.0,0.0,-0.0
22.780381,"[111.03438568115234, 4.5, 0.0]","[127.89081573486328, 4.5, 0.0]",5.448380470276783,5.844119071960449,5.847139697776083,-0.3636360168509434,-0.23903487622737885,16.84851837157964,0.389427661894743,0.1480340957678017,12.34851837157964,-0.39573860168366615,5.474440097808838,0.36125659942626953,16.819442749023438,True,0,5.835696697235107,5.844119071960449,0.0007152557373046875,-0.18123257571194823,0.061836167039512696,-0.02194069585406691,"StraightLane index=('>>>', '1S0_0_', 0)",True,60.92512512207031,0.0,-3.0517578143044024e-05,"StraightLane index=('>>', '>>>', 0)",True,0.0,True,False,-0.9098272919654846,0.039895471185445786,0.0,0.039895471185445786,True,0.0,0.0,0.0,-0.0,0.0,-0.0
22.800057,"[111.14350128173828, 4.5, 0.0]","[128.0076904296875, 4.5, 0.0]",5.441107749939632,5.843160152435303,5.846194784005079,-0.3636360168575603,-0.2808631360530853,16.85643005371034,0.39573860168366615,0.3155469894461582,12.35643005371034,-0.40205240249567087,5.465096473693848,0.36125659942626953,16.819442749023438,True,0,5.826353073120117,5.843160152435303,-0.08263111114501953,-0.16600140703082908,0.09533265459135701,-0.05543718340591122,"StraightLane index=('>>>', '1S0_0_', 0)",True,61.034385681152344,0.0,-1.5258789046077574e-05,"StraightLane index=('>>', '>>>', 0)",True,0.0,True,False,-0.9098272919654846,0.039895471185445786,0.0,0.039895471185445786,True,0.0,0.0,0.0,-0.0,0.0,-0.0
22.819857,"[111.25247192382812, 4.5, 0.0]","[128.1221923828125, 4.5, 0.0]",5.44307041168262,5.842152118682861,5.845145533571857,0.09813308714941016,-0.31893661618232727,16.864189147947872,0.40205240249567087,0.3156900406002361,12.364189147947872,-0.39908170700024126,5.455327033996582,0.3957386016845703,16.856430053710938,True,0,5.851065635681152,5.842152118682861,-0.08263111114501953,-0.16600140703082908,0.09533265459135701,-0.03849072980478932,"StraightLane index=('>>>', '1S0_0_', 0)",True,61.14350128173828,0.0,-2.2888183620005236e-05,"StraightLane index=('>>', '>>>', 0)",True,0.0,True,False,-0.9848116040229797,0.05684192478656769,0.0,0.05684192478656769,True,0.0,0.0,0.035526202991604805,0.0,0.035526202991604805,0.0
22.840215,"[111.36129760742188, 4.5, 0.0]","[128.2420196533203, 4.5, 0.0]",5.4450330734256545,5.841065406799316,5.844066636633297,0.09813308715171942,-0.3474178612232208,16.869720458984375,0.39908170700024126,-0.14853477477148047,12.369720458984375,-0.39603233337366195,5.445826053619385,0.3957386016845703,16.856430053710938,True,0,5.841564655303955,5.841065406799316,-0.08263111114501953,-0.16600140703082908,0.09533265459135701,-0.03849072980478932,"StraightLane index=('>>>', '1S0_0_', 0)",True,61.252471923828125,0.0,0.0,"StraightLane index=('>>', '>>>', 0)",True,0.0,True,False,-0.9848116040229797,0.05684192478656769,0.0,0.05684192478656769,True,0.0,0.0,0.035526202991604805,0.0,0.035526202991604805,0.0
22.859965,"[111.47016143798828, 4.5, 0.0]","[128.3582305908203, 4.5, 0.0]",5.446995735168798,5.8400115966796875,5.843019580824004,0.09813308715718172,-0.34964558482170105,16.88072204589829,0.39603233337366195,-0.15246868132896552,12.380722045898288,-0.3930158615108894,5.43857479095459,0.3957386016845703,16.856430053710938,True,0,5.83431339263916,5.8400115966796875,-0.08263111114501953,-0.16600140703082908,0.09533265459135701,-0.03849072980478932,"StraightLane index=('>>>', '1S0_0_', 0)",True,61.361297607421875,0.0,-7.629394523038787e-06,"StraightLane index=('>>', '>>>', 0)",True,0.0,True,False,-0.9848116040229797,0.05684192478656769,0.0,0.05684192478656769,True,0.0,0.0,0.035526202991604805,0.0,0.035526202991604805,0.0
22.881226,"[111.57906341552734, 4.5, 0.0]","[128.475341796875, 4.5, 0.0]",5.448958396911915,5.838949203491211,5.84189324088269,0.09813308715584945,-0.32606062293052673,16.888069152831434,0.3930158615108894,-0.15082359313862703,12.388069152831434,-0.38999080657929586,5.4341535568237305,0.3957386016845703,16.856430053710938,True,0,5.829892158508301,5.838949203491211,-0.08263111114501953,-0.16600140703082908,0.09533265459135701,-0.03849072980478932,"StraightLane index=('>>>', '1S0_0_', 0)",True,61.47016143798828,0.0,-1.5258789046077574e-05,"StraightLane index=('>>', '>>>', 0)",True,0.0,True,False,-0.9848116040229797,0.05684192478656769,0.0,0.05684192478656769,True,0.0,0.0,0.035526202991604805,0.0,0.035526202991604805,0.0
22.900518,"[111.68800354003906, 4.5, 0.0]","[128.59185791015625, 4.5, 0.0]",5.45092105865504,5.837892532348633,5.8408575705372385,0.09813308715624913,-0.28486278653144836,16.89627838134706,0.38999080657929586,-0.15125274657967758,12.39627838134706,-0.38697147369359275,5.432125091552734,0.3957386016845703,16.856430053710938,True,0,5.827863693237305,5.837892532348633,-0.05267620086669922,-0.15124493335808065,0.10028652454275466,-0.043444599756186975,"StraightLane index=('>>>', '1S0_0_', 0)",True,61.579063415527344,0.0,-1.5258789046077574e-05,"StraightLane index=('>>', '>>>', 0)",True,0.0,True,False,-0.9848116040229797,0.05684192478656769,0.0,0.05684192478656769,True,0.0,0.0,0.035526202991604805,0.0,0.035526202991604805,0.0
22.920728,"[111.79698181152344, 4.5, 0.0]","[128.7090606689453, 4.5, 0.0]",5.454340934753582,5.836494445800781,5.839300758356421,0.17099380492711092,-0.2297869473695755,16.90385437011704,0.38697147369359275,-0.15096664428515538,12.403854370117038,-0.38215351104719897,5.432455539703369,0.38999080657958984,16.896278381347656,True,0,5.822446346282959,5.836494445800781,-0.05267620086669922,-0.15124493335808065,0.10028652454275466,-0.0012180765952525263,"StraightLane index=('>>>', '1S0_0_', 0)",True,61.68800354003906,0.0,-7.629394523038787e-06,"StraightLane index=('>>', '>>>', 0)",True,0.0,True,False,-0.9848116040229797,0.09906844794750214,0.0,0.09906844794750214,True,0.0,0.0,0.061917779967188835,0.0,0.061917779967188835,0.0
22.940276,"[111.90599822998047, 4.5, 0.0]","[128.82611083984375, 4.5, 0.0]",5.457760810852191,5.834949970245362,5.837795473728696,0.17099380493044158,-0.1728208214044571,16.912078857421726,0.38215351104719897,-0.24089813231968904,12.412078857421726,-0.3771891593931711,5.434126853942871,0.38999080657958984,16.896278381347656,True,0,5.824117660522461,5.834949970245362,-0.05267620086669922,-0.15124493335808065,0.10028652454275466,-0.0012180765952525263,"StraightLane index=('>>>', '1S0_0_', 0)",True,61.79698181152344,0.0,-7.629394523038787e-06,"StraightLane index=('>>', '>>>', 0)",True,0.0,True,False,-0.9848116040229797,0.09906844794750214,0.0,0.09906844794750214,True,0.0,0.0,0.061917779967188835,0.0,0.061917779967188835,0.0
22.959604,"[112.01508331298828, 4.5, 0.0]","[128.94210815429688, 4.5, 0.0]",5.461180686950802,5.833419799804688,5.836308749337087,0.1709938049305304,-0.11264511197805405,16.920112609863132,0.3771891593931711,-0.24821758270139327,12.420112609863132,-0.37223911285388667,5.437246322631836,0.38999080657958984,16.896278381347656,True,0,5.827237129211426,5.833419799804688,-0.05267620086669922,-0.15124493335808065,0.10028652454275466,-0.0012180765952525263,"StraightLane index=('>>>', '1S0_0_', 0)",True,61.90599822998047,0.0,-7.629394523038787e-06,"StraightLane index=('>>', '>>>', 0)",True,0.0,True,False,-0.9848116040229797,0.09906844794750214,0.0,0.09906844794750214,True,0.0,0.0,0.061917779967188835,0.0,0.061917779967188835,0.0
22.980635,"[112.12423706054688, 4.5, 0.0]","[129.05935668945312, 4.5, 0.0]",5.464600563049442,5.831873416900635,5.834691189854161,0.1709938049319959,-0.05069597437977791,16.927024841308594,0.37223911285388667,-0.2475023269642218,12.427024841308594,-0.3672728538511931,5.441795825958252,0.38999080657958984,16.896278381347656,True,0,5.831786632537842,5.831873416900635,-0.05267620086669922,-0.15124493335808065,0.10028652454275466,-0.0012180765952525263,"StraightLane index=('>>>', '1S0_0_', 0)",True,62.01508331298828,0.0,0.0,"StraightLane index=('>>', '>>>', 0)",True,0.0,True,False,-0.9848116040229797,0.09906844794750214,0.0,0.09906844794750214,True,0.0,0.0,0.061917779967188835,0.0,0.061917779967188835,0.0
23.000176,"[112.23345947265625, 4.5, 0.0]","[129.1756591796875, 4.5, 0.0]",5.468020439148092,5.830338954925537,5.833173751558806,0.1709938049325288,0.004857464227825403,16.935119628904896,0.3672728538511931,-0.24831295013467702,12.435119628904896,-0.3623185157774449,5.4468841552734375,0.38999080657958984,16.896278381347656,True,0,5.836874961853027,5.830338954925537,-0.07553577423095703,-0.13876419212035607,0.09674284313498313,0.0023256048125190054,"StraightLane index=('>>>', '1S0_0_', 0)",True,62.124237060546875,0.0,-2.2888183620005236e-05,"StraightLane index=('>>', '>>>', 0)",True,0.0,True,False,-0.9848116040229797,0.09906844794750214,0.0,0.09906844794750214,True,0.0,0.0,0.061917779967188835,0.0,0.061917779967188835,0.0
23.020673,"[112.3427505493164, 4.5, 0.0]","[129.2927703857422, 4.5, 0.0]",5.471999168396153,5.828136444091797,5.830631388114579,0.1989364624030543,0.07186123728752136,16.9421997070311,0.3623185157774449,-0.24771690368741162,12.4421997070311,-0.3561372756956436,5.454771041870117,0.36727285385131836,16.93511962890625,True,0,5.8220438957214355,5.828136444091797,-0.07553577423095703,-0.13876419212035607,0.09674284313498313,0.018520611481086663,"StraightLane index=('>>>', '1S0_0_', 0)",True,62.23345947265625,0.0,-7.629394523038787e-06,"StraightLane index=('>>', '>>>', 0)",True,0.0,True,False,-1.023281455039978,0.1152634546160698,0.0,0.1152634546160698,True,0.0,0.0,0.07203965913504362,0.0,0.07203965913504362,0.0
23.040368,"[112.45211029052734, 4.5, 0.0]","[129.4095001220703, 4.5, 0.0]",5.475977897644158,5.825652599334717,5.828189640873391,0.19893646240025653,0.09159892052412033,16.950019836425632,0.3561372756956436,-0.309062004090066,12.450019836425632,-0.34967470169055836,5.4575605392456055,0.36727285385131836,16.93511962890625,True,0,5.824833393096924,5.825652599334717,-0.07553577423095703,-0.13876419212035607,0.09674284313498313,0.018520611481086663,"StraightLane index=('>>>', '1S0_0_', 0)",True,62.342750549316406,0.0,-7.629394523038787e-06,"StraightLane index=('>>', '>>>', 0)",True,0.0,True,False,-1.023281455039978,0.1152634546160698,0.0,0.1152634546160698,True,0.0,0.0,0.07203965913504362,0.0,0.07203965913504362,0.0
23.059813,"[112.56155395507812, 4.5, 0.0]","[129.5253448486328, 4.5, 0.0]",5.479956626892167,5.823187351226807,5.825776868838282,0.19893646240043417,0.12688679993152618,16.95738983154297,0.34967470169055836,-0.32312870025426044,12.457389831542969,-0.3432307243346395,5.463245391845703,0.36727285385131836,16.93511962890625,True,0,5.8305182456970215,5.823187351226807,-0.07553577423095703,-0.13876419212035607,0.09674284313498313,0.018520611481086663,"StraightLane index=('>>>', '1S0_0_', 0)",True,62.452110290527344,0.0,0.0,"StraightLane index=('>>', '>>>', 0)",True,0.0,True,False,-1.023281455039978,0.1152634546160698,0.0,0.1152634546160698,True,0.0,0.0,0.07203965913504362,0.0,0.07203965913504362,0.0
23.080462,"[112.67107391357422, 4.5, 0.0]","[129.64231872558594, 4.5, 0.0]",5.483935356140213,5.820697784423828,5.823218372250488,0.19893646240229934,0.1565881222486496,16.96379089355454,0.3432307243346395,-0.322198867795942,12.463790893554538,-0.336762428283615,5.469047546386719,0.36727285385131836,16.93511962890625,True,0,5.836320400238037,5.820697784423828,-0.07553577423095703,-0.13876419212035607,0.09674284313498313,0.018520611481086663,"StraightLane index=('>>>', '1S0_0_', 0)",True,62.561553955078125,0.0,-7.629394523038787e-06,"StraightLane index=('>>', '>>>', 0)",True,0.0,True,False,-1.023281455039978,0.1152634546160698,0.0,0.1152634546160698,True,0.0,0.0,0.07203965913504362,0.0,0.07203965913504362,0.0
23.099946,"[112.78067016601562, 4.5, 0.0]","[129.75852966308594, 4.5, 0.0]",5.487914085388226,5.818224906921387,5.820801153449854,0.1989364624006562,0.1812416911125183,16.97124481201157,0.336762428283615,-0.3234148025512251,12.47124481201157,-0.3303108215331605,5.474864482879639,0.36727285385131836,16.93511962890625,True,0,5.842137336730957,5.818224906921387,-0.1211404800415039,-0.1291276897097731,0.08557434428678123,0.02968911032928856,"StraightLane index=('>>>', '1S0_0_', 0)",True,62.67107391357422,0.0,-7.629394523038787e-06,"StraightLane index=('>>', '>>>', 0)",True,0.0,True,False,-1.023281455039978,0.1152634546160698,0.0,0.1152634546160698,True,0.0,0.0,0.07203965913504362,0.0,0.07203965913504362,0.0
23.120341,"[112.89035034179688, 4.5, 0.0]","[129.87510681152344, 4.5, 0.0]",5.49192714691166,5.814820289611816,5.8169269130799925,0.20065307617169736,0.2000855654478073,16.977859497070312,0.3303108215331605,-0.3225803375227265,12.477859497070312,-0.32289314270015623,5.480560302734375,0.3367624282836914,16.97124481201172,True,0,5.817322731018066,5.814820289611816,-0.1211404800415039,-0.1291276897097731,0.08557434428678123,0.030684627106327134,"StraightLane index=('>>>', '1S0_0_', 0)",True,62.780670166015625,0.0,0.0,"StraightLane index=('>>', '>>>', 0)",True,0.0,True,False,-1.023281455039978,0.11625897139310837,0.0,0.11625897139310837,True,0.0,0.0,0.07266185712069273,0.0,0.07266185712069273,0.0
23.140674,"[113.00010681152344, 4.5, 0.0]","[129.99156188964844, 4.5, 0.0]",5.495940208435141,5.811012268066406,5.813065776018962,0.20065307617405104,0.21438422799110413,16.984756469726413,0.32289314270015623,-0.370883941650213,12.484756469726413,-0.31507205963126506,5.486108303070068,0.3367624282836914,16.97124481201172,True,0,5.82287073135376,5.811012268066406,-0.1211404800415039,-0.1291276897097731,0.08557434428678123,0.030684627106327134,"StraightLane index=('>>>', '1S0_0_', 0)",True,62.890350341796875,0.0,-7.629394523038787e-06,"StraightLane index=('>>', '>>>', 0)",True,0.0,True,False,-1.023281455039978,0.11625897139310837,0.0,0.11625897139310837,True,0.0,0.0,0.07266185712069273,0.0,0.07266185712069273,0.0
23.159783,"[113.10994720458984, 4.5, 0.0]","[130.1070556640625, 4.5, 0.0]",5.49995326995859,5.807236194610596,5.809433196039067,0.20065307617245232,0.2238609790802002,16.99145507812485,0.31507205963126506,-0.39105415344455885,12.49145507812485,-0.30728292465200546,5.491436004638672,0.3367624282836914,16.97124481201172,True,0,5.828198432922363,5.807236194610596,-0.1211404800415039,-0.1291276897097731,0.08557434428678123,0.030684627106327134,"StraightLane index=('>>>', '1S0_0_', 0)",True,63.00010681152344,0.0,-7.629394523038787e-06,"StraightLane index=('>>', '>>>', 0)",True,0.0,True,False,-1.023281455039978,0.11625897139310837,0.0,0.11625897139310837,True,0.0,0.0,0.07266185712069273,0.0,0.07266185712069273,0.0
23.180088,"[113.21986389160156, 4.5, 0.0]","[130.2207794189453, 4.5, 0.0]",5.503966331482045,5.806851387023926,5.8055756849422,0.20065307617271877,0.2300637662410736,16.997108459472056,0.30728292465200546,-0.38945674896297966,12.497108459472056,-0.30288505554188117,5.496567726135254,0.3367624282836914,16.97124481201172,True,0,5.833330154418945,5.806851387023926,-0.1211404800415039,-0.1291276897097731,0.08557434428678123,0.030684627106327134,"StraightLane index=('>>>', '1S0_0_', 0)",True,63.109947204589844,0.0,-1.5258789046077574e-05,"StraightLane index=('>>', '>>>', 0)",True,0.0,True,False,-1.023281455039978,0.11625897139310837,0.0,0.11625897139310837,True,0.0,0.0,0.07266185712069273,0.0,0.07266185712069273,0.0
23.201222,"[113.32986450195312, 4.5, 0.0]","[130.33999633789062, 4.5, 0.0]",5.507979393005503,5.7962870597839355,5.8014763164734875,0.20065307617294081,0.23283839225769043,17.000915527343597,0.30288505554188117,-0.21989345550621486,12.500915527343597,-0.2883076667784321,5.501471042633057,0.3367624282836914,16.97124481201172,True,0,5.838233470916748,5.7962870597839355,-0.21937847137451172,-0.12389316723690369,0.06350681616907719,0.05275215522403118,"StraightLane index=('>>>', '1S0_0_', 0)",True,63.21986389160156,0.0,-7.629394523038787e-06,"StraightLane index=('>>', '>>>', 0)",True,0.0,True,False,-1.023281455039978,0.11625897139310837,0.0,0.11625897139310837,True,0.0,0.0,0.07266185712069273,0.0,0.07266185712069273,0.0
23.21984,"[113.43994140625, 4.5, 0.0]","[130.45335388183594, 4.5, 0.0]",5.511675834655983,5.79809045791626,5.796333027775178,0.18482208252397214,0.2291269600391388,17.010131835936143,0.2883076667784321,-0.7288694381724525,12.510131835936143,-0.2864146232602769,5.505713939666748,0.3028850555419922,17.00091552734375,True,0,5.80859899520874,5.79809045791626,-0.21937847137451172,-0.12389316723690369,0.06350681616907719,0.04354518965834972,"StraightLane index=('>>>', '1S0_0_', 0)",True,63.329864501953125,0.0,-2.2888183620005236e-05,"StraightLane index=('>>', '>>>', 0)",True,0.0,True,False,-1.0593870878219604,0.10705200582742691,0.0,0.10705200582742691,True,0.0,0.0,0.06690750364214182,0.0,0.06690750364214182,0.0
23.240445,"[113.55010223388672, 4.5, 0.0]","[130.57188415527344, 4.5, 0.0]",5.515372276306402,5.785792350769043,5.790666447900801,0.18482208252095234,0.2256467640399933,17.01341247558458,0.2864146232602769,-0.0946521759077612,12.51341247558458,-0.27042007446264105,5.509882926940918,0.3028850555419922,17.00091552734375,True,0,5.81276798248291,5.785792350769043,-0.21937847137451172,-0.12389316723690369,0.06350681616907719,0.04354518965834972,"StraightLane index=('>>>', '1S0_0_', 0)",True,63.43994140625,0.0,-2.2888183620005236e-05,"StraightLane index=('>>', '>>>', 0)",True,0.0,True,False,-1.0593870878219604,0.10705200582742691,0.0,0.10705200582742691,True,0.0,0.0,0.06690750364214182,0.0,0.06690750364214182,0.0
23.260031,"[113.66033935546875, 4.5, 0.0]","[130.68698120117188, 4.5, 0.0]",5.519068717956753,5.786990642547607,5.785278799152799,0.18482208251753285,0.2218174785375595,17.021781921386566,0.27042007446264105,-0.7997274398817922,12.521781921386566,-0.26792192459085484,5.513968467712402,0.3028850555419922,17.00091552734375,True,0,5.8168535232543945,5.786990642547607,-0.21937847137451172,-0.12389316723690369,0.06350681616907719,0.04354518965834972,"StraightLane index=('>>>', '1S0_0_', 0)",True,63.55010223388672,0.0,-7.629394523038787e-06,"StraightLane index=('>>', '>>>', 0)",True,0.0,True,False,-1.0593870878219604,0.10705200582742691,0.0,0.10705200582742691,True,0.0,0.0,0.06690750364214182,0.0,0.06690750364214182,0.0
23.284021,"[113.77064514160156, 4.5, 0.0]","[130.80445861816406, 4.5, 0.0]",5.522765159607069,5.774742603302003,5.778684065953782,0.1848220825158009,0.21869920194149017,17.026641845703125,0.26792192459085484,-0.12490749358931019,12.526641845703125,-0.25197744369493424,5.518030166625977,0.3028850555419922,17.00091552734375,True,0,5.820915222167969,5.774742603302003,-0.21937847137451172,-0.12389316723690369,0.06350681616907719,0.04354518965834972,"StraightLane index=('>>>', '1S0_0_', 0)",True,63.66033935546875,0.0,0.0,"StraightLane index=('>>', '>>>', 0)",True,0.0,True,False,-1.0593870878219604,0.10705200582742691,0.0,0.10705200582742691,True,0.0,0.0,0.06690750364214182,0.0,0.06690750364214182,0.0
23.299591,"[113.88102722167969, 4.5, 0.0]","[130.91880798339844, 4.5, 0.0]",5.526461601257422,5.775976181030273,5.774399554130721,0.18482208251766608,0.21554893255233765,17.0338134765625,0.25197744369493424,-0.7972240447960299,12.5338134765625,-0.24951457977285152,5.522050857543945,0.3028850555419922,17.00091552734375,True,0,5.8249359130859375,5.775976181030273,-0.2031087875366211,-0.11861265807699506,0.04357181877535843,0.06348018705206848,"StraightLane index=('>>>', '1S0_0_', 0)",True,63.77064514160156,0.0,0.0,"StraightLane index=('>>', '>>>', 0)",True,0.0,True,False,-1.0593870878219604,0.10705200582742691,0.0,0.10705200582742691,True,0.0,0.0,0.06690750364214182,0.0,0.06690750364214182,0.0
23.319823,"[113.99148559570312, 4.5, 0.0]","[131.03147888183594, 4.5, 0.0]",5.529618263244675,5.762563705444336,5.766811185290898,0.15783309936265866,0.2086840569972992,17.03778076171875,0.24951457977285152,-0.12314319610413627,12.53778076171875,-0.23294544219966085,5.525598526000977,0.25197744369506836,17.0338134765625,True,0,5.777575969696045,5.762563705444336,-0.2031087875366211,-0.11861265807699506,0.04357181877535843,0.04786042481022812,"StraightLane index=('>>>', '1S0_0_', 0)",True,63.88102722167969,0.0,0.0,"StraightLane index=('>>', '>>>', 0)",True,0.0,True,False,-1.0593870878219604,0.09143224358558655,0.0,0.09143224358558655,True,0.0,0.0,0.05714515224099159,0.0,0.05714515224099159,0.0
23.339919,"[114.10201263427734, 4.5, 0.0]","[131.1473846435547, 4.5, 0.0]",5.532774925231959,5.761638164520264,5.759252762439521,0.15783309936421297,0.20177188515663147,17.039993286132812,0.23294544219966085,-0.8284568786595337,12.539993286132812,-0.22886323928830432,5.531033039093018,0.25197744369506836,17.0338134765625,True,0,5.783010482788086,5.761638164520264,-0.2031087875366211,-0.11861265807699506,0.04357181877535843,0.04786042481022812,"StraightLane index=('>>>', '1S0_0_', 0)",True,63.991485595703125,0.0,0.0,"StraightLane index=('>>', '>>>', 0)",True,0.0,True,False,-1.0593870878219604,0.09143224358558655,0.0,0.09143224358558655,True,0.0,0.0,0.05714515224099159,0.0,0.05714515224099159,0.0
23.359815,"[114.21260833740234, 4.5, 0.0]","[131.26402282714844, 4.5, 0.0]",5.5359315872192525,5.7473320960998535,5.751731250517222,0.15783309936465706,0.200979545712471,17.045372009277344,0.22886323928830432,-0.20411014556782625,12.545372009277344,-0.21140050888060102,5.532968044281006,0.25197744369506836,17.0338134765625,True,0,5.784945487976074,5.7473320960998535,-0.2031087875366211,-0.11861265807699506,0.04357181877535843,0.04786042481022812,"StraightLane index=('>>>', '1S0_0_', 0)",True,64.10201263427734,0.0,0.0,"StraightLane index=('>>', '>>>', 0)",True,0.0,True,False,-1.0593870878219604,0.09143224358558655,0.0,0.09143224358558655,True,0.0,0.0,0.05714515224099159,0.0,0.05714515224099159,0.0
23.380902,"[114.3232650756836, 4.5, 0.0]","[131.37942504882812, 4.5, 0.0]",5.539088249206558,5.746438980102539,5.743805535032973,0.15783309936527878,0.19494546949863434,17.051414489746094,0.21140050888060102,-0.8731365203851649,12.551414489746094,-0.207350730895981,5.536314487457275,0.25197744369506836,17.0338134765625,True,0,5.788291931152344,5.746438980102539,-0.2031087875366211,-0.11861265807699506,0.04357181877535843,0.04786042481022812,"StraightLane index=('>>>', '1S0_0_', 0)",True,64.21260833740234,0.0,0.0,"StraightLane index=('>>', '>>>', 0)",True,0.0,True,False,-1.0593870878219604,0.09143224358558655,0.0,0.09143224358558655,True,0.0,0.0,0.05714515224099159,0.0,0.05714515224099159,0.0
23.399811,"[114.4339828491211, 4.5, 0.0]","[131.49441528320312, 4.5, 0.0]",5.542244911193848,5.732240676879883,5.736666769723209,0.15783309936447942,0.1872876137495041,17.05615997314453,0.207350730895981,-0.20248889923100144,12.556159973144531,-0.18999576568603516,5.539360523223877,0.25197744369506836,17.0338134765625,True,0,5.791337966918945,5.732240676879883,-0.43735504150390625,-0.12205881872193228,0.0014384289739905742,0.08999381461159597,"StraightLane index=('>>>', '1S0_0_', 0)",True,64.3232650756836,0.0,0.0,"StraightLane index=('>>', '>>>', 0)",True,0.0,True,False,-1.0593870878219604,0.09143224358558655,0.0,0.09143224358558655,True,0.0,0.0,0.05714515224099159,0.0,0.05714515224099159,0.0
23.420127,"[114.54476165771484, 4.5, 0.0]","[131.60731506347656, 4.5, 0.0]",5.544211387634291,5.729936122894287,5.726718119043996,0.09832382202215051,0.17894402146339417,17.06043243408203,0.18999576568603516,-0.8677482604972919,12.560432434082031,-0.18572473525999644,5.542177200317383,0.2073507308959961,17.05615997314453,True,0,5.749527931213379,5.729936122894287,-0.43735504150390625,-0.12205881872193228,0.0014384289739905742,0.055550872022074566,"StraightLane index=('>>>', '1S0_0_', 0)",True,64.4339828491211,0.0,0.0,"StraightLane index=('>>', '>>>', 0)",True,0.0,True,False,-1.0869765281677246,0.05698930099606514,0.0,0.05698930099606514,True,0.0,0.0,0.03561831312254071,0.0,0.03561831312254071,0.0
23.440698,"[114.65560913085938, 4.5, 0.0]","[131.72369384765625, 4.5, 0.0]",5.546177864074776,5.713286399841309,5.716640204277553,0.09832382202428214,0.1706213802099228,17.062553405760358,0.18572473525999644,-0.21355152130193567,12.562553405760358,-0.16710853576653228,5.544828414916992,0.2073507308959961,17.05615997314453,True,0,5.752179145812988,5.713286399841309,-0.43735504150390625,-0.12205881872193228,0.0014384289739905742,0.055550872022074566,"StraightLane index=('>>>', '1S0_0_', 0)",True,64.54476165771484,0.0,2.2888183620005236e-05,"StraightLane index=('>>', '>>>', 0)",True,0.0,True,False,-1.0869765281677246,0.05698930099606514,0.0,0.05698930099606514,True,0.0,0.0,0.03561831312254071,0.0,0.03561831312254071,0.0
23.459689,"[114.76649475097656, 4.5, 0.0]","[131.83746337890625, 4.5, 0.0]",5.548144340515326,5.710193157196045,5.707328772000526,0.09832382202747958,0.16282035410404205,17.06808471679309,0.16710853576653228,-0.9308099746732079,12.568084716793091,-0.16204881668071902,5.547369956970215,0.2073507308959961,17.05615997314453,True,0,5.754720687866211,5.710193157196045,-0.43735504150390625,-0.12205881872193228,0.0014384289739905742,0.055550872022074566,"StraightLane index=('>>>', '1S0_0_', 0)",True,64.65560913085938,0.0,3.814697266608281e-05,"StraightLane index=('>>', '>>>', 0)",True,0.0,True,False,-1.0869765281677246,0.05698930099606514,0.0,0.05698930099606514,True,0.0,0.0,0.03561831312254071,0.0,0.03561831312254071,0.0
23.480542,"[114.8774185180664, 4.5, 0.0]","[131.9517822265625, 4.5, 0.0]",5.5501108169558675,5.69372034072876,5.697122529663518,0.0983238220270799,0.15586431324481964,17.070968627929084,0.16204881668071902,-0.2529859542906632,12.570968627929084,-0.14360952377289227,5.5498480796813965,0.2073507308959961,17.05615997314453,True,0,5.757198810577393,5.69372034072876,-0.43735504150390625,-0.12205881872193228,0.0014384289739905742,0.055550872022074566,"StraightLane index=('>>>', '1S0_0_', 0)",True,64.76649475097656,0.0,1.5258789046077574e-05,"StraightLane index=('>>', '>>>', 0)",True,0.0,True,False,-1.0869765281677246,0.05698930099606514,0.0,0.05698930099606514,True,0.0,0.0,0.03561831312254071,0.0,0.03561831312254071,0.0
23.500871,"[114.9883804321289, 4.5, 0.0]","[132.06573486328125, 4.5, 0.0]",5.552077293396384,5.690610885620117,5.687042214642418,0.09832382202583645,0.14532211422920227,17.07436370849473,0.14360952377289227,-0.9219646453913377,12.57436370849473,-0.13853359222373296,5.551815986633301,0.2073507308959961,17.05615997314453,True,0,5.759166717529297,5.690610885620117,-0.41629791259765625,-0.12442336379065702,-0.0343765288452306,0.09136582984129574,"StraightLane index=('>>>', '1S0_0_', 0)",True,64.8774185180664,0.0,2.2888183620005236e-05,"StraightLane index=('>>', '>>>', 0)",True,0.0,True,False,-1.0869765281677246,0.05698930099606514,0.0,0.05698930099606514,True,0.0,0.0,0.03561831312254071,0.0,0.03561831312254071,0.0
23.520529,"[115.09938049316406, 4.5, 0.0]","[132.17962646484375, 4.5, 0.0]",5.544804573059633,5.67241096496582,5.675013858933957,-0.3636360168375763,0.13360247015953064,17.07735443114992,0.13853359222373296,-0.25379657745796536,12.57735443114992,-0.1276063919061876,5.553416728973389,0.14360952377319336,17.074363708496094,True,0,5.697026252746582,5.67241096496582,-0.41629791259765625,-0.12442336379065702,-0.0343765288452306,0.06154932341078903,"StraightLane index=('>>>', '1S0_0_', 0)",True,64.9883804321289,0.0,3.0517578143044024e-05,"StraightLane index=('>>', '>>>', 0)",True,0.0,True,False,-1.0869765281677246,0.027172794565558434,0.0,0.027172794565558434,True,0.0,0.0,0.0,-0.0,0.0,-0.0
23.54004,"[115.21041870117188, 4.5, 0.0]","[132.29302978515625, 4.5, 0.0]",5.537531852722745,5.666808605194092,5.6630988872235415,-0.36363601684437086,0.12564322352409363,17.080245971678323,0.1276063919061876,-0.5463600158772675,12.580245971678323,-0.1292767524713465,5.555197238922119,0.14360952377319336,17.074363708496094,True,0,5.6988067626953125,5.666808605194092,-0.41629791259765625,-0.12442336379065702,-0.0343765288452306,0.06154932341078903,"StraightLane index=('>>>', '1S0_0_', 0)",True,65.09938049316406,0.0,2.2888183620005236e-05,"StraightLane index=('>>', '>>>', 0)",True,0.0,True,False,-1.0869765281677246,0.027172794565558434,0.0,0.027172794565558434,True,0.0,0.0,0.0,-0.0,0.0,-0.0
23.559771,"[115.3213119506836, 4.5, 0.0]","[132.40553283691406, 4.5, 0.0]",5.530259132385885,5.647970676422119,5.651012982095033,-0.3636360168429942,0.10240150988101959,17.082611083981952,0.1292767524713465,0.08351802825794508,12.582611083981952,-0.11771154403623374,5.55523157119751,0.14360952377319336,17.074363708496094,True,0,5.698841094970703,5.647970676422119,-0.41629791259765625,-0.12442336379065702,-0.0343765288452306,0.06154932341078903,"StraightLane index=('>>>', '1S0_0_', 0)",True,65.21041870117188,0.0,3.0517578143044024e-05,"StraightLane index=('>>', '>>>', 0)",True,0.0,True,False,-1.0869765281677246,0.027172794565558434,0.0,0.027172794565558434,True,0.0,0.0,0.0,-0.0,0.0,-0.0
23.580252,"[115.43206024169922, 4.5, 0.0]","[132.51882934570312, 4.5, 0.0]",5.522986412049015,5.642380714416504,5.638463920264646,-0.3636360168435271,0.058802179992198944,17.084220886229105,0.11771154403623374,-0.5782604217556386,12.584220886229105,-0.11939430236748905,5.552526950836182,0.14360952377319336,17.074363708496094,True,0,5.696136474609375,5.642380714416504,-0.41629791259765625,-0.12442336379065702,-0.0343765288452306,0.06154932341078903,"StraightLane index=('>>>', '1S0_0_', 0)",True,65.3213119506836,0.0,2.2888183620005236e-05,"StraightLane index=('>>', '>>>', 0)",True,0.0,True,False,-1.0869765281677246,0.027172794565558434,0.0,0.027172794565558434,True,0.0,0.0,0.0,-0.0,0.0,-0.0
23.60007,"[115.54266357421875, 4.5, 0.0]","[132.63172912597656, 4.5, 0.0]",5.515713691712032,5.623500347137452,5.626322768595257,-0.3636360168491226,0.0026799216866493225,17.086769104003753,0.11939430236748905,0.08413791656276537,12.586769104003753,-0.10778665542541965,5.547589302062988,0.14360952377319336,17.074363708496094,True,0,5.691198825836182,5.623500347137452,-0.6711053848266513,-0.13546971588052412,-0.06540838985400134,0.09258118441955977,"StraightLane index=('>>>', '1S0_0_', 0)",True,65.43206024169922,0.0,7.629394523038787e-06,"StraightLane index=('>>', '>>>', 0)",True,0.0,True,False,-1.0869765281677246,0.027172794565558434,0.0,0.027172794565558434,True,0.0,0.0,0.0,-0.0,0.0,-0.0
23.620192,"[115.65312194824219, 4.5, 0.0]","[132.74172973632812, 4.5, 0.0]",5.5084409713750615,5.616457939147949,5.6114480953147705,-0.3636360168485453,-0.06279952079057693,17.08906555175539,0.10778665542541965,-0.5803823471034697,12.58906555175539,-0.10801696777288772,5.540491580963135,0.11939430236816406,17.086769104003906,True,0,5.659885883331299,5.616457939147949,-0.6711053848266513,-0.13546971588052412,-0.06540838985400134,0.03686411662654811,"StraightLane index=('>>>', '1S0_0_', 0)",True,65.54266357421875,0.0,3.0517578143044024e-05,"StraightLane index=('>>', '>>>', 0)",True,0.0,True,False,-1.1113536357879639,-0.028544273227453232,0.0,-0.028544273227453232,True,0.0,0.0,0.0,-0.0,0.0,-0.0
23.640173,"[115.76343536376953, 4.5, 0.0]","[132.85372924804688, 4.5, 0.0]",5.501168251038102,5.594984531402588,5.596682324019855,-0.363636016847968,-0.12632595002651215,17.088607788085334,0.10801696777288772,0.01151561737340323,12.588607788085334,-0.09381628036448575,5.532268047332764,0.11939430236816406,17.086769104003906,True,0,5.651662349700928,5.594984531402588,-0.6711053848266513,-0.13546971588052412,-0.06540838985400134,0.03686411662654811,"StraightLane index=('>>>', '1S0_0_', 0)",True,65.65312194824219,0.0,1.5258789046077574e-05,"StraightLane index=('>>', '>>>', 0)",True,0.0,True,False,-1.1113536357879639,-0.028544273227453232,0.0,-0.028544273227453232,True,0.0,0.0,0.0,-0.0,0.0,-0.0
23.659546,"[115.87360382080078, 4.5, 0.0]","[132.96487426757812, 4.5, 0.0]",5.493895530701175,5.58695650100708,5.582373692206992,-0.36363601684636926,-0.18532516062259674,17.09029388427674,0.09381628036448575,-0.7100343704200984,12.59029388427674,-0.09306097030590532,5.523293495178223,0.11939430236816406,17.086769104003906,True,0,5.642687797546387,5.58695650100708,-0.6711053848266513,-0.13546971588052412,-0.06540838985400134,0.03686411662654811,"StraightLane index=('>>>', '1S0_0_', 0)",True,65.76343536376953,0.0,1.5258789046077574e-05,"StraightLane index=('>>', '>>>', 0)",True,0.0,True,False,-1.1113536357879639,-0.028544273227453232,0.0,-0.028544273227453232,True,0.0,0.0,0.0,-0.0,0.0,-0.0
23.680705,"[115.98362731933594, 4.5, 0.0]","[133.0773468017578, 4.5, 0.0]",5.486622810364153,5.568752765655518,5.566732650045987,-0.3636360168510766,-0.26373037695884705,17.091270446777344,0.09306097030590532,-0.037765502929021366,12.591270446777344,-0.08212995529136435,5.508699893951416,0.11939430236816406,17.086769104003906,True,0,5.62809419631958,5.568752765655518,-0.6711053848266513,-0.13546971588052412,-0.06540838985400134,0.03686411662654811,"StraightLane index=('>>>', '1S0_0_', 0)",True,65.87360382080078,0.0,0.0,"StraightLane index=('>>', '>>>', 0)",True,0.0,True,False,-1.1113536357879639,-0.028544273227453232,0.0,-0.028544273227453232,True,0.0,0.0,0.0,-0.0,0.0,-0.0
23.699418,"[116.093505859375, 4.5, 0.0]","[133.18861389160156, 4.5, 0.0]",5.47935009002717,5.554042339324951,5.552895775143243,-0.363636016849167,-0.28738418221473694,17.093719482421875,0.08212995529136435,-0.5465507507270484,12.593719482421875,-0.07469224929778129,5.503581523895264,0.11939430236816406,17.086769104003906,True,0,5.622975826263428,5.554042339324951,-0.6945800781250089,-0.146233047026847,-0.09768308498328916,0.06913881175583593,"StraightLane index=('>>>', '1S0_0_', 0)",True,65.98362731933594,0.0,0.0,"StraightLane index=('>>', '>>>', 0)",True,0.0,True,False,-1.1113536357879639,-0.028544273227453232,0.0,-0.028544273227453232,True,0.0,0.0,0.0,-0.0,0.0,-0.0
23.71982,"[116.20323944091797, 4.5, 0.0]","[133.29959106445312, 4.5, 0.0]",5.460967063904018,5.537517070770264,5.535314398879174,-0.919151306157584,-0.32412511110305786,17.09510803222641,0.07469224929778129,-0.3718852996791533,12.59510803222641,-0.07655000686624547,5.493827819824219,0.08212995529174805,17.093719482421875,True,0,5.575957775115967,5.537517070770264,-0.6945800781250089,-0.146233047026847,-0.09768308498328916,0.041175691265523354,"StraightLane index=('>>>', '1S0_0_', 0)",True,66.093505859375,0.0,7.629394523038787e-06,"StraightLane index=('>>', '>>>', 0)",True,0.0,True,False,-1.1113536357879639,-0.05650739371776581,0.0,-0.05650739371776581,True,0.0,0.0,0.0,0.05650739371776581,0.0,0.05650739371776581
23.742826,"[116.31282806396484, 4.5, 0.0]","[133.4145050048828, 4.5, 0.0]",5.4425840377809624,5.5194549560546875,5.515374089845212,-0.9191513061527878,-0.35134458541870117,17.096351623535003,0.07655000686624547,0.092887878423209,12.596351623535003,-0.07687091827372505,5.4843621253967285,0.08212995529174805,17.093719482421875,True,0,5.566492080688477,5.5194549560546875,-0.6945800781250089,-0.146233047026847,-0.09768308498328916,0.041175691265523354,"StraightLane index=('>>>', '1S0_0_', 0)",True,66.20323944091797,0.0,7.629394523038787e-06,"StraightLane index=('>>', '>>>', 0)",True,0.0,True,False,-1.1113536357879639,-0.05650739371776581,0.0,-0.05650739371776581,True,0.0,0.0,0.0,0.05650739371776581,0.0,0.05650739371776581
23.759852,"[116.42205047607422, 4.5, 0.0]","[133.5221710205078, 4.5, 0.0]",5.424201011657946,5.502530574798584,5.500624385655497,-0.9191513061508338,-0.3893105089664459,17.101676940917816,0.07687091827372505,0.016045570373979245,12.601676940917816,-0.07832956314063821,5.4732890129089355,0.08212995529174805,17.093719482421875,True,0,5.555418968200684,5.502530574798584,-0.6945800781250089,-0.146233047026847,-0.09768308498328916,0.041175691265523354,"StraightLane index=('>>>', '1S0_0_', 0)",True,66.31282806396484,0.0,7.629394523038787e-06,"StraightLane index=('>>', '>>>', 0)",True,0.0,True,False,-1.1113536357879639,-0.05650739371776581,0.0,-0.05650739371776581,True,0.0,0.0,0.0,0.05650739371776581,0.0,0.05650739371776581
23.783735,"[116.53089904785156, 4.5, 0.0]","[133.63253784179688, 4.5, 0.0]",5.405817985534908,5.4851813316345215,5.479954091434938,-0.9191513061518997,-0.45201021432876587,17.100120544431167,0.07832956314063821,0.07293224334565807,12.600120544431167,-0.07936334609961371,5.458723545074463,0.08212995529174805,17.093719482421875,True,0,5.540853500366211,5.4851813316345215,-0.6945800781250089,-0.146233047026847,-0.09768308498328916,0.041175691265523354,"StraightLane index=('>>>', '1S0_0_', 0)",True,66.42205047607422,0.0,3.0517578143044024e-05,"StraightLane index=('>>', '>>>', 0)",True,0.0,True,False,-1.1113536357879639,-0.05650739371776581,0.0,-0.05650739371776581,True,0.0,0.0,0.0,0.05650739371776581,0.0,0.05650739371776581
23.799393,"[116.6393814086914, 4.5, 0.0]","[133.74024963378906, 4.5, 0.0]",5.387434959411943,5.468250274658203,5.466387692228473,-0.9191513061482581,-0.5238414406776428,17.10163879394395,0.07936334609961371,0.05168914794877466,12.601638793943948,-0.08081531524626051,5.441864967346191,0.08212995529174805,17.093719482421875,True,0,5.5239949226379395,5.468250274658203,-0.8579206466674805,-0.1616369649575241,-0.10910701004745477,0.05259961632968896,"StraightLane index=('>>>', '1S0_0_', 0)",True,66.53089904785156,0.0,2.2888183620005236e-05,"StraightLane index=('>>', '>>>', 0)",True,0.0,True,False,-1.1113536357879639,-0.05650739371776581,0.0,-0.05650739371776581,True,0.0,0.0,0.0,0.05650739371776581,0.0,0.05650739371776581
23.820537,"[116.74749755859375, 4.5, 0.0]","[133.85060119628906, 4.5, 0.0]",5.353842735290904,5.449074745178223,5.445638532273012,-1.6796112060519341,-0.5985082983970642,17.10086822509523,0.08081531524626051,0.07259845733234016,12.60086822509523,-0.09523200988731872,5.423275470733643,0.07936334609985352,17.101638793945312,True,0,5.502638816833496,5.449074745178223,-0.8579206466674805,-0.1616369649575241,-0.10910701004745477,0.005847416799087457,"StraightLane index=('>>>', '1S0_0_', 0)",True,66.6393814086914,0.0,3.0517578143044024e-05,"StraightLane index=('>>', '>>>', 0)",True,0.0,True,False,-1.1329779624938965,-0.10325959324836731,0.0,-0.10325959324836731,True,0.0,0.0,0.0,0.10325959324836731,0.0,0.10325959324836731
23.840314,"[116.8552474975586, 4.5, 0.0]","[133.96046447753906, 4.5, 0.0]",5.320250511169778,5.4290947914123535,5.426153712417878,-1.6796112060562862,-0.7026107907295227,17.10310363769395,0.09523200988731872,0.7208347320529107,12.603103637693948,-0.10884428024257531,5.393345355987549,0.07936334609985352,17.101638793945312,True,0,5.472708702087402,5.4290947914123535,-0.8579206466674805,-0.1616369649575241,-0.10910701004745477,0.005847416799087457,"StraightLane index=('>>>', '1S0_0_', 0)",True,66.74749755859375,0.0,2.2888183620005236e-05,"StraightLane index=('>>', '>>>', 0)",True,0.0,True,False,-1.1329779624938965,-0.10325959324836731,0.0,-0.10325959324836731,True,0.0,0.0,0.0,0.10325959324836731,0.0,0.10325959324836731
23.860129,"[116.96232604980469, 4.5, 0.0]","[134.06834411621094, 4.5, 0.0]",5.286658287048612,5.409477233886719,5.406630278606031,-1.679611206058329,-0.7699227929115295,17.105216979980316,0.10884428024257531,0.6806135177628292,12.605216979980316,-0.12281894683810712,5.379258155822754,0.07936334609985352,17.101638793945312,True,0,5.458621501922607,5.409477233886719,-0.8579206466674805,-0.1616369649575241,-0.10910701004745477,0.005847416799087457,"StraightLane index=('>>>', '1S0_0_', 0)",True,66.8552474975586,0.0,7.629394523038787e-06,"StraightLane index=('>>', '>>>', 0)",True,0.0,True,False,-1.1329779624938965,-0.10325959324836731,0.0,-0.10325959324836731,True,0.0,0.0,0.0,0.10325959324836731,0.0,0.10325959324836731
23.87992,"[117.06873321533203, 4.5, 0.0]","[134.1744384765625, 4.5, 0.0]",5.2530660629275365,5.390185356140138,5.38714452101573,-1.679611206053755,-0.8926835656166077,17.106018066405642,0.12281894683810712,0.6987333297765908,12.606018066405642,-0.13711929321260108,5.3505425453186035,0.07936334609985352,17.101638793945312,True,0,5.429905891418457,5.390185356140138,-0.8579206466674805,-0.1616369649575241,-0.10910701004745477,0.005847416799087457,"StraightLane index=('>>>', '1S0_0_', 0)",True,66.96232604980469,0.0,1.5258789046077574e-05,"StraightLane index=('>>', '>>>', 0)",True,0.0,True,False,-1.1329779624938965,-0.10325959324836731,0.0,-0.10325959324836731,True,0.0,0.0,0.0,0.10325959324836731,0.0,0.10325959324836731
23.899355,"[117.17446899414062, 4.5, 0.0]","[134.28213500976562, 4.5, 0.0]",5.219473838806524,5.370601177215576,5.367992608525824,-1.6796112060506463,-1.0803780555725098,17.105705261229105,0.13711929321260108,0.7150173187246978,12.605705261229105,-0.15112733840905257,5.302209377288818,0.07936334609985352,17.101638793945312,True,0,5.381572723388672,5.370601177215576,-0.9764909744262695,-0.17965045256669113,-0.08141768260080695,-0.02184191064756036,"StraightLane index=('>>>', '1S0_0_', 0)",True,67.06873321533203,0.0,2.2888183620005236e-05,"StraightLane index=('>>', '>>>', 0)",True,0.0,True,False,-1.1329779624938965,-0.10325959324836731,0.0,-0.10325959324836731,True,0.0,0.0,0.0,0.10325959324836731,0.0,0.10325959324836731
23.921151,"[117.27953338623047, 4.5, 0.0]","[134.39300537109375, 4.5, 0.0]",5.175107002258812,5.348677635192872,5.344279632741072,-2.2183418273855615,-1.1623977422714233,17.107666015624392,0.15112733840905257,0.7004022598225745,12.607666015624392,-0.1735706329340596,5.282801151275635,0.13711929321289062,17.10570526123047,True,0,5.419920444488525,5.348677635192872,-0.9764909744262695,-0.17965045256669113,-0.08141768260080695,-0.054962691830803156,"StraightLane index=('>>>', '1S0_0_', 0)",True,67.17446899414062,0.0,1.5258789046077574e-05,"StraightLane index=('>>', '>>>', 0)",True,0.0,True,False,-1.1329779624938965,-0.1363803744316101,0.0,-0.1363803744316101,True,0.0,0.0,0.0,0.1363803744316101,0.0,0.1363803744316101
23.940143,"[117.38392639160156, 4.5, 0.0]","[134.4984893798828, 4.5, 0.0]",5.130740165711073,5.327017784118652,5.323574534364114,-2.2183418273869826,-1.289381980895996,17.113471984861913,0.1735706329340596,1.122164726250352,12.613471984861913,-0.19627761840757962,5.245734214782715,0.13711929321289062,17.10570526123047,True,0,5.3828535079956055,5.327017784118652,-0.9764909744262695,-0.17965045256669113,-0.08141768260080695,-0.054962691830803156,"StraightLane index=('>>>', '1S0_0_', 0)",True,67.27953338623047,0.0,2.2888183620005236e-05,"StraightLane index=('>>', '>>>', 0)",True,0.0,True,False,-1.1329779624938965,-0.1363803744316101,0.0,-0.1363803744316101,True,0.0,0.0,0.0,0.1363803744316101,0.0,0.1363803744316101
23.95959,"[117.4874267578125, 4.5, 0.0]","[134.6042022705078, 4.5, 0.0]",5.086373329163323,5.3053083419799805,5.302336009003291,-2.218341827387471,-1.4213825464248657,17.11456298827882,0.19627761840757962,1.1353492736760007,12.61456298827882,-0.21893501281665717,5.205663204193115,0.13711929321289062,17.10570526123047,True,0,5.342782497406006,5.3053083419799805,-0.9764909744262695,-0.17965045256669113,-0.08141768260080695,-0.054962691830803156,"StraightLane index=('>>>', '1S0_0_', 0)",True,67.38392639160156,0.0,3.0517578143044024e-05,"StraightLane index=('>>', '>>>', 0)",True,0.0,True,False,-1.1329779624938965,-0.1363803744316101,0.0,-0.1363803744316101,True,0.0,0.0,0.0,0.1363803744316101,0.0,0.1363803744316101
23.98061,"[117.59004211425781, 4.5, 0.0]","[134.710693359375, 4.5, 0.0]",5.042006492615539,5.283440113067627,5.2794832803961,-2.218341827389203,-1.5644426345825195,17.116775512694705,0.21893501281665717,1.1328697204538773,12.616775512694705,-0.24143362045208772,5.16171932220459,0.13711929321289062,17.10570526123047,True,0,5.2988386154174805,5.283440113067627,-0.9764909744262695,-0.17965045256669113,-0.08141768260080695,-0.054962691830803156,"StraightLane index=('>>>', '1S0_0_', 0)",True,67.4874267578125,0.0,1.5258789046077574e-05,"StraightLane index=('>>', '>>>', 0)",True,0.0,True,False,-1.1329779624938965,-0.1363803744316101,0.0,-0.1363803744316101,True,0.0,0.0,0.0,0.1363803744316101,0.0,0.1363803744316101
24.000388,"[117.6917724609375, 4.5, 0.0]","[134.81678771972656, 4.5, 0.0]",4.997639656067857,5.261655807495118,5.257795217602351,-2.218341827384096,-1.7066460847854614,17.120651245114757,0.24143362045208772,1.1249303817715273,12.620651245114757,-0.26401615142726076,5.114995956420898,0.13711929321289062,17.10570526123047,True,0,5.252115249633789,5.261655807495118,-1.089453697204581,-0.19981628671218235,-0.02820578828446285,-0.10817458614714726,"StraightLane index=('>>>', '1S0_0_', 0)",True,67.59004211425781,0.0,3.0517578143044024e-05,"StraightLane index=('>>', '>>>', 0)",True,0.0,True,False,-1.1329779624938965,-0.1363803744316101,0.0,-0.1363803744316101,True,0.0,0.0,0.0,0.1363803744316101,0.0,0.1363803744316101
24.020586,"[117.79261016845703, 4.5, 0.0]","[134.92213439941406, 4.5, 0.0]",4.954344749451873,5.23847770690918,5.233999639956875,-2.1647453307992226,-1.7545733451843262,17.125015258783595,0.26401615142726076,1.1291265487586521,12.625015258783595,-0.2841329574573068,5.092901706695557,0.13711929321289062,17.10570526123047,True,0,5.230020999908447,5.23847770690918,-1.089453697204581,-0.19981628671218235,-0.02820578828446285,-0.10487967118628605,"StraightLane index=('>>>', '1S0_0_', 0)",True,67.6917724609375,0.0,4.5776367189121594e-05,"StraightLane index=('>>', '>>>', 0)",True,0.0,True,False,-1.1329779624938965,-0.1330854594707489,0.0,-0.1330854594707489,True,0.0,0.0,0.0,0.1330854594707489,0.0,0.1330854594707489
24.040084,"[117.89256286621094, 4.5, 0.0]","[135.02606201171875, 4.5, 0.0]",4.9110498428358005,5.214931964874268,5.211053130584258,-2.164745330803619,-1.9578564167022705,17.129524230953237,0.2841329574573068,1.0058403015023032,12.629524230953237,-0.3038821220384671,5.0168280601501465,0.24143362045288086,17.120651245117188,True,0,5.258261680603027,5.214931964874268,-1.089453697204581,-0.19981628671218235,-0.02820578828446285,-0.10487967118628605,"StraightLane index=('>>>', '1S0_0_', 0)",True,67.79261016845703,0.0,3.814697266608281e-05,"StraightLane index=('>>', '>>>', 0)",True,0.0,True,False,-1.1493170261383057,-0.1330854594707489,0.0,-0.1330854594707489,True,0.0,0.0,0.0,0.1330854594707489,0.0,0.1330854594707489
24.05985,"[117.99165344238281, 4.5, 0.0]","[135.1295166015625, 4.5, 0.0]",4.867754936219543,5.191492080688477,5.187742786490139,-2.164745330812856,-2.0539066791534424,17.133499145502345,0.3038821220384671,0.9874582290580136,12.633499145502345,-0.3237371444689332,4.9672698974609375,0.24143362045288086,17.120651245117188,True,0,5.208703517913818,5.191492080688477,-1.089453697204581,-0.19981628671218235,-0.02820578828446285,-0.10487967118628605,"StraightLane index=('>>>', '1S0_0_', 0)",True,67.89256286621094,0.0,4.5776367189121594e-05,"StraightLane index=('>>', '>>>', 0)",True,0.0,True,False,-1.1493170261383057,-0.1330854594707489,0.0,-0.1330854594707489,True,0.0,0.0,0.0,0.1330854594707489,0.0,0.1330854594707489
24.079867,"[118.08987426757812, 4.5, 0.0]","[135.23171997070312, 4.5, 0.0]",4.8244600296031726,5.168335914611816,5.164178148692137,-2.1647453308185405,-2.129063367843628,17.13786315917589,0.3237371444689332,0.9927511215233054,12.63786315917589,-0.34387588500864386,4.9181132316589355,0.24143362045288086,17.120651245117188,True,0,5.159546852111816,5.168335914611816,-1.089453697204581,-0.19981628671218235,-0.02820578828446285,-0.10487967118628605,"StraightLane index=('>>>', '1S0_0_', 0)",True,67.99165344238281,0.0,3.814697266608281e-05,"StraightLane index=('>>', '>>>', 0)",True,0.0,True,False,-1.1493170261383057,-0.1330854594707489,0.0,-0.1330854594707489,True,0.0,0.0,0.0,0.1330854594707489,0.0,0.1330854594707489
24.10012,"[118.1872329711914, 4.5, 0.0]","[135.33741760253906, 4.5, 0.0]",4.781165122986879,5.147721767425537,5.14029699812562,-2.164745330814677,-2.1886961460113525,17.141845703122566,0.34387588500864386,1.0069370269855327,12.641845703122566,-0.3665566444386581,4.869160175323486,0.24143362045288086,17.120651245117188,True,0,5.110593795776367,5.147721767425537,-1.1393404006958097,-0.21971157206531744,0.018550246819810323,-0.15163570629055922,"StraightLane index=('>>>', '1S0_0_', 0)",True,68.08987426757812,0.0,3.0517578143044024e-05,"StraightLane index=('>>', '>>>', 0)",True,0.0,True,False,-1.1493170261383057,-0.1330854594707489,0.0,-0.1330854594707489,True,0.0,0.0,0.0,0.1330854594707489,0.0,0.1330854594707489
24.121603,"[118.28372192382812, 4.5, 0.0]","[135.44009399414062, 4.5, 0.0]",4.750191688538587,5.1166181564331055,5.113774356703275,-1.5486717224145963,-2.286172866821289,17.150184631345223,0.3665566444386581,1.134037971500712,12.650184631345223,-0.3664264678945184,4.814427852630615,0.3438758850097656,17.141845703125,True,0,5.158303737640381,5.1166181564331055,-1.1393404006958097,-0.21971157206531744,0.018550246819810323,-0.1137603147476477,"StraightLane index=('>>>', '1S0_0_', 0)",True,68.1872329711914,0.0,3.0517578143044024e-05,"StraightLane index=('>>', '>>>', 0)",True,0.0,True,False,-1.1493170261383057,-0.09521006792783737,0.0,-0.09521006792783737,True,0.0,0.0,0.0,0.09521006792783737,0.0,0.09521006792783737
24.140301,"[118.37934875488281, 4.5, 0.0]","[135.54188537597656, 4.5, 0.0]",4.719218254090315,5.098530292510986,5.090678405584535,-1.5486717224136193,-2.2899539470672607,17.1563720703087,0.3664264678945184,-0.006508827206985757,12.656372070308699,-0.3793120384206716,4.7684831619262695,0.3438758850097656,17.141845703125,True,0,5.112359046936035,5.098530292510986,-1.1393404006958097,-0.21971157206531744,0.018550246819810323,-0.1137603147476477,"StraightLane index=('>>>', '1S0_0_', 0)",True,68.28372192382812,0.0,3.814697266608281e-05,"StraightLane index=('>>', '>>>', 0)",True,0.0,True,False,-1.1493170261383057,-0.09521006792783737,0.0,-0.09521006792783737,True,0.0,0.0,0.0,0.09521006792783737,0.0,0.09521006792783737
24.159587,"[118.47434997558594, 4.5, 0.0]","[135.642822265625, 4.5, 0.0]",4.688244819642048,5.067319869995117,5.066858210949053,-1.5486717224133528,-2.2660815715789795,17.162536621091316,0.3793120384206716,0.6442785263076622,12.662536621091316,-0.37907505035306954,4.725389003753662,0.3438758850097656,17.141845703125,True,0,5.069264888763428,5.067319869995117,-1.1393404006958097,-0.21971157206531744,0.018550246819810323,-0.1137603147476477,"StraightLane index=('>>>', '1S0_0_', 0)",True,68.37934875488281,0.0,3.0517578143044024e-05,"StraightLane index=('>>', '>>>', 0)",True,0.0,True,False,-1.1493170261383057,-0.09521006792783737,0.0,-0.09521006792783737,True,0.0,0.0,0.0,0.09521006792783737,0.0,0.09521006792783737
24.180821,"[118.56873321533203, 4.5, 0.0]","[135.74468994140625, 4.5, 0.0]",4.65727138519366,5.049215316772461,5.04065276321728,-1.5486717224193924,-2.2046165466308594,17.168472290035258,0.37907505035306954,-0.011849403380104206,12.668472290035258,-0.39194393157880114,4.686923503875732,0.3438758850097656,17.141845703125,True,0,5.030799388885498,5.049215316772461,-1.1393404006958097,-0.21971157206531744,0.018550246819810323,-0.1137603147476477,"StraightLane index=('>>>', '1S0_0_', 0)",True,68.47434997558594,0.0,3.814697266608281e-05,"StraightLane index=('>>', '>>>', 0)",True,0.0,True,False,-1.1493170261383057,-0.09521006792783737,0.0,-0.09521006792783737,True,0.0,0.0,0.0,0.09521006792783737,0.0,0.09521006792783737
24.200097,"[118.6624984741211, 4.5, 0.0]","[135.8461151123047, 4.5, 0.0]",4.626297950745343,5.017885684967041,5.016824680482048,-1.5486717224158397,-2.120206594467163,17.17595672607178,0.39194393157880114,0.6434440612865799,12.675956726071782,-0.391587734221698,4.652225494384766,0.3438758850097656,17.141845703125,True,0,4.996101379394531,5.017885684967041,-1.298360824584961,-0.24318304371925933,0.011348983524844397,-0.10655905145268177,"StraightLane index=('>>>', '1S0_0_', 0)",True,68.56873321533203,0.0,3.0517578143044024e-05,"StraightLane index=('>>', '>>>', 0)",True,0.0,True,False,-1.1493170261383057,-0.09521006792783737,0.0,-0.09521006792783737,True,0.0,0.0,0.0,0.09521006792783737,0.0,0.09521006792783737
24.2209,"[118.75564575195312, 4.5, 0.0]","[135.9450225830078, 4.5, 0.0]",4.619025230408289,4.999754905700684,4.990647721185942,-0.36363601685271973,-2.0593724250793457,17.18361663818344,0.391587734221698,-0.01780986785515637,12.683616638183441,-0.380729675292395,4.637404918670654,0.39194393157958984,17.17595672607422,True,0,5.029348850250244,4.999754905700684,-1.298360824584961,-0.24318304371925933,0.011348983524844397,-0.049666231750056494,"StraightLane index=('>>>', '1S0_0_', 0)",True,68.6624984741211,0.0,7.629394523038787e-06,"StraightLane index=('>>', '>>>', 0)",True,0.0,True,False,-1.159182071685791,-0.0383172482252121,0.0,-0.0383172482252121,True,0.0,0.0,0.0,-0.0,0.0,-0.0
24.240494,"[118.84817504882812, 4.5, 0.0]","[136.04566955566406, 4.5, 0.0]",4.611752510071301,4.967511177062988,4.9659804741054945,-0.36363601684938907,-1.9315989017486572,17.18937683105408,0.380729675292395,-0.5429029464651514,12.68937683105408,-0.35575866699168746,4.59035062789917,0.39194393157958984,17.17595672607422,True,0,4.98229455947876,4.967511177062988,-1.298360824584961,-0.24318304371925933,0.011348983524844397,-0.049666231750056494,"StraightLane index=('>>>', '1S0_0_', 0)",True,68.75564575195312,0.0,1.5258789046077574e-05,"StraightLane index=('>>', '>>>', 0)",True,0.0,True,False,-1.159182071685791,-0.0383172482252121,0.0,-0.0383172482252121,True,0.0,0.0,0.0,-0.0,0.0,-0.0
24.259888,"[118.9405517578125, 4.5, 0.0]","[136.14402770996094, 4.5, 0.0]",4.604479789734324,4.949182510375977,4.941544812531514,-0.36363601684885616,-1.8037898540496826,17.19749450683533,0.35575866699168746,-1.2485504150353766,12.69749450683533,-0.34470272064165286,4.565701007843018,0.39194393157958984,17.17595672607422,True,0,4.957644939422607,4.949182510375977,-1.298360824584961,-0.24318304371925933,0.011348983524844397,-0.049666231750056494,"StraightLane index=('>>>', '1S0_0_', 0)",True,68.84817504882812,0.0,1.5258789046077574e-05,"StraightLane index=('>>', '>>>', 0)",True,0.0,True,False,-1.159182071685791,-0.0383172482252121,0.0,-0.0383172482252121,True,0.0,0.0,0.0,-0.0,0.0,-0.0
24.279996,"[119.03278350830078, 4.5, 0.0]","[136.2413330078125, 4.5, 0.0]",4.597207069397363,4.917786121368409,4.9162682560728985,-0.3636360168480568,-1.624861240386963,17.20347595214783,0.34470272064165286,-0.5527973175017298,12.70347595214783,-0.3205790519710465,4.54928731918335,0.39194393157958984,17.17595672607422,True,0,4.9412312507629395,4.917786121368409,-1.298360824584961,-0.24318304371925933,0.011348983524844397,-0.049666231750056494,"StraightLane index=('>>>', '1S0_0_', 0)",True,68.9405517578125,0.0,1.5258789046077574e-05,"StraightLane index=('>>', '>>>', 0)",True,0.0,True,False,-1.159182071685791,-0.0383172482252121,0.0,-0.0383172482252121,True,0.0,0.0,0.0,-0.0,0.0,-0.0
24.299943,"[119.12487030029297, 4.5, 0.0]","[136.3425750732422, 4.5, 0.0]",4.589934349060398,4.8987250328063965,4.891115231392452,-0.36363601684823443,-1.4198105335235596,17.208549499511108,0.3205790519710465,-1.2061834335303168,12.708549499511108,-0.3087906837459986,4.539326190948486,0.39194393157958984,17.17595672607422,True,0,4.931270122528076,4.8987250328063965,-1.1916065216064453,-0.26057096760355897,-0.05985702316865987,0.021539774943447776,"StraightLane index=('>>>', '1S0_0_', 0)",True,69.03278350830078,0.0,1.5258789046077574e-05,"StraightLane index=('>>', '>>>', 0)",True,0.0,True,False,-1.159182071685791,-0.0383172482252121,0.0,-0.0383172482252121,True,0.0,0.0,0.0,-0.0,0.0,-0.0
24.320181,"[119.21681213378906, 4.5, 0.0]","[136.43997192382812, 4.5, 0.0]",4.5826616287234465,4.867013931274414,4.865860793714412,-0.3636360168475683,-1.2094237804412842,17.217704772948608,0.3087906837459986,-0.5894184112523959,12.717704772948608,-0.28435230255096755,4.534099102020264,0.32057905197143555,17.20854949951172,True,0,4.854678153991699,4.867013931274414,-1.1916065216064453,-0.26057096760355897,-0.05985702316865987,0.06052932281636364,"StraightLane index=('>>>', '1S0_0_', 0)",True,69.12487030029297,0.0,1.5258789046077574e-05,"StraightLane index=('>>', '>>>', 0)",True,0.0,True,False,-1.159182071685791,0.0006722996477037668,0.0,0.0006722996477037668,True,0.0,0.0,0.0,-0.0,0.0,-0.0
24.340241,"[119.30860900878906, 4.5, 0.0]","[136.53640747070312, 4.5, 0.0]",4.575388908386513,4.848757266998291,4.8408544142656025,-0.3636360168466801,-1.011938214302063,17.22315979003845,0.28435230255096755,-1.2219190597515528,12.723159790038451,-0.2733683586117781,4.531674385070801,0.32057905197143555,17.20854949951172,True,0,4.852253437042236,4.848757266998291,-1.1916065216064453,-0.26057096760355897,-0.05985702316865987,0.06052932281636364,"StraightLane index=('>>>', '1S0_0_', 0)",True,69.21681213378906,0.0,1.5258789046077574e-05,"StraightLane index=('>>', '>>>', 0)",True,0.0,True,False,-1.159182071685791,0.0006722996477037668,0.0,0.0006722996477037668,True,0.0,0.0,0.0,-0.0,0.0,-0.0
24.360094,"[119.40026092529297, 4.5, 0.0]","[136.63253784179688, 4.5, 0.0]",4.568116188049528,4.817246437072754,4.816044373952783,-0.36363601684925584,-0.8310229182243347,17.22779846191345,0.2733683586117781,-0.5491971969594722,12.727798461913451,-0.2491302490232261,4.531363487243652,0.32057905197143555,17.20854949951172,True,0,4.851942539215088,4.817246437072754,-1.1916065216064453,-0.26057096760355897,-0.05985702316865987,0.06052932281636364,"StraightLane index=('>>>', '1S0_0_', 0)",True,69.30860900878906,0.0,1.5258789046077574e-05,"StraightLane index=('>>', '>>>', 0)",True,0.0,True,False,-1.159182071685791,0.0006722996477037668,0.0,0.0006722996477037668,True,0.0,0.0,0.0,-0.0,0.0,-0.0
24.38016,"[119.49176788330078, 4.5, 0.0]","[136.7271270751953, 4.5, 0.0]",4.56084346771258,4.799464702606201,4.791070680911652,-0.36363601684739066,-0.6736087799072266,17.232276916503753,0.2491302490232261,-1.2119054794275996,12.732276916503753,-0.2386212348936212,4.532118797302246,0.32057905197143555,17.20854949951172,True,0,4.852697849273682,4.799464702606201,-1.1916065216064453,-0.26057096760355897,-0.05985702316865987,0.06052932281636364,"StraightLane index=('>>>', '1S0_0_', 0)",True,69.40026092529297,0.0,7.629394523038787e-06,"StraightLane index=('>>', '>>>', 0)",True,0.0,True,False,-1.159182071685791,0.0006722996477037668,0.0,0.0006722996477037668,True,0.0,0.0,0.0,-0.0,0.0,-0.0
24.400024,"[119.5831298828125, 4.5, 0.0]","[136.82594299316406, 4.5, 0.0]",4.553570747375637,4.767256736755371,4.766277900425064,-0.3636360168471686,-0.5417323112487793,17.23535919189438,0.2386212348936212,-0.525450706480246,12.735359191894378,-0.2136859893797345,4.533192157745361,0.32057905197143555,17.20854949951172,True,0,4.853771209716797,4.767256736755371,-1.314682960510254,-0.280527774461062,-0.14163188136423455,0.1423041810119383,"StraightLane index=('>>>', '1S0_0_', 0)",True,69.49176788330078,0.0,7.629394523038787e-06,"StraightLane index=('>>', '>>>', 0)",True,0.0,True,False,-1.159182071685791,0.0006722996477037668,0.0,0.0006722996477037668,True,0.0,0.0,0.0,-0.0,0.0,-0.0
24.419702,"[119.67434692382812, 4.5, 0.0]","[136.9188690185547, 4.5, 0.0]",4.54629802703867,4.750114440917969,4.742632985904975,-0.36363601684832325,-0.39170894026756287,17.24281311035141,0.2136859893797345,-1.2467622756943353,12.74281311035141,-0.2038164138792986,4.534329414367676,0.23862123489379883,17.23535919189453,True,0,4.772950649261475,4.750114440917969,-1.314682960510254,-0.280527774461062,-0.14163188136423455,0.09544854111278878,"StraightLane index=('>>>', '1S0_0_', 0)",True,69.5831298828125,0.0,7.629394523038787e-06,"StraightLane index=('>>', '>>>', 0)",True,0.0,True,False,-1.1722655296325684,-0.04618334025144577,0.0,-0.04618334025144577,True,0.0,0.0,0.0,-0.0,0.0,-0.0
24.440573,"[119.76541900634766, 4.5, 0.0]","[137.01539611816406, 4.5, 0.0]",4.539025306701692,4.718814849853516,4.717599202598491,-0.36363601684890057,-0.36109864711761475,17.244522094726562,0.2038164138792986,-0.49347877502179394,12.744522094726562,-0.1797895431518235,4.533623695373535,0.23862123489379883,17.23535919189453,True,0,4.772244930267334,4.718814849853516,-1.314682960510254,-0.280527774461062,-0.14163188136423455,0.09544854111278878,"StraightLane index=('>>>', '1S0_0_', 0)",True,69.67434692382812,0.0,0.0,"StraightLane index=('>>', '>>>', 0)",True,0.0,True,False,-1.1722655296325684,-0.04618334025144577,0.0,-0.04618334025144577,True,0.0,0.0,0.0,-0.0,0.0,-0.0
24.460266,"[119.8563461303711, 4.5, 0.0]","[137.1089324951172, 4.5, 0.0]",4.531752586364747,4.701611518859863,4.69393326461605,-0.36363601684725744,-0.3062938153743744,17.249977111815795,0.1797895431518235,-1.2013435363737557,12.749977111815795,-0.1698589324951163,4.532468795776367,0.23862123489379883,17.23535919189453,True,0,4.771090030670166,4.701611518859863,-1.314682960510254,-0.280527774461062,-0.14163188136423455,0.09544854111278878,"StraightLane index=('>>>', '1S0_0_', 0)",True,69.76541900634766,0.0,-1.5258789046077574e-05,"StraightLane index=('>>', '>>>', 0)",True,0.0,True,False,-1.1722655296325684,-0.04618334025144577,0.0,-0.04618334025144577,True,0.0,0.0,0.0,-0.0,0.0,-0.0
24.480218,"[119.94712829589844, 4.5, 0.0]","[137.20074462890625, 4.5, 0.0]",4.524479866027833,4.6715168952941895,4.669971318530519,-0.3636360168457031,-0.270339697599411,17.252586364746094,0.1698589324951163,-0.49653053283535975,12.752586364746094,-0.14703702926635653,4.530359268188477,0.23862123489379883,17.23535919189453,True,0,4.768980503082275,4.6715168952941895,-1.314682960510254,-0.280527774461062,-0.14163188136423455,0.09544854111278878,"StraightLane index=('>>>', '1S0_0_', 0)",True,69.8563461303711,0.0,0.0,"StraightLane index=('>>', '>>>', 0)",True,0.0,True,False,-1.1722655296325684,-0.04618334025144577,0.0,-0.04618334025144577,True,0.0,0.0,0.0,-0.0,0.0,-0.0
24.500083,"[120.03776550292969, 4.5, 0.0]","[137.2949981689453, 4.5, 0.0]",4.517207145690926,4.654130458831787,4.646063448647375,-0.36363601684534785,-0.253838449716568,17.253616333007812,0.14703702926635653,-1.1410951614379883,12.753616333007812,-0.13692331314086115,4.526824951171875,0.23862123489379883,17.23535919189453,True,0,4.765446186065674,4.654130458831787,-1.1312627792358398,-0.29206919428821015,-0.2030690407466504,0.15688570049520462,"StraightLane index=('>>>', '1S0_0_', 0)",True,69.94712829589844,0.0,0.0,"StraightLane index=('>>', '>>>', 0)",True,0.0,True,False,-1.1722655296325684,-0.04618334025144577,0.0,-0.04618334025144577,True,0.0,0.0,0.0,-0.0,0.0,-0.0
24.519918,"[120.12825775146484, 4.5, 0.0]","[137.38787841796875, 4.5, 0.0]",4.482760429382329,4.624385833740234,4.623748538139672,-1.7223358154298651,-0.24754172563552856,17.257232666015472,0.13692331314086115,-0.5056858062747693,12.757232666015472,-0.14162540435790572,4.522470474243164,0.14703702926635742,17.253616333007812,True,0,4.6695075035095215,4.624385833740234,-1.1312627792358398,-0.29206919428821015,-0.2030690407466504,0.09718167987581222,"StraightLane index=('>>>', '1S0_0_', 0)",True,70.03776550292969,0.0,7.629394523038787e-06,"StraightLane index=('>>', '>>>', 0)",True,0.0,True,False,-1.1722655296325684,-0.10588736087083817,0.0,-0.10588736087083817,True,0.0,0.0,0.0,0.10588736087083817,0.0,0.10588736087083817
24.540331,"[120.2186050415039, 4.5, 0.0]","[137.4820098876953, 4.5, 0.0]",4.448313713073735,4.6079792976379395,4.600783334896597,-1.7223358154296875,-0.24959780275821686,17.259620666503906,0.14162540435790572,0.23510456085222842,12.759620666503906,-0.15966558456420454,4.517345905303955,0.14703702926635742,17.253616333007812,True,0,4.6643829345703125,4.6079792976379395,-1.1312627792358398,-0.29206919428821015,-0.2030690407466504,0.09718167987581222,"StraightLane index=('>>>', '1S0_0_', 0)",True,70.12825775146484,0.0,0.0,"StraightLane index=('>>', '>>>', 0)",True,0.0,True,False,-1.1722655296325684,-0.10588736087083817,0.0,-0.10588736087083817,True,0.0,0.0,0.0,0.10588736087083817,0.0,0.10588736087083817
24.559796,"[120.30825805664062, 4.5, 0.0]","[137.57325744628906, 4.5, 0.0]",4.41386699676514,4.5789475440979,4.578877838874953,-1.722335815429732,-0.30282336473464966,17.263404846191406,0.15966558456420454,0.9020090103149414,12.763404846191406,-0.16508054733276012,4.506759166717529,0.14703702926635742,17.253616333007812,True,0,4.653796195983887,4.5789475440979,-1.1312627792358398,-0.29206919428821015,-0.2030690407466504,0.09718167987581222,"StraightLane index=('>>>', '1S0_0_', 0)",True,70.2186050415039,0.0,0.0,"StraightLane index=('>>', '>>>', 0)",True,0.0,True,False,-1.1722655296325684,-0.10588736087083817,0.0,-0.10588736087083817,True,0.0,0.0,0.0,0.10588736087083817,0.0,0.10588736087083817
24.580182,"[120.39722442626953, 4.5, 0.0]","[137.6628875732422, 4.5, 0.0]",4.379420280456547,4.563645839691162,4.555954663378409,-1.722335815429643,-0.42869049310684204,17.264999389648438,0.16508054733276012,0.2707481384277788,12.764999389648438,-0.1842255592346147,4.487110614776611,0.14703702926635742,17.253616333007812,True,0,4.634147644042969,4.563645839691162,-1.1312627792358398,-0.29206919428821015,-0.2030690407466504,0.09718167987581222,"StraightLane index=('>>>', '1S0_0_', 0)",True,70.30825805664062,0.0,0.0,"StraightLane index=('>>', '>>>', 0)",True,0.0,True,False,-1.1722655296325684,-0.10588736087083817,0.0,-0.10588736087083817,True,0.0,0.0,0.0,0.10588736087083817,0.0,0.10588736087083817
24.60029,"[120.48550415039062, 4.5, 0.0]","[137.75457763671875, 4.5, 0.0]",4.344973564147952,4.537839412689209,4.533364533519746,-1.7223358154297763,-0.5977351665496826,17.265663146972656,0.1842255592346147,0.957250595092729,12.765663146972656,-0.1928658485412571,4.460141658782959,0.14703702926635742,17.253616333007812,True,0,4.607178688049316,4.537839412689209,-1.1629104614257812,-0.30356414100929147,-0.17820133945747435,0.07231397858663619,"StraightLane index=('>>>', '1S0_0_', 0)",True,70.39722442626953,0.0,0.0,"StraightLane index=('>>', '>>>', 0)",True,0.0,True,False,-1.1722655296325684,-0.10588736087083817,0.0,-0.10588736087083817,True,0.0,0.0,0.0,0.10588736087083817,0.0,0.10588736087083817
24.620658,"[120.57308959960938, 4.5, 0.0]","[137.84776306152344, 4.5, 0.0]",4.280247688293457,4.512711524963379,4.512509135103226,-3.2362937927247426,-0.7832571864128113,17.269073486328125,0.1928658485412571,0.43201446533212007,12.769073486328125,-0.23246383666992188,4.427957534790039,0.18422555923461914,17.265663146972656,True,0,4.612183094024658,4.512711524963379,-1.1629104614257812,-0.30356414100929147,-0.17820133945747435,-0.0207588604946512,"StraightLane index=('>>>', '1S0_0_', 0)",True,70.48550415039062,0.0,0.0,"StraightLane index=('>>', '>>>', 0)",True,0.0,True,False,-1.1722655296325684,-0.19896019995212555,0.0,-0.19896019995212555,True,0.0,0.0,0.0,0.19896019995212555,0.0,0.19896019995212555
24.640196,"[120.65998840332031, 4.5, 0.0]","[137.93746948242188, 4.5, 0.0]",4.215521812438965,4.4988837242126465,4.4924979468941695,-3.2362937927246094,-0.9737927913665771,17.274673461914062,0.23246383666992188,1.9798994064332387,12.774673461914062,-0.28336191177368164,4.3915181159973145,0.18422555923461914,17.265663146972656,True,0,4.575743675231934,4.4988837242126465,-1.1629104614257812,-0.30356414100929147,-0.17820133945747435,-0.0207588604946512,"StraightLane index=('>>>', '1S0_0_', 0)",True,70.57308959960938,0.0,0.0,"StraightLane index=('>>', '>>>', 0)",True,0.0,True,False,-1.1959805488586426,-0.19896019995212555,0.0,-0.19896019995212555,True,0.0,0.0,0.0,0.19896019995212555,0.0,0.19896019995212555
24.659792,"[120.74559020996094, 4.5, 0.0]","[138.02664184570312, 4.5, 0.0]",4.150795936584476,4.471848964691162,4.472423776513338,-3.2362937927244317,-1.2062627077102661,17.277481079101562,0.28336191177368164,2.5449037551879883,12.777481079101562,-0.3210530281066859,4.346874713897705,0.18422555923461914,17.265663146972656,True,0,4.531100273132324,4.471848964691162,-1.1629104614257812,-0.30356414100929147,-0.17820133945747435,-0.0207588604946512,"StraightLane index=('>>>', '1S0_0_', 0)",True,70.65998840332031,0.0,0.0,"StraightLane index=('>>', '>>>', 0)",True,0.0,True,False,-1.1959805488586426,-0.19896019995212555,0.0,-0.19896019995212555,True,0.0,0.0,0.0,0.19896019995212555,0.0,0.19896019995212555
24.680239,"[120.82990264892578, 4.5, 0.0]","[138.11651611328125, 4.5, 0.0]",4.086070060729991,4.457981109619141,4.4514957795798775,-3.236293792724254,-1.4931824207305908,17.281051635742188,0.3210530281066859,1.884555816650213,12.781051635742188,-0.3719110488891495,4.291550159454346,0.18422555923461914,17.265663146972656,True,0,4.475775718688965,4.457981109619141,-1.1629104614257812,-0.30356414100929147,-0.17820133945747435,-0.0207588604946512,"StraightLane index=('>>>', '1S0_0_', 0)",True,70.74559020996094,0.0,0.0,"StraightLane index=('>>', '>>>', 0)",True,0.0,True,False,-1.1959805488586426,-0.19896019995212555,0.0,-0.19896019995212555,True,0.0,0.0,0.0,0.19896019995212555,0.0,0.19896019995212555
24.699992,"[120.91291809082031, 4.5, 0.0]","[138.2057342529297, 4.5, 0.0]",4.021344184875497,4.430934906005859,4.431268663139833,-3.236293792724698,-1.805898666381836,17.28661346435547,0.3719110488891495,2.54290103912318,12.786613464355469,-0.4095907211303622,4.227639198303223,0.18422555923461914,17.265663146972656,True,0,4.411864757537842,4.430934906005859,-1.069045066833496,-0.3106243042475347,-0.04439033551279925,-0.1545698644393263,"StraightLane index=('>>>', '1S0_0_', 0)",True,70.82990264892578,0.0,0.0,"StraightLane index=('>>', '>>>', 0)",True,0.0,True,False,-1.1959805488586426,-0.19896019995212555,0.0,-0.19896019995212555,True,0.0,0.0,0.0,0.19896019995212555,0.0,0.19896019995212555
24.720131,"[120.99463653564453, 4.5, 0.0]","[138.29229736328125, 4.5, 0.0]",3.949826955795298,4.419074058532715,4.412961813111783,-3.5758614540099654,-2.11716628074646,17.292816162109375,0.4095907211303622,1.8839836120606357,12.792816162109375,-0.469247102737417,4.157580375671387,0.18422555923461914,17.265663146972656,True,0,4.341805934906006,4.419074058532715,-1.069045066833496,-0.3106243042475347,-0.04439033551279925,-0.17544442431862928,"StraightLane index=('>>>', '1S0_0_', 0)",True,70.91291809082031,0.0,0.0,"StraightLane index=('>>', '>>>', 0)",True,0.0,True,False,-1.1959805488586426,-0.21983475983142853,0.0,-0.21983475983142853,True,0.0,0.0,0.0,0.21983475983142853,0.0,0.21983475983142853
24.740137,"[121.07506561279297, 4.5, 0.0]","[138.38031005859375, 4.5, 0.0]",3.878309965133667,4.394166469573975,4.394780607761198,-3.575849533081543,-2.5069174766540527,17.29766082763672,0.469247102737417,2.982819080352739,12.797660827636719,-0.5158565044403076,4.049119472503662,0.37191104888916016,17.28661346435547,True,0,4.421030521392822,4.394166469573975,-1.069045066833496,-0.3106243042475347,-0.04439033551279925,-0.17544442431862928,"StraightLane index=('>>>', '1S0_0_', 0)",True,70.99463653564453,0.0,0.0,"StraightLane index=('>>', '>>>', 0)",True,0.0,True,False,-1.1959805488586426,-0.21983475983142853,0.0,-0.21983475983142853,True,0.0,0.0,0.0,0.21983475983142853,0.0,0.21983475983142853
24.759539,"[121.15406036376953, 4.5, 0.0]","[138.4696807861328, 4.5, 0.0]",3.8067929744720517,4.3823113441467285,4.377138999369135,-3.575849533080766,-2.671382188796997,17.30524444580063,0.5158565044403076,2.3304700851445315,12.805244445800628,-0.5755183696746768,4.0067973136901855,0.37191104888916016,17.28661346435547,True,0,4.378708362579346,4.3823113441467285,-1.069045066833496,-0.3106243042475347,-0.04439033551279925,-0.17544442431862928,"StraightLane index=('>>>', '1S0_0_', 0)",True,71.07506561279297,0.0,7.629394523038787e-06,"StraightLane index=('>>', '>>>', 0)",True,0.0,True,False,-1.1959805488586426,-0.21983475983142853,0.0,-0.21983475983142853,True,0.0,0.0,0.0,0.21983475983142853,0.0,0.21983475983142853
24.780596,"[121.23162841796875, 4.5, 0.0]","[138.5575714111328, 4.5, 0.0]",3.7352759838104355,4.357429027557373,4.35800378762997,-3.5758495330808104,-2.9189717769622803,17.31562042236313,0.5755183696746768,2.9830932617184613,12.815620422363128,-0.6221530437469376,3.926454782485962,0.37191104888916016,17.28661346435547,True,0,4.298365831375122,4.357429027557373,-1.069045066833496,-0.3106243042475347,-0.04439033551279925,-0.17544442431862928,"StraightLane index=('>>>', '1S0_0_', 0)",True,71.15406036376953,0.0,7.629394523038787e-06,"StraightLane index=('>>', '>>>', 0)",True,0.0,True,False,-1.1959805488586426,-0.21983475983142853,0.0,-0.21983475983142853,True,0.0,0.0,0.0,0.21983475983142853,0.0,0.21983475983142853
24.800191,"[121.3077621459961, 4.5, 0.0]","[138.64505004882812, 4.5, 0.0]",3.663758993148808,4.34596586227417,4.340263110467606,-3.5758495330813655,-3.137850046157837,17.325942993164062,0.6221530437469376,2.331733703613037,12.825942993164062,-0.6822068691253618,3.844306707382202,0.37191104888916016,17.28661346435547,True,0,4.216217756271362,4.34596586227417,-0.8496904373168945,-0.3093010391288725,0.13413342580261262,-0.35396818563404114,"StraightLane index=('>>>', '1S0_0_', 0)",True,71.23162841796875,0.0,0.0,"StraightLane index=('>>', '>>>', 0)",True,0.0,True,False,-1.1959805488586426,-0.21983475983142853,0.0,-0.21983475983142853,True,0.0,0.0,0.0,0.21983475983142853,0.0,0.21983475983142853
24.821154,"[121.3824691772461, 4.5, 0.0]","[138.73193359375, 4.5, 0.0]",3.6199538707733163,4.322790145874023,4.323784252110776,-2.1902561187745917,-3.3613133430480957,17.33728790283203,0.6822068691253618,3.0026912689212093,12.837287902832031,-0.7028362751007071,3.724280595779419,0.6221530437469482,17.325942993164062,True,0,4.346433639526367,4.322790145874023,-0.8496904373168945,-0.3093010391288725,0.13413342580261262,-0.26878371581497223,"StraightLane index=('>>>', '1S0_0_', 0)",True,71.3077621459961,0.0,0.0,"StraightLane index=('>>', '>>>', 0)",True,0.0,True,False,-1.2083466053009033,-0.13465029001235962,0.0,-0.13465029001235962,True,0.0,0.0,0.0,0.13465029001235962,0.0,0.13465029001235962
24.840227,"[121.45574188232422, 4.5, 0.0]","[138.81591796875, 4.5, 0.0]",3.576148748397828,4.314149856567383,4.308833589279465,-2.190256118774414,-3.4885094165802,17.349464416503906,0.7028362751007071,1.0314702987672675,12.849464416503906,-0.7380011081695548,3.6427090167999268,0.6221530437469482,17.325942993164062,True,0,4.264862060546875,4.314149856567383,-0.8496904373168945,-0.3093010391288725,0.13413342580261262,-0.26878371581497223,"StraightLane index=('>>>', '1S0_0_', 0)",True,71.3824691772461,0.0,0.0,"StraightLane index=('>>', '>>>', 0)",True,0.0,True,False,-1.2083466053009033,-0.13465029001235962,0.0,-0.13465029001235962,True,0.0,0.0,0.0,0.13465029001235962,0.0,0.13465029001235962
24.85975,"[121.52813720703125, 4.5, 0.0]","[138.90362548828125, 4.5, 0.0]",3.5323436260223393,4.291495323181152,4.293515946236811,-2.1902561187744363,-3.527111530303955,17.36017608642578,0.7380011081695548,1.7582416534423828,12.860176086425781,-0.759151697158813,3.6037745475769043,0.6221530437469482,17.325942993164062,True,0,4.2259275913238525,4.291495323181152,-0.8496904373168945,-0.3093010391288725,0.13413342580261262,-0.26878371581497223,"StraightLane index=('>>>', '1S0_0_', 0)",True,71.45574188232422,0.0,0.0,"StraightLane index=('>>', '>>>', 0)",True,0.0,True,False,-1.2083466053009033,-0.13465029001235962,0.0,-0.13465029001235962,True,0.0,0.0,0.0,0.13465029001235962,0.0,0.13465029001235962
24.879779,"[121.59966278076172, 4.5, 0.0]","[138.98773193359375, 4.5, 0.0]",3.4885385036468555,4.282832145690918,4.2778259353375985,-2.190256118774192,-3.4948573112487793,17.37548828125,0.759151697158813,1.0575294494629128,12.87548828125,-0.7942936420440625,3.5368759632110596,0.6221530437469482,17.325942993164062,True,0,4.159029006958008,4.282832145690918,-0.8496904373168945,-0.3093010391288725,0.13413342580261262,-0.26878371581497223,"StraightLane index=('>>>', '1S0_0_', 0)",True,71.52813720703125,0.0,0.0,"StraightLane index=('>>', '>>>', 0)",True,0.0,True,False,-1.2083466053009033,-0.13465029001235962,0.0,-0.13465029001235962,True,0.0,0.0,0.0,0.13465029001235962,0.0,0.13465029001235962
24.899901,"[121.6703109741211, 4.5, 0.0]","[139.07579040527344, 4.5, 0.0]",3.4447333812713885,4.260115146636964,4.262044616652558,-2.1902561187733482,-3.3904995918273926,17.38806915283203,0.7942936420440625,1.7570972442624733,12.888069152832031,-0.8153817653655753,3.4785587787628174,0.6221530437469482,17.325942993164062,True,0,4.100711822509766,4.260115146636964,-0.8585071563720614,-0.30841868568900743,0.22157946179861654,-0.35622975181097616,"StraightLane index=('>>>', '1S0_0_', 0)",True,71.59966278076172,0.0,0.0,"StraightLane index=('>>', '>>>', 0)",True,0.0,True,False,-1.2083466053009033,-0.13465029001235962,0.0,-0.13465029001235962,True,0.0,0.0,0.0,0.13465029001235962,0.0,0.13465029001235962
24.92003,"[121.74008178710938, 4.5, 0.0]","[139.16099548339844, 4.5, 0.0]",3.437460660934509,4.252839088439941,4.2488115902720995,-0.3636360168439712,-3.2420363426208496,17.405479431151726,0.8153817653655753,1.0544061660756388,12.905479431151726,-0.8153784275054323,3.427231788635254,0.7942936420440674,17.38806915283203,True,0,4.221525430679321,4.252839088439941,-0.8585071563720614,-0.30841868568900743,0.22157946179861654,-0.19154683637673486,"StraightLane index=('>>>', '1S0_0_', 0)",True,71.6703109741211,0.0,1.5258789046077574e-05,"StraightLane index=('>>', '>>>', 0)",True,0.0,True,False,-1.2083466053009033,0.030032625421881676,0.0,0.030032625421881676,True,0.0,0.0,0.0,-0.0,0.0,-0.0
24.940213,"[121.80897521972656, 4.5, 0.0]","[139.24337768554688, 4.5, 0.0]",3.430187940597596,4.23337459564209,4.235552353966992,-0.3636360168456587,-3.0751845836639404,17.42091369628659,0.8153784275054323,-0.0001668930071474506,12.92091369628659,-0.8031866550444939,3.3809173107147217,0.7942936420440674,17.38806915283203,True,0,4.175210952758789,4.23337459564209,-0.8585071563720614,-0.30841868568900743,0.22157946179861654,-0.19154683637673486,"StraightLane index=('>>>', '1S0_0_', 0)",True,71.74008178710938,0.0,3.0517578143044024e-05,"StraightLane index=('>>', '>>>', 0)",True,0.0,True,False,-1.2083466053009033,0.030032625421881676,0.0,0.030032625421881676,True,0.0,0.0,0.0,-0.0,0.0,-0.0
24.9598,"[121.87772369384766, 4.5, 0.0]","[139.32992553710938, 4.5, 0.0]",3.4229152202607143,4.2265944480896,4.222681441463046,-0.3636360168440822,-2.6936113834381104,17.434402465820156,0.8031866550444939,-0.6095886230469194,12.934402465820156,-0.8036792278288853,3.332040548324585,0.7942936420440674,17.38806915283203,True,0,4.126334190368652,4.2265944480896,-0.8585071563720614,-0.30841868568900743,0.22157946179861654,-0.19154683637673486,"StraightLane index=('>>>', '1S0_0_', 0)",True,71.80897521972656,0.0,7.629394523038787e-06,"StraightLane index=('>>', '>>>', 0)",True,0.0,True,False,-1.2083466053009033,0.030032625421881676,0.0,0.030032625421881676,True,0.0,0.0,0.0,-0.0,0.0,-0.0
24.982002,"[121.94632720947266, 4.5, 0.0]","[139.4134521484375, 4.5, 0.0]",3.4156424999238038,4.2069525718688965,4.208101843428518,-0.3636360168455255,-2.5301496982574463,17.4522018432611,0.8036792278288853,0.02462863921957048,12.9522018432611,-0.7913100719450927,3.322252035140991,0.7942936420440674,17.38806915283203,True,0,4.116545677185059,4.2069525718688965,-0.8585071563720614,-0.30841868568900743,0.22157946179861654,-0.19154683637673486,"StraightLane index=('>>>', '1S0_0_', 0)",True,71.87772369384766,0.0,1.5258789046077574e-05,"StraightLane index=('>>', '>>>', 0)",True,0.0,True,False,-1.2083466053009033,0.030032625421881676,0.0,0.030032625421881676,True,0.0,0.0,0.0,-0.0,0.0,-0.0
24.999371,"[122.01478576660156, 4.5, 0.0]","[139.49710083007812, 4.5, 0.0]",3.408369779586866,4.200623035430908,4.196687210181507,-0.36363601684687996,-2.173867702484131,17.467124938964844,0.7913100719450927,-0.6184577941896308,12.967124938964844,-0.792253255844042,3.3108208179473877,0.7942936420440674,17.38806915283203,True,0,4.105114459991455,4.200623035430908,-0.5949211120605558,-0.29839905604222616,0.21656556025640117,-0.1865329348345195,"StraightLane index=('>>>', '1S0_0_', 0)",True,71.94632720947266,0.0,0.0,"StraightLane index=('>>', '>>>', 0)",True,0.0,True,False,-1.2083466053009033,0.030032625421881676,0.0,0.030032625421881676,True,0.0,0.0,0.0,-0.0,0.0,-0.0
25.019698,"[122.08309936523438, 4.5, 0.0]","[139.5811004638672, 4.5, 0.0]",3.412788152694747,4.185788154602051,4.185788859445293,0.22091865539404232,-1.6282260417938232,17.482315063476562,0.792253255844042,0.0471591949474659,12.982315063476562,-0.7730000019073038,3.3083362579345703,0.7913100719451904,17.467124938964844,True,0,4.099646329879761,4.185788154602051,-0.5949211120605558,-0.29839905604222616,0.21656556025640117,-0.02795590058461772,"StraightLane index=('>>>', '1S0_0_', 0)",True,72.01478576660156,0.0,0.0,"StraightLane index=('>>', '>>>', 0)",True,0.0,True,False,-1.2083466053009033,0.18860965967178345,0.0,0.18860965967178345,True,0.0,0.0,0.08,0.0,0.08,0.0
25.039716,"[122.1512680053711, 4.5, 0.0]","[139.66436767578125, 4.5, 0.0]",3.4192988872528343,4.175142765045166,4.175136205785629,0.32553672790436305,-1.4623053073883057,17.498001098632812,0.7730000019073038,-0.9626626968369134,12.998001098632812,-0.7558438777923318,3.3094594478607178,0.7913100719451904,17.467124938964844,True,0,4.100769519805908,4.175142765045166,-0.5949211120605558,-0.29839905604222616,0.21656556025640117,-0.02795590058461772,"StraightLane index=('>>>', '1S0_0_', 0)",True,72.08309936523438,0.0,0.0,"StraightLane index=('>>', '>>>', 0)",True,0.0,True,False,-1.2191003561019897,0.18860965967178345,0.0,0.18860965967178345,True,0.0,0.0,0.11788103729486465,0.0,0.11788103729486465,0.0
25.059823,"[122.21952056884766, 4.5, 0.0]","[139.74949645996094, 4.5, 0.0]",3.425809621810943,4.1642608642578125,4.164388248518325,0.32553672790542887,-1.129265546798706,17.513099670410156,0.7558438777923318,-0.8578062057486013,13.013099670410156,-0.7384512424468697,3.316790819168091,0.7913100719451904,17.467124938964844,True,0,4.108100891113281,4.1642608642578125,-0.5949211120605558,-0.29839905604222616,0.21656556025640117,-0.02795590058461772,"StraightLane index=('>>>', '1S0_0_', 0)",True,72.1512680053711,0.0,0.0,"StraightLane index=('>>', '>>>', 0)",True,0.0,True,False,-1.2191003561019897,0.18860965967178345,0.0,0.18860965967178345,True,0.0,0.0,0.11788103729486465,0.0,0.11788103729486465,0.0
25.082124,"[122.28790283203125, 4.5, 0.0]","[139.83180236816406, 4.5, 0.0]",3.4323203563690647,4.153741359710693,4.152508686420665,0.325536727906095,-0.8071312308311462,17.52997589111328,0.7384512424468697,-0.8696317672731046,13.029975891113281,-0.7214210033416286,3.3296091556549072,0.7913100719451904,17.467124938964844,True,0,4.120919227600098,4.153741359710693,-0.5949211120605558,-0.29839905604222616,0.21656556025640117,-0.02795590058461772,"StraightLane index=('>>>', '1S0_0_', 0)",True,72.21952056884766,0.0,0.0,"StraightLane index=('>>', '>>>', 0)",True,0.0,True,False,-1.2191003561019897,0.18860965967178345,0.0,0.18860965967178345,True,0.0,0.0,0.11788103729486465,0.0,0.11788103729486465,0.0
25.09942,"[122.3564224243164, 4.5, 0.0]","[139.91436767578125, 4.5, 0.0]",3.4388310909272097,4.143186092376709,4.14328517472818,0.32553672790724963,-0.5123468041419983,17.543899536130322,0.7214210033416286,-0.851511955262052,13.043899536130322,-0.7043550014494993,3.3458809852600098,0.7913100719451904,17.467124938964844,True,0,4.1371910572052,4.143186092376709,-0.5743694305419922,-0.2886620805069733,0.16916867043520123,0.019440989236582218,"StraightLane index=('>>>', '1S0_0_', 0)",True,72.28790283203125,0.0,3.0517578143044024e-05,"StraightLane index=('>>', '>>>', 0)",True,0.0,True,False,-1.2191003561019897,0.18860965967178345,0.0,0.18860965967178345,True,0.0,0.0,0.11788103729486465,0.0,0.11788103729486465,0.0
25.119347,"[122.4250717163086, 4.5, 0.0]","[139.99725341796875, 4.5, 0.0]",3.446926832199209,4.134094715118408,4.134959280799114,0.4047870635999651,-0.13599102199077606,17.557945251462353,0.7043550014494993,-0.8533000946064684,13.057945251462353,-0.6871678829191992,3.3739242553710938,0.7913100719451904,17.467124938964844,True,0,4.165234327316284,4.134094715118408,-0.5743694305419922,-0.2886620805069733,0.16916867043520123,0.06534514878248066,"StraightLane index=('>>>', '1S0_0_', 0)",True,72.3564224243164,0.0,3.0517578143044024e-05,"StraightLane index=('>>', '>>>', 0)",True,0.0,True,False,-1.2191003561019897,0.23451381921768188,0.0,0.23451381921768188,True,0.0,0.0,0.14657113701105118,0.0,0.14657113701105118,0.0
25.14013,"[122.49385070800781, 4.5, 0.0]","[140.08087158203125, 4.5, 0.0]",3.4550225734711653,4.12567663192749,4.126347342724068,0.40478706359781125,-0.0281983595341444,17.572181701659535,0.6871678829191992,-0.8593559265150041,13.072181701659535,-0.670654058456325,3.3838722705841064,0.7214210033416748,17.543899536132812,True,0,4.105293273925781,4.12567663192749,-0.5743694305419922,-0.2886620805069733,0.16916867043520123,0.06534514878248066,"StraightLane index=('>>>', '1S0_0_', 0)",True,72.4250717163086,0.0,1.5258789046077574e-05,"StraightLane index=('>>', '>>>', 0)",True,0.0,True,False,-1.2191003561019897,0.23451381921768188,0.0,0.23451381921768188,True,0.0,0.0,0.14657113701105118,0.0,0.14657113701105118,0.0
25.159109,"[122.56278991699219, 4.5, 0.0]","[140.16177368164062, 4.5, 0.0]",3.463118314743137,4.117531776428223,4.1184660449483195,0.4047870635985884,0.2258145660161972,17.587020874023438,0.670654058456325,-0.8256912231437097,13.087020874023438,-0.6544134616850856,3.412395477294922,0.7214210033416748,17.543899536132812,True,0,4.133816480636597,4.117531776428223,-0.5743694305419922,-0.2886620805069733,0.16916867043520123,0.06534514878248066,"StraightLane index=('>>>', '1S0_0_', 0)",True,72.49385070800781,0.0,0.0,"StraightLane index=('>>', '>>>', 0)",True,0.0,True,False,-1.2191003561019897,0.23451381921768188,0.0,0.23451381921768188,True,0.0,0.0,0.14657113701105118,0.0,0.14657113701105118,0.0
25.180578,"[122.63188934326172, 4.5, 0.0]","[140.24655151367188, 4.5, 0.0]",3.4712140560150857,4.108996391296387,4.1095467284055776,0.40478706359743377,0.2974279522895813,17.598983764648438,0.6544134616850856,-0.8120298385619673,13.098983764648438,-0.637782335281301,3.422166109085083,0.7214210033416748,17.543899536132812,True,0,4.143587112426758,4.108996391296387,-0.5743694305419922,-0.2886620805069733,0.16916867043520123,0.06534514878248066,"StraightLane index=('>>>', '1S0_0_', 0)",True,72.56278991699219,0.0,0.0,"StraightLane index=('>>', '>>>', 0)",True,0.0,True,False,-1.2191003561019897,0.23451381921768188,0.0,0.23451381921768188,True,0.0,0.0,0.14657113701105118,0.0,0.14657113701105118,0.0
25.200587,"[122.7011489868164, 4.5, 0.0]","[140.32879638671875, 4.5, 0.0]",3.479309797287021,4.100717067718506,4.101305955727712,0.40478706359676764,0.4074799418449402,17.61466217041,0.637782335281301,-0.8315563201892306,13.11466217041,-0.6214072704314848,3.440213441848755,0.7214210033416748,17.543899536132812,True,0,4.16163444519043,4.100717067718506,-0.42469024658203125,-0.27466003108664705,0.12925469469381806,0.10525912452386382,"StraightLane index=('>>>', '1S0_0_', 0)",True,72.63188934326172,0.0,7.629394523038787e-06,"StraightLane index=('>>', '>>>', 0)",True,0.0,True,False,-1.2191003561019897,0.23451381921768188,0.0,0.23451381921768188,True,0.0,0.0,0.14657113701105118,0.0,0.14657113701105118,0.0
25.220468,"[122.77057647705078, 4.5, 0.0]","[140.4113311767578, 4.5, 0.0]",3.4870927333831867,4.093840599060059,4.095162670183647,0.38914680480828245,0.4862757623195648,17.627647399902344,0.6214072704314848,-0.8187532424908106,13.127647399902344,-0.6067478656768719,3.457021713256836,0.7214210033416748,17.543899536132812,True,0,4.178442716598511,4.093840599060059,-0.42469024658203125,-0.27466003108664705,0.12925469469381806,0.09621189940618041,"StraightLane index=('>>>', '1S0_0_', 0)",True,72.7011489868164,0.0,0.0,"StraightLane index=('>>', '>>>', 0)",True,0.0,True,False,-1.2191003561019897,0.22546659409999847,0.0,0.22546659409999847,True,0.0,0.0,0.14091662131249905,0.0,0.14091662131249905,0.0
25.2397,"[122.84016418457031, 4.5, 0.0]","[140.49098205566406, 4.5, 0.0]",3.494875669479372,4.087817192077637,4.089224754375096,0.38914680480925945,0.5380873680114746,17.64075469970703,0.6067478656768719,-0.7329702377306457,13.140754699707031,-0.5929415225982648,3.4724347591400146,0.6377823352813721,17.614662170410156,True,0,4.110217094421387,4.087817192077637,-0.42469024658203125,-0.27466003108664705,0.12925469469381806,0.09621189940618041,"StraightLane index=('>>>', '1S0_0_', 0)",True,72.77057647705078,0.0,0.0,"StraightLane index=('>>', '>>>', 0)",True,0.0,True,False,-1.2781044244766235,0.22546659409999847,0.0,0.22546659409999847,True,0.0,0.0,0.14091662131249905,0.0,0.14091662131249905,0.0
25.259599,"[122.90990447998047, 4.5, 0.0]","[140.5742950439453, 4.5, 0.0]",3.502658605575569,4.081516265869141,4.083078994051332,0.38914680480985897,0.5629812479019165,17.650817871093594,0.5929415225982648,-0.6903171539303532,13.150817871093594,-0.5788576602935716,3.4859426021575928,0.6377823352813721,17.614662170410156,True,0,4.123724937438965,4.081516265869141,-0.42469024658203125,-0.27466003108664705,0.12925469469381806,0.09621189940618041,"StraightLane index=('>>>', '1S0_0_', 0)",True,72.84016418457031,0.0,7.629394523038787e-06,"StraightLane index=('>>', '>>>', 0)",True,0.0,True,False,-1.2781044244766235,0.22546659409999847,0.0,0.22546659409999847,True,0.0,0.0,0.14091662131249905,0.0,0.14091662131249905,0.0
25.280368,"[122.97980499267578, 4.5, 0.0]","[140.65625, 4.5, 0.0]",3.510441541671775,4.075318813323975,4.076662566408031,0.38914680481030306,0.5679776668548584,17.664390563963433,0.5788576602935716,-0.7041931152346637,13.164390563963433,-0.5648772716521995,3.4977290630340576,0.6377823352813721,17.614662170410156,True,0,4.13551139831543,4.075318813323975,-0.42469024658203125,-0.27466003108664705,0.12925469469381806,0.09621189940618041,"StraightLane index=('>>>', '1S0_0_', 0)",True,72.90990447998047,0.0,2.2888183620005236e-05,"StraightLane index=('>>', '>>>', 0)",True,0.0,True,False,-1.2781044244766235,0.22546659409999847,0.0,0.22546659409999847,True,0.0,0.0,0.14091662131249905,0.0,0.14091662131249905,0.0
25.299362,"[123.04985809326172, 4.5, 0.0]","[140.735595703125, 4.5, 0.0]",3.518224477768001,4.069319248199463,4.070782868369436,0.38914680481130226,0.5624289512634277,17.676445007324062,0.5648772716521995,-0.6990194320686038,13.176445007324062,-0.5510947704314617,3.5084521770477295,0.6377823352813721,17.614662170410156,True,0,4.146234512329102,4.069319248199463,-0.3139781951904297,-0.2581832648096474,0.10002833597080274,0.12543825812919573,"StraightLane index=('>>>', '1S0_0_', 0)",True,72.97980499267578,0.0,7.629394523038787e-06,"StraightLane index=('>>', '>>>', 0)",True,0.0,True,False,-1.2781044244766235,0.22546659409999847,0.0,0.22546659409999847,True,0.0,0.0,0.14091662131249905,0.0,0.14091662131249905,0.0
25.320513,"[123.12006378173828, 4.5, 0.0]","[140.8192596435547, 4.5, 0.0]",3.5247428417206725,4.064230918884277,4.066120792370115,0.3259181976335679,0.5497323274612427,17.68573760986328,0.5510947704314617,-0.6891250610368882,13.185737609863281,-0.5394880771636048,3.5182745456695557,0.6377823352813721,17.614662170410156,True,0,4.156056880950928,4.064230918884277,-0.3139781951904297,-0.2581832648096474,0.10002833597080274,0.08878315992935137,"StraightLane index=('>>>', '1S0_0_', 0)",True,73.04985809326172,0.0,0.0,"StraightLane index=('>>', '>>>', 0)",True,0.0,True,False,-1.2781044244766235,0.1888114959001541,0.0,0.1888114959001541,True,0.0,0.0,0.11800718493759632,0.0,0.11800718493759632,0.0
25.340554,"[123.1904296875, 4.5, 0.0]","[140.89968872070312, 4.5, 0.0]",3.5312612056733754,4.059912204742432,4.061752021142864,0.3259181976351444,0.5327345728874207,17.699195861814992,0.5394880771636048,-0.5803346633928452,13.199195861814992,-0.5286509990690562,3.527367353439331,0.5648772716522217,17.67644500732422,True,0,4.092244625091553,4.059912204742432,-0.3139781951904297,-0.2581832648096474,0.10002833597080274,0.08878315992935137,"StraightLane index=('>>>', '1S0_0_', 0)",True,73.12006378173828,0.0,2.2888183620005236e-05,"StraightLane index=('>>', '>>>', 0)",True,0.0,True,False,-1.2781044244766235,0.1888114959001541,0.0,0.1888114959001541,True,0.0,0.0,0.11800718493759632,0.0,0.11800718493759632,0.0
25.359443,"[123.26092529296875, 4.5, 0.0]","[140.98138427734375, 4.5, 0.0]",3.5377795696261267,4.055525302886963,4.057630170663178,0.3259181976375647,0.4918331801891327,17.709259033200613,0.5286509990690562,-0.5418539047274296,13.209259033200613,-0.5177457332608362,3.5386910438537598,0.5648772716522217,17.67644500732422,True,0,4.1035683155059814,4.055525302886963,-0.3139781951904297,-0.2581832648096474,0.10002833597080274,0.08878315992935137,"StraightLane index=('>>>', '1S0_0_', 0)",True,73.1904296875,0.0,3.0517578143044024e-05,"StraightLane index=('>>', '>>>', 0)",True,0.0,True,False,-1.2781044244766235,0.1888114959001541,0.0,0.1888114959001541,True,0.0,0.0,0.11800718493759632,0.0,0.11800718493759632,0.0
25.38043,"[123.33155059814453, 4.5, 0.0]","[141.062744140625, 4.5, 0.0]",3.544297933578856,4.051156520843506,4.053058121624577,0.32591819763645447,0.47833433747291565,17.720458984372485,0.5177457332608362,-0.5452632904110022,13.220458984372485,-0.50685858726465,3.5421931743621826,0.5648772716522217,17.67644500732422,True,0,4.107070446014404,4.051156520843506,-0.3139781951904297,-0.2581832648096474,0.10002833597080274,0.08878315992935137,"StraightLane index=('>>>', '1S0_0_', 0)",True,73.26092529296875,0.0,3.0517578143044024e-05,"StraightLane index=('>>', '>>>', 0)",True,0.0,True,False,-1.2781044244766235,0.1888114959001541,0.0,0.1888114959001541,True,0.0,0.0,0.11800718493759632,0.0,0.11800718493759632,0.0
25.400299,"[123.40230560302734, 4.5, 0.0]","[141.14418029785156, 4.5, 0.0]",3.5508162975315773,4.046783447265625,4.048751547026541,0.325918197636077,0.44896599650382996,17.731193542477953,0.50685858726465,-0.544357299809306,13.231193542477953,-0.49596714973404765,3.5484859943389893,0.5648772716522217,17.67644500732422,True,0,4.113363265991211,4.046783447265625,-0.2253580093383789,-0.2402524686555259,0.0821261786716051,0.10668531722854901,"StraightLane index=('>>>', '1S0_0_', 0)",True,73.33155059814453,0.0,3.0517578143044024e-05,"StraightLane index=('>>', '>>>', 0)",True,0.0,True,False,-1.2781044244766235,0.1888114959001541,0.0,0.1888114959001541,True,0.0,0.0,0.11800718493759632,0.0,0.11800718493759632,0.0
25.420556,"[123.47319030761719, 4.5, 0.0]","[141.22509765625, 4.5, 0.0]",3.556058645248878,4.043457508087158,4.0458349684319455,0.26211738586503497,0.421658456325531,17.7418746948228,0.49596714973404765,-0.54457187653012,13.241874694822801,-0.48739886283828016,3.554441452026367,-0.09233903884887695,12.239832878112793,False,-1,3.4621024131774902,4.043457508087158,-0.2253580093383789,-0.2402524686555259,0.0821261786716051,0.06973076529335309,"StraightLane index=('>>>', '1S0_0_', 0)",True,73.40230560302734,0.0,2.2888183620005236e-05,"StraightLane index=('>>', '>>>', 0)",True,0.0,True,False,-1.3089733123779297,0.1518569439649582,0.0,0.1518569439649582,True,0.0,0.0,0.09491058997809887,0.0,0.09491058997809887,0.0
25.440475,"[123.54420471191406, 4.5, 0.0]","[141.3061065673828, 4.5, 0.0]",3.5487859249119764,4.0439043045043945,4.042965534287598,-0.3636360168450814,0.39359229803085327,17.751907348632184,0.48739886283828016,-0.4284143447883748,13.251907348632184,-0.4951183795924181,3.5597646236419678,-0.09233903884887695,12.239832878112793,False,-1,3.467425584793091,4.0439043045043945,-0.2253580093383789,-0.2402524686555259,0.0821261786716051,-0.0821261786716051,"StraightLane index=('>>>', '1S0_0_', 0)",True,73.47319030761719,0.0,1.5258789046077574e-05,"StraightLane index=('>>', '>>>', 0)",True,0.0,True,False,-1.3089733123779297,0.0,0.0,0.0,True,0.0,0.0,0.0,-0.0,0.0,-0.0
25.459901,"[123.61532592773438, 4.5, 0.0]","[141.3863525390625, 4.5, 0.0]",3.541513204575055,4.034379005432129,4.040167365024425,-0.3636360168460806,0.3666960597038269,17.76190185546812,0.4951183795924181,0.3859758377068978,13.261901855468121,-0.4928658008570741,3.564652919769287,-0.09233903884887695,12.239832878112793,False,-1,3.47231388092041,4.034379005432129,-0.2253580093383789,-0.2402524686555259,0.0821261786716051,-0.0821261786716051,"StraightLane index=('>>>', '1S0_0_', 0)",True,73.54420471191406,0.0,1.5258789046077574e-05,"StraightLane index=('>>', '>>>', 0)",True,0.0,True,False,-1.3089733123779297,0.0,0.0,0.0,True,0.0,0.0,0.0,-0.0,0.0,-0.0
25.479741,"[123.6863021850586, 4.5, 0.0]","[141.46543884277344, 4.5, 0.0]",3.5342404842381274,4.038227558135986,4.0373118945607915,-0.36363601684636926,0.32383134961128235,17.771026611326707,0.4928658008570741,-0.11262893676720065,13.271026611326707,-0.5039870738978589,3.5673391819000244,-0.09233903884887695,12.239832878112793,False,-1,3.4750001430511475,4.038227558135986,-0.2253580093383789,-0.2402524686555259,0.0821261786716051,-0.0821261786716051,"StraightLane index=('>>>', '1S0_0_', 0)",True,73.61532592773438,0.0,2.2888183620005236e-05,"StraightLane index=('>>', '>>>', 0)",True,0.0,True,False,-1.3089733123779297,0.0,0.0,0.0,True,0.0,0.0,0.0,-0.0,0.0,-0.0
25.500075,"[123.75713348388672, 4.5, 0.0]","[141.54820251464844, 4.5, 0.0]",3.526967763901217,4.02861213684082,4.034389695110824,-0.3636360168455255,0.2520984411239624,17.779136657713426,0.5039870738978589,0.5560636520392404,13.279136657713426,-0.5016443729396034,3.5660030841827393,-0.09233903884887695,12.239832878112793,False,-1,3.4736640453338623,4.02861213684082,-0.18171310424804688,-0.22258718043865497,0.10348166197208727,-0.10348166197208727,"StraightLane index=('>>>', '1S0_0_', 0)",True,73.6863021850586,0.0,2.2888183620005236e-05,"StraightLane index=('>>', '>>>', 0)",True,0.0,True,False,-1.3089733123779297,0.0,0.0,0.0,True,0.0,0.0,0.0,-0.0,0.0,-0.0
25.519633,"[123.82781982421875, 4.5, 0.0]","[141.62725830078125, 4.5, 0.0]",3.5196950435643766,4.0332255363464355,4.032687952751648,-0.3636360168420172,0.1603560447692871,17.791069030759193,0.5016443729396034,-0.11713504791277529,13.291069030759193,-0.513530492782059,3.5610172748565674,-0.09233903884887695,12.239832878112793,False,-1,3.4686782360076904,4.0332255363464355,-0.18171310424804688,-0.22258718043865497,0.10348166197208727,-0.10348166197208727,"StraightLane index=('>>>', '1S0_0_', 0)",True,73.75713348388672,0.0,3.0517578143044024e-05,"StraightLane index=('>>', '>>>', 0)",True,0.0,True,False,-1.3089733123779297,0.0,0.0,0.0,True,0.0,0.0,0.0,-0.0,0.0,-0.0
25.540114,"[123.89836120605469, 4.5, 0.0]","[141.7097625732422, 4.5, 0.0]",3.512422323227577,4.024778366088867,4.030906100359722,-0.3636360168399744,0.0646027997136116,17.79943847655682,0.513530492782059,0.5943059921227789,13.29943847655682,-0.5123560428612901,3.553720235824585,-0.09233903884887695,12.239832878112793,False,-1,3.461381196975708,4.024778366088867,-0.18171310424804688,-0.22258718043865497,0.10348166197208727,-0.10348166197208727,"StraightLane index=('>>>', '1S0_0_', 0)",True,73.82781982421875,0.0,4.5776367189121594e-05,"StraightLane index=('>>', '>>>', 0)",True,0.0,True,False,-1.3089733123779297,0.0,0.0,0.0,True,0.0,0.0,0.0,-0.0,0.0,-0.0
25.559724,"[123.96875762939453, 4.5, 0.0]","[141.7899169921875, 4.5, 0.0]",3.5051496028907536,4.029714107513428,4.029199497395579,-0.3636360168411734,-0.028894539922475815,17.811401367181816,0.5123560428612901,-0.058722496038443595,13.311401367181816,-0.5245645046226741,3.544773817062378,-0.09233903884887695,12.239832878112793,False,-1,3.452434778213501,4.029714107513428,-0.18171310424804688,-0.22258718043865497,0.10348166197208727,-0.10348166197208727,"StraightLane index=('>>>', '1S0_0_', 0)",True,73.89836120605469,0.0,4.5776367189121594e-05,"StraightLane index=('>>', '>>>', 0)",True,0.0,True,False,-1.3089733123779297,0.0,0.0,0.0,True,0.0,0.0,0.0,-0.0,0.0,-0.0
25.580823,"[124.03900909423828, 4.5, 0.0]","[141.8707275390625, 4.5, 0.0]",3.4978768825538835,4.021303176879883,4.027365022878314,-0.3636360168435049,-0.11898276209831238,17.821159362789018,0.5245645046226741,0.6104230880692008,13.321159362789018,-0.5234262943259993,3.534325122833252,-0.09233903884887695,12.239832878112793,False,-1,3.441986083984375,4.021303176879883,-0.18171310424804688,-0.22258718043865497,0.10348166197208727,-0.10348166197208727,"StraightLane index=('>>>', '1S0_0_', 0)",True,73.96875762939453,0.0,3.814697266608281e-05,"StraightLane index=('>>', '>>>', 0)",True,0.0,True,False,-1.3089733123779297,0.0,0.0,0.0,True,0.0,0.0,0.0,-0.0,0.0,-0.0
25.599249,"[124.10911560058594, 4.5, 0.0]","[141.94921875, 4.5, 0.0]",3.4906041622170823,4.026275157928467,4.02576145131971,-0.3636360168400632,-0.19655820727348328,17.83171844482169,0.5234262943259993,-0.05691051483374121,13.33171844482169,-0.5356709957113845,3.5234224796295166,-0.09233903884887695,12.239832878112793,False,-1,3.4310834407806396,4.026275157928467,-0.023369789123535156,-0.2011464050141132,0.14703974219828678,-0.14703974219828678,"StraightLane index=('>>>', '1S0_0_', 0)",True,74.03900909423828,0.0,3.0517578143044024e-05,"StraightLane index=('>>', '>>>', 0)",True,0.0,True,False,-1.3089733123779297,0.0,0.0,0.0,True,0.0,0.0,0.0,-0.0,0.0,-0.0
25.620977,"[124.17906951904297, 4.5, 0.0]","[142.03213500976562, 4.5, 0.0]",3.4833314418804497,4.018418312072754,4.024775883532967,-0.3636360168316255,-0.2864522337913513,17.84010314940394,0.5356709957113845,0.6122350692692624,13.34010314940394,-0.5350868701923042,3.5071520805358887,0.5234262943267822,17.83171844482422,True,0,4.030578374862671,4.018418312072754,-0.023369789123535156,-0.2011464050141132,0.14703974219828678,-0.14703974219828678,"StraightLane index=('>>>', '1S0_0_', 0)",True,74.10911560058594,0.0,6.103515623519917e-05,"StraightLane index=('>>', '>>>', 0)",True,0.0,True,False,-1.3106968402862549,0.0,0.0,0.0,True,0.0,0.0,0.0,-0.0,0.0,-0.0
25.640021,"[124.2488784790039, 4.5, 0.0]","[142.11248779296875, 4.5, 0.0]",3.4877498149884665,4.024205684661865,4.023937259811931,0.22091865540083688,-0.31214678287506104,17.853065490709835,0.5350868701923042,-0.029206275954019034,13.353065490709835,-0.5364558696733988,3.5015921592712402,0.5234262943267822,17.83171844482422,True,0,4.0250184535980225,4.024205684661865,-0.023369789123535156,-0.2011464050141132,0.14703974219828678,0.19318735507458615,"StraightLane index=('>>>', '1S0_0_', 0)",True,74.17906951904297,0.0,6.866455075823796e-05,"StraightLane index=('>>', '>>>', 0)",True,0.0,True,False,-1.3106968402862549,0.3402270972728729,0.0,0.3402270972728729,True,0.0,0.0,0.08,0.0,0.08,0.0
25.659075,"[124.31854248046875, 4.5, 0.0]","[142.19024658203125, 4.5, 0.0]",3.49658751487858,4.016689300537109,4.023098453360167,0.4418849945056813,-0.3508661091327667,17.863609313957085,0.5364558696733988,0.06844997405472952,13.363609313957085,-0.5201017856585293,3.4911227226257324,0.5234262943267822,17.83171844482422,True,0,4.014549016952515,4.016689300537109,-0.023369789123535156,-0.2011464050141132,0.14703974219828678,0.19318735507458615,"StraightLane index=('>>>', '1S0_0_', 0)",True,74.2488784790039,0.0,5.340576171216038e-05,"StraightLane index=('>>', '>>>', 0)",True,0.0,True,False,-1.3106968402862549,0.3402270972728729,0.0,0.3402270972728729,True,0.0,0.0,0.16,0.0,0.16,0.0
25.680444,"[124.38829803466797, 4.5, 0.0]","[142.27313232421875, 4.5, 0.0]",3.508332967759581,4.022449016571045,4.022158806168381,0.587272644050052,-0.3497844338417053,17.871704101556794,0.5201017856585293,-0.8177042007434743,13.371704101556794,-0.5141160488114638,3.4804954528808594,0.5234262943267822,17.83171844482422,True,0,4.003921747207642,4.022449016571045,-0.023369789123535156,-0.2011464050141132,0.14703974219828678,0.19318735507458615,"StraightLane index=('>>>', '1S0_0_', 0)",True,74.31854248046875,0.0,4.5776367189121594e-05,"StraightLane index=('>>', '>>>', 0)",True,0.0,True,False,-1.3106968402862549,0.3402270972728729,0.0,0.3402270972728729,True,0.0,0.0,0.21264193579554558,0.0,0.21264193579554558,0.0
25.699982,"[124.4582290649414, 4.5, 0.0]","[142.35353088378906, 4.5, 0.0]",3.5200784206405533,4.014903545379639,4.021299684398988,0.5872726440486087,-0.29330357909202576,17.88483428954301,0.5141160488114638,-0.29928684235327463,13.384834289543011,-0.49482512473908535,3.4797022342681885,0.5234262943267822,17.83171844482422,True,0,4.003128528594971,4.014903545379639,-0.11371612548828125,-0.18501182890479173,0.13662450217561378,0.20360259509725914,"StraightLane index=('>>>', '1S0_0_', 0)",True,74.38829803466797,0.0,5.340576171216038e-05,"StraightLane index=('>>', '>>>', 0)",True,0.0,True,False,-1.3106968402862549,0.3402270972728729,0.0,0.3402270972728729,True,0.0,0.0,0.21264193579554558,0.0,0.21264193579554558,0.0
25.719715,"[124.52839660644531, 4.5, 0.0]","[142.4326629638672, 4.5, 0.0]",3.531823873521451,4.021123886108398,4.021043180995947,0.5872726440448783,-0.20169304311275482,17.895301818839883,0.49482512473908535,-0.9645462036189212,13.395301818839883,-0.48930001258694755,3.483921527862549,0.5234262943267822,17.83171844482422,True,0,4.007347822189331,4.021123886108398,-0.11371612548828125,-0.18501182890479173,0.13662450217561378,0.20360259509725914,"StraightLane index=('>>>', '1S0_0_', 0)",True,74.4582290649414,0.0,5.340576171216038e-05,"StraightLane index=('>>', '>>>', 0)",True,0.0,True,False,-1.3106968402862549,0.3402270972728729,0.0,0.3402270972728729,True,0.0,0.0,0.21264193579554558,0.0,0.21264193579554558,0.0
25.739616,"[124.59880065917969, 4.5, 0.0]","[142.51283264160156, 4.5, 0.0]",3.54328799247903,4.0141987800598145,4.020785086978203,0.573205947878952,-0.1427512764930725,17.904266357411714,0.48930001258694755,-0.27625560760689005,13.404266357411714,-0.47091078758078453,3.4880876541137695,0.5141160488128662,17.88483428955078,True,0,4.002203702926636,4.0141987800598145,-0.11371612548828125,-0.18501182890479173,0.13662450217561378,0.19547189570112572,"StraightLane index=('>>>', '1S0_0_', 0)",True,74.52839660644531,0.0,6.103515623519917e-05,"StraightLane index=('>>', '>>>', 0)",True,0.0,True,False,-1.3106968402862549,0.3320963978767395,0.0,0.3320963978767395,True,0.0,0.0,0.2075602486729622,0.0,0.2075602486729622,0.0
25.759367,"[124.66943359375, 4.5, 0.0]","[142.59474182128906, 4.5, 0.0]",3.554752111436732,4.020599842071533,4.020527538258238,0.5732059478851026,-0.026944933459162712,17.91403198241171,0.47091078758078453,-0.9194612503081512,13.41403198241171,-0.4658477306348012,3.497901439666748,0.5141160488128662,17.88483428955078,True,0,4.012017488479614,4.020599842071533,-0.11371612548828125,-0.18501182890479173,0.13662450217561378,0.19547189570112572,"StraightLane index=('>>>', '1S0_0_', 0)",True,74.59880065917969,0.0,6.103515623519917e-05,"StraightLane index=('>>', '>>>', 0)",True,0.0,True,False,-1.3106968402862549,0.3320963978767395,0.0,0.3320963978767395,True,0.0,0.0,0.2075602486729622,0.0,0.2075602486729622,0.0
25.781028,"[124.74030303955078, 4.5, 0.0]","[142.67538452148438, 4.5, 0.0]",3.56621623039449,4.013672828674316,4.02024651877894,0.5732059478879004,0.09548001736402512,17.92530822752619,0.4658477306348012,-0.2531528472991651,13.425308227526191,-0.4474565982798264,3.510746955871582,0.5141160488128662,17.88483428955078,True,0,4.024863004684448,4.013672828674316,-0.11371612548828125,-0.18501182890479173,0.13662450217561378,0.19547189570112572,"StraightLane index=('>>>', '1S0_0_', 0)",True,74.66943359375,0.0,6.866455075823796e-05,"StraightLane index=('>>', '>>>', 0)",True,0.0,True,False,-1.3106968402862549,0.3320963978767395,0.0,0.3320963978767395,True,0.0,0.0,0.2075602486729622,0.0,0.2075602486729622,0.0
25.802428,"[124.8114013671875, 4.5, 0.0]","[142.7537841796875, 4.5, 0.0]",3.577680349352158,4.02008581161499,4.02002841520796,0.5732059478833929,0.26397451758384705,17.935081481920715,0.4474565982798264,-0.9195566177487402,13.435081481920715,-0.4424054622628324,3.5330355167388916,0.5141160488128662,17.88483428955078,True,0,4.047151565551758,4.02008581161499,0.051822662353515625,-0.16469685283193952,0.12286669763890157,0.20922970023783793,"StraightLane index=('>>>', '1S0_0_', 0)",True,74.74030303955078,0.0,6.866455075823796e-05,"StraightLane index=('>>', '>>>', 0)",True,0.0,True,False,-1.3106968402862549,0.3320963978767395,0.0,0.3320963978767395,True,0.0,0.0,0.2075602486729622,0.0,0.2075602486729622,0.0
25.819866,"[124.88272857666016, 4.5, 0.0]","[142.83441162109375, 4.5, 0.0]",3.589144468309773,4.013495445251465,4.020238885043864,0.5732059478807505,0.36148685216903687,17.942382812487114,0.4424054622628324,-0.25255680084970145,13.442382812487114,-0.424350976941692,3.549102306365967,0.4658477306365967,17.925308227539062,True,0,4.0149500370025635,4.013495445251465,0.051822662353515625,-0.16469685283193952,0.12286669763890157,0.20922970023783793,"StraightLane index=('>>>', '1S0_0_', 0)",True,74.8114013671875,0.0,6.866455075823796e-05,"StraightLane index=('>>', '>>>', 0)",True,0.0,True,False,-1.3191951513290405,0.3320963978767395,0.0,0.3320963978767395,True,0.0,0.0,0.2075602486729622,0.0,0.2075602486729622,0.0
25.840883,"[124.95428466796875, 4.5, 0.0]","[142.91693115234375, 4.5, 0.0]",3.599436521532474,4.020407676696777,4.020490545660001,0.5146026611350552,0.40906697511672974,17.951683044420705,0.424350976941692,-0.90272426605702,13.451683044420705,-0.4209711551643034,3.557708501815796,0.4658477306365967,17.925308227539062,True,0,4.023556232452393,4.020407676696777,0.051822662353515625,-0.16469685283193952,0.12286669763890157,0.17527746406230083,"StraightLane index=('>>>', '1S0_0_', 0)",True,74.88272857666016,0.0,6.866455075823796e-05,"StraightLane index=('>>', '>>>', 0)",True,0.0,True,False,-1.3191951513290405,0.2981441617012024,0.0,0.2981441617012024,True,0.0,0.0,0.1863401010632515,0.0,0.1863401010632515,0.0
25.85911,"[125.02606964111328, 4.5, 0.0]","[142.9950408935547, 4.5, 0.0]",3.6097285747550725,4.013974666595459,4.020709898015927,0.5146026611299259,0.5065176486968994,17.9626464843672,0.4209711551643034,-0.16899108886943015,13.462646484367198,-0.4042460918403865,3.581260919570923,0.4658477306365967,17.925308227539062,True,0,4.0471086502075195,4.013974666595459,0.051822662353515625,-0.16469685283193952,0.12286669763890157,0.17527746406230083,"StraightLane index=('>>>', '1S0_0_', 0)",True,74.95428466796875,0.0,5.340576171216038e-05,"StraightLane index=('>>', '>>>', 0)",True,0.0,True,False,-1.3191951513290405,0.2981441617012024,0.0,0.2981441617012024,True,0.0,0.0,0.1863401010632515,0.0,0.1863401010632515,0.0
25.880496,"[125.09806060791016, 4.5, 0.0]","[143.07742309570312, 4.5, 0.0]",3.6200206279777367,4.0208868980407715,4.020966267443821,0.5146026611332122,0.5548871159553528,17.96897125243121,0.4042460918403865,-0.8362531661958439,13.46897125243121,-0.40086627006303477,3.596776247024536,0.4658477306365967,17.925308227539062,True,0,4.062623977661133,4.0208868980407715,0.051822662353515625,-0.16469685283193952,0.12286669763890157,0.17527746406230083,"StraightLane index=('>>>', '1S0_0_', 0)",True,75.02606964111328,0.0,6.103515623519917e-05,"StraightLane index=('>>', '>>>', 0)",True,0.0,True,False,-1.3191951513290405,0.2981441617012024,0.0,0.2981441617012024,True,0.0,0.0,0.1863401010632515,0.0,0.1863401010632515,0.0
25.900196,"[125.17025756835938, 4.5, 0.0]","[143.15768432617188, 4.5, 0.0]",3.630312681200349,4.01446008682251,4.021208604874654,0.5146026611306143,0.5891108512878418,17.979362487782765,0.40086627006303477,-0.16899108886758718,13.479362487782765,-0.38414740562216076,3.6117019653320312,0.4658477306365967,17.925308227539062,True,0,4.077549695968628,4.01446008682251,-0.05625724792480469,-0.15019617122611373,0.09949964242829079,0.1986445192729116,"StraightLane index=('>>>', '1S0_0_', 0)",True,75.09806060791016,0.0,6.103515623519917e-05,"StraightLane index=('>>', '>>>', 0)",True,0.0,True,False,-1.3191951513290405,0.2981441617012024,0.0,0.2981441617012024,True,0.0,0.0,0.1863401010632515,0.0,0.1863401010632515,0.0
25.919701,"[125.24266052246094, 4.5, 0.0]","[143.23634338378906, 4.5, 0.0]",3.6406047344228822,4.021750450134277,4.022006514116027,0.5146026611266619,0.6019575595855713,17.987426757799582,0.38414740562216076,-0.8359432220437002,13.487426757799582,-0.3811457157113951,3.618940591812134,0.4008662700653076,17.97936248779297,True,0,4.019806861877441,4.021750450134277,-0.05625724792480469,-0.15019617122611373,0.09949964242829079,0.1986445192729116,"StraightLane index=('>>>', '1S0_0_', 0)",True,75.17025756835938,0.0,6.866455075823796e-05,"StraightLane index=('>>', '>>>', 0)",True,0.0,True,False,-1.3191951513290405,0.2981441617012024,0.0,0.2981441617012024,True,0.0,0.0,0.1863401010632515,0.0,0.1863401010632515,0.0
25.94101,"[125.31526947021484, 4.5, 0.0]","[143.31903076171875, 4.5, 0.0]",3.6495873928088365,4.015926837921143,4.0228831283502045,0.44913291929771226,0.6119319200515747,17.99368286132238,0.3811457157113951,-0.15008449553828296,13.49368286132238,-0.3663394451123061,3.6320345401763916,0.4008662700653076,17.97936248779297,True,0,4.032900810241699,4.015926837921143,-0.05625724792480469,-0.15019617122611373,0.09949964242829079,0.1607097093497396,"StraightLane index=('>>>', '1S0_0_', 0)",True,75.24266052246094,0.0,4.5776367189121594e-05,"StraightLane index=('>>', '>>>', 0)",True,0.0,True,False,-1.3191951513290405,0.2602093517780304,0.0,0.2602093517780304,True,0.0,0.0,0.162630844861269,0.0,0.162630844861269,0.0
25.95964,"[125.3880844116211, 4.5, 0.0]","[143.3990020751953, 4.5, 0.0]",3.6585700511948693,4.023407936096191,4.023645026389724,0.44913291930164245,0.615733802318573,18.003761291499917,0.3663394451123061,-0.7403135299544505,13.503761291499917,-0.3648378849013221,3.6446473598480225,0.4008662700653076,17.97936248779297,True,0,4.04551362991333,4.023407936096191,-0.05625724792480469,-0.15019617122611373,0.09949964242829079,0.1607097093497396,"StraightLane index=('>>>', '1S0_0_', 0)",True,75.31526947021484,0.0,3.814697266608281e-05,"StraightLane index=('>>', '>>>', 0)",True,0.0,True,False,-1.3191951513290405,0.2602093517780304,0.0,0.2602093517780304,True,0.0,0.0,0.162630844861269,0.0,0.162630844861269,0.0
25.980692,"[125.46107482910156, 4.5, 0.0]","[143.47982788085938, 4.5, 0.0]",3.6675527095809644,4.020898342132568,4.024506701454939,0.4491329193047511,0.6103135347366333,18.01091766356847,0.3648378849013221,-0.07507801054920105,13.51091766356847,-0.353345632551604,3.656344175338745,0.4008662700653076,17.97936248779297,True,0,4.057210445404053,4.020898342132568,-0.05625724792480469,-0.15019617122611373,0.09949964242829079,0.1607097093497396,"StraightLane index=('>>>', '1S0_0_', 0)",True,75.3880844116211,0.0,4.5776367189121594e-05,"StraightLane index=('>>', '>>>', 0)",True,0.0,True,False,-1.3191951513290405,0.2602093517780304,0.0,0.2602093517780304,True,0.0,0.0,0.162630844861269,0.0,0.162630844861269,0.0
26.001103,"[125.53424835205078, 4.5, 0.0]","[143.56011962890625, 4.5, 0.0]",3.6765353679671327,4.021716594696046,4.025379772738797,0.4491329193084148,0.5947933793067932,18.01875305175206,0.353345632551604,-0.5746126174859034,13.51875305175206,-0.34518122672891316,3.6668169498443604,0.4008662700653076,17.97936248779297,True,0,4.067683219909668,4.021716594696046,0.07256507873536044,-0.13263677634776475,0.09173102102602881,0.16847833075200158,"StraightLane index=('>>>', '1S0_0_', 0)",True,75.46107482910156,0.0,4.5776367189121594e-05,"StraightLane index=('>>', '>>>', 0)",True,0.0,True,False,-1.3191951513290405,0.2602093517780304,0.0,0.2602093517780304,True,0.0,0.0,0.162630844861269,0.0,0.162630844861269,0.0
26.020255,"[125.60759735107422, 4.5, 0.0]","[143.64093017578125, 4.5, 0.0]",3.685518026353454,4.023000240325928,4.026797988659656,0.44913291931607535,0.5570794343948364,18.025871276849713,0.34518122672891316,-0.4082202911345423,13.525871276849713,-0.3374822139724736,3.6803462505340576,0.3648378849029541,18.01091766357422,True,0,4.045184135437012,4.023000240325928,0.07256507873536044,-0.13263677634776475,0.09173102102602881,0.16847833075200158,"StraightLane index=('>>>', '1S0_0_', 0)",True,75.53424835205078,0.0,4.5776367189121594e-05,"StraightLane index=('>>', '>>>', 0)",True,0.0,True,False,-1.3157305717468262,0.2602093517780304,0.0,0.2602093517780304,True,0.0,0.0,0.162630844861269,0.0,0.162630844861269,0.0
26.039892,"[125.6811294555664, 4.5, 0.0]","[143.71949768066406, 4.5, 0.0]",3.6939265728013733,4.024443626403809,4.0282537162888445,0.42042732239595537,0.5528176426887512,18.0333328246968,0.3374822139724736,-0.38495063782197914,13.5333328246968,-0.33051705360243533,3.6854701042175293,0.3648378849029541,18.01091766357422,True,0,4.050307989120483,4.024443626403809,0.07256507873536044,-0.13263677634776475,0.09173102102602881,0.15183973886643487,"StraightLane index=('>>>', '1S0_0_', 0)",True,75.60759735107422,0.0,6.103515623519917e-05,"StraightLane index=('>>', '>>>', 0)",True,0.0,True,False,-1.3157305717468262,0.24357075989246368,0.0,0.24357075989246368,True,0.0,0.0,0.1522317249327898,0.0,0.1522317249327898,0.0
26.059551,"[125.75483703613281, 4.5, 0.0]","[143.8015899658203, 4.5, 0.0]",3.7023351192493603,4.025951385498047,4.029709735627996,0.42042732239935265,0.5341671109199524,18.038368225084703,0.33051705360243533,-0.3482580185019124,13.538368225084703,-0.32361626624868656,3.6944422721862793,0.3648378849029541,18.01091766357422,True,0,4.059280157089233,4.025951385498047,0.07256507873536044,-0.13263677634776475,0.09173102102602881,0.15183973886643487,"StraightLane index=('>>>', '1S0_0_', 0)",True,75.6811294555664,0.0,6.866455075823796e-05,"StraightLane index=('>>', '>>>', 0)",True,0.0,True,False,-1.3157305717468262,0.24357075989246368,0.0,0.24357075989246368,True,0.0,0.0,0.1522317249327898,0.0,0.1522317249327898,0.0
26.080925,"[125.8287124633789, 4.5, 0.0]","[143.882568359375, 4.5, 0.0]",3.7107436656973154,4.027438163757324,4.0312908035701955,0.42042732239775393,0.5138903260231018,18.04675292967454,0.32361626624868656,-0.3450393676874386,13.54675292967454,-0.3166944980600088,3.7028603553771973,0.3648378849029541,18.01091766357422,True,0,4.067698240280151,4.027438163757324,0.07256507873536044,-0.13263677634776475,0.09173102102602881,0.15183973886643487,"StraightLane index=('>>>', '1S0_0_', 0)",True,75.75483703613281,0.0,6.866455075823796e-05,"StraightLane index=('>>', '>>>', 0)",True,0.0,True,False,-1.3157305717468262,0.24357075989246368,0.0,0.24357075989246368,True,0.0,0.0,0.1522317249327898,0.0,0.1522317249327898,0.0
26.100373,"[125.90275573730469, 4.5, 0.0]","[143.96302795410156, 4.5, 0.0]",3.719152212145389,4.028916358947754,4.03274777453955,0.4204273224036825,0.49369344115257263,18.05385589598313,0.3166944980600088,-0.34608840943388675,13.55385589598313,-0.30976414680236486,3.7108798027038574,0.3648378849029541,18.01091766357422,True,0,4.0757176876068115,4.028916358947754,0.07199764251708096,-0.11685318122489044,0.08449351419664672,0.15907724569581697,"StraightLane index=('>>>', '1S0_0_', 0)",True,75.8287124633789,0.0,6.866455075823796e-05,"StraightLane index=('>>', '>>>', 0)",True,0.0,True,False,-1.3157305717468262,0.24357075989246368,0.0,0.24357075989246368,True,0.0,0.0,0.1522317249327898,0.0,0.1522317249327898,0.0
26.119988,"[125.97696685791016, 4.5, 0.0]","[144.04183959960938, 4.5, 0.0]",3.727560758593733,4.030952453613281,4.035062678125314,0.42042732241720504,0.4747825264930725,18.060272216783908,0.30976414680236486,-0.34651756288219815,13.560272216783908,-0.3033916950195481,3.718635320663452,0.32361626625061035,18.0467529296875,True,0,4.0422515869140625,4.030952453613281,0.07199764251708096,-0.11685318122489044,0.08449351419664672,0.15907724569581697,"StraightLane index=('>>>', '1S0_0_', 0)",True,75.90275573730469,0.0,6.866455075823796e-05,"StraightLane index=('>>', '>>>', 0)",True,0.0,True,False,-1.3157305717468262,0.24357075989246368,0.0,0.24357075989246368,True,0.0,0.0,0.1522317249327898,0.0,0.1522317249327898,0.0
26.139918,"[126.05135345458984, 4.5, 0.0]","[144.12240600585938, 4.5, 0.0]",3.7350280284918074,4.03330659866333,4.037409190490877,0.37336349490371123,0.4466620981693268,18.064872741663184,0.3033916950195481,-0.31862258914083785,13.564872741663184,-0.2982785701715227,3.729635715484619,0.32361626625061035,18.0467529296875,True,0,4.0532519817352295,4.03330659866333,0.07199764251708096,-0.11685318122489044,0.08449351419664672,0.13181758294843385,"StraightLane index=('>>>', '1S0_0_', 0)",True,75.97696685791016,0.0,0.00011444091794735956,"StraightLane index=('>>', '>>>', 0)",True,0.0,True,False,-1.3157305717468262,0.21631109714508057,0.0,0.21631109714508057,True,0.0,0.0,0.13519443571567535,0.0,0.13519443571567535,0.0
26.159809,"[126.12590789794922, 4.5, 0.0]","[144.20510864257812, 4.5, 0.0]",3.7424952983897777,4.0357232093811035,4.039758128815482,0.3733634948985154,0.44357940554618835,18.07105255124646,0.2982785701715227,-0.25565624240126983,13.57105255124646,-0.29322791099132584,3.733778953552246,0.32361626625061035,18.0467529296875,True,0,4.0573952198028564,4.0357232093811035,0.07199764251708096,-0.11685318122489044,0.08449351419664672,0.13181758294843385,"StraightLane index=('>>>', '1S0_0_', 0)",True,76.05135345458984,0.0,9.155273437824319e-05,"StraightLane index=('>>', '>>>', 0)",True,0.0,True,False,-1.3157305717468262,0.21631109714508057,0.0,0.21631109714508057,True,0.0,0.0,0.13519443571567535,0.0,0.13519443571567535,0.0
26.180969,"[126.20060729980469, 4.5, 0.0]","[144.28607177734375, 4.5, 0.0]",3.7499625682873536,4.038088798522949,4.042258725226077,0.37336349487879783,0.43186503648757935,18.079200744609512,0.29322791099132584,-0.2525329590098435,13.579200744609512,-0.2881262302355956,3.7413220405578613,0.32361626625061035,18.0467529296875,True,0,4.064938306808472,4.038088798522949,0.07199764251708096,-0.11685318122489044,0.08449351419664672,0.13181758294843385,"StraightLane index=('>>>', '1S0_0_', 0)",True,76.12590789794922,0.0,8.39233398552044e-05,"StraightLane index=('>>', '>>>', 0)",True,0.0,True,False,-1.3157305717468262,0.21631109714508057,0.0,0.21631109714508057,True,0.0,0.0,0.13519443571567535,0.0,0.13519443571567535,0.0
26.200417,"[126.27545928955078, 4.5, 0.0]","[144.366943359375, 4.5, 0.0]",3.7574298381847018,4.040451526641846,4.0445784477111655,0.37336349486740694,0.40690433979034424,18.085464477526074,0.2881262302355956,-0.2550840377865127,13.585464477526074,-0.2830216884571439,3.7514357566833496,0.32361626625061035,18.0467529296875,True,0,4.07505202293396,4.040451526641846,0.11535167694091797,-0.10113055440946926,0.08283354308767431,0.13347755405740624,"StraightLane index=('>>>', '1S0_0_', 0)",True,76.20060729980469,0.0,6.866455075823796e-05,"StraightLane index=('>>', '>>>', 0)",True,0.0,True,False,-1.3157305717468262,0.21631109714508057,0.0,0.21631109714508057,True,0.0,0.0,0.13519443571567535,0.0,0.13519443571567535,0.0
26.21967,"[126.35045623779297, 4.5, 0.0]","[144.4459228515625, 4.5, 0.0]",3.7648971080821663,4.043493270874023,4.047909159968148,0.3733634948732245,0.404522180557251,18.091484069811226,0.2830216884571439,-0.2552270889225827,13.591484069811226,-0.27859616279185717,3.7552547454833984,0.2932279109954834,18.079200744628906,True,0,4.048482656478882,4.043493270874023,0.11535167694091797,-0.10113055440946926,0.08283354308767431,0.13347755405740624,"StraightLane index=('>>>', '1S0_0_', 0)",True,76.27545928955078,0.0,6.866455075823796e-05,"StraightLane index=('>>', '>>>', 0)",True,0.0,True,False,-1.310877799987793,0.21631109714508057,0.0,0.21631109714508057,True,0.0,0.0,0.13519443571567535,0.0,0.13519443571567535,0.0
26.240644,"[126.42560577392578, 4.5, 0.0]","[144.5292205810547, 4.5, 0.0]",3.7717330455821556,4.047048568725586,4.051537116845173,0.3417968749994671,0.3957168757915497,18.09546661375349,0.27859616279185717,-0.2212762832643378,13.59546661375349,-0.27531552314343033,3.7623343467712402,0.2932279109954834,18.079200744628906,True,0,4.055562257766724,4.047048568725586,0.11535167694091797,-0.10113055440946926,0.08283354308767431,0.11520229313211329,"StraightLane index=('>>>', '1S0_0_', 0)",True,76.35045623779297,0.0,7.629394533216562e-05,"StraightLane index=('>>', '>>>', 0)",True,0.0,True,False,-1.310877799987793,0.1980358362197876,0.0,0.1980358362197876,True,0.0,0.0,0.12377239763736725,0.0,0.12377239763736725,0.0
26.259813,"[126.50090026855469, 4.5, 0.0]","[144.60980224609375, 4.5, 0.0]",3.778568983082358,4.050487518310547,4.054855683463107,0.34179687501012523,0.37745290994644165,18.103614807109487,0.27531552314343033,-0.1640319824213421,13.603614807109487,-0.27191853522818876,3.7721288204193115,0.2932279109954834,18.079200744628906,True,0,4.065356731414795,4.050487518310547,0.11535167694091797,-0.10113055440946926,0.08283354308767431,0.11520229313211329,"StraightLane index=('>>>', '1S0_0_', 0)",True,76.42560577392578,0.0,8.39233398552044e-05,"StraightLane index=('>>', '>>>', 0)",True,0.0,True,False,-1.310877799987793,0.1980358362197876,0.0,0.1980358362197876,True,0.0,0.0,0.12377239763736725,0.0,0.12377239763736725,0.0
26.280558,"[126.57633209228516, 4.5, 0.0]","[144.6910858154297, 4.5, 0.0]",3.7854049205825127,4.053957462310791,4.058440208691731,0.34179687500772715,0.37760791182518005,18.108901977519636,0.27191853522818876,-0.16984939576207836,13.608901977519636,-0.26855254172827836,3.7759196758270264,0.2932279109954834,18.079200744628906,True,0,4.06914758682251,4.053957462310791,0.11535167694091797,-0.10113055440946926,0.08283354308767431,0.11520229313211329,"StraightLane index=('>>>', '1S0_0_', 0)",True,76.50090026855469,0.0,8.39233398552044e-05,"StraightLane index=('>>', '>>>', 0)",True,0.0,True,False,-1.310877799987793,0.1980358362197876,0.0,0.1980358362197876,True,0.0,0.0,0.12377239763736725,0.0,0.12377239763736725,0.0
26.300709,"[126.65190124511719, 4.5, 0.0]","[144.77203369140625, 4.5, 0.0]",3.7922408580830513,4.057412624359131,4.061981173435342,0.341796875026934,0.3614479899406433,18.114753723121407,0.26855254172827836,-0.16829967499552012,13.614753723121407,-0.2651717662760795,3.7854087352752686,0.2932279109954834,18.079200744628906,True,0,4.078636646270752,4.057412624359131,0.16961097717285156,-0.08508111476747253,0.08728053331197917,0.11075530290780843,"StraightLane index=('>>>', '1S0_0_', 0)",True,76.57633209228516,0.0,9.155273437824319e-05,"StraightLane index=('>>', '>>>', 0)",True,0.0,True,False,-1.310877799987793,0.1980358362197876,0.0,0.1980358362197876,True,0.0,0.0,0.12377239763736725,0.0,0.12377239763736725,0.0
26.320248,"[126.72760772705078, 4.5, 0.0]","[144.8515167236328, 4.5, 0.0]",3.799076795583663,4.061707019805908,4.066686159803008,0.34179687503057554,0.3626132905483246,18.12013244625758,0.2651717662760795,-0.16903877260994182,13.620132446257578,-0.26263022422224536,3.7891454696655273,0.27191853523254395,18.108901977539062,True,0,4.061064004898071,4.061707019805908,0.16961097717285156,-0.08508111476747253,0.08728053331197917,0.11075530290780843,"StraightLane index=('>>>', '1S0_0_', 0)",True,76.65190124511719,0.0,0.00010681152342432076,"StraightLane index=('>>', '>>>', 0)",True,0.0,True,False,-1.310877799987793,0.1980358362197876,0.0,0.1980358362197876,True,0.0,0.0,0.12377239763736725,0.0,0.12377239763736725,0.0
26.340565,"[126.80345153808594, 4.5, 0.0]","[144.9351348876953, 4.5, 0.0]",3.8055608272612993,4.066654682159424,4.071577816091943,0.3242015838818224,0.3566213846206665,18.12390899654588,0.26263022422224536,-0.12707710269170835,13.623908996545879,-0.26109385489812453,3.7957189083099365,0.27191853523254395,18.108901977539062,True,0,4.0676374435424805,4.066654682159424,0.16961097717285156,-0.08508111476747253,0.08728053331197917,0.10055247783838094,"StraightLane index=('>>>', '1S0_0_', 0)",True,76.72760772705078,0.0,0.00011444091794735956,"StraightLane index=('>>', '>>>', 0)",True,0.0,True,False,-1.310877799987793,0.1878330111503601,0.0,0.1878330111503601,True,0.0,0.0,0.11739563196897507,0.0,0.11739563196897507,0.0
26.359491,"[126.87943267822266, 4.5, 0.0]","[145.01611328125, 4.5, 0.0]",3.8120448589390965,4.071444511413574,4.076147959821654,0.3242015838898604,0.3522542417049408,18.13168334957321,0.26109385489812453,-0.07681846620604116,13.631683349573208,-0.2593996524744777,3.802325963973999,0.27191853523254395,18.108901977539062,True,0,4.074244499206543,4.071444511413574,0.16961097717285156,-0.08508111476747253,0.08728053331197917,0.10055247783838094,"StraightLane index=('>>>', '1S0_0_', 0)",True,76.80345153808594,0.0,0.00011444091794735956,"StraightLane index=('>>', '>>>', 0)",True,0.0,True,False,-1.310877799987793,0.1878330111503601,0.0,0.1878330111503601,True,0.0,0.0,0.11739563196897507,0.0,0.11739563196897507,0.0
26.380322,"[126.9555435180664, 4.5, 0.0]","[145.09791564941406, 4.5, 0.0]",3.8185288906165047,4.076283931732178,4.081165285802068,0.3242015838704093,0.348580539226532,18.136680602991166,0.2593996524744777,-0.08471012118234089,13.636680602991166,-0.25775504111567304,3.8089470863342285,0.27191853523254395,18.108901977539062,True,0,4.0808656215667725,4.076283931732178,0.16961097717285156,-0.08508111476747253,0.08728053331197917,0.10055247783838094,"StraightLane index=('>>>', '1S0_0_', 0)",True,76.87943267822266,0.0,0.00011444091794735956,"StraightLane index=('>>', '>>>', 0)",True,0.0,True,False,-1.310877799987793,0.1878330111503601,0.0,0.1878330111503601,True,0.0,0.0,0.11739563196897507,0.0,0.11739563196897507,0.0
26.399782,"[127.03178405761719, 4.5, 0.0]","[145.17933654785156, 4.5, 0.0]",3.8250129222942038,4.084433078765869,4.085857560136559,0.32420158388495324,0.341739684343338,18.14237213131147,0.25775504111567304,-0.08223056794023353,13.642372131311468,-0.2594201564716654,3.8151447772979736,0.27191853523254395,18.108901977539062,True,0,4.087063312530518,4.084433078765869,0.2702045440673828,-0.06711584424836688,0.10150725745821564,0.08632575369214447,"StraightLane index=('>>>', '1S0_0_', 0)",True,76.9555435180664,0.0,0.00011444091794735956,"StraightLane index=('>>', '>>>', 0)",True,0.0,True,False,-1.310877799987793,0.1878330111503601,0.0,0.1878330111503601,True,0.0,0.0,0.11739563196897507,0.0,0.11739563196897507,0.0
26.419798,"[127.108154296875, 4.5, 0.0]","[145.25929260253906, 4.5, 0.0]",3.8270785808638497,4.083483695983887,4.092169400495826,0.10328292848229559,0.3490959405899048,18.147552490198176,0.2594201564716654,0.08325576779961708,13.647552490198176,-0.25640511512003705,3.8228225708007812,0.2577550411224365,18.142372131347656,True,0,4.080577611923218,4.083483695983887,0.2702045440673828,-0.06711584424836688,0.10150725745821564,-0.10150725745821564,"StraightLane index=('>>>', '1S0_0_', 0)",True,77.03178405761719,0.0,0.00011444091794735956,"StraightLane index=('>>', '>>>', 0)",True,0.0,True,False,-1.3031960725784302,0.0,0.0,0.0,True,0.0,0.0,0.037395631968975065,0.0,0.037395631968975065,0.0
26.440299,"[127.18465423583984, 4.5, 0.0]","[145.34141540527344, 4.5, 0.0]",3.832862615593138,4.096477031707764,4.098646582057467,0.28920173646440617,0.3422868251800537,18.151138305627857,0.25640511512003705,-0.15075206758141668,13.651138305627857,-0.2636144161146259,3.8290340900421143,0.2577550411224365,18.142372131347656,True,0,4.086789131164551,4.096477031707764,0.2702045440673828,-0.06711584424836688,0.10150725745821564,0.06603351629113587,"StraightLane index=('>>>', '1S0_0_', 0)",True,77.108154296875,0.0,0.00011444091794735956,"StraightLane index=('>>', '>>>', 0)",True,0.0,True,False,-1.3031960725784302,0.1675407737493515,0.0,0.1675407737493515,True,0.0,0.0,0.10471298359334469,0.0,0.10471298359334469,0.0
26.459778,"[127.26119232177734, 4.5, 0.0]","[145.42503356933594, 4.5, 0.0]",3.838646650322026,4.096252918243408,4.104804344809381,0.28920173644439995,0.3179756700992584,18.156761169397377,0.2636144161146259,0.3604650497294415,13.656761169397377,-0.2576062679213824,3.836552619934082,0.2577550411224365,18.142372131347656,True,0,4.0943076610565186,4.096252918243408,0.2702045440673828,-0.06711584424836688,0.10150725745821564,0.06603351629113587,"StraightLane index=('>>>', '1S0_0_', 0)",True,77.18465423583984,0.0,0.00011444091794735956,"StraightLane index=('>>', '>>>', 0)",True,0.0,True,False,-1.3031960725784302,0.1675407737493515,0.0,0.1675407737493515,True,0.0,0.0,0.10471298359334469,0.0,0.10471298359334469,0.0
26.480329,"[127.33785247802734, 4.5, 0.0]","[145.5074005126953, 4.5, 0.0]",3.8444306850505874,4.109265327453613,4.111289197586943,0.28920173642807967,0.3126339018344879,18.16384124753138,0.2576062679213824,-0.3004074096621734,13.66384124753138,-0.2648346424030259,3.839172124862671,0.2577550411224365,18.142372131347656,True,0,4.096927165985107,4.109265327453613,0.2702045440673828,-0.06711584424836688,0.10150725745821564,0.06603351629113587,"StraightLane index=('>>>', '1S0_0_', 0)",True,77.26119232177734,0.0,9.918212890128198e-05,"StraightLane index=('>>', '>>>', 0)",True,0.0,True,False,-1.3031960725784302,0.1675407737493515,0.0,0.1675407737493515,True,0.0,0.0,0.10471298359334469,0.0,0.10471298359334469,0.0
26.499874,"[127.41462707519531, 4.5, 0.0]","[145.5892333984375, 4.5, 0.0]",3.850214719779298,4.108902454376221,4.117475117210881,0.28920173643554037,0.29897502064704895,18.169548034631724,0.2648346424030259,0.36141872408217424,13.669548034631724,-0.2586877345969225,3.8438949584960938,0.2577550411224365,18.142372131347656,True,0,4.10164999961853,4.108902454376221,0.24469375610351562,-0.05183997835990714,0.1163070491280925,0.051233724621259,"StraightLane index=('>>>', '1S0_0_', 0)",True,77.33785247802734,0.0,0.00011444091794735956,"StraightLane index=('>>', '>>>', 0)",True,0.0,True,False,-1.3031960725784302,0.1675407737493515,0.0,0.1675407737493515,True,0.0,0.0,0.10471298359334469,0.0,0.10471298359334469,0.0
26.519576,"[127.49151611328125, 4.5, 0.0]","[145.66998291015625, 4.5, 0.0]",3.8559987545080094,4.122883319854736,4.125343853195663,0.2892017364355626,0.2880655527114868,18.174606323214956,0.2586877345969225,-0.3073453903051693,13.674606323214956,-0.2668845653467269,3.848646879196167,0.2648346424102783,18.16954803466797,True,0,4.113481521606445,4.122883319854736,0.24469375610351562,-0.05183997835990714,0.1163070491280925,0.051233724621259,"StraightLane index=('>>>', '1S0_0_', 0)",True,77.41462707519531,0.0,9.918212890128198e-05,"StraightLane index=('>>', '>>>', 0)",True,0.0,True,False,-1.3031960725784302,0.1675407737493515,0.0,0.1675407737493515,True,0.0,0.0,0.10471298359334469,0.0,0.10471298359334469,0.0
26.5402,"[127.56851959228516, 4.5, 0.0]","[145.75485229492188, 4.5, 0.0]",3.862330198294438,4.124423027038574,4.1335954611958,0.31657218932141795,0.27977144718170166,18.178466796847765,0.2668845653467269,0.4098415374902187,13.678466796847765,-0.2620928287441364,3.853468418121338,0.2648346424102783,18.16954803466797,True,0,4.118303060531616,4.124423027038574,0.24469375610351562,-0.05183997835990714,0.1163070491280925,0.0670880683931935,"StraightLane index=('>>>', '1S0_0_', 0)",True,77.49151611328125,0.0,9.918212890128198e-05,"StraightLane index=('>>', '>>>', 0)",True,0.0,True,False,-1.3031960725784302,0.183395117521286,0.0,0.183395117521286,True,0.0,0.0,0.11462194845080376,0.0,0.11462194845080376,0.0
26.559957,"[127.64563751220703, 4.5, 0.0]","[145.83706665039062, 4.5, 0.0]",3.868661642080983,4.139036655426025,4.141502060794736,0.3165721893272577,0.2738388180732727,18.18633270260947,0.2620928287441364,-0.23958683012952342,13.68633270260947,-0.27037501334504244,3.858383893966675,0.2648346424102783,18.16954803466797,True,0,4.123218536376953,4.139036655426025,0.24469375610351562,-0.05183997835990714,0.1163070491280925,0.0670880683931935,"StraightLane index=('>>>', '1S0_0_', 0)",True,77.56851959228516,0.0,9.918212890128198e-05,"StraightLane index=('>>', '>>>', 0)",True,0.0,True,False,-1.3031960725784302,0.183395117521286,0.0,0.183395117521286,True,0.0,0.0,0.11462194845080376,0.0,0.11462194845080376,0.0
26.580625,"[127.72288513183594, 4.5, 0.0]","[145.92039489746094, 4.5, 0.0]",3.8749930858675468,4.140427112579346,4.149759001594502,0.3165721893281903,0.2699439227581024,18.191429138156337,0.27037501334504244,0.41410923004530087,13.691429138156337,-0.26543402671179894,3.863405227661133,0.2648346424102783,18.16954803466797,True,0,4.128239870071411,4.140427112579346,0.24469375610351562,-0.05183997835990714,0.1163070491280925,0.0670880683931935,"StraightLane index=('>>>', '1S0_0_', 0)",True,77.64563751220703,0.0,9.918212890128198e-05,"StraightLane index=('>>', '>>>', 0)",True,0.0,True,False,-1.3031960725784302,0.183395117521286,0.0,0.183395117521286,True,0.0,0.0,0.11462194845080376,0.0,0.11462194845080376,0.0
26.600348,"[127.80025482177734, 4.5, 0.0]","[146.00303649902344, 4.5, 0.0]",3.8813245296541043,4.155083179473877,4.157686183731478,0.31657218932787945,0.27234137058258057,18.197509765597736,0.26543402671179894,-0.2470493316621747,13.697509765597736,-0.2737586498197726,3.8690176010131836,0.2648346424102783,18.16954803466797,True,0,4.133852243423462,4.155083179473877,0.4618072509765625,-0.03049272673973674,0.14745039564311546,0.03594472187817055,"StraightLane index=('>>>', '1S0_0_', 0)",True,77.72288513183594,0.0,9.918212890128198e-05,"StraightLane index=('>>', '>>>', 0)",True,0.0,True,False,-1.3031960725784302,0.183395117521286,0.0,0.183395117521286,True,0.0,0.0,0.11462194845080376,0.0,0.11462194845080376,0.0
26.619821,"[127.87775421142578, 4.5, 0.0]","[146.08432006835938, 4.5, 0.0]",3.887655973440654,4.1573615074157715,4.167132947771373,0.31657218932747977,0.2783338129520416,18.202781677218823,0.2737586498197726,0.41623115539868305,13.702781677218823,-0.26970553397511754,3.8751001358032227,0.27037501335144043,18.191429138183594,True,0,4.145475149154663,4.1573615074157715,0.4618072509765625,-0.03049272673973674,0.14745039564311546,0.03594472187817055,"StraightLane index=('>>>', '1S0_0_', 0)",True,77.80025482177734,0.0,9.918212890128198e-05,"StraightLane index=('>>', '>>>', 0)",True,0.0,True,False,-1.2887128591537476,0.183395117521286,0.0,0.183395117521286,True,0.0,0.0,0.11462194845080376,0.0,0.11462194845080376,0.0
26.640243,"[127.95539093017578, 4.5, 0.0]","[146.17013549804688, 4.5, 0.0]",3.8944661617346807,4.173980236053467,4.17703737333641,0.3405094147013399,0.28263047337532043,18.206565856897278,0.26970553397511754,-0.2026557922327532,13.706565856897278,-0.27951407431878605,3.8811159133911133,0.27037501335144043,18.191429138183594,True,0,4.151490926742554,4.173980236053467,0.4618072509765625,-0.03049272673973674,0.14745039564311546,0.04983425813972908,"StraightLane index=('>>>', '1S0_0_', 0)",True,77.87775421142578,0.0,0.00011444091794735956,"StraightLane index=('>>', '>>>', 0)",True,0.0,True,False,-1.2887128591537476,0.19728465378284454,0.0,0.19728465378284454,True,0.0,0.0,0.12330290861427784,0.0,0.12330290861427784,0.0
26.659729,"[128.03314208984375, 4.5, 0.0]","[146.25331115722656, 4.5, 0.0]",3.9012763500288257,4.176960468292236,4.186483599510597,0.34050941470724627,0.2923091650009155,18.214744567824425,0.27951407431878605,0.49042701718342574,13.714744567824425,-0.27568411826341066,3.8906753063201904,0.27037501335144043,18.191429138183594,True,0,4.161050319671631,4.176960468292236,0.4618072509765625,-0.03049272673973674,0.14745039564311546,0.04983425813972908,"StraightLane index=('>>>', '1S0_0_', 0)",True,77.95539093017578,0.0,0.000129699707044326,"StraightLane index=('>>', '>>>', 0)",True,0.0,True,False,-1.2887128591537476,0.19728465378284454,0.0,0.19728465378284454,True,0.0,0.0,0.12330290861427784,0.0,0.12330290861427784,0.0
26.68057,"[128.1110382080078, 4.5, 0.0]","[146.33721923828125, 4.5, 0.0]",3.908086538322683,4.193357467651367,4.196587870296848,0.3405094146928578,0.2985633611679077,18.22016906734146,0.27568411826341066,-0.1914978027687697,13.720169067341459,-0.28527092932868436,3.894254446029663,0.27037501335144043,18.191429138183594,True,0,4.1646294593811035,4.193357467651367,0.4618072509765625,-0.03049272673973674,0.14745039564311546,0.04983425813972908,"StraightLane index=('>>>', '1S0_0_', 0)",True,78.03314208984375,0.0,0.00012207031247039834,"StraightLane index=('>>', '>>>', 0)",True,0.0,True,False,-1.2887128591537476,0.19728465378284454,0.0,0.19728465378284454,True,0.0,0.0,0.12330290861427784,0.0,0.12330290861427784,0.0
26.700358,"[128.18905639648438, 4.5, 0.0]","[146.42054748535156, 4.5, 0.0]",3.9148967266163877,4.196355819702148,4.206230564304925,0.34050941468524165,0.3021816611289978,18.22618103022674,0.28527092932868436,0.4793405532636852,13.72618103022674,-0.2814590930857608,3.903642416000366,0.27037501335144043,18.191429138183594,True,0,4.174017429351807,4.196355819702148,0.41272640228271484,-0.012998029985868045,0.16995038051987646,0.027334273262968084,"StraightLane index=('>>>', '1S0_0_', 0)",True,78.11103820800781,0.0,0.000129699707044326,"StraightLane index=('>>', '>>>', 0)",True,0.0,True,False,-1.2887128591537476,0.19728465378284454,0.0,0.19728465378284454,True,0.0,0.0,0.12330290861427784,0.0,0.12330290861427784,0.0
26.720139,"[128.2672119140625, 4.5, 0.0]","[146.50314331054688, 4.5, 0.0]",3.9217069149097212,4.213702201843262,4.217561665099674,0.3405094146666787,0.3099650740623474,18.231491088830822,0.2814590930857608,-0.19059181214617915,13.731491088830822,-0.2919952869335405,3.9074807167053223,0.28527092933654785,18.226181030273438,True,0,4.19275164604187,4.213702201843262,0.41272640228271484,-0.012998029985868045,0.16995038051987646,0.027334273262968084,"StraightLane index=('>>>', '1S0_0_', 0)",True,78.18905639648438,0.0,0.00011444091794735956,"StraightLane index=('>>', '>>>', 0)",True,0.0,True,False,-1.2887128591537476,0.19728465378284454,0.0,0.19728465378284454,True,0.0,0.0,0.12330290861427784,0.0,0.12330290861427784,0.0
26.740236,"[128.3455047607422, 4.5, 0.0]","[146.59011840820312, 4.5, 0.0]",3.9293544292529425,4.218805789947511,4.229078344530665,0.38237571716106533,0.3166232705116272,18.235931396448,0.2919952869335405,0.5268096923889853,13.735931396447999,-0.2894513606945681,3.9143927097320557,0.28527092933654785,18.226181030273438,True,0,4.1996636390686035,4.218805789947511,0.41272640228271484,-0.012998029985868045,0.16995038051987646,0.0515780303916836,"StraightLane index=('>>>', '1S0_0_', 0)",True,78.2672119140625,0.0,0.00011444091794735956,"StraightLane index=('>>', '>>>', 0)",True,0.0,True,False,-1.2887128591537476,0.22152841091156006,0.0,0.22152841091156006,True,0.0,0.0,0.13845525681972504,0.0,0.13845525681972504,0.0
26.759533,"[128.42393493652344, 4.5, 0.0]","[146.67449951171875, 4.5, 0.0]",3.937001943596219,4.236889362335205,4.240131885263842,0.3823757171638187,0.3236705958843231,18.244613647424544,0.2894513606945681,-0.12719631194861858,13.744613647424544,-0.29988741873898617,3.9214560985565186,0.28527092933654785,18.226181030273438,True,0,4.206727027893066,4.236889362335205,0.41272640228271484,-0.012998029985868045,0.16995038051987646,0.0515780303916836,"StraightLane index=('>>>', '1S0_0_', 0)",True,78.34550476074219,0.0,0.00011444091794735956,"StraightLane index=('>>', '>>>', 0)",True,0.0,True,False,-1.2887128591537476,0.22152841091156006,0.0,0.22152841091156006,True,0.0,0.0,0.13845525681972504,0.0,0.13845525681972504,0.0
26.780251,"[128.5025177001953, 4.5, 0.0]","[146.75924682617188, 4.5, 0.0]",3.944649457939579,4.2416911125183105,4.252006133892608,0.3823757171680153,0.33444851636886597,18.250564575158908,0.29988741873898617,0.5218029022209025,13.750564575158908,-0.29704165457873133,3.929072856903076,0.28527092933654785,18.226181030273438,True,0,4.214343786239624,4.2416911125183105,0.41272640228271484,-0.012998029985868045,0.16995038051987646,0.0515780303916836,"StraightLane index=('>>>', '1S0_0_', 0)",True,78.42393493652344,0.0,0.00011444091794735956,"StraightLane index=('>>', '>>>', 0)",True,0.0,True,False,-1.2887128591537476,0.22152841091156006,0.0,0.22152841091156006,True,0.0,0.0,0.13845525681972504,0.0,0.13845525681972504,0.0
26.800036,"[128.5812530517578, 4.5, 0.0]","[146.84368896484375, 4.5, 0.0]",3.9522969722826757,4.2597832679748535,4.263351017583254,0.3823757171548259,0.350223571062088,18.25672912594921,0.29704165457873133,-0.1422882080127419,13.75672912594921,-0.3074862956921778,3.937533378601074,0.28527092933654785,18.226181030273438,True,0,4.222804307937622,4.2597832679748535,0.6342744827270508,0.010501379908165537,0.2103674721080811,0.01116093880347896,"StraightLane index=('>>>', '1S0_0_', 0)",True,78.50251770019531,0.0,9.918212890128198e-05,"StraightLane index=('>>', '>>>', 0)",True,0.0,True,False,-1.2887128591537476,0.22152841091156006,0.0,0.22152841091156006,True,0.0,0.0,0.13845525681972504,0.0,0.13845525681972504,0.0
26.820345,"[128.66014099121094, 4.5, 0.0]","[146.92752075195312, 4.5, 0.0]",3.9599444866261715,4.265426158905029,4.2766114990351545,0.3823757171747877,0.35393068194389343,18.262435913058574,0.3074862956921778,0.5222320556723226,13.762435913058574,-0.3054816722788578,3.9449031352996826,0.297041654586792,18.256729125976562,True,0,4.241944789886475,4.265426158905029,0.6342744827270508,0.010501379908165537,0.2103674721080811,0.01116093880347896,"StraightLane index=('>>>', '1S0_0_', 0)",True,78.58125305175781,0.0,9.918212890128198e-05,"StraightLane index=('>>', '>>>', 0)",True,0.0,True,False,-1.2591042518615723,0.22152841091156006,0.0,0.22152841091156006,True,0.0,0.0,0.13845525681972504,0.0,0.13845525681972504,0.0
26.839558,"[128.7391815185547, 4.5, 0.0]","[147.0135955810547, 4.5, 0.0]",3.968328237542096,4.285174369812012,4.289153369002253,0.419187545796218,0.3604956269264221,18.267379760705747,0.3054816722788578,-0.10023117066599863,13.767379760705747,-0.31684613226991587,3.952662706375122,0.297041654586792,18.256729125976562,True,0,4.249704360961914,4.285174369812012,0.6342744827270508,0.010501379908165537,0.2103674721080811,0.03249330705814052,"StraightLane index=('>>>', '1S0_0_', 0)",True,78.66014099121094,0.0,0.00011444091794735956,"StraightLane index=('>>', '>>>', 0)",True,0.0,True,False,-1.2591042518615723,0.24286077916622162,0.0,0.24286077916622162,True,0.0,0.0,0.1517879869788885,0.0,0.1517879869788885,0.0
26.859522,"[128.81837463378906, 4.5, 0.0]","[147.1011199951172, 4.5, 0.0]",3.9767119884579385,4.291812419891357,4.302195346191211,0.41918754579213235,0.3686895966529846,18.27441406245318,0.31684613226991587,0.5682229995529031,13.774414062453179,-0.3151004314334189,3.9607341289520264,0.297041654586792,18.256729125976562,True,0,4.257775783538818,4.291812419891357,0.6342744827270508,0.010501379908165537,0.2103674721080811,0.03249330705814052,"StraightLane index=('>>>', '1S0_0_', 0)",True,78.73918151855469,0.0,0.000129699707044326,"StraightLane index=('>>', '>>>', 0)",True,0.0,True,False,-1.2591042518615723,0.24286077916622162,0.0,0.24286077916622162,True,0.0,0.0,0.1517879869788885,0.0,0.1517879869788885,0.0
26.880271,"[128.89773559570312, 4.5, 0.0]","[147.1872100830078, 4.5, 0.0]",3.9850957393739304,4.311565399169922,4.3157424293398865,0.41918754579959305,0.3782077431678772,18.282745361281282,0.3151004314334189,-0.0872850418248472,13.782745361281282,-0.3264696597959915,3.972888231277466,0.297041654586792,18.256729125976562,True,0,4.269929885864258,4.311565399169922,0.6342744827270508,0.010501379908165537,0.2103674721080811,0.03249330705814052,"StraightLane index=('>>>', '1S0_0_', 0)",True,78.81837463378906,0.0,0.000129699707044326,"StraightLane index=('>>', '>>>', 0)",True,0.0,True,False,-1.2591042518615723,0.24286077916622162,0.0,0.24286077916622162,True,0.0,0.0,0.1517879869788885,0.0,0.1517879869788885,0.0
26.899859,"[128.97726440429688, 4.5, 0.0]","[147.27293395996094, 4.5, 0.0]",3.9934794902897934,4.321262359619141,4.328532099091018,0.41918754579315376,0.3863208293914795,18.289474487263178,0.3264696597959915,0.5684614181286296,13.789474487263178,-0.3277828693293472,3.9775211811065674,0.297041654586792,18.256729125976562,True,0,4.274562835693359,4.321262359619141,0.6147909164428711,0.03096892399284947,0.24402778905692515,-0.0011670098907035353,"StraightLane index=('>>>', '1S0_0_', 0)",True,78.89773559570312,0.0,0.00012207031247039834,"StraightLane index=('>>', '>>>', 0)",True,0.0,True,False,-1.2591042518615723,0.24286077916622162,0.0,0.24286077916622162,True,0.0,0.0,0.1517879869788885,0.0,0.1517879869788885,0.0
26.91991,"[129.0569610595703, 4.5, 0.0]","[147.35792541503906, 4.5, 0.0]",4.0018634796241574,4.3350067138671875,4.343062168035389,0.41919946671820085,0.3945149779319763,18.295669555617184,0.3277828693293472,0.06566047666778374,13.795669555617184,-0.33314323424303005,3.986111640930176,0.32646965980529785,18.289474487304688,True,0,4.312581300735474,4.3350067138671875,0.6147909164428711,0.03096892399284947,0.24402778905692515,-0.0011670098907035353,"StraightLane index=('>>>', '1S0_0_', 0)",True,78.97726440429688,0.0,0.000129699707044326,"StraightLane index=('>>', '>>>', 0)",True,0.0,True,False,-1.2591042518615723,0.24286077916622162,0.0,0.24286077916622162,True,0.0,0.0,0.1517879869788885,0.0,0.1517879869788885,0.0
26.940079,"[129.13682556152344, 4.5, 0.0]","[147.44754028320312, 4.5, 0.0]",4.011594772348892,4.349894046783447,4.357683214050625,0.4865646362367304,0.4012618362903595,18.30096435542186,0.33314323424303005,0.2680182456841429,13.800964355421861,-0.3382992744345552,3.998727560043335,0.32646965980529785,18.289474487304688,True,0,4.325197219848633,4.349894046783447,0.6147909164428711,0.03096892399284947,0.24402778905692515,0.03787556725678029,"StraightLane index=('>>>', '1S0_0_', 0)",True,79.05696105957031,0.0,0.000129699707044326,"StraightLane index=('>>', '>>>', 0)",True,0.0,True,False,-1.2591042518615723,0.28190335631370544,0.0,0.28190335631370544,True,0.0,0.0,0.1761895976960659,0.0,0.1761895976960659,0.0
26.95978,"[129.21685791015625, 4.5, 0.0]","[147.5345458984375, 4.5, 0.0]",4.0213260650736125,4.364344596862793,4.371974148699659,0.48656463623601987,0.40798184275627136,18.310714721632774,0.3382992744345552,0.2578020095762579,13.810714721632774,-0.3430185317891805,4.003445148468018,0.32646965980529785,18.289474487304688,True,0,4.329914808273315,4.364344596862793,0.6147909164428711,0.03096892399284947,0.24402778905692515,0.03787556725678029,"StraightLane index=('>>>', '1S0_0_', 0)",True,79.13682556152344,0.0,0.000129699707044326,"StraightLane index=('>>', '>>>', 0)",True,0.0,True,False,-1.2591042518615723,0.28190335631370544,0.0,0.28190335631370544,True,0.0,0.0,0.1761895976960659,0.0,0.1761895976960659,0.0
26.980369,"[129.29708862304688, 4.5, 0.0]","[147.621826171875, 4.5, 0.0]",4.031057357798303,4.378842353820801,4.386893048610503,0.48656463623450996,0.4130176305770874,18.31768798823432,0.3430185317891805,0.2359628677312653,13.817687988234319,-0.3477849960224981,4.01212215423584,0.32646965980529785,18.289474487304688,True,0,4.338591814041138,4.378842353820801,0.6147909164428711,0.03096892399284947,0.24402778905692515,0.03787556725678029,"StraightLane index=('>>>', '1S0_0_', 0)",True,79.21685791015625,0.0,0.000129699707044326,"StraightLane index=('>>', '>>>', 0)",True,0.0,True,False,-1.2591042518615723,0.28190335631370544,0.0,0.28190335631370544,True,0.0,0.0,0.1761895976960659,0.0,0.1761895976960659,0.0
27.000018,"[129.3775177001953, 4.5, 0.0]","[147.7091064453125, 4.5, 0.0]",4.040788650523019,4.39333963394165,4.401144787479273,0.4865646362357978,0.4215381443500519,18.324737548781172,0.3477849960224981,0.23832321166588066,13.824737548781172,-0.3525509834186318,4.021259307861328,0.32646965980529785,18.289474487304688,True,0,4.347728967666626,4.39333963394165,0.7207727432250977,0.053099077606442946,0.28225721682855365,-0.00035386051484820324,"StraightLane index=('>>>', '1S0_0_', 0)",True,79.29708862304688,0.0,0.000129699707044326,"StraightLane index=('>>', '>>>', 0)",True,0.0,True,False,-1.2591042518615723,0.28190335631370544,0.0,0.28190335631370544,True,0.0,0.0,0.1761895976960659,0.0,0.1761895976960659,0.0
27.021022,"[129.45814514160156, 4.5, 0.0]","[147.79769897460938, 4.5, 0.0]",4.050519943247432,4.408674716949463,4.4175720769273115,0.4865646362206544,0.43128809332847595,18.33158874508062,0.3525509834186318,0.23829936980668265,13.83158874508062,-0.3581547737020312,4.030728816986084,0.34778499603271484,18.324737548828125,True,0,4.378513813018799,4.408674716949463,0.7207727432250977,0.053099077606442946,0.28225721682855365,-0.00035386051484820324,"StraightLane index=('>>>', '1S0_0_', 0)",True,79.37751770019531,0.0,0.00011444091794735956,"StraightLane index=('>>', '>>>', 0)",True,0.0,True,False,-1.231245517730713,0.28190335631370544,0.0,0.28190335631370544,True,0.0,0.0,0.1761895976960659,0.0,0.1761895976960659,0.0
27.040613,"[129.53895568847656, 4.5, 0.0]","[147.88662719726562, 4.5, 0.0]",4.061290740976408,4.424336433410645,4.432888023938715,0.5385398864488078,0.4440116584300995,18.33955383297123,0.3581547737020312,0.2801895141699706,13.83955383297123,-0.36304569243423757,4.045106887817383,0.34778499603271484,18.324737548828125,True,0,4.392891883850098,4.424336433410645,0.7207727432250977,0.053099077606442946,0.28225721682855365,0.029725921494276553,"StraightLane index=('>>>', '1S0_0_', 0)",True,79.45814514160156,0.0,0.00011444091794735956,"StraightLane index=('>>', '>>>', 0)",True,0.0,True,False,-1.231245517730713,0.3119831383228302,0.0,0.3119831383228302,True,0.0,0.0,0.19498946145176888,0.0,0.19498946145176888,0.0
27.059566,"[129.61996459960938, 4.5, 0.0]","[147.97486877441406, 4.5, 0.0]",4.0720615387055785,4.439878463745117,4.447710496129316,0.5385398864585333,0.45146945118904114,18.347671508752462,0.36304569243423757,0.24454593661031865,13.847671508752462,-0.36781692503953867,4.0548505783081055,0.34778499603271484,18.324737548828125,True,0,4.40263557434082,4.439878463745117,0.7207727432250977,0.053099077606442946,0.28225721682855365,0.029725921494276553,"StraightLane index=('>>>', '1S0_0_', 0)",True,79.53895568847656,0.0,0.00011444091794735956,"StraightLane index=('>>', '>>>', 0)",True,0.0,True,False,-1.231245517730713,0.3119831383228302,0.0,0.3119831383228302,True,0.0,0.0,0.19498946145176888,0.0,0.19498946145176888,0.0
27.080252,"[129.70118713378906, 4.5, 0.0]","[148.06405639648438, 4.5, 0.0]",4.082832336434795,4.4555840492248535,4.46388542479081,0.5385398864608426,0.4629451334476471,18.354904174772795,0.36781692503953867,0.23856163026505506,13.854904174772795,-0.37275171279005814,4.065187931060791,0.34778499603271484,18.324737548828125,True,0,4.412972927093506,4.4555840492248535,0.7207727432250977,0.053099077606442946,0.28225721682855365,0.029725921494276553,"StraightLane index=('>>>', '1S0_0_', 0)",True,79.61996459960938,0.0,0.00010681152342432076,"StraightLane index=('>>', '>>>', 0)",True,0.0,True,False,-1.231245517730713,0.3119831383228302,0.0,0.3119831383228302,True,0.0,0.0,0.19498946145176888,0.0,0.19498946145176888,0.0
27.09998,"[129.78262329101562, 4.5, 0.0]","[148.15277099609375, 4.5, 0.0]",4.093603134164046,4.471208572387695,4.479320235683815,0.5385398864625301,0.474617063999176,18.362869262658684,0.37275171279005814,0.2467393875259738,13.862869262658684,-0.37760543822364934,4.071041584014893,0.34778499603271484,18.324737548828125,True,0,4.418826580047607,4.471208572387695,0.7786893844604492,0.07504329830191438,0.32048683314728643,-0.008503694824456232,"StraightLane index=('>>>', '1S0_0_', 0)",True,79.70118713378906,0.0,0.00011444091794735956,"StraightLane index=('>>', '>>>', 0)",True,0.0,True,False,-1.231245517730713,0.3119831383228302,0.0,0.3119831383228302,True,0.0,0.0,0.19498946145176888,0.0,0.19498946145176888,0.0
27.120139,"[129.86427307128906, 4.5, 0.0]","[148.2428741455078, 4.5, 0.0]",4.10437393189334,4.487383842468262,4.495807846122944,0.5385398864647062,0.49090680480003357,18.370147705041482,0.37760543822364934,0.2426862716795597,13.870147705041482,-0.3830099105749216,4.0871500968933105,0.37275171279907227,18.362869262695312,True,0,4.459901809692383,4.487383842468262,0.7786893844604492,0.07504329830191438,0.32048683314728643,-0.008503694824456232,"StraightLane index=('>>>', '1S0_0_', 0)",True,79.78262329101562,0.0,0.00011444091794735956,"StraightLane index=('>>', '>>>', 0)",True,0.0,True,False,-1.231245517730713,0.3119831383228302,0.0,0.3119831383228302,True,0.0,0.0,0.19498946145176888,0.0,0.19498946145176888,0.0
27.139714,"[129.94615173339844, 4.5, 0.0]","[148.33116149902344, 4.5, 0.0]",4.116338729866565,4.503360748291016,4.511808865199854,0.5982398986612569,0.5030099153518677,18.37860107418209,0.3830099105749216,0.2702236175636141,13.87860107418209,-0.3870220184244504,4.093328475952148,0.37275171279907227,18.362869262695312,True,0,4.466080188751221,4.503360748291016,0.7786893844604492,0.07504329830191438,0.32048683314728643,0.026119153209448798,"StraightLane index=('>>>', '1S0_0_', 0)",True,79.86427307128906,0.0,0.00011444091794735956,"StraightLane index=('>>', '>>>', 0)",True,0.0,True,False,-1.231245517730713,0.34660598635673523,0.0,0.34660598635673523,True,0.0,0.0,0.21662874147295952,0.0,0.21662874147295952,0.0
27.159895,"[130.0282440185547, 4.5, 0.0]","[148.42320251464844, 4.5, 0.0]",4.12830352784035,4.520017623901367,4.5283335793159205,0.5982398986892346,0.5164799690246582,18.385009765593054,0.3870220184244504,0.20060539247643838,13.885009765593054,-0.39171409606101726,4.104820251464844,0.37275171279907227,18.362869262695312,True,0,4.477571964263916,4.520017623901367,0.7786893844604492,0.07504329830191438,0.32048683314728643,0.026119153209448798,"StraightLane index=('>>>', '1S0_0_', 0)",True,79.94615173339844,0.0,0.00010681152342432076,"StraightLane index=('>>', '>>>', 0)",True,0.0,True,False,-1.231245517730713,0.34660598635673523,0.0,0.34660598635673523,True,0.0,0.0,0.21662874147295952,0.0,0.21662874147295952,0.0
27.180781,"[130.11056518554688, 4.5, 0.0]","[148.51402282714844, 4.5, 0.0]",4.140268325814367,4.53645133972168,4.545410066320677,0.5982398987008697,0.5285736918449402,18.394958496052,0.39171409606101726,0.23460388182834357,13.894958496051999,-0.39618301390731236,4.116430759429932,0.37275171279907227,18.362869262695312,True,0,4.489182472229004,4.53645133972168,0.7786893844604492,0.07504329830191438,0.32048683314728643,0.026119153209448798,"StraightLane index=('>>>', '1S0_0_', 0)",True,80.02824401855469,0.0,0.00012207031247039834,"StraightLane index=('>>', '>>>', 0)",True,0.0,True,False,-1.231245517730713,0.34660598635673523,0.0,0.34660598635673523,True,0.0,0.0,0.21662874147295952,0.0,0.21662874147295952,0.0
27.199843,"[130.19313049316406, 4.5, 0.0]","[148.60423278808594, 4.5, 0.0]",4.152233123788526,4.552775859832764,4.561002040406864,0.5982398987079307,0.5384265780448914,18.40345764155441,0.39618301390731236,0.2234458923147553,13.90345764155441,-0.40054273604423773,4.133429527282715,0.37275171279907227,18.362869262695312,True,0,4.506181240081787,4.552775859832764,0.8156728744506836,0.09608751907749687,0.3564402975062514,-0.009834311149516162,"StraightLane index=('>>>', '1S0_0_', 0)",True,80.11056518554688,0.0,0.000129699707044326,"StraightLane index=('>>', '>>>', 0)",True,0.0,True,False,-1.231245517730713,0.34660598635673523,0.0,0.34660598635673523,True,0.0,0.0,0.21662874147295952,0.0,0.21662874147295952,0.0
27.219902,"[130.27593994140625, 4.5, 0.0]","[148.6949005126953, 4.5, 0.0]",4.16419792176255,4.569159030914307,4.577672957908164,0.598239898701225,0.5474851131439209,18.411102294874702,0.40054273604423773,0.2179861068462685,13.911102294874702,-0.4049611091517562,4.139763832092285,0.3961830139160156,18.403457641601562,True,0,4.535946846008301,4.569159030914307,0.8156728744506836,0.09608751907749687,0.3564402975062514,-0.009834311149516162,"StraightLane index=('>>>', '1S0_0_', 0)",True,80.19313049316406,0.0,0.000129699707044326,"StraightLane index=('>>', '>>>', 0)",True,0.0,True,False,-1.231245517730713,0.34660598635673523,0.0,0.34660598635673523,True,0.0,0.0,0.21662874147295952,0.0,0.21662874147295952,0.0
27.239701,"[130.35897827148438, 4.5, 0.0]","[148.78594970703125, 4.5, 0.0]",4.177312850962106,4.585598945617676,4.594124049696116,0.6557464599777685,0.5587946772575378,18.41896057124187,0.4049611091517562,0.22091865537592348,13.918960571241868,-0.40828609465557,4.151885509490967,0.3961830139160156,18.403457641601562,True,0,4.548068523406982,4.585598945617676,0.8156728744506836,0.09608751907749687,0.3564402975062514,0.023442932226262037,"StraightLane index=('>>>', '1S0_0_', 0)",True,80.27593994140625,0.0,0.000129699707044326,"StraightLane index=('>>', '>>>', 0)",True,0.0,True,False,-1.1994972229003906,0.3798832297325134,0.0,0.3798832297325134,True,0.0,0.0,0.2374270185828209,0.0,0.2374270185828209,0.0
27.25904,"[130.4422607421875, 4.5, 0.0]","[148.877197265625, 4.5, 0.0]",4.190427780161909,4.602071762084961,4.610202990561147,0.6557464599901586,0.5706621408462524,18.426971435493943,0.40828609465557,0.16624927519068855,13.926971435493943,-0.41164398192305196,4.164320945739746,0.3961830139160156,18.403457641601562,True,0,4.560503959655762,4.602071762084961,0.8156728744506836,0.09608751907749687,0.3564402975062514,0.023442932226262037,"StraightLane index=('>>>', '1S0_0_', 0)",True,80.35897827148438,0.0,0.0001373291015673648,"StraightLane index=('>>', '>>>', 0)",True,0.0,True,False,-1.1994972229003906,0.3798832297325134,0.0,0.3798832297325134,True,0.0,0.0,0.2374270185828209,0.0,0.2374270185828209,0.0
27.280644,"[130.5258026123047, 4.5, 0.0]","[148.97201538085938, 4.5, 0.0]",4.203542709361919,4.619190692901611,4.628144945381564,0.6557464600005058,0.5829289555549622,18.434936523372127,0.41164398192305196,0.16789436337409924,13.934936523372127,-0.41564798353969223,4.177013874053955,0.3961830139160156,18.403457641601562,True,0,4.573196887969971,4.619190692901611,0.8156728744506836,0.09608751907749687,0.3564402975062514,0.023442932226262037,"StraightLane index=('>>>', '1S0_0_', 0)",True,80.4422607421875,0.0,0.00015258789061344235,"StraightLane index=('>>', '>>>', 0)",True,0.0,True,False,-1.1994972229003906,0.3798832297325134,0.0,0.3798832297325134,True,0.0,0.0,0.2374270185828209,0.0,0.2374270185828209,0.0
27.299941,"[130.60960388183594, 4.5, 0.0]","[149.06141662597656, 4.5, 0.0]",4.216657638562098,4.635332107543945,4.64418958256659,0.6557464600089435,0.5986155867576599,18.446212768501702,0.41564798353969223,0.20020008083201368,13.946212768501702,-0.41867446898184735,4.190330982208252,0.3961830139160156,18.403457641601562,True,0,4.586513996124268,4.635332107543945,0.8255624771118164,0.11537345386866076,0.38751185870686156,-0.007628628974348128,"StraightLane index=('>>>', '1S0_0_', 0)",True,80.52580261230469,0.0,0.0001373291015673648,"StraightLane index=('>>', '>>>', 0)",True,0.0,True,False,-1.1994972229003906,0.3798832297325134,0.0,0.3798832297325134,True,0.0,0.0,0.2374270185828209,0.0,0.2374270185828209,0.0
27.319604,"[130.6936798095703, 4.5, 0.0]","[149.15513610839844, 4.5, 0.0]",4.229772567761527,4.655237674713135,4.660309440363128,0.6557464599714624,0.6111662983894348,18.451812744087622,0.41867446898184735,0.15132427210775568,13.951812744087622,-0.42546510695160755,4.203641891479492,0.3961830139160156,18.403457641601562,True,0,4.599824905395508,4.655237674713135,0.8255624771118164,0.11537345386866076,0.38751185870686156,-0.007628628974348128,"StraightLane index=('>>>', '1S0_0_', 0)",True,80.60960388183594,0.0,0.0001373291015673648,"StraightLane index=('>>', '>>>', 0)",True,0.0,True,False,-1.1994972229003906,0.3798832297325134,0.0,0.3798832297325134,True,0.0,0.0,0.2374270185828209,0.0,0.2374270185828209,0.0
27.340093,"[130.77801513671875, 4.5, 0.0]","[149.25131225585938, 4.5, 0.0]",4.243244171155375,4.665404796600342,4.677112325244746,0.6735801696923893,0.6214526295661926,18.461456298780824,0.42546510695160755,0.33953189848801024,13.961456298780824,-0.4221606254449668,4.216929912567139,0.4156479835510254,18.446212768554688,True,0,4.632577896118164,4.665404796600342,0.8255624771118164,0.11537345386866076,0.38751185870686156,0.002715906138032853,"StraightLane index=('>>>', '1S0_0_', 0)",True,80.69367980957031,0.0,0.000129699707044326,"StraightLane index=('>>', '>>>', 0)",True,0.0,True,False,-1.1994972229003906,0.3902277648448944,0.0,0.3902277648448944,True,0.0,0.0,0.243892353028059,0.0,0.243892353028059,0.0
27.359406,"[130.86260986328125, 4.5, 0.0]","[149.3444366455078, 4.5, 0.0]",4.256715774548809,4.688368797302246,4.6929551942837895,0.6735801696716948,0.6333885192871094,18.47329711908756,0.4221606254449668,-0.16522407533203776,13.973297119087562,-0.4316530227534372,4.230607032775879,0.4156479835510254,18.446212768554688,True,0,4.646255016326904,4.688368797302246,0.8255624771118164,0.11537345386866076,0.38751185870686156,0.002715906138032853,"StraightLane index=('>>>', '1S0_0_', 0)",True,80.77801513671875,0.0,0.0001373291015673648,"StraightLane index=('>>', '>>>', 0)",True,0.0,True,False,-1.1994972229003906,0.3902277648448944,0.0,0.3902277648448944,True,0.0,0.0,0.243892353028059,0.0,0.243892353028059,0.0
27.379972,"[130.94747924804688, 4.5, 0.0]","[149.43597412109375, 4.5, 0.0]",4.270187377942751,4.6977248191833505,4.709804612491211,0.6735801696970967,0.6457687616348267,18.481826782173474,0.4316530227534372,0.4746198654235201,13.981826782173474,-0.42753744124059967,4.244572639465332,0.4156479835510254,18.446212768554688,True,0,4.660220623016357,4.6977248191833505,0.8255624771118164,0.11537345386866076,0.38751185870686156,0.002715906138032853,"StraightLane index=('>>>', '1S0_0_', 0)",True,80.86260986328125,0.0,0.0001373291015673648,"StraightLane index=('>>', '>>>', 0)",True,0.0,True,False,-1.1994972229003906,0.3902277648448944,0.0,0.3902277648448944,True,0.0,0.0,0.243892353028059,0.0,0.243892353028059,0.0
27.3997,"[131.03260803222656, 4.5, 0.0]","[149.52920532226562, 4.5, 0.0]",4.2836589813364805,4.720706939697266,4.725988509693347,0.6735801696864829,0.6486232876777649,18.488494872999503,0.42753744124059967,-0.20577907564187647,13.988494872999503,-0.43704795836078514,4.264316082000732,0.4156479835510254,18.446212768554688,True,0,4.679964065551758,4.720706939697266,0.8537483215332031,0.1337172997354568,0.41779847266996717,-0.02757070782507276,"StraightLane index=('>>>', '1S0_0_', 0)",True,80.94747924804688,0.0,0.000129699707044326,"StraightLane index=('>>', '>>>', 0)",True,0.0,True,False,-1.1994972229003906,0.3902277648448944,0.0,0.3902277648448944,True,0.0,0.0,0.243892353028059,0.0,0.243892353028059,0.0
27.420608,"[131.11801147460938, 4.5, 0.0]","[149.62716674804688, 4.5, 0.0]",4.297130584730207,4.730500221252441,4.742409637702211,0.6735801696863053,0.6486232876777649,18.49659728998593,0.43704795836078514,0.47552585600927344,13.996597289985932,-0.4333696365222348,4.264316082000732,0.4275374412536621,18.488494873046875,True,0,4.6918535232543945,4.730500221252441,0.8537483215332031,0.1337172997354568,0.41779847266996717,-0.02757070782507276,"StraightLane index=('>>>', '1S0_0_', 0)",True,81.03260803222656,0.0,0.0001373291015673648,"StraightLane index=('>>', '>>>', 0)",True,0.0,True,False,-1.162087082862854,0.3902277648448944,0.0,0.3902277648448944,True,0.0,0.0,0.243892353028059,0.0,0.243892353028059,0.0
27.440295,"[131.2036895751953, 4.5, 0.0]","[149.72264099121094, 4.5, 0.0]",4.312049865736635,4.752894401550293,4.757864034751827,0.7459640503214349,0.6624554991722107,18.509155273384334,0.4333696365222348,-0.18391609192751623,14.009155273384334,-0.4408445358136577,4.285358905792236,0.4275374412536621,18.488494873046875,True,0,4.712896347045898,4.752894401550293,0.8537483215332031,0.1337172997354568,0.41779847266996717,0.014407740804306512,"StraightLane index=('>>>', '1S0_0_', 0)",True,81.11801147460938,0.0,0.0001373291015673648,"StraightLane index=('>>', '>>>', 0)",True,0.0,True,False,-1.162087082862854,0.4322062134742737,0.0,0.4322062134742737,True,0.0,0.0,0.27012888342142105,0.0,0.27012888342142105,0.0
27.459164,"[131.2896270751953, 4.5, 0.0]","[149.81491088867188, 4.5, 0.0]",4.326969146742942,4.761428356170654,4.7726830378880445,0.7459640503153508,0.6650989651679993,18.518951415956355,0.4408445358136577,0.37374496457114326,14.018951415956355,-0.434459209427712,4.305535316467285,0.4275374412536621,18.488494873046875,True,0,4.733072757720947,4.761428356170654,0.8537483215332031,0.1337172997354568,0.41779847266996717,0.014407740804306512,"StraightLane index=('>>>', '1S0_0_', 0)",True,81.20368957519531,0.0,0.00014495849609040358,"StraightLane index=('>>', '>>>', 0)",True,0.0,True,False,-1.162087082862854,0.4322062134742737,0.0,0.4322062134742737,True,0.0,0.0,0.27012888342142105,0.0,0.27012888342142105,0.0
27.480227,"[131.37586975097656, 4.5, 0.0]","[149.91285705566406, 4.5, 0.0]",4.341888427749491,4.784226894378662,4.789203225513036,0.7459640503274301,0.6743505001068115,18.525283813417275,0.434459209427712,-0.31926631929728444,14.025283813417275,-0.4423384666291712,4.313156604766846,0.4275374412536621,18.488494873046875,True,0,4.740694046020508,4.784226894378662,0.8537483215332031,0.1337172997354568,0.41779847266996717,0.014407740804306512,"StraightLane index=('>>>', '1S0_0_', 0)",True,81.28962707519531,0.0,0.00014495849609040358,"StraightLane index=('>>', '>>>', 0)",True,0.0,True,False,-1.162087082862854,0.4322062134742737,0.0,0.4322062134742737,True,0.0,0.0,0.27012888342142105,0.0,0.27012888342142105,0.0
27.499968,"[131.46240234375, 4.5, 0.0]","[150.00794982910156, 4.5, 0.0]",4.356807708755816,4.793226718902588,4.804707133552281,0.745964050316239,0.6846177577972412,18.536987304615028,0.4423384666291712,0.39396286007296055,14.036987304615028,-0.4364190101467722,4.327686786651611,0.4275374412536621,18.488494873046875,True,0,4.755224227905273,4.793226718902588,0.7251977920532227,0.1457274924837739,0.42939984907917583,0.002806364395097849,"StraightLane index=('>>>', '1S0_0_', 0)",True,81.37586975097656,0.0,0.00016021728513648115,"StraightLane index=('>>', '>>>', 0)",True,0.0,True,False,-1.162087082862854,0.4322062134742737,0.0,0.4322062134742737,True,0.0,0.0,0.27012888342142105,0.0,0.27012888342142105,0.0
27.519455,"[131.5492401123047, 4.5, 0.0]","[150.10202026367188, 4.5, 0.0]",4.371726989762454,4.814483165740967,4.818933529043559,0.7459640503319154,0.6965789198875427,18.545547485271985,0.4364190101467722,-0.29597282411994996,14.045547485271985,-0.4427561759785128,4.342635631561279,0.4423384666442871,18.5369873046875,True,0,4.784974098205566,4.814483165740967,0.7251977920532227,0.1457274924837739,0.42939984907917583,0.002806364395097849,"StraightLane index=('>>>', '1S0_0_', 0)",True,81.46240234375,0.0,0.0001678466797104088,"StraightLane index=('>>', '>>>', 0)",True,0.0,True,False,-1.162087082862854,0.4322062134742737,0.0,0.4322062134742737,True,0.0,0.0,0.27012888342142105,0.0,0.27012888342142105,0.0
27.540866,"[131.63638305664062, 4.5, 0.0]","[150.2016143798828, 4.5, 0.0]",4.387489318864641,4.822835922241211,4.834559905399789,0.7881164551093445,0.7019904851913452,18.552780151301395,0.4427561759785128,0.31685829158702994,14.052780151301395,-0.43534660337657005,4.364170074462891,0.4423384666442871,18.5369873046875,True,0,4.806508541107178,4.822835922241211,0.7251977920532227,0.1457274924837739,0.42939984907917583,0.027222006418184397,"StraightLane index=('>>>', '1S0_0_', 0)",True,81.54924011230469,0.0,0.00015258789061344235,"StraightLane index=('>>', '>>>', 0)",True,0.0,True,False,-1.162087082862854,0.45662185549736023,0.0,0.45662185549736023,True,0.0,0.0,0.28538865968585014,0.0,0.28538865968585014,0.0
27.55891,"[131.72381591796875, 4.499999523162842, 0.0]","[150.295166015625, 4.5, 0.0]",4.403251647967536,4.84360933303833,4.847742587043892,0.7881164551447384,0.7153514623641968,18.565231323162525,0.43534660337657005,-0.37047863009713744,14.065231323162525,-0.4403576850707944,4.372591495513916,0.4423384666442871,18.5369873046875,True,0,4.814929962158203,4.84360933303833,0.7251977920532227,0.1457274924837739,0.42939984907917583,0.027222006418184397,"StraightLane index=('>>>', '1S0_0_', 0)",True,81.63638305664062,0.0,0.0001678466797104088,"StraightLane index=('>>', '>>>', 0)",True,0.0,True,False,-1.162087082862854,0.45662185549736023,0.0,0.45662185549736023,True,0.0,0.0,0.28538865968585014,0.0,0.28538865968585014,0.0
27.58047,"[131.8115692138672, 4.499999046325684, 0.0]","[150.39495849609375, 4.5, 0.0]",4.4190139770705095,4.851988792419434,4.86347056479192,0.7881164551486908,0.7254087924957275,18.5713500975433,0.4403576850707944,0.25055408471121865,14.071350097543299,-0.4329748153489241,4.3879475593566895,0.4423384666442871,18.5369873046875,True,0,4.830286026000977,4.851988792419434,0.7251977920532227,0.1457274924837739,0.42939984907917583,0.027222006418184397,"StraightLane index=('>>>', '1S0_0_', 0)",True,81.72381591796875,4.76837158203125e-07,0.00019836425780256396,"StraightLane index=('>>', '>>>', 0)",True,0.0,True,False,-1.162087082862854,0.45662185549736023,0.0,0.45662185549736023,True,0.0,0.0,0.28538865968585014,0.0,0.28538865968585014,0.0
27.599966,"[131.89962768554688, 4.499998569488525, 0.0]","[150.49169921875, 4.5, 0.0]",4.434776306173128,4.873243808746338,4.8777044899780755,0.7881164551309272,0.7354630827903748,18.583389282128618,0.4329748153489241,-0.369143486093515,14.083389282128618,-0.4384675025732099,4.403480052947998,0.4423384666442871,18.5369873046875,True,0,4.845818519592285,4.873243808746338,0.8001708984375,0.15916072468070902,0.44416460135329544,0.012457254144064789,"StraightLane index=('>>>', '1S0_0_', 0)",True,81.81156921386719,9.5367431640625e-07,0.00018310546875648638,"StraightLane index=('>>', '>>>', 0)",True,0.0,True,False,-1.162087082862854,0.45662185549736023,0.0,0.45662185549736023,True,0.0,0.0,0.28538865968585014,0.0,0.28538865968585014,0.0
27.621034,"[131.98800659179688, 4.499998092651367, 0.0]","[150.58993530273438, 4.5, 0.0]",4.450538635274861,4.880263805389404,4.8916015991308255,0.7881164550866515,0.7485701441764832,18.592071533119157,0.4384675025732099,0.27463436121428764,14.092071533119157,-0.42972517011454325,4.4270405769348145,0.43297481536865234,18.583389282226562,True,0,4.860015392303467,4.880263805389404,0.8001708984375,0.15916072468070902,0.44416460135329544,0.012457254144064789,"StraightLane index=('>>>', '1S0_0_', 0)",True,81.89962768554688,1.430511474609375e-06,0.0001678466797104088,"StraightLane index=('>>', '>>>', 0)",True,0.0,True,False,-1.1195682287216187,0.45662185549736023,0.0,0.45662185549736023,True,0.0,0.0,0.28538865968585014,0.0,0.28538865968585014,0.0
27.6407,"[132.0767059326172, 4.499997615814209, 0.0]","[150.68807983398438, 4.5, 0.0]",4.466331481954266,4.900121688842773,4.904570945634785,0.789642333970253,0.7636206150054932,18.60192871083641,0.42972517011454325,-0.4371166229333312,14.101928710836411,-0.43379020688850733,4.436104774475098,0.43297481536865234,18.583389282226562,True,0,4.86907958984375,4.900121688842773,0.8001708984375,0.15916072468070902,0.44416460135329544,0.01334625742088974,"StraightLane index=('>>>', '1S0_0_', 0)",True,81.98800659179688,1.9073486328125e-06,0.00018310546875648638,"StraightLane index=('>>', '>>>', 0)",True,0.0,True,False,-1.1195682287216187,0.4575108587741852,0.0,0.4575108587741852,True,0.0,0.0,0.28594428673386574,0.0,0.28594428673386574,0.0
27.660629,"[132.16571044921875, 4.499997138977051, 0.0]","[150.78587341308594, 4.5, 0.0]",4.482124328633892,4.90659761428833,4.917743940415838,0.7896423339813108,0.7740138173103333,18.6113739012726,0.43379020688850733,0.20325183869820407,14.1113739012726,-0.42447328565443776,4.452467441558838,0.43297481536865234,18.583389282226562,True,0,4.88544225692749,4.90659761428833,0.8001708984375,0.15916072468070902,0.44416460135329544,0.01334625742088974,"StraightLane index=('>>>', '1S0_0_', 0)",True,82.07670593261719,2.384185791015625e-06,0.00017547607418255874,"StraightLane index=('>>', '>>>', 0)",True,0.0,True,False,-1.1195682287216187,0.4575108587741852,0.0,0.4575108587741852,True,0.0,0.0,0.28594428673386574,0.0,0.28594428673386574,0.0
27.680316,"[132.25503540039062, 4.499996662139893, 0.0]","[150.88433837890625, 4.5, 0.0]",4.497917175313003,4.926497459411621,4.930702526936238,0.7896423339555536,0.781348705291748,18.620162963786388,0.42447328565443776,-0.46584606170347875,14.120162963786388,-0.4285802840986177,4.468676567077637,0.43297481536865234,18.583389282226562,True,0,4.901651382446289,4.926497459411621,0.8001708984375,0.15916072468070902,0.44416460135329544,0.01334625742088974,"StraightLane index=('>>>', '1S0_0_', 0)",True,82.16571044921875,2.86102294921875e-06,0.00016021728513648115,"StraightLane index=('>>', '>>>', 0)",True,0.0,True,False,-1.1195682287216187,0.4575108587741852,0.0,0.4575108587741852,True,0.0,0.0,0.28594428673386574,0.0,0.28594428673386574,0.0
27.700338,"[132.3446807861328, 4.499996185302734, 0.0]","[150.98245239257812, 4.5, 0.0]",4.513710021992358,4.93301820755005,4.943920384183328,0.7896423339677217,0.7868973612785339,18.629302978425912,0.4285802840986177,0.20534992220899717,14.129302978425912,-0.4193081855576919,4.492751598358154,0.43297481536865234,18.583389282226562,True,0,4.925726413726807,4.93301820755005,0.5977439880371183,0.16416569179393725,0.436716012406437,0.0207948463677482,"StraightLane index=('>>>', '1S0_0_', 0)",True,82.25503540039062,3.337860107421875e-06,0.0001678466797104088,"StraightLane index=('>>', '>>>', 0)",True,0.0,True,False,-1.1195682287216187,0.4575108587741852,0.0,0.4575108587741852,True,0.0,0.0,0.28594428673386574,0.0,0.28594428673386574,0.0
27.71956,"[132.4346466064453, 4.499995708465576, 0.0]","[151.0792999267578, 4.5, 0.0]",4.529502868671729,4.951498031616211,4.9550449398990954,0.7896423339685654,0.7943155765533447,18.637771606361778,0.4193081855576919,-0.4636049270462905,14.137771606361778,-0.4219951629444818,4.50139856338501,0.42858028411865234,18.629302978515625,True,0,4.929978847503662,4.951498031616211,0.5977439880371183,0.16416569179393725,0.436716012406437,0.0207948463677482,"StraightLane index=('>>>', '1S0_0_', 0)",True,82.34468078613281,3.814697265625e-06,0.00016021728513648115,"StraightLane index=('>>', '>>>', 0)",True,0.0,True,False,-1.1195682287216187,0.4575108587741852,0.0,0.4575108587741852,True,0.0,0.0,0.28594428673386574,0.0,0.28594428673386574,0.0
27.740639,"[132.52491760253906, 4.499995231628418, 0.0]","[151.18128967285156, 4.5, 0.0]",4.545522689838086,4.956707000732422,4.967253242904238,0.800991058317857,0.7961364984512329,18.644653320227604,0.4219951629444818,0.13434886933949564,14.144653320227604,-0.4111843108943356,4.517406940460205,0.42858028411865234,18.629302978515625,True,0,4.945987224578857,4.956707000732422,0.5977439880371183,0.16416569179393725,0.436716012406437,0.027343638491542754,"StraightLane index=('>>>', '1S0_0_', 0)",True,82.43464660644531,4.291534423828125e-06,0.00016021728513648115,"StraightLane index=('>>', '>>>', 0)",True,0.0,True,False,-1.1195682287216187,0.46405965089797974,0.0,0.46405965089797974,True,0.0,0.0,0.29003728181123734,0.0,0.29003728181123734,0.0
27.75896,"[132.61550903320312, 4.49999475479126, 0.0]","[151.27761840820312, 4.5, 0.0]",4.561542511004572,4.974589824676514,4.977866571715747,0.8009910583242963,0.7947580218315125,18.656372070226226,0.4111843108943356,-0.5405426025073101,14.156372070226226,-0.4130473136719415,4.541125774383545,0.42858028411865234,18.629302978515625,True,0,4.969706058502197,4.974589824676514,0.5977439880371183,0.16416569179393725,0.436716012406437,0.027343638491542754,"StraightLane index=('>>>', '1S0_0_', 0)",True,82.52491760253906,4.76837158203125e-06,0.00016021728513648115,"StraightLane index=('>>', '>>>', 0)",True,0.0,True,False,-1.1195682287216187,0.46405965089797974,0.0,0.46405965089797974,True,0.0,0.0,0.29003728181123734,0.0,0.29003728181123734,0.0
27.780416,"[132.7064208984375, 4.499994277954102, 0.0]","[151.3797149658203, 4.5, 0.0]",4.577562332171269,4.979811668395997,4.9902529814818175,0.8009910583348212,0.8002646565437317,18.66210937491985,0.4130473136719415,0.09315013888029355,14.16210937491985,-0.40224933622472836,4.549651145935059,0.42858028411865234,18.629302978515625,True,0,4.978231430053711,4.979811668395997,0.5977439880371183,0.16416569179393725,0.436716012406437,0.027343638491542754,"StraightLane index=('>>>', '1S0_0_', 0)",True,82.61550903320312,5.245208740234375e-06,0.00015258789061344235,"StraightLane index=('>>', '>>>', 0)",True,0.0,True,False,-1.1195682287216187,0.46405965089797974,0.0,0.46405965089797974,True,0.0,0.0,0.29003728181123734,0.0,0.29003728181123734,0.0
27.800897,"[132.7976531982422, 4.499993801116943, 0.0]","[151.47906494140625, 4.5, 0.0]",4.593582153338182,4.998045921325684,5.002063230714504,0.800991058345657,0.7988659739494324,18.673294067301356,0.40224933622472836,-0.5398988723606557,14.173294067301356,-0.40446376798750183,4.565423011779785,0.42858028411865234,18.629302978515625,True,0,4.9940032958984375,4.998045921325684,0.6502771377563388,0.1705088224360154,0.4334102716278916,0.03064937927008815,"StraightLane index=('>>>', '1S0_0_', 0)",True,82.7064208984375,5.7220458984375e-06,0.00015258789061344235,"StraightLane index=('>>', '>>>', 0)",True,0.0,True,False,-1.1195682287216187,0.46405965089797974,0.0,0.46405965089797974,True,0.0,0.0,0.29003728181123734,0.0,0.29003728181123734,0.0
27.820803,"[132.8892059326172, 4.499993324279785, 0.0]","[151.57843017578125, 4.5, 0.0]",4.609601974505036,5.005032539367676,5.011899208389374,0.800991058342726,0.8002005219459534,18.681411743081306,0.40446376798750183,0.11072158813867361,14.181411743081306,-0.3954305648626395,4.5814690589904785,0.4022493362426758,18.673294067382812,True,0,4.983718395233154,5.005032539367676,0.6502771377563388,0.1705088224360154,0.4334102716278916,0.03064937927008815,"StraightLane index=('>>>', '1S0_0_', 0)",True,82.79765319824219,6.198883056640625e-06,0.00015258789061344235,"StraightLane index=('>>', '>>>', 0)",True,0.0,True,False,-1.1195682287216187,0.46405965089797974,0.0,0.46405965089797974,True,0.0,0.0,0.29003728181123734,0.0,0.29003728181123734,0.0
27.840311,"[132.9810791015625, 4.499992847442627, 0.0]","[151.68016052246094, 4.5, 0.0]",4.625041961687628,5.015031337738037,5.021533803029835,0.7719993591295715,0.8033939599990845,18.68922424308001,0.3954305648626395,-0.4516601562431166,14.189224243080009,-0.3899893760504094,4.597746849060059,0.4022493362426758,18.673294067382812,True,0,4.999996185302734,5.015031337738037,0.6502771377563388,0.1705088224360154,0.4334102716278916,0.013844922559272721,"StraightLane index=('>>>', '1S0_0_', 0)",True,82.88920593261719,6.67572021484375e-06,0.00015258789061344235,"StraightLane index=('>>', '>>>', 0)",True,0.0,True,False,-1.0722405910491943,0.4472551941871643,0.0,0.4472551941871643,True,0.0,0.0,0.2795344963669777,0.0,0.2795344963669777,0.0
27.859692,"[133.07327270507812, 4.499992370605469, 0.0]","[151.78041076660156, 4.5, 0.0]",4.64048194887083,5.02488374710083,5.031112059431128,0.7719993591601249,0.8031031489372253,18.699081420813076,0.3899893760504094,-0.2720594406115051,14.199081420813076,-0.38440179822999987,4.613729476928711,0.4022493362426758,18.673294067382812,True,0,5.015978813171387,5.02488374710083,0.6502771377563388,0.1705088224360154,0.4334102716278916,0.013844922559272721,"StraightLane index=('>>>', '1S0_0_', 0)",True,82.9810791015625,7.152557373046875e-06,0.00015258789061344235,"StraightLane index=('>>', '>>>', 0)",True,0.0,True,False,-1.0722405910491943,0.4472551941871643,0.0,0.4472551941871643,True,0.0,0.0,0.2795344963669777,0.0,0.2795344963669777,0.0
27.880299,"[133.165771484375, 4.4999918937683105, 0.0]","[151.8812713623047, 4.5, 0.0]",4.65592193605371,5.034796714782715,5.041276233422024,0.7719993591440044,0.8010833263397217,18.70713806143678,0.38440179822999987,-0.2793788910204764,14.20713806143678,-0.37887477872900455,4.629489898681641,0.4022493362426758,18.673294067382812,True,0,5.031739234924316,5.034796714782715,0.6502771377563388,0.1705088224360154,0.4334102716278916,0.013844922559272721,"StraightLane index=('>>>', '1S0_0_', 0)",True,83.07327270507812,7.62939453125e-06,0.00015258789061344235,"StraightLane index=('>>', '>>>', 0)",True,0.0,True,False,-1.0722405910491943,0.4472551941871643,0.0,0.4472551941871643,True,0.0,0.0,0.2795344963669777,0.0,0.2795344963669777,0.0
27.899762,"[133.25857543945312, 4.499991416931152, 0.0]","[151.98138427734375, 4.5, 0.0]",4.671361923236986,5.0446367263793945,5.050905551639363,0.7719993591637664,0.7954546213150024,18.715499877825636,0.37887477872900455,-0.27635097504976613,14.215499877825636,-0.3732748031424089,4.652864933013916,0.4022493362426758,18.673294067382812,True,0,5.055114269256592,5.0446367263793945,0.4659080505371094,0.16976472196121267,0.4123933440037785,0.034861850183385834,"StraightLane index=('>>>', '1S0_0_', 0)",True,83.165771484375,8.106231689453125e-06,0.0001678466797104088,"StraightLane index=('>>', '>>>', 0)",True,0.0,True,False,-1.0722405910491943,0.4472551941871643,0.0,0.4472551941871643,True,0.0,0.0,0.2795344963669777,0.0,0.2795344963669777,0.0
27.919553,"[133.35169982910156, 4.499990940093994, 0.0]","[152.0801544189453, 4.5, 0.0]",4.686801910420686,5.053145408630371,5.059011350487395,0.7719993591850383,0.799919068813324,18.722808837785145,0.3732748031424089,-0.279998779329782,14.222808837785145,-0.3663434982096847,4.661287784576416,0.4022493362426758,18.673294067382812,True,0,5.063537120819092,5.053145408630371,0.4659080505371094,0.16976472196121267,0.4123933440037785,0.034861850183385834,"StraightLane index=('>>>', '1S0_0_', 0)",True,83.25857543945312,8.58306884765625e-06,0.0001678466797104088,"StraightLane index=('>>', '>>>', 0)",True,0.0,True,False,-1.0722405910491943,0.4472551941871643,0.0,0.4472551941871643,True,0.0,0.0,0.2795344963669777,0.0,0.2795344963669777,0.0
27.940297,"[133.44512939453125, 4.499990463256836, 0.0]","[152.18426513671875, 4.5, 0.0]",4.702560424825733,5.061541557312012,5.067498397013034,0.7879257202523249,0.7969331741333008,18.728454589736845,0.3663434982096847,-0.34656524663621013,14.228454589736845,-0.35898113248627883,4.676877975463867,0.3788747787475586,18.715499877929688,True,0,5.055752754211426,5.061541557312012,0.4659080505371094,0.16976472196121267,0.4123933440037785,0.0440937453917446,"StraightLane index=('>>>', '1S0_0_', 0)",True,83.35169982910156,9.059906005859375e-06,0.0001678466797104088,"StraightLane index=('>>', '>>>', 0)",True,0.0,True,False,-1.0722405910491943,0.45648708939552307,0.0,0.45648708939552307,True,0.0,0.0,0.2853044308722019,0.0,0.2853044308722019,0.0
27.960146,"[133.5388641357422, 4.499989986419678, 0.0]","[152.28541564941406, 4.5, 0.0]",4.718318939231164,5.069699287414551,5.075618898137741,0.7879257202715539,0.7926492094993591,18.73913574206133,0.35898113248627883,-0.36811828617029363,14.239135742061329,-0.3513803481833868,4.69228982925415,0.3788747787475586,18.715499877929688,True,0,5.071164608001709,5.069699287414551,0.4659080505371094,0.16976472196121267,0.4123933440037785,0.0440937453917446,"StraightLane index=('>>>', '1S0_0_', 0)",True,83.44512939453125,9.5367431640625e-06,0.00018310546875648638,"StraightLane index=('>>', '>>>', 0)",True,0.0,True,False,-1.0722405910491943,0.45648708939552307,0.0,0.45648708939552307,True,0.0,0.0,0.2853044308722019,0.0,0.2853044308722019,0.0
27.981934,"[133.63291931152344, 4.4999895095825195, 0.0]","[152.3852081298828, 4.5, 0.0]",4.73407745363627,5.077747344970703,5.0845252972705985,0.7879257202553003,0.7884310483932495,18.74655151354414,0.3513803481833868,-0.3800392151446008,14.24655151354414,-0.34366989133443315,4.7075982093811035,0.3788747787475586,18.715499877929688,True,0,5.086472988128662,5.077747344970703,0.4659080505371094,0.16976472196121267,0.4123933440037785,0.0440937453917446,"StraightLane index=('>>>', '1S0_0_', 0)",True,83.53886413574219,1.0013580322265625e-05,0.00018310546875648638,"StraightLane index=('>>', '>>>', 0)",True,0.0,True,False,-1.0722405910491943,0.45648708939552307,0.0,0.45648708939552307,True,0.0,0.0,0.2853044308722019,0.0,0.2853044308722019,0.0
27.999979,"[133.72727966308594, 4.499989032745361, 0.0]","[152.488525390625, 4.5, 0.0]",4.749835968041747,5.086079120635986,5.091906701070553,0.7879257202738632,0.7883992195129395,18.752288818210673,0.34366989133443315,-0.3855228424476831,14.252288818210673,-0.3362431525942391,4.723283290863037,0.3788747787475586,18.715499877929688,True,0,5.102158069610596,5.086079120635986,0.41442394256591797,0.16729308775489854,0.3858511369411539,0.07063595245436916,"StraightLane index=('>>>', '1S0_0_', 0)",True,83.63291931152344,1.049041748046875e-05,0.00019836425780256396,"StraightLane index=('>>', '>>>', 0)",True,0.0,True,False,-1.0722405910491943,0.45648708939552307,0.0,0.45648708939552307,True,0.0,0.0,0.2853044308722019,0.0,0.2853044308722019,0.0
28.020547,"[133.82196044921875, 4.499988555908203, 0.0]","[152.59071350097656, 4.5, 0.0]",4.765594482446383,5.093162536621094,5.098670811769063,0.787925720231808,0.7776397466659546,18.761245727388655,0.3362431525942391,-0.37133693700970305,14.261245727388655,-0.32756805417471035,4.745726108551025,0.3436698913574219,18.752288818359375,True,0,5.089395999908447,5.093162536621094,0.41442394256591797,0.16729308775489854,0.3858511369411539,0.07063595245436916,"StraightLane index=('>>>', '1S0_0_', 0)",True,83.72727966308594,1.0967254638671875e-05,0.00019836425780256396,"StraightLane index=('>>', '>>>', 0)",True,0.0,True,False,-1.0195564031600952,0.45648708939552307,0.0,0.45648708939552307,True,0.0,0.0,0.2853044308722019,0.0,0.2853044308722019,0.0
28.040257,"[133.91696166992188, 4.499988079071045, 0.0]","[152.69297790527344, 4.5, 0.0]",4.779592514063458,5.099748611450195,5.105157008612767,0.6999015808537123,0.7847310304641724,18.768753051625396,0.32756805417471035,-0.43375492097643686,14.268753051625396,-0.32015609738673767,4.754246711730957,0.3436698913574219,18.752288818359375,True,0,5.097916603088379,5.099748611450195,0.41442394256591797,0.16729308775489854,0.3858511369411539,0.01965693424300441,"StraightLane index=('>>>', '1S0_0_', 0)",True,83.82196044921875,1.1444091796875e-05,0.00018310546875648638,"StraightLane index=('>>', '>>>', 0)",True,0.0,True,False,-1.0195564031600952,0.4055080711841583,0.0,0.4055080711841583,True,0.0,0.0,0.25344254449009895,0.0,0.25344254449009895,0.0
28.060107,"[134.01226806640625, 4.499987602233887, 0.0]","[152.79440307617188, 4.5, 0.0]",4.793590545679569,5.10628080368042,5.1116823153228665,0.6999015808055731,0.7864993810653687,18.776016235197766,0.32015609738673767,-0.3705978393986342,14.276016235197766,-0.3126902580008508,4.770056247711182,0.3436698913574219,18.752288818359375,True,0,5.1137261390686035,5.10628080368042,0.41442394256591797,0.16729308775489854,0.3858511369411539,0.01965693424300441,"StraightLane index=('>>>', '1S0_0_', 0)",True,83.91696166992188,1.1920928955078125e-05,0.00019836425780256396,"StraightLane index=('>>', '>>>', 0)",True,0.0,True,False,-1.0195564031600952,0.4055080711841583,0.0,0.4055080711841583,True,0.0,0.0,0.25344254449009895,0.0,0.25344254449009895,0.0
28.080155,"[134.1078643798828, 4.4999871253967285, 0.0]","[152.8969268798828, 4.5, 0.0]",4.807588577295779,5.112883567810059,5.118282893612229,0.6999015808105025,0.8052598834037781,18.782135009610137,0.3126902580008508,-0.3732919692943426,14.282135009610137,-0.30529499051427944,4.787928581237793,0.3436698913574219,18.752288818359375,True,0,5.131598472595215,5.112883567810059,0.41442394256591797,0.16729308775489854,0.3858511369411539,0.01965693424300441,"StraightLane index=('>>>', '1S0_0_', 0)",True,84.01226806640625,1.239776611328125e-05,0.00019836425780256396,"StraightLane index=('>>', '>>>', 0)",True,0.0,True,False,-1.0195564031600952,0.4055080711841583,0.0,0.4055080711841583,True,0.0,0.0,0.25344254449009895,0.0,0.25344254449009895,0.0
28.099227,"[134.2037353515625, 4.49998664855957, 0.0]","[152.99620056152344, 4.5, 0.0]",4.821586608912,5.119277000427246,5.124560886419848,0.6999015808110354,0.7926067113876343,18.789062499862908,0.30529499051427944,-0.3697633743285689,14.289062499862908,-0.29769039151524623,4.802583694458008,0.3436698913574219,18.752288818359375,True,0,5.14625358581543,5.119277000427246,0.33197879791259766,0.1621830369063496,0.35568179139125966,0.049826279792898664,"StraightLane index=('>>>', '1S0_0_', 0)",True,84.10786437988281,1.2874603271484375e-05,0.00018310546875648638,"StraightLane index=('>>', '>>>', 0)",True,0.0,True,False,-1.0195564031600952,0.4055080711841583,0.0,0.4055080711841583,True,0.0,0.0,0.25344254449009895,0.0,0.25344254449009895,0.0
28.119598,"[134.2998809814453, 4.499986171722412, 0.0]","[153.0992889404297, 4.5, 0.0]",4.835584640527065,5.124922752380371,5.1298410359799975,0.6999015807532594,0.7778406739234924,18.792465209822304,0.29769039151524623,-0.3802299499516604,14.292465209822304,-0.28933811185330605,4.816751956939697,0.3052949905395508,18.7890625,True,0,5.122046947479248,5.124922752380371,0.33197879791259766,0.1621830369063496,0.35568179139125966,0.049826279792898664,"StraightLane index=('>>>', '1S0_0_', 0)",True,84.2037353515625,1.33514404296875e-05,0.00018310546875648638,"StraightLane index=('>>', '>>>', 0)",True,0.0,True,False,-1.0195564031600952,0.4055080711841583,0.0,0.4055080711841583,True,0.0,0.0,0.25344254449009895,0.0,0.25344254449009895,0.0
28.140117,"[134.3963165283203, 4.499985694885254, 0.0]","[153.2047576904297, 4.5, 0.0]",4.8485641479732635,5.130198955535889,5.135120877129718,0.6489753723099234,0.7624736428260803,18.79940795884418,0.28933811185330605,-0.41761398309700937,14.299407958844181,-0.28163480756262516,4.830556869506836,0.3052949905395508,18.7890625,True,0,5.135851860046387,5.130198955535889,0.33197879791259766,0.1621830369063496,0.35568179139125966,0.02030782452594615,"StraightLane index=('>>>', '1S0_0_', 0)",True,84.29988098144531,1.3828277587890625e-05,0.00018310546875648638,"StraightLane index=('>>', '>>>', 0)",True,0.0,True,False,-1.0195564031600952,0.3759896159172058,0.0,0.3759896159172058,True,0.0,0.0,0.23499350994825363,0.0,0.23499350994825363,0.0
28.159679,"[134.49302673339844, 4.499985218048096, 0.0]","[153.3069610595703, 4.5, 0.0]",4.86154365541949,5.135311603546143,5.140149731828796,0.6489753723113445,0.7343437075614929,18.808441161986764,0.28163480756262516,-0.3851652145340445,14.308441161986764,-0.27376794812665217,4.850193500518799,0.3052949905395508,18.7890625,True,0,5.15548849105835,5.135311603546143,0.33197879791259766,0.1621830369063496,0.35568179139125966,0.02030782452594615,"StraightLane index=('>>>', '1S0_0_', 0)",True,84.39631652832031,1.430511474609375e-05,0.0001678466797104088,"StraightLane index=('>>', '>>>', 0)",True,0.0,True,False,-1.0195564031600952,0.3759896159172058,0.0,0.3759896159172058,True,0.0,0.0,0.23499350994825363,0.0,0.23499350994825363,0.0
28.180382,"[134.58999633789062, 4.4999847412109375, 0.0]","[153.40721130371094, 4.5, 0.0]",4.874523162866303,5.140326499938965,5.1454652116852175,0.64897537234061,0.7294137477874756,18.81393432602856,0.27376794812665217,-0.3933429717986492,14.313934326028559,-0.26580333707266224,4.857019901275635,0.3052949905395508,18.7890625,True,0,5.1623148918151855,5.140326499938965,0.33197879791259766,0.1621830369063496,0.35568179139125966,0.02030782452594615,"StraightLane index=('>>>', '1S0_0_', 0)",True,84.49302673339844,1.4781951904296875e-05,0.00018310546875648638,"StraightLane index=('>>', '>>>', 0)",True,0.0,True,False,-1.0195564031600952,0.3759896159172058,0.0,0.3759896159172058,True,0.0,0.0,0.23499350994825363,0.0,0.23499350994825363,0.0
28.200237,"[134.68722534179688, 4.499984264373779, 0.0]","[153.5098419189453, 4.5, 0.0]",4.887502670313506,5.14546012878418,5.150545801905037,0.6489753723601499,0.7106727361679077,18.81721496565471,0.26580333707266224,-0.3982305526994967,14.31721496565471,-0.2579574584706741,4.869479656219482,0.3052949905395508,18.7890625,True,0,5.174774646759033,5.14546012878418,0.26183128356933594,0.1551288281406414,0.32280117614657955,0.05318843977062626,"StraightLane index=('>>>', '1S0_0_', 0)",True,84.58999633789062,1.52587890625e-05,0.00019836425780256396,"StraightLane index=('>>', '>>>', 0)",True,0.0,True,False,-1.0195564031600952,0.3759896159172058,0.0,0.3759896159172058,True,0.0,0.0,0.23499350994825363,0.0,0.23499350994825363,0.0
28.220052,"[134.7847137451172, 4.499983787536621, 0.0]","[153.61338806152344, 4.5, 0.0]",4.900482177760374,5.14981746673584,5.154457316300215,0.6489753723434077,0.6965724229812622,18.82261657700203,0.2579574584706741,-0.3922939300994077,14.32261657700203,-0.24933528897546609,4.88207483291626,0.26580333709716797,18.817214965820312,True,0,5.147878170013428,5.14981746673584,0.26183128356933594,0.1551288281406414,0.32280117614657955,0.05318843977062626,"StraightLane index=('>>>', '1S0_0_', 0)",True,84.68722534179688,1.5735626220703125e-05,0.00018310546875648638,"StraightLane index=('>>', '>>>', 0)",True,0.0,True,False,-0.9633017182350159,0.3759896159172058,0.0,0.3759896159172058,True,0.0,0.0,0.23499350994825363,0.0,0.23499350994825363,0.0
28.240288,"[134.88246154785156, 4.499983310699463, 0.0]","[153.7167510986328, 4.5, 0.0]",4.912296295192541,5.1570963859558105,5.158443935952056,0.5907058716083657,0.7056585550308228,18.82867431624795,0.24933528897546609,-0.43110847476039993,14.328674316247952,-0.24480009076326947,4.897072792053223,0.26580333709716797,18.817214965820312,True,0,5.162876129150391,5.1570963859558105,0.26183128356933594,0.1551288281406414,0.32280117614657955,0.01944854514210148,"StraightLane index=('>>>', '1S0_0_', 0)",True,84.78471374511719,1.621246337890625e-05,0.00019073486327952517,"StraightLane index=('>>', '>>>', 0)",True,0.0,True,False,-0.9633017182350159,0.34224972128868103,0.0,0.34224972128868103,True,0.0,0.0,0.21390607580542564,0.0,0.21390607580542564,0.0
28.259912,"[134.98046875, 4.499982833862305, 0.0]","[153.822021484375, 4.5, 0.0]",4.924110412625198,5.154448509216309,5.162303236676346,0.5907058716328351,0.6875919103622437,18.834289550610592,0.24480009076326947,-0.22675991060983058,14.334289550610592,-0.23033809659111082,4.909154891967773,0.26580333709716797,18.817214965820312,True,0,5.174958229064941,5.154448509216309,0.26183128356933594,0.1551288281406414,0.32280117614657955,0.01944854514210148,"StraightLane index=('>>>', '1S0_0_', 0)",True,84.88246154785156,1.6689300537109375e-05,0.00019836425780256396,"StraightLane index=('>>', '>>>', 0)",True,0.0,True,False,-0.9633017182350159,0.34224972128868103,0.0,0.34224972128868103,True,0.0,0.0,0.21390607580542564,0.0,0.21390607580542564,0.0
28.279778,"[135.07872009277344, 4.4999823570251465, 0.0]","[153.92306518554688, 4.5, 0.0]",4.935924530057625,5.164972305297852,5.166222762662708,0.5907058716213776,0.6668827533721924,18.841552734213455,0.23033809659111082,-0.7230997086079327,14.341552734213455,-0.22904777524022624,4.920582294464111,0.26580333709716797,18.817214965820312,True,0,5.186385631561279,5.164972305297852,0.26183128356933594,0.1551288281406414,0.32280117614657955,0.01944854514210148,"StraightLane index=('>>>', '1S0_0_', 0)",True,84.98046875,1.71661376953125e-05,0.00019073486327952517,"StraightLane index=('>>', '>>>', 0)",True,0.0,True,False,-0.9633017182350159,0.34224972128868103,0.0,0.34224972128868103,True,0.0,0.0,0.21390607580542564,0.0,0.21390607580542564,0.0
28.299501,"[135.1772003173828, 4.499981880187988, 0.0]","[154.02566528320312, 4.5, 0.0]",4.947738647489238,5.1622233390808105,5.170103723931266,0.5907058715806546,0.6501679420471191,18.84434509259942,0.22904777524022624,-0.06451606754422912,14.344345092599418,-0.21448469159157213,4.932009220123291,0.26580333709716797,18.817214965820312,True,0,5.197812557220459,5.1622233390808105,0.1676321029663086,0.14548306893039809,0.28489811846491997,0.05735160282376106,"StraightLane index=('>>>', '1S0_0_', 0)",True,85.07872009277344,1.7642974853515625e-05,0.00019836425780256396,"StraightLane index=('>>', '>>>', 0)",True,0.0,True,False,-0.9633017182350159,0.34224972128868103,0.0,0.34224972128868103,True,0.0,0.0,0.21390607580542564,0.0,0.21390607580542564,0.0
28.322212,"[135.2759246826172, 4.49998140335083, 0.0]","[154.1304168701172, 4.5, 0.0]",4.959552764921525,5.172253608703613,5.173552654206846,0.5907058716143165,0.6365800499916077,18.84846496563335,0.21448469159157213,-0.7281541824327054,14.348464965633351,-0.21270084378208853,4.9434709548950195,0.2290477752685547,18.844345092773438,True,0,5.172518730163574,5.172253608703613,0.1676321029663086,0.14548306893039809,0.28489811846491997,0.05735160282376106,"StraightLane index=('>>>', '1S0_0_', 0)",True,85.17720031738281,1.811981201171875e-05,0.00020599365232560273,"StraightLane index=('>>', '>>>', 0)",True,0.0,True,False,-0.9633017182350159,0.34224972128868103,0.0,0.34224972128868103,True,0.0,0.0,0.21390607580542564,0.0,0.21390607580542564,0.0
28.340246,"[135.3748779296875, 4.499980926513672, 0.0]","[154.23574829101562, 4.5, 0.0]",4.9702186584772114,5.168659210205078,5.1762832328108255,0.533294677784335,0.6099680662155151,18.85449218732262,0.21270084378208853,-0.08919239047417982,14.35449218732262,-0.19844055172786668,4.959510326385498,0.2290477752685547,18.844345092773438,True,0,5.188558101654053,5.168659210205078,0.1676321029663086,0.14548306893039809,0.28489811846491997,0.024063302786377028,"StraightLane index=('>>>', '1S0_0_', 0)",True,85.27592468261719,1.8596649169921875e-05,0.00019836425780256396,"StraightLane index=('>>', '>>>', 0)",True,0.0,True,False,-0.9633017182350159,0.308961421251297,0.0,0.308961421251297,True,0.0,0.0,0.19310088828206062,0.0,0.19310088828206062,0.0
28.3591,"[135.4740753173828, 4.499980449676514, 0.0]","[154.3363037109375, 4.5, 0.0]",4.980884552032556,5.178257942199707,5.179131600472558,0.5332946777672376,0.6080154180526733,18.860870361125915,0.19844055172786668,-0.7130146027110928,14.360870361125915,-0.19737339016715083,4.965404987335205,0.2290477752685547,18.844345092773438,True,0,5.19445276260376,5.178257942199707,0.1676321029663086,0.14548306893039809,0.28489811846491997,0.024063302786377028,"StraightLane index=('>>>', '1S0_0_', 0)",True,85.3748779296875,1.9073486328125e-05,0.00021362304684864153,"StraightLane index=('>>', '>>>', 0)",True,0.0,True,False,-0.9633017182350159,0.308961421251297,0.0,0.308961421251297,True,0.0,0.0,0.19310088828206062,0.0,0.19310088828206062,0.0
28.38009,"[135.573486328125, 4.4999799728393555, 0.0]","[154.43978881835938, 4.5, 0.0]",4.991550445588316,5.174609661102296,5.182298931321601,0.5332946777879766,0.5839332938194275,18.862228393362496,0.19737339016715083,-0.05335807803579229,14.362228393362496,-0.18305921551398008,4.980871200561523,0.2290477752685547,18.844345092773438,True,0,5.209918975830078,5.174609661102296,0.1676321029663086,0.14548306893039809,0.28489811846491997,0.024063302786377028,"StraightLane index=('>>>', '1S0_0_', 0)",True,85.47407531738281,1.9550323486328125e-05,0.00020599365232560273,"StraightLane index=('>>', '>>>', 0)",True,0.0,True,False,-0.9633017182350159,0.308961421251297,0.0,0.308961421251297,True,0.0,0.0,0.19310088828206062,0.0,0.19310088828206062,0.0
28.399252,"[135.67311096191406, 4.499979496002197, 0.0]","[154.54339599609375, 4.5, 0.0]",5.00221633914379,5.184297561645508,5.185193227749702,0.5332946777737213,0.5732877850532532,18.86630249005197,0.18305921551398008,-0.7157087326585376,14.366302490051972,-0.18208122250171765,4.991427898406982,0.2290477752685547,18.844345092773438,True,0,5.220475673675537,5.184297561645508,0.22074222564697266,0.13866073993500233,0.2570135345611188,0.05194788669017819,"StraightLane index=('>>>', '1S0_0_', 0)",True,85.573486328125,2.002716064453125e-05,0.00019836425780256396,"StraightLane index=('>>', '>>>', 0)",True,0.0,True,False,-0.9633017182350159,0.308961421251297,0.0,0.308961421251297,True,0.0,0.0,0.19310088828206062,0.0,0.19310088828206062,0.0
28.419747,"[135.77294921875, 4.499979019165039, 0.0]","[154.6476287841797, 4.5, 0.0]",5.012882232699726,5.180208206176758,5.187614916253369,0.5332946777968139,0.5736841559410095,18.870285033947216,0.18208122250171765,-0.04889965061312118,14.370285033947216,-0.16732597347703138,4.997202396392822,0.1830592155456543,18.866302490234375,True,0,5.180261611938477,5.180208206176758,0.22074222564697266,0.13866073993500233,0.2570135345611188,0.05194788669017819,"StraightLane index=('>>>', '1S0_0_', 0)",True,85.67311096191406,2.0503997802734375e-05,0.000228881835945608,"StraightLane index=('>>', '>>>', 0)",True,0.0,True,False,-0.9633017182350159,0.308961421251297,0.0,0.308961421251297,True,0.0,0.0,0.19310088828206062,0.0,0.19310088828206062,0.0
28.440618,"[135.8730010986328, 4.499978542327881, 0.0]","[154.7515106201172, 4.5, 0.0]",5.022052764925732,5.189215660095215,5.190048830865038,0.4585266113002806,0.5658296942710876,18.87467956522027,0.16732597347703138,-0.7377624512343139,14.37467956522027,-0.1671628951694828,5.007760047912598,0.1830592155456543,18.866302490234375,True,0,5.190819263458252,5.189215660095215,0.22074222564697266,0.13866073993500233,0.2570135345611188,0.008648330911674773,"StraightLane index=('>>>', '1S0_0_', 0)",True,85.77294921875,2.09808349609375e-05,0.00021362304684864153,"StraightLane index=('>>', '>>>', 0)",True,0.0,True,False,-0.9031985998153687,0.2656618654727936,0.0,0.2656618654727936,True,0.0,0.0,0.166038665920496,0.0,0.166038665920496,0.0
28.459564,"[135.97325134277344, 4.499978065490723, 0.0]","[154.85736083984375, 4.5, 0.0]",5.031223297152179,5.184935092926025,5.192273859175621,0.45852661132235184,0.5597814917564392,18.878509521296948,0.1671628951694828,-0.008153915377429044,14.378509521296948,-0.1537117957738463,5.018359661102295,0.1830592155456543,18.866302490234375,True,0,5.201418876647949,5.184935092926025,0.22074222564697266,0.13866073993500233,0.2570135345611188,0.008648330911674773,"StraightLane index=('>>>', '1S0_0_', 0)",True,85.87300109863281,2.1457672119140625e-05,0.00019836425780256396,"StraightLane index=('>>', '>>>', 0)",True,0.0,True,False,-0.9031985998153687,0.2656618654727936,0.0,0.2656618654727936,True,0.0,0.0,0.166038665920496,0.0,0.166038665920496,0.0
28.480152,"[136.07369995117188, 4.4999775886535645, 0.0]","[154.9615478515625, 4.5, 0.0]",5.040393829378646,5.193949222564697,5.194681875371083,0.45852661132332884,0.5495007038116455,18.884109496881198,0.1537117957738463,-0.6725549697818245,14.384109496881198,-0.1535553931860516,5.034162998199463,0.1830592155456543,18.866302490234375,True,0,5.217222213745117,5.193949222564697,0.22074222564697266,0.13866073993500233,0.2570135345611188,0.008648330911674773,"StraightLane index=('>>>', '1S0_0_', 0)",True,85.97325134277344,2.193450927734375e-05,0.00019836425780256396,"StraightLane index=('>>', '>>>', 0)",True,0.0,True,False,-0.9031985998153687,0.2656618654727936,0.0,0.2656618654727936,True,0.0,0.0,0.166038665920496,0.0,0.166038665920496,0.0
28.499861,"[136.17433166503906, 4.499977111816406, 0.0]","[155.0652313232422, 4.5, 0.0]",5.049564361603898,5.189620018005372,5.19698867404816,0.45852661126262184,0.5435155034065247,18.88784790021136,0.1535553931860516,-0.007820129389735087,14.387847900211359,-0.14005565640147388,5.039030075073242,0.1830592155456543,18.866302490234375,True,0,5.2220892906188965,5.189620018005372,0.053224563598641694,0.12665752566745456,0.21769370232841256,0.047968163144381015,"StraightLane index=('>>>', '1S0_0_', 0)",True,86.07369995117188,2.2411346435546875e-05,0.00019073486327952517,"StraightLane index=('>>', '>>>', 0)",True,0.0,True,False,-0.9031985998153687,0.2656618654727936,0.0,0.2656618654727936,True,0.0,0.0,0.166038665920496,0.0,0.166038665920496,0.0
28.520162,"[136.275146484375, 4.499976634979248, 0.0]","[155.16952514648438, 4.5, 0.0]",5.0587348938301515,5.198298931121826,5.198878915547306,0.4585266113126707,0.5272581577301025,18.89089965801067,0.14005565640147388,-0.674986839228886,14.390899658010671,-0.13956403729167466,5.048054218292236,0.1830592155456543,18.866302490234375,True,0,5.231113433837891,5.198298931121826,0.053224563598641694,0.12665752566745456,0.21769370232841256,0.047968163144381015,"StraightLane index=('>>>', '1S0_0_', 0)",True,86.17433166503906,2.288818359375e-05,0.00019836425780256396,"StraightLane index=('>>', '>>>', 0)",True,0.0,True,False,-0.9031985998153687,0.2656618654727936,0.0,0.2656618654727936,True,0.0,0.0,0.166038665920496,0.0,0.166038665920496,0.0
28.539627,"[136.3761444091797, 4.49997615814209, 0.0]","[155.2710723876953, 4.5, 0.0]",5.0680065155347025,5.193448066711426,5.200689267776004,0.46358108522754904,0.5129842162132263,18.894378661915248,0.13956403729167466,-0.024580955489961198,14.394378661915248,-0.1254415511767233,5.056995868682861,0.15355539321899414,18.887847900390625,True,0,5.2105512619018555,5.193448066711426,0.053224563598641694,0.12665752566745456,0.21769370232841256,0.050884648215563266,"StraightLane index=('>>>', '1S0_0_', 0)",True,86.275146484375,2.3365020751953125e-05,0.00019836425780256396,"StraightLane index=('>>', '>>>', 0)",True,0.0,True,False,-0.9031985998153687,0.26857835054397583,0.0,0.26857835054397583,True,0.0,0.0,0.1678614690899849,0.0,0.1678614690899849,0.0
28.559823,"[136.47732543945312, 4.499975681304932, 0.0]","[155.3743896484375, 4.5, 0.0]",5.077278137239033,5.201961517333984,5.202563377923128,0.4635810852165356,0.49710386991500854,18.894927978295403,0.1254415511767233,-0.7061243057475686,14.394927978295403,-0.12468338009495117,5.065474033355713,0.15355539321899414,18.887847900390625,True,0,5.219029426574707,5.201961517333984,0.053224563598641694,0.12665752566745456,0.21769370232841256,0.050884648215563266,"StraightLane index=('>>>', '1S0_0_', 0)",True,86.37614440917969,2.384185791015625e-05,0.00021362304684864153,"StraightLane index=('>>', '>>>', 0)",True,0.0,True,False,-0.9031985998153687,0.26857835054397583,0.0,0.26857835054397583,True,0.0,0.0,0.1678614690899849,0.0,0.1678614690899849,0.0
28.580088,"[136.5786895751953, 4.499975204467773, 0.0]","[155.48126220703125, 4.5, 0.0]",5.0865497589432955,5.1972060203552255,5.204451859267224,0.46358108521311614,0.48104923963546753,18.89706420877481,0.12468338009495117,-0.03790855408860594,14.397064208774811,-0.11065626141192997,5.073613166809082,0.15355539321899414,18.887847900390625,True,0,5.227168560028076,5.1972060203552255,0.053224563598641694,0.12665752566745456,0.21769370232841256,0.050884648215563266,"StraightLane index=('>>>', '1S0_0_', 0)",True,86.47732543945312,2.4318695068359375e-05,0.00020599365232560273,"StraightLane index=('>>', '>>>', 0)",True,0.0,True,False,-0.9031985998153687,0.26857835054397583,0.0,0.26857835054397583,True,0.0,0.0,0.1678614690899849,0.0,0.1678614690899849,0.0
28.600342,"[136.68023681640625, 4.499974727630615, 0.0]","[155.58567810058594, 4.5, 0.0]",5.0958213806467745,5.2057390213012695,5.206324094454257,0.46358108517394747,0.4704575836658478,18.902572631624622,0.11065626141192997,-0.70135593415106,14.402572631624622,-0.10991764065449505,5.082007884979248,0.15355539321899414,18.887847900390625,True,0,5.235563278198242,5.2057390213012695,0.1611900329589755,0.11963342425427324,0.19107989067969502,0.0774984598642808,"StraightLane index=('>>>', '1S0_0_', 0)",True,86.57868957519531,2.47955322265625e-05,0.00020599365232560273,"StraightLane index=('>>', '>>>', 0)",True,0.0,True,False,-0.9031985998153687,0.26857835054397583,0.0,0.26857835054397583,True,0.0,0.0,0.1678614690899849,0.0,0.1678614690899849,0.0
28.620938,"[136.78196716308594, 4.499974250793457, 0.0]","[155.69003295898438, 4.5, 0.0]",5.105093002350491,5.200712203979492,5.207915408717608,0.46358108518580465,0.4636627435684204,18.905441283978888,0.10991764065449505,-0.03693103787174579,14.405441283978888,-0.09561920162900162,5.090633869171143,0.1106562614440918,18.902572631835938,True,0,5.201290130615234,5.200712203979492,0.1611900329589755,0.11963342425427324,0.19107989067969502,0.0774984598642808,"StraightLane index=('>>>', '1S0_0_', 0)",True,86.68023681640625,2.5272369384765625e-05,0.00019836425780256396,"StraightLane index=('>>', '>>>', 0)",True,0.0,True,False,-0.9031985998153687,0.26857835054397583,0.0,0.26857835054397583,True,0.0,0.0,0.1678614690899849,0.0,0.1678614690899849,0.0
28.640285,"[136.88388061523438, 4.499973773956299, 0.0]","[155.7941131591797, 4.5, 0.0]",5.1118602753002245,5.208916664123535,5.209404949616315,0.3383636474866947,0.45609307289123535,18.908065795695972,0.09561920162900162,-0.7149219512746718,14.408065795695972,-0.09705638882331069,5.099038124084473,0.1106562614440918,18.902572631835938,True,0,5.2096943855285645,5.208916664123535,0.1611900329589755,0.11963342425427324,0.19107989067969502,0.004930430699012861,"StraightLane index=('>>>', '1S0_0_', 0)",True,86.78196716308594,2.574920654296875e-05,0.00019836425780256396,"StraightLane index=('>>', '>>>', 0)",True,0.0,True,False,-0.8408983945846558,0.19601032137870789,0.0,0.19601032137870789,True,0.0,0.0,0.12250645086169243,0.0,0.12250645086169243,0.0
28.659961,"[136.98597717285156, 4.499973297119141, 0.0]","[155.89767456054688, 4.5, 0.0]",5.118627548249752,5.2037811279296875,5.210920487255318,0.3383636474763918,0.4530436098575592,18.910232543741184,0.09705638882331069,0.07185935971545376,14.410232543741184,-0.0851535796799352,5.107763767242432,0.1106562614440918,18.902572631835938,True,0,5.218420028686523,5.2037811279296875,0.1611900329589755,0.11963342425427324,0.19107989067969502,0.004930430699012861,"StraightLane index=('>>>', '1S0_0_', 0)",True,86.88388061523438,2.6226043701171875e-05,0.00019836425780256396,"StraightLane index=('>>', '>>>', 0)",True,0.0,True,False,-0.8408983945846558,0.19601032137870789,0.0,0.19601032137870789,True,0.0,0.0,0.12250645086169243,0.0,0.12250645086169243,0.0
28.680893,"[137.0882110595703, 4.499972820281982, 0.0]","[156.0020751953125, 4.5, 0.0]",5.125394821199973,5.2119903564453125,5.2125270150238014,0.33836364751103076,0.43950289487838745,18.911697387477084,0.0851535796799352,-0.5951404571687746,14.411697387477084,-0.08659553524533958,5.119848251342773,0.1106562614440918,18.902572631835938,True,0,5.230504512786865,5.2119903564453125,0.1611900329589755,0.11963342425427324,0.19107989067969502,0.004930430699012861,"StraightLane index=('>>>', '1S0_0_', 0)",True,86.98597717285156,2.6702880859375e-05,0.00020599365232560273,"StraightLane index=('>>', '>>>', 0)",True,0.0,True,False,-0.8408983945846558,0.19601032137870789,0.0,0.19601032137870789,True,0.0,0.0,0.12250645086169243,0.0,0.12250645086169243,0.0
28.700055,"[137.19058227539062, 4.499972343444824, 0.0]","[156.10643005371094, 4.5, 0.0]",5.1321620941512025,5.206866264343262,5.214005571944092,0.3383636475614793,0.4388328194618225,18.91386413549621,0.08659553524533958,0.07209777827021924,14.413864135496208,-0.07470417019205922,5.124173164367676,0.1106562614440918,18.902572631835938,True,0,5.234829425811768,5.206866264343262,0.011272430419921875,0.10806461689354319,0.15662232751838168,0.03938799386032621,"StraightLane index=('>>>', '1S0_0_', 0)",True,87.08821105957031,2.7179718017578125e-05,0.0002212524414225692,"StraightLane index=('>>', '>>>', 0)",True,0.0,True,False,-0.8408983945846558,0.19601032137870789,0.0,0.19601032137870789,True,0.0,0.0,0.12250645086169243,0.0,0.12250645086169243,0.0
28.719741,"[137.2930908203125, 4.499971866607666, 0.0]","[156.20838928222656, 4.5, 0.0]",5.13892936710267,5.214781761169434,5.215145570528321,0.3383636475733809,0.4155396819114685,18.91584777803074,0.07470417019205922,-0.5945682526640184,14.415847778030741,-0.07585239406676347,5.134692192077637,0.1106562614440918,18.902572631835938,True,0,5.2453484535217285,5.214781761169434,0.011272430419921875,0.10806461689354319,0.15662232751838168,0.03938799386032621,"StraightLane index=('>>>', '1S0_0_', 0)",True,87.19058227539062,2.765655517578125e-05,0.00024414062499168555,"StraightLane index=('>>', '>>>', 0)",True,0.0,True,False,-0.8408983945846558,0.19601032137870789,0.0,0.19601032137870789,True,0.0,0.0,0.12250645086169243,0.0,0.12250645086169243,0.0
28.739936,"[137.39573669433594, 4.499971389770508, 0.0]","[156.3139190673828, 4.5, 0.0]",5.1457538605116095,5.209288597106934,5.216318952983455,0.34122467044697125,0.4132849872112274,18.915298461664392,0.07585239406676347,0.05741119373521286,14.415298461664392,-0.06353473659532405,5.13861083984375,0.08659553527832031,18.913864135742188,True,0,5.22520637512207,5.209288597106934,0.011272430419921875,0.10806461689354319,0.15662232751838168,0.04105270688541929,"StraightLane index=('>>>', '1S0_0_', 0)",True,87.2930908203125,2.8133392333984375e-05,0.0002212524414225692,"StraightLane index=('>>', '>>>', 0)",True,0.0,True,False,-0.8408983945846558,0.19767503440380096,0.0,0.19767503440380096,True,0.0,0.0,0.1235468965023756,0.0,0.1235468965023756,0.0
28.759558,"[137.49851989746094, 4.49997091293335, 0.0]","[156.4191436767578, 4.5, 0.0]",5.152578353919618,5.217124938964844,5.217456869540888,0.3412246704004307,0.3996557593345642,18.91818237280871,0.06353473659532405,-0.6158828735719712,14.418182372808712,-0.06454658504522559,5.145359516143799,0.08659553527832031,18.913864135742188,True,0,5.231955051422119,5.217124938964844,0.011272430419921875,0.10806461689354319,0.15662232751838168,0.04105270688541929,"StraightLane index=('>>>', '1S0_0_', 0)",True,87.39573669433594,2.86102294921875e-05,0.00021362304684864153,"StraightLane index=('>>', '>>>', 0)",True,0.0,True,False,-0.8408983945846558,0.19767503440380096,0.0,0.19767503440380096,True,0.0,0.0,0.1235468965023756,0.0,0.1235468965023756,0.0
28.780335,"[137.6014404296875, 4.499970436096191, 0.0]","[156.52352905273438, 4.5, 0.0]",5.159402847327132,5.214952468872072,5.218661693449691,0.3412246703756949,0.38263896107673645,18.920623779070016,0.06454658504522559,0.050592422495077116,14.420623779070016,-0.05554962154494003,5.15146017074585,0.08659553527832031,18.913864135742188,True,0,5.23805570602417,5.214952468872072,0.011272430419921875,0.10806461689354319,0.15662232751838168,0.04105270688541929,"StraightLane index=('>>>', '1S0_0_', 0)",True,87.49851989746094,2.9087066650390625e-05,0.00020599365232560273,"StraightLane index=('>>', '>>>', 0)",True,0.0,True,False,-0.8408983945846558,0.19767503440380096,0.0,0.19767503440380096,True,0.0,0.0,0.1235468965023756,0.0,0.1235468965023756,0.0
28.800601,"[137.70449829101562, 4.499969959259033, 0.0]","[156.62770080566406, 4.5, 0.0]",5.16622734073501,5.212777137756348,5.219821311219782,0.3412246703939026,0.36886200308799744,18.92208862280513,0.05554962154494003,-0.449848175014278,14.42208862280513,-0.04654979702133755,5.157551288604736,0.08659553527832031,18.913864135742188,True,0,5.244146823883057,5.212777137756348,0.059108734130859375,0.09932696089876894,0.12958432896263836,0.06809070544116261,"StraightLane index=('>>>', '1S0_0_', 0)",True,87.6014404296875,2.956390380859375e-05,0.00021362304684864153,"StraightLane index=('>>', '>>>', 0)",True,0.0,True,False,-0.8408983945846558,0.19767503440380096,0.0,0.19767503440380096,True,0.0,0.0,0.1235468965023756,0.0,0.1235468965023756,0.0
28.820672,"[137.8076934814453, 4.499969482421875, 0.0]","[156.73289489746094, 4.5, 0.0]",5.173051834141472,5.220290184020996,5.220524748534878,0.34122467032311476,0.3574977517127991,18.923202514443577,0.04654979702133755,-0.4499912261801242,14.423202514443577,-0.04723834987952369,5.163657188415527,0.08659553527832031,18.913864135742188,True,0,5.250252723693848,5.220290184020996,0.059108734130859375,0.09932696089876894,0.12958432896263836,0.06809070544116261,"StraightLane index=('>>>', '1S0_0_', 0)",True,87.70449829101562,3.0040740966796875e-05,0.00019073486327952517,"StraightLane index=('>>', '>>>', 0)",True,0.0,True,False,-0.8408983945846558,0.19767503440380096,0.0,0.19767503440380096,True,0.0,0.0,0.1235468965023756,0.0,0.1235468965023756,0.0
28.839785,"[137.9110107421875, 4.499969005584717, 0.0]","[156.83441162109375, 4.5, 0.0]",5.1789932251308946,5.214304447174073,5.221193835064548,0.2970695494711073,0.34926360845565796,18.92520141579655,0.04723834987952369,0.03442764290930711,14.42520141579655,-0.0353112220431786,5.169854640960693,0.05554962158203125,18.922088623046875,True,0,5.225404262542725,5.214304447174073,0.059108734130859375,0.09932696089876894,0.12958432896263836,0.04251980619303944,"StraightLane index=('>>>', '1S0_0_', 0)",True,87.80769348144531,3.0517578125e-05,0.00019836425780256396,"StraightLane index=('>>', '>>>', 0)",True,0.0,True,False,-0.7785473465919495,0.1721041351556778,0.0,0.1721041351556778,True,0.0,0.0,0.10756508447229862,0.0,0.10756508447229862,0.0
28.859229,"[138.01446533203125, 4.499968528747559, 0.0]","[156.9381866455078, 4.5, 0.0]",5.184934616121016,5.22166633605957,5.221874645020068,0.29706954950605713,0.34302690625190735,18.923400878685534,0.0353112220431786,-0.5963563918172543,14.423400878685534,-0.03673171993855462,5.176133155822754,0.05554962158203125,18.922088623046875,True,0,5.231682777404785,5.22166633605957,0.059108734130859375,0.09932696089876894,0.12958432896263836,0.04251980619303944,"StraightLane index=('>>>', '1S0_0_', 0)",True,87.9110107421875,3.0994415283203125e-05,0.00019836425780256396,"StraightLane index=('>>', '>>>', 0)",True,0.0,True,False,-0.7785473465919495,0.1721041351556778,0.0,0.1721041351556778,True,0.0,0.0,0.10756508447229862,0.0,0.10756508447229862,0.0
28.880552,"[138.1180419921875, 4.4999680519104, 0.0]","[157.04400634765625, 4.5, 0.0]",5.190876007110627,5.215709209442139,5.2226195103649635,0.2970695494805664,0.33470475673675537,18.92372131327935,0.03673171993855462,0.0710248947688008,14.423721313279351,-0.02483320233151165,5.182055473327637,0.05554962158203125,18.922088623046875,True,0,5.237605094909668,5.215709209442139,0.059108734130859375,0.09932696089876894,0.12958432896263836,0.04251980619303944,"StraightLane index=('>>>', '1S0_0_', 0)",True,88.01446533203125,3.147125244140625e-05,0.00018310546875648638,"StraightLane index=('>>', '>>>', 0)",True,0.0,True,False,-0.7785473465919495,0.1721041351556778,0.0,0.1721041351556778,True,0.0,0.0,0.10756508447229862,0.0,0.10756508447229862,0.0
28.899333,"[138.22174072265625, 4.499967575073242, 0.0]","[157.14706420898438, 4.5, 0.0]",5.196817398100799,5.223066329956055,5.2232782597849265,0.29706954950858844,0.3300175070762634,18.925964355270004,0.02483320233151165,-0.5949258803521484,14.425964355270004,-0.026248931855255897,5.188187122344971,0.05554962158203125,18.922088623046875,True,0,5.243736743927002,5.223066329956055,0.10289192199707031,0.09299548207878951,0.11005728778470585,0.06204684737097195,"StraightLane index=('>>>', '1S0_0_', 0)",True,88.1180419921875,3.1948089599609375e-05,0.00018310546875648638,"StraightLane index=('>>', '>>>', 0)",True,0.0,True,False,-0.7785473465919495,0.1721041351556778,0.0,0.1721041351556778,True,0.0,0.0,0.10756508447229862,0.0,0.10756508447229862,0.0
28.920929,"[138.3255615234375, 4.499967098236084, 0.0]","[157.25474548339844, 4.5, 0.0]",5.202758789090458,5.2166337966918945,5.2233,0.2970695494829645,0.32279250025749207,18.925323486140062,0.026248931855255897,0.07078647618721234,14.425323486140062,-0.013875007601436451,5.197269916534424,0.05554962158203125,18.922088623046875,True,0,5.252819538116455,5.2166337966918945,0.10289192199707031,0.09299548207878951,0.11005728778470585,0.06204684737097195,"StraightLane index=('>>>', '1S0_0_', 0)",True,88.22174072265625,3.24249267578125e-05,0.00017547607418255874,"StraightLane index=('>>', '>>>', 0)",True,0.0,True,False,-0.7785473465919495,0.1721041351556778,0.0,0.1721041351556778,True,0.0,0.0,0.10756508447229862,0.0,0.10756508447229862,0.0
28.940468,"[138.42950439453125, 4.499966621398926, 0.0]","[157.3573760986328, 4.5, 0.0]",5.207603454616711,5.223299980163574,5.2233,0.24223327631265335,0.3227137625217438,18.929183959771397,0.013875007601436451,-0.6186962126909723,14.429183959771397,-0.01569652554686307,5.200489521026611,0.024833202362060547,18.92596435546875,True,0,5.225322723388672,5.223299980163574,0.10289192199707031,0.09299548207878951,0.11005728778470585,0.03025675478350094,"StraightLane index=('>>>', '1S0_0_', 0)",True,88.3255615234375,3.2901763916015625e-05,0.00017547607418255874,"StraightLane index=('>>', '>>>', 0)",True,0.0,True,False,-0.7785473465919495,0.1403140425682068,0.0,0.1403140425682068,True,0.0,0.0,0.08769627660512924,0.0,0.08769627660512924,0.0
28.958921,"[138.53355407714844, 4.499966144561768, 0.0]","[157.4606475830078, 4.5, 0.0]",5.212448120141974,5.2166337966918945,5.2233,0.2422332762631374,0.31090718507766724,18.927871703922563,0.01569652554686307,0.09107589727133103,14.427871703922563,-0.004185676549920636,5.208817481994629,0.024833202362060547,18.92596435546875,True,0,5.2336506843566895,5.2166337966918945,0.10289192199707031,0.09299548207878951,0.11005728778470585,0.03025675478350094,"StraightLane index=('>>>', '1S0_0_', 0)",True,88.42950439453125,3.337860107421875e-05,0.0001678466797104088,"StraightLane index=('>>', '>>>', 0)",True,0.0,True,False,-0.7785473465919495,0.1403140425682068,0.0,0.1403140425682068,True,0.0,0.0,0.08769627660512924,0.0,0.08769627660512924,0.0
28.980216,"[138.63771057128906, 4.499965667724609, 0.0]","[157.56529235839844, 4.5, 0.0]",5.217292785668097,5.223299980163574,5.2233,0.24223327630616964,0.3042815029621124,18.927093505713145,0.004185676549920636,-0.5755424498471218,14.427093505713145,-0.006007194495476931,5.214332580566406,0.024833202362060547,18.92596435546875,True,0,5.239165782928467,5.223299980163574,0.10289192199707031,0.09299548207878951,0.11005728778470585,0.03025675478350094,"StraightLane index=('>>>', '1S0_0_', 0)",True,88.53355407714844,3.3855438232421875e-05,0.00014495849609040358,"StraightLane index=('>>', '>>>', 0)",True,0.0,True,False,-0.7785473465919495,0.1403140425682068,0.0,0.1403140425682068,True,0.0,0.0,0.08769627660512924,0.0,0.08769627660512924,0.0
28.999363,"[138.74195861816406, 4.499965190887451, 0.0]","[157.6697235107422, 4.5, 0.0]",5.222137451194597,5.2166337966918945,5.2233,0.24223327632499903,0.2894720137119293,18.92758178695082,0.006007194495476931,0.09107589727781473,14.427581786950821,0.005503654502702737,5.218811511993408,0.024833202362060547,18.92596435546875,True,0,5.243644714355469,5.2166337966918945,-0.06432533264160156,0.0814445472284545,0.07786717180169772,0.062446870766509066,"StraightLane index=('>>>', '1S0_0_', 0)",True,88.63771057128906,3.4332275390625e-05,0.00015258789061344235,"StraightLane index=('>>', '>>>', 0)",True,0.0,True,False,-0.7785473465919495,0.1403140425682068,0.0,0.1403140425682068,True,0.0,0.0,0.08769627660512924,0.0,0.08769627660512924,0.0
29.02042,"[138.84629821777344, 4.499964714050293, 0.0]","[157.77444458007812, 4.5, 0.0]",5.226982116720817,5.222614288330078,5.222274191661895,0.2422332763109658,0.27817127108573914,18.92776489240679,-0.005503654502702737,-0.5755424499089834,14.427764892406788,0.00436782839073846,5.223379611968994,0.024833202362060547,18.92596435546875,True,0,5.248212814331055,5.222614288330078,-0.06432533264160156,0.0814445472284545,0.07786717180169772,0.062446870766509066,"StraightLane index=('>>>', '1S0_0_', 0)",True,88.74195861816406,3.4809112548828125e-05,0.00016021728513648115,"StraightLane index=('>>', '>>>', 0)",True,0.0,True,False,-0.7785473465919495,0.1403140425682068,0.0,0.1403140425682068,True,0.0,0.0,0.08769627660512924,0.0,0.08769627660512924,0.0
29.040571,"[138.95074462890625, 4.499964237213135, 0.0]","[157.8787078857422, 4.5, 0.0]",5.230720520040989,5.214929580688477,5.22122957202351,0.1869201660086084,0.27625083923339844,18.928146362154838,-0.00436782839073846,0.05679130559821388,14.428146362154838,0.01579093935251219,5.225959777832031,0.006007194519042969,18.927581787109375,True,0,5.231966972351074,5.214929580688477,-0.06432533264160156,0.0814445472284545,0.07786717180169772,0.030448169372904788,"StraightLane index=('>>>', '1S0_0_', 0)",True,88.84629821777344,3.528594970703125e-05,0.00014495849609040358,"StraightLane index=('>>', '>>>', 0)",True,0.0,True,False,-0.7158503532409668,0.10831534117460251,0.0,0.10831534117460251,True,0.0,0.0,0.06769708823412657,0.0,0.06769708823412657,0.0
29.059437,"[139.05528259277344, 4.499963760375977, 0.0]","[157.98251342773438, 4.5, 0.0]",5.234458923360642,5.220581531524658,5.220266274027218,0.18692016598267358,0.2695613503456116,18.927963256673575,-0.01579093935251219,-0.5711555480886865,14.427963256673575,0.013877391835984021,5.230721473693848,0.006007194519042969,18.927581787109375,True,0,5.236728668212891,5.220581531524658,-0.06432533264160156,0.0814445472284545,0.07786717180169772,0.030448169372904788,"StraightLane index=('>>>', '1S0_0_', 0)",True,88.95074462890625,3.5762786865234375e-05,0.00015258789061344235,"StraightLane index=('>>', '>>>', 0)",True,0.0,True,False,-0.7158503532409668,0.10831534117460251,0.0,0.10831534117460251,True,0.0,0.0,0.06769708823412657,0.0,0.06769708823412657,0.0
29.079804,"[139.15989685058594, 4.499963283538818, 0.0]","[158.08709716796875, 4.5, 0.0]",5.238197326679864,5.212893962860107,5.219228492163483,0.18692016596109085,0.26458659768104553,18.92723083480868,-0.013877391835984021,0.09567737582640845,14.427230834808679,0.02530336381975662,5.235588073730469,0.006007194519042969,18.927581787109375,True,0,5.241595268249512,5.212893962860107,-0.06432533264160156,0.0814445472284545,0.07786717180169772,0.030448169372904788,"StraightLane index=('>>>', '1S0_0_', 0)",True,89.05528259277344,3.62396240234375e-05,0.00014495849609040358,"StraightLane index=('>>', '>>>', 0)",True,0.0,True,False,-0.7158503532409668,0.10831534117460251,0.0,0.10831534117460251,True,0.0,0.0,0.06769708823412657,0.0,0.06769708823412657,0.0
29.099262,"[139.26458740234375, 4.49996280670166, 0.0]","[158.1914520263672, 4.5, 0.0]",5.241935729998837,5.218540668487549,5.218235353966139,0.18692016594865635,0.23979149758815765,18.92720031724044,-0.02530336381975662,-0.5712985991886299,14.427200317240441,0.02339506151128834,5.2406907081604,0.006007194519042969,18.927581787109375,True,0,5.246697902679443,5.218540668487549,0.01906871795654297,0.07396749763408805,0.058760707651750635,0.049554633522851874,"StraightLane index=('>>>', '1S0_0_', 0)",True,89.15989685058594,3.6716461181640625e-05,0.0001373291015673648,"StraightLane index=('>>', '>>>', 0)",True,0.0,True,False,-0.7158503532409668,0.10831534117460251,0.0,0.10831534117460251,True,0.0,0.0,0.06769708823412657,0.0,0.06769708823412657,0.0
29.119512,"[139.36935424804688, 4.499962329864502, 0.0]","[158.29638671875, 4.5, 0.0]",5.245674133318344,5.209974765777588,5.215932483968861,0.1869201659753461,0.23035363852977753,18.926864623857266,-0.02339506151128834,0.09541511542341397,14.426864623857266,0.0356993675407562,5.244466304779053,0.006007194519042969,18.927581787109375,True,0,5.250473499298096,5.209974765777588,0.01906871795654297,0.07396749763408805,0.058760707651750635,0.049554633522851874,"StraightLane index=('>>>', '1S0_0_', 0)",True,89.26458740234375,3.719329833984375e-05,0.00015258789061344235,"StraightLane index=('>>', '>>>', 0)",True,0.0,True,False,-0.7158503532409668,0.10831534117460251,0.0,0.10831534117460251,True,0.0,0.0,0.06769708823412657,0.0,0.06769708823412657,0.0
29.139652,"[139.4741973876953, 4.499961853027344, 0.0]","[158.40011596679688, 4.5, 0.0]",5.248699188248986,5.214332103729248,5.2135968888126785,0.15125274653211562,0.2257082462310791,18.92703247056936,-0.0356993675407562,-0.615215301473393,14.427032470569358,0.034367084519738356,5.246282577514648,-0.025303363800048828,18.927200317382812,True,0,5.2209792137146,5.214332103729248,0.01906871795654297,0.07396749763408805,0.058760707651750635,0.028891588176114966,"StraightLane index=('>>>', '1S0_0_', 0)",True,89.36935424804688,3.7670135498046875e-05,0.000129699707044326,"StraightLane index=('>>', '>>>', 0)",True,0.0,True,False,-0.7158503532409668,0.0876522958278656,0.0,0.0876522958278656,True,0.0,0.0,0.054782684892416,0.0,0.054782684892416,0.0
29.159352,"[139.57911682128906, 4.4999613761901855, 0.0]","[158.5041961669922, 4.5, 0.0]",5.251724243179973,5.208683013916016,5.211309569608374,0.15125274654934628,0.21258705854415894,18.92591857894448,-0.034367084519738356,0.06661415105089219,14.42591857894448,0.0430412292639577,5.2493438720703125,-0.025303363800048828,18.927200317382812,True,0,5.224040508270264,5.208683013916016,0.01906871795654297,0.07396749763408805,0.058760707651750635,0.028891588176114966,"StraightLane index=('>>>', '1S0_0_', 0)",True,89.47419738769531,3.814697265625e-05,0.00014495849609040358,"StraightLane index=('>>', '>>>', 0)",True,0.0,True,False,-0.7158503532409668,0.0876522958278656,0.0,0.0876522958278656,True,0.0,0.0,0.054782684892416,0.0,0.054782684892416,0.0
29.179655,"[139.68409729003906, 4.499960899353027, 0.0]","[158.6085968017578, 4.5, 0.0]",5.254749298110716,5.206359386444093,5.208955602025683,0.15125274653713383,0.203434020280838,18.9250793455672,-0.0430412292639577,-0.4337072372109674,14.425079345567202,0.04838991166662332,5.252553939819336,-0.025303363800048828,18.927200317382812,True,0,5.227250576019287,5.206359386444093,0.01906871795654297,0.07396749763408805,0.058760707651750635,0.028891588176114966,"StraightLane index=('>>>', '1S0_0_', 0)",True,89.57911682128906,3.8623809814453125e-05,0.000129699707044326,"StraightLane index=('>>', '>>>', 0)",True,0.0,True,False,-0.7158503532409668,0.0876522958278656,0.0,0.0876522958278656,True,0.0,0.0,0.054782684892416,0.0,0.054782684892416,0.0
29.199565,"[139.7891387939453, 4.499960422515869, 0.0]","[158.71290588378906, 4.5, 0.0]",5.257774353041308,5.204038143157959,5.20664853034222,0.15125274652958431,0.19692908227443695,18.92449951158175,-0.04838991166662332,-0.26743412013328083,14.42449951158175,0.05373620988334871,5.2558979988098145,-0.025303363800048828,18.927200317382812,True,0,5.230594635009766,5.204038143157959,-0.14502525329589844,0.0614948640053228,0.02656632758114614,0.06108596824671946,"StraightLane index=('>>>', '1S0_0_', 0)",True,89.68409729003906,3.910064697265625e-05,0.000129699707044326,"StraightLane index=('>>', '>>>', 0)",True,0.0,True,False,-0.7158503532409668,0.0876522958278656,0.0,0.0876522958278656,True,0.0,0.0,0.054782684892416,0.0,0.054782684892416,0.0
29.219673,"[139.8942413330078, 4.499959945678711, 0.0]","[158.8174285888672, 4.5, 0.0]",5.260799407972256,5.200578212738037,5.202656510400958,0.1512527465474367,0.18881703913211823,18.92376708970567,-0.05373620988334871,-0.26731491083626935,14.42376708970567,0.060221195234219316,5.258934020996094,-0.04838991165161133,18.92449951171875,True,0,5.210544109344482,5.200578212738037,-0.14502525329589844,0.0614948640053228,0.02656632758114614,0.06108596824671946,"StraightLane index=('>>>', '1S0_0_', 0)",True,89.78913879394531,3.9577484130859375e-05,0.000129699707044326,"StraightLane index=('>>', '>>>', 0)",True,0.0,True,False,-0.6540531516075134,0.0876522958278656,0.0,0.0876522958278656,True,0.0,0.0,0.054782684892416,0.0,0.054782684892416,0.0
29.240944,"[139.9993896484375, 4.499959468841553, 0.0]","[158.92112731933594, 4.5, 0.0]",5.2535266876339834,5.196586608886719,5.198421169804316,-0.3636360169136488,0.1800578087568283,18.923187255751824,-0.060221195234219316,-0.32424926754353045,14.423187255751824,0.0569400787472647,5.261735439300537,-0.04838991165161133,18.92449951171875,True,0,5.213345527648926,5.196586608886719,-0.14502525329589844,0.0614948640053228,0.02656632758114614,0.003832752784750086,"StraightLane index=('>>>', '1S0_0_', 0)",True,89.89424133300781,4.00543212890625e-05,0.00010681152342432076,"StraightLane index=('>>', '>>>', 0)",True,0.0,True,False,-0.6540531516075134,0.030399080365896225,0.0,0.030399080365896225,True,0.0,0.0,0.0,-0.0,0.0,-0.0
29.259899,"[140.10459899902344, 4.499959468841553, 0.0]","[159.02761840820312, 4.5, 0.0]",5.24625396729619,5.192488193511963,5.194610634200182,-0.36363601688966796,0.17137247323989868,18.92173767076914,-0.0569400787472647,0.1640558243477308,14.42173767076914,0.0537657737842272,5.264369010925293,-0.04838991165161133,18.92449951171875,True,0,5.215979099273682,5.192488193511963,-0.14502525329589844,0.0614948640053228,0.02656632758114614,0.003832752784750086,"StraightLane index=('>>>', '1S0_0_', 0)",True,89.9993896484375,4.0531158447265625e-05,0.00012207031247039834,"StraightLane index=('>>', '>>>', 0)",True,0.0,True,False,-0.6540531516075134,0.030399080365896225,0.0,0.030399080365896225,True,0.0,0.0,0.0,-0.0,0.0,-0.0
29.280344,"[140.2096710205078, 4.499959468841553, 0.0]","[159.12948608398438, 4.5, 0.0]",5.238981246958669,5.188568115234375,5.190524345000415,-0.3636360168760344,0.14483170211315155,18.923019409060984,-0.0537657737842272,0.158715248151875,14.423019409060984,0.0504131317242944,5.264957904815674,-0.04838991165161133,18.92449951171875,True,0,5.2165679931640625,5.188568115234375,-0.14502525329589844,0.0614948640053228,0.02656632758114614,0.003832752784750086,"StraightLane index=('>>>', '1S0_0_', 0)",True,90.10459899902344,4.0531158447265625e-05,0.00011444091794735956,"StraightLane index=('>>', '>>>', 0)",True,0.0,True,False,-0.6540531516075134,0.030399080365896225,0.0,0.030399080365896225,True,0.0,0.0,0.0,-0.0,0.0,-0.0
29.299913,"[140.31459045410156, 4.499959468841553, 0.0]","[159.2353057861328, 4.5, 0.0]",5.231708526621356,5.184495449066162,5.186608935402148,-0.36363601686568714,0.06472014635801315,18.919815063368127,-0.0504131317242944,0.1676321029966399,14.419815063368127,0.04721307755519355,5.260043621063232,-0.04838991165161133,18.92449951171875,True,0,5.211653709411621,5.184495449066162,-0.19542694091796875,0.048505434672661614,0.017816934261785804,0.01258214610411042,"StraightLane index=('>>>', '1S0_0_', 0)",True,90.20967102050781,4.0531158447265625e-05,0.00010681152342432076,"StraightLane index=('>>', '>>>', 0)",True,0.0,True,False,-0.6540531516075134,0.030399080365896225,0.0,0.030399080365896225,True,0.0,0.0,0.0,-0.0,0.0,-0.0
29.319755,"[140.41937255859375, 4.499959468841553, 0.0]","[159.33676147460938, 4.5, 0.0]",5.22443580628452,5.1792731285095215,5.180725565131509,-0.36363601684179514,0.029619066044688225,18.920715331922814,-0.04721307755519355,0.1600027084550426,14.420715331922814,0.04516267777499827,5.2570085525512695,-0.05041313171386719,18.919815063476562,True,0,5.206595420837402,5.1792731285095215,-0.19542694091796875,0.048505434672661614,0.017816934261785804,0.01258214610411042,"StraightLane index=('>>>', '1S0_0_', 0)",True,90.31459045410156,4.0531158447265625e-05,0.00010681152342432076,"StraightLane index=('>>', '>>>', 0)",True,0.0,True,False,-0.6540531516075134,0.030399080365896225,0.0,0.030399080365896225,True,0.0,0.0,0.0,-0.0,0.0,-0.0
29.340203,"[140.5240020751953, 4.499959468841553, 0.0]","[159.44297790527344, 4.5, 0.0]",5.217163085947731,5.173173904418945,5.17464748151378,-0.36363601683944147,-0.039596639573574066,18.917388915886338,-0.04516267777499827,0.10251998900976389,14.417388915886338,0.043989181528785615,5.250039100646973,-0.05041313171386719,18.919815063476562,True,0,5.1996259689331055,5.173173904418945,-0.19542694091796875,0.048505434672661614,0.017816934261785804,0.0022446201254259952,"StraightLane index=('>>>', '1S0_0_', 0)",True,90.41937255859375,4.0531158447265625e-05,0.00012207031247039834,"StraightLane index=('>>', '>>>', 0)",True,0.0,True,False,-0.6540531516075134,0.0200615543872118,0.0,0.0200615543872118,True,0.0,0.0,0.0,-0.0,0.0,-0.0
29.3595,"[140.6284942626953, 4.499959468841553, 0.0]","[159.5457305908203, 4.5, 0.0]",5.209890365611211,5.167273044586182,5.168915669599944,-0.36363601682598556,-0.10718775540590286,18.918975829959432,-0.043989181528785615,0.05867481231063287,14.418975829959432,0.042617321025029575,5.241833686828613,-0.05041313171386719,18.919815063476562,True,0,5.191420555114746,5.167273044586182,-0.19542694091796875,0.048505434672661614,0.017816934261785804,0.0022446201254259952,"StraightLane index=('>>>', '1S0_0_', 0)",True,90.52400207519531,4.0531158447265625e-05,0.00011444091794735956,"StraightLane index=('>>', '>>>', 0)",True,0.0,True,False,-0.6540531516075134,0.0200615543872118,0.0,0.0200615543872118,True,0.0,0.0,0.0,-0.0,0.0,-0.0
29.380219,"[140.7328338623047, 4.499959468841553, 0.0]","[159.6494140625, 4.5, 0.0]",5.202617645274963,5.161318778991699,5.16276385603518,-0.36363601681239643,-0.17023713886737823,18.917236327995713,-0.042617321025029575,0.06859302518780197,14.417236327995713,0.04129886628326407,5.232796669006348,-0.05041313171386719,18.919815063476562,True,0,5.1823835372924805,5.161318778991699,-0.19542694091796875,0.048505434672661614,0.017816934261785804,0.0022446201254259952,"StraightLane index=('>>>', '1S0_0_', 0)",True,90.62849426269531,4.0531158447265625e-05,0.00012207031247039834,"StraightLane index=('>>', '>>>', 0)",True,0.0,True,False,-0.6540531516075134,0.0200615543872118,0.0,0.0200615543872118,True,0.0,0.0,0.0,-0.0,0.0,-0.0
29.400563,"[140.8370361328125, 4.499959468841553, 0.0]","[159.75259399414062, 4.5, 0.0]",5.195344924938935,5.155393123626709,5.156656830528303,-0.36363601680142743,-0.2254990190267563,18.91658020004383,-0.04129886628326407,0.06592273708827534,14.416580200043828,0.039951801312225754,5.223327159881592,-0.05041313171386719,18.919815063476562,True,0,5.172914028167725,5.155393123626709,-0.29102325439453125,0.03346907730158686,0.007500406448640119,0.01256114793857168,"StraightLane index=('>>>', '1S0_0_', 0)",True,90.73283386230469,4.0531158447265625e-05,0.0001373291015673648,"StraightLane index=('>>', '>>>', 0)",True,0.0,True,False,-0.6540531516075134,0.0200615543872118,0.0,0.0200615543872118,True,0.0,0.0,0.0,-0.0,0.0,-0.0
29.420379,"[140.9410858154297, 4.499959468841553, 0.0]","[159.8560791015625, 4.5, 0.0]",5.188072204602593,5.147887229919434,5.148588655445014,-0.3636360168171038,-0.2725948393344879,18.915557861176644,-0.039951801312225754,0.06735324855191571,14.415557861176644,0.04018497468315907,5.2136735916137695,-0.041298866271972656,18.916580200195312,True,0,5.172374725341797,5.147887229919434,-0.29102325439453125,0.03346907730158686,0.007500406448640119,0.01256114793857168,"StraightLane index=('>>>', '1S0_0_', 0)",True,90.8370361328125,4.0531158447265625e-05,0.0001373291015673648,"StraightLane index=('>>', '>>>', 0)",True,0.0,True,False,-0.5936936736106873,0.0200615543872118,0.0,0.0200615543872118,True,0.0,0.0,0.0,-0.0,0.0,-0.0
29.44025,"[141.0449981689453, 4.499959468841553, 0.0]","[159.95901489257812, 4.5, 0.0]",5.180799484266651,5.139730453491211,5.140501424621139,-0.36363601679707536,-0.3149101734161377,18.9149932859926,-0.04018497468315907,-0.011658668546665751,14.414993285992601,0.04106903077544022,5.203602313995361,-0.041298866271972656,18.916580200195312,True,0,5.162303447723389,5.139730453491211,-0.29102325439453125,0.03346907730158686,0.007500406448640119,0.0006074969648344405,"StraightLane index=('>>>', '1S0_0_', 0)",True,90.94108581542969,4.0531158447265625e-05,0.000129699707044326,"StraightLane index=('>>', '>>>', 0)",True,0.0,True,False,-0.5936936736106873,0.00810790341347456,0.0,0.00810790341347456,True,0.0,0.0,0.0,-0.0,0.0,-0.0
29.459796,"[141.1487579345703, 4.499959468841553, 0.0]","[160.06141662597656, 4.5, 0.0]",5.173526763931021,5.131616115570068,5.1325436645746985,-0.3636360167814878,-0.34664762020111084,18.914016723469732,-0.04106903077544022,-0.044202804614057456,14.414016723469732,0.04191064836095304,5.193822860717773,-0.041298866271972656,18.916580200195312,True,0,5.152523994445801,5.131616115570068,-0.29102325439453125,0.03346907730158686,0.007500406448640119,0.0006074969648344405,"StraightLane index=('>>>', '1S0_0_', 0)",True,91.04499816894531,4.0531158447265625e-05,0.00014495849609040358,"StraightLane index=('>>', '>>>', 0)",True,0.0,True,False,-0.5936936736106873,0.00810790341347456,0.0,0.00810790341347456,True,0.0,0.0,0.0,-0.0,0.0,-0.0
29.480427,"[141.25238037109375, 4.4999589920043945, 0.0]","[160.16409301757812, 4.5, 0.0]",5.166254043595411,5.123480796813966,5.124152581382123,-0.36363601678051083,-0.36967092752456665,18.91265869123124,-0.04191064836095304,-0.04208087927564108,14.41265869123124,0.04277324678144545,5.18439245223999,-0.041298866271972656,18.916580200195312,True,0,5.143093585968018,5.123480796813966,-0.29102325439453125,0.03346907730158686,0.007500406448640119,0.0006074969648344405,"StraightLane index=('>>>', '1S0_0_', 0)",True,91.14875793457031,4.0531158447265625e-05,0.00015258789061344235,"StraightLane index=('>>', '>>>', 0)",True,0.0,True,False,-0.5936936736106873,0.00810790341347456,0.0,0.00810790341347456,True,0.0,0.0,0.0,-0.0,0.0,-0.0
29.499835,"[141.35585021972656, 4.499958515167236, 0.0]","[160.26651000976562, 4.5, 0.0]",5.158981323259492,5.115365505218506,5.1162490968217496,-0.36363601679596513,-0.3889898657798767,18.9117126463201,-0.04277324678144545,-0.04312992102462054,14.411712646320101,0.04361581804098602,5.1749091148376465,-0.041298866271972656,18.916580200195312,True,0,5.133610248565674,5.115365505218506,-0.40027618408203125,0.01611250312855708,-0.012237778598083837,0.020345682011558397,"StraightLane index=('>>>', '1S0_0_', 0)",True,91.25238037109375,4.100799560546875e-05,0.00014495849609040358,"StraightLane index=('>>', '>>>', 0)",True,0.0,True,False,-0.5936936736106873,0.00810790341347456,0.0,0.00810790341347456,True,0.0,0.0,0.0,-0.0,0.0,-0.0
29.520453,"[141.4591827392578, 4.499958038330078, 0.0]","[160.3689422607422, 4.5, 0.0]",5.151708602922846,5.105512619018555,5.105377032766398,-0.36363601683229163,-0.3998938798904419,18.91065978987358,-0.04361581804098602,-0.042128562977028494,14.41065978987358,0.04619598390429136,5.165940761566162,-0.04277324676513672,18.911712646484375,True,0,5.123167514801025,5.105512619018555,-0.40027618408203125,0.01611250312855708,-0.012237778598083837,0.020345682011558397,"StraightLane index=('>>>', '1S0_0_', 0)",True,91.35585021972656,4.1484832763671875e-05,0.00014495849609040358,"StraightLane index=('>>', '>>>', 0)",True,0.0,True,False,-0.5936936736106873,0.00810790341347456,0.0,0.00810790341347456,True,0.0,0.0,0.0,-0.0,0.0,-0.0
29.540795,"[141.56236267089844, 4.49995756149292, 0.0]","[160.4711151123047, 4.5, 0.0]",5.14443588258619,5.094913005828857,5.094638907219563,-0.36363601683282454,-0.40488651394844055,18.909759521317692,-0.04619598390429136,-0.12900829316526696,14.409759521317692,0.049522876757332135,5.157431125640869,-0.04277324676513672,18.911712646484375,True,0,5.114657878875732,5.094913005828857,-0.40027618408203125,0.01611250312855708,-0.012237778598083837,-0.0010680493771892952,"StraightLane index=('>>>', '1S0_0_', 0)",True,91.45918273925781,4.1961669921875e-05,0.00014495849609040358,"StraightLane index=('>>', '>>>', 0)",True,0.0,True,False,-0.5936936736106873,-0.013305827975273132,0.0,-0.013305827975273132,True,0.0,0.0,0.0,-0.0,0.0,-0.0
29.559576,"[141.66539001464844, 4.499957084655762, 0.0]","[160.57211303710938, 4.5, 0.0]",5.137163162249334,5.084435939788818,5.084717702747136,-0.36363601684277214,-0.4046532213687897,18.908752441238363,-0.049522876757332135,-0.16634464265203874,14.408752441238363,0.052727222460515755,5.1493730545043945,-0.04277324676513672,18.911712646484375,True,0,5.106599807739258,5.084435939788818,-0.40027618408203125,0.01611250312855708,-0.012237778598083837,-0.0010680493771892952,"StraightLane index=('>>>', '1S0_0_', 0)",True,91.56236267089844,4.2438507080078125e-05,0.00014495849609040358,"StraightLane index=('>>', '>>>', 0)",True,0.0,True,False,-0.5936936736106873,-0.013305827975273132,0.0,-0.013305827975273132,True,0.0,0.0,0.0,-0.0,0.0,-0.0
29.58022,"[141.76828002929688, 4.4999566078186035, 0.0]","[160.67430114746094, 4.5, 0.0]",5.129890441912436,5.0771684646606445,5.073823180949595,-0.36363601684490376,-0.4014502167701721,18.906723022291853,-0.052727222460515755,-0.160217285159181,14.406723022291853,0.05272197725179151,5.141672134399414,-0.04277324676513672,18.911712646484375,True,0,5.098898887634277,5.0771684646606445,-0.40027618408203125,0.01611250312855708,-0.012237778598083837,-0.0010680493771892952,"StraightLane index=('>>>', '1S0_0_', 0)",True,91.66539001464844,4.291534423828125e-05,0.00014495849609040358,"StraightLane index=('>>', '>>>', 0)",True,0.0,True,False,-0.5936936736106873,-0.013305827975273132,0.0,-0.013305827975273132,True,0.0,0.0,0.0,-0.0,0.0,-0.0
29.599946,"[141.8710174560547, 4.499956130981445, 0.0]","[160.7759552001953, 4.5, 0.0]",5.122617721575549,5.059957504272461,5.063406853446086,-0.36363601684437086,-0.40021708607673645,18.90602111798146,-0.05272197725179151,0.00026226043621235817,14.40602111798146,0.06266021730308768,5.133818626403809,-0.04277324676513672,18.911712646484375,True,0,5.091045379638672,5.059957504272461,-0.5540800094604492,-0.004891547515414353,-0.04562068876242135,0.032314860787148215,"StraightLane index=('>>>', '1S0_0_', 0)",True,91.76828002929688,4.3392181396484375e-05,0.00015258789061344235,"StraightLane index=('>>', '>>>', 0)",True,0.0,True,False,-0.5936936736106873,-0.013305827975273132,0.0,-0.013305827975273132,True,0.0,0.0,0.0,-0.0,0.0,-0.0
29.620396,"[141.97361755371094, 4.499955654144287, 0.0]","[160.87738037109375, 4.5, 0.0]",5.115345001239224,5.054239749908447,5.050013955607725,-0.3636360168162156,-0.3958486020565033,18.904937743930994,-0.06266021730308768,-0.49691200256480883,14.404937743930994,0.061105251330777044,5.126310348510742,-0.05272197723388672,18.906021118164062,True,0,5.0735883712768555,5.054239749908447,-0.5540800094604492,-0.004891547515414353,-0.04562068876242135,0.032314860787148215,"StraightLane index=('>>>', '1S0_0_', 0)",True,91.87101745605469,4.38690185546875e-05,0.0001678466797104088,"StraightLane index=('>>', '>>>', 0)",True,0.0,True,False,-0.5404413938522339,-0.013305827975273132,0.0,-0.013305827975273132,True,0.0,0.0,0.0,-0.0,0.0,-0.0
29.640592,"[142.07606506347656, 4.499955177307129, 0.0]","[160.97805786132812, 4.5, 0.0]",5.108072280903173,5.0344648361206055,5.036787216381496,-0.36363601680258206,-0.39024612307548523,18.9037628171849,-0.061105251330777044,0.07774829861553201,14.403762817184901,0.0736074447825672,5.119051933288574,-0.05272197723388672,18.906021118164062,True,0,5.0663299560546875,5.0344648361206055,-0.5540800094604492,-0.004891547515414353,-0.04562068876242135,0.00727445032810662,"StraightLane index=('>>>', '1S0_0_', 0)",True,91.97361755371094,4.4345855712890625e-05,0.00016021728513648115,"StraightLane index=('>>', '>>>', 0)",True,0.0,True,False,-0.5404413938522339,-0.03834623843431473,0.0,-0.03834623843431473,True,0.0,0.0,0.0,-0.0,0.0,-0.0
29.659779,"[142.17837524414062, 4.499954700469971, 0.0]","[161.0780487060547, 4.5, 0.0]",5.100799560567414,5.028112888336182,5.024211287785152,-0.3636360167879271,-0.37567174434661865,18.901992797652323,-0.0736074447825672,-0.6251096725895078,14.401992797652323,0.07268667223123249,5.108994483947754,-0.05272197723388672,18.906021118164062,True,0,5.056272506713867,5.028112888336182,-0.5540800094604492,-0.004891547515414353,-0.04562068876242135,0.00727445032810662,"StraightLane index=('>>>', '1S0_0_', 0)",True,92.07606506347656,4.482269287109375e-05,0.00016021728513648115,"StraightLane index=('>>', '>>>', 0)",True,0.0,True,False,-0.5404413938522339,-0.03834623843431473,0.0,-0.03834623843431473,True,0.0,0.0,0.0,-0.0,0.0,-0.0
29.680437,"[142.28053283691406, 4.4999542236328125, 0.0]","[161.17910766601562, 4.5, 0.0]",5.093526840231269,5.008287906646729,5.010691048296727,-0.363636016807245,-0.37676915526390076,18.899673461738967,-0.07268667223123249,0.04603862756673571,14.399673461738967,0.08523893358453982,5.1051225662231445,-0.05272197723388672,18.906021118164062,True,0,5.052400588989258,5.008287906646729,-0.5540800094604492,-0.004891547515414353,-0.04562068876242135,0.00727445032810662,"StraightLane index=('>>>', '1S0_0_', 0)",True,92.17837524414062,4.5299530029296875e-05,0.00014495849609040358,"StraightLane index=('>>', '>>>', 0)",True,0.0,True,False,-0.5404413938522339,-0.03834623843431473,0.0,-0.03834623843431473,True,0.0,0.0,0.0,-0.0,0.0,-0.0
29.70034,"[142.38255310058594, 4.499953746795654, 0.0]","[161.27944946289062, 4.5, 0.0]",5.08625411989478,5.001890659332275,4.997598707334859,-0.36363601682447566,-0.3710774779319763,18.89857482888637,-0.08523893358453982,-0.6276130676653668,14.398574828886371,0.08436346056250432,5.094491481781006,-0.05272197723388672,18.906021118164062,True,0,5.041769504547119,5.001890659332275,-0.5806684494018555,-0.024725788492937863,-0.07956203785856567,0.04121579942425094,"StraightLane index=('>>>', '1S0_0_', 0)",True,92.28053283691406,4.57763671875e-05,0.0001678466797104088,"StraightLane index=('>>', '>>>', 0)",True,0.0,True,False,-0.5404413938522339,-0.03834623843431473,0.0,-0.03834623843431473,True,0.0,0.0,0.0,-0.0,0.0,-0.0
29.720578,"[142.4844207763672, 4.499953269958496, 0.0]","[161.37942504882812, 4.5, 0.0]",5.078981399558723,4.98024320602417,4.981697881747991,-0.3636360168028485,-0.36506325006484985,18.896896362060374,-0.08436346056250432,0.043773651101775,14.396896362060374,0.09873819353455282,5.087699890136719,-0.05272197723388672,18.906021118164062,True,0,5.034977912902832,4.98024320602417,-0.5806684494018555,-0.024725788492937863,-0.07956203785856567,0.04121579942425094,"StraightLane index=('>>>', '1S0_0_', 0)",True,92.38255310058594,4.6253204345703125e-05,0.00018310546875648638,"StraightLane index=('>>', '>>>', 0)",True,0.0,True,False,-0.5404413938522339,-0.03834623843431473,0.0,-0.03834623843431473,True,0.0,0.0,0.0,-0.0,0.0,-0.0
29.739705,"[142.58615112304688, 4.499952793121338, 0.0]","[161.47604370117188, 4.5, 0.0]",5.052030563378131,4.97159481048584,4.966662881534279,-1.3475418090295843,-0.3676997125148773,18.895004272229205,-0.09873819353455282,-0.7187366486024249,14.395004272229205,0.08043575289229121,5.083772659301758,-0.08523893356323242,18.898574829101562,True,0,4.998533725738525,4.97159481048584,-0.5806684494018555,-0.024725788492937863,-0.07956203785856567,-0.003280259993473672,"StraightLane index=('>>>', '1S0_0_', 0)",True,92.48442077636719,4.673004150390625e-05,0.00017547607418255874,"StraightLane index=('>>', '>>>', 0)",True,0.0,True,False,-0.5404413938522339,-0.08284229785203934,0.0,-0.08284229785203934,True,0.0,0.0,0.0,0.08284229785203934,0.0,0.08284229785203934
29.758983,"[142.68772888183594, 4.49995231628418, 0.0]","[161.57460021972656, 4.5, 0.0]",5.0250797271977685,4.949307441711426,4.951498696730437,-1.3475418090181268,-0.3660390377044678,18.889892577891832,-0.08043575289229121,0.9151220321130804,14.389892577891832,0.07577228548634274,5.072948455810547,-0.08523893356323242,18.898574829101562,True,0,4.9877095222473145,4.949307441711426,-0.5806684494018555,-0.024725788492937863,-0.07956203785856567,-0.003280259993473672,"StraightLane index=('>>>', '1S0_0_', 0)",True,92.58615112304688,4.7206878662109375e-05,0.00017547607418255874,"StraightLane index=('>>', '>>>', 0)",True,0.0,True,False,-0.5404413938522339,-0.08284229785203934,0.0,-0.08284229785203934,True,0.0,0.0,0.0,0.08284229785203934,0.0,0.08284229785203934
29.780038,"[142.7887725830078, 4.4999518394470215, 0.0]","[161.6764373779297, 4.5, 0.0]",4.998128891016454,4.9398298263549805,4.934960197984555,-1.3475418090657332,-0.3995072841644287,18.886871337612348,-0.07577228548634274,0.2331733702974237,14.386871337612348,0.05829906466147339,5.06577730178833,-0.08523893356323242,18.898574829101562,True,0,4.980538368225098,4.9398298263549805,-0.5806684494018555,-0.024725788492937863,-0.07956203785856567,-0.003280259993473672,"StraightLane index=('>>>', '1S0_0_', 0)",True,92.68772888183594,4.76837158203125e-05,0.00019836425780256396,"StraightLane index=('>>', '>>>', 0)",True,0.0,True,False,-0.5404413938522339,-0.08284229785203934,0.0,-0.08284229785203934,True,0.0,0.0,0.0,0.08284229785203934,0.0,0.08284229785203934
29.800187,"[142.88926696777344, 4.499951362609863, 0.0]","[161.77584838867188, 4.5, 0.0]",4.971178054835081,4.917405128479005,4.9190933981492595,-1.3475418090686642,-0.4783528745174408,18.887664794685797,-0.05829906466147339,0.8736610412434676,14.387664794685797,0.05377292635607578,5.049300193786621,-0.08523893356323242,18.898574829101562,True,0,4.964061260223389,4.917405128479005,-0.844855308532706,-0.05182314544228878,-0.08677554757373804,0.003933249721698701,"StraightLane index=('>>>', '1S0_0_', 0)",True,92.78877258300781,4.8160552978515625e-05,0.00017547607418255874,"StraightLane index=('>>', '>>>', 0)",True,0.0,True,False,-0.5404413938522339,-0.08284229785203934,0.0,-0.08284229785203934,True,0.0,0.0,0.0,0.08284229785203934,0.0,0.08284229785203934
29.820399,"[142.98922729492188, 4.499950885772705, 0.0]","[161.87413024902344, 4.5, 0.0]",4.944227218652855,4.906529426574707,4.900633816353703,-1.3475418091112967,-0.5901280045509338,18.886581420646557,-0.05377292635607578,0.22630691526988045,14.386581420646557,0.03769779207814761,5.027604579925537,-0.05829906463623047,18.887664794921875,True,0,4.969305515289307,4.906529426574707,-0.844855308532706,-0.05182314544228878,-0.08677554757373804,0.003933249721698701,"StraightLane index=('>>>', '1S0_0_', 0)",True,92.88926696777344,4.863739013671875e-05,0.00018310546875648638,"StraightLane index=('>>', '>>>', 0)",True,0.0,True,False,-0.5404413938522339,-0.08284229785203934,0.0,-0.08284229785203934,True,0.0,0.0,0.0,0.08284229785203934,0.0,0.08284229785203934
29.840259,"[143.08865356445312, 4.499950408935547, 0.0]","[161.97166442871094, 4.5, 0.0]",4.918817520166143,4.881592273712158,4.882505978583637,-1.270484924335591,-0.7138661742210388,18.884902953848165,-0.03769779207814761,0.8037567138964086,14.384902953848165,0.03722524645398462,5.002317428588867,-0.05829906463623047,18.887664794921875,True,0,4.944018363952637,4.881592273712158,-0.844855308532706,-0.05182314544228878,-0.08677554757373804,0.008666983554534852,"StraightLane index=('>>>', '1S0_0_', 0)",True,92.98922729492188,4.9114227294921875e-05,0.00018310546875648638,"StraightLane index=('>>', '>>>', 0)",True,0.0,True,False,-0.48891669511795044,-0.07810856401920319,0.0,-0.07810856401920319,True,0.0,0.0,0.0,0.07810856401920319,0.0,0.07810856401920319
29.859598,"[143.18753051757812, 4.499949932098389, 0.0]","[162.06845092773438, 4.5, 0.0]",4.893407821678944,4.870124816894531,4.864843932408158,-1.270484924359927,-0.8392902612686157,18.883010864031508,-0.03722524645398462,0.023627281208149498,14.383010864031508,0.02328300478441303,4.974383354187012,-0.05829906463623047,18.887664794921875,True,0,4.916084289550781,4.870124816894531,-0.844855308532706,-0.05182314544228878,-0.08677554757373804,0.008666983554534852,"StraightLane index=('>>>', '1S0_0_', 0)",True,93.08865356445312,4.9591064453125e-05,0.0001678466797104088,"StraightLane index=('>>', '>>>', 0)",True,0.0,True,False,-0.48891669511795044,-0.07810856401920319,0.0,-0.07810856401920319,True,0.0,0.0,0.0,0.07810856401920319,0.0,0.07810856401920319
29.880311,"[143.28590393066406, 4.4999494552612305, 0.0]","[162.1661376953125, 4.5, 0.0]",4.867998123191471,4.845159530639648,4.845945888749166,-1.2704849243736493,-0.9575509428977966,18.880920409955955,-0.02328300478441303,0.6971120834785793,14.380920409955955,0.022838592551822856,4.944694995880127,-0.05829906463623047,18.887664794921875,True,0,4.8863959312438965,4.845159530639648,-0.844855308532706,-0.05182314544228878,-0.08677554757373804,0.008666983554534852,"StraightLane index=('>>>', '1S0_0_', 0)",True,93.18753051757812,5.0067901611328125e-05,0.00015258789061344235,"StraightLane index=('>>', '>>>', 0)",True,0.0,True,False,-0.48891669511795044,-0.07810856401920319,0.0,-0.07810856401920319,True,0.0,0.0,0.0,0.07810856401920319,0.0,0.07810856401920319
29.900624,"[143.38377380371094, 4.499948978424072, 0.0]","[162.2636260986328, 4.5, 0.0]",4.842588424704307,4.833562850952148,4.827317389180615,-1.270484924358195,-1.0927811861038208,18.880233764446878,-0.022838592551822856,0.022220611629508724,14.380233764446878,0.009025573752158955,4.9003424644470215,-0.05829906463623047,18.887664794921875,True,0,4.842043399810791,4.833562850952148,-0.8384227752685636,-0.07598562803245963,-0.08185225097136295,0.0037436869521597638,"StraightLane index=('>>>', '1S0_0_', 0)",True,93.28590393066406,5.054473876953125e-05,0.00015258789061344235,"StraightLane index=('>>', '>>>', 0)",True,0.0,True,False,-0.48891669511795044,-0.07810856401920319,0.0,-0.07810856401920319,True,0.0,0.0,0.0,0.07810856401920319,0.0,0.07810856401920319
29.919646,"[143.48114013671875, 4.499948501586914, 0.0]","[162.35751342773438, 4.5, 0.0]",4.817178726217447,4.807503700256348,4.80774626812408,-1.2704849243430072,-1.1486576795578003,18.879852294705387,-0.009025573752158955,0.690650939983195,14.379852294705387,0.009675025961099593,4.8835530281066895,-0.05829906463623047,18.887664794921875,True,0,4.825253963470459,4.807503700256348,-0.8384227752685636,-0.07598562803245963,-0.08185225097136295,0.0037436869521597638,"StraightLane index=('>>>', '1S0_0_', 0)",True,93.38377380371094,5.1021575927734375e-05,0.00016021728513648115,"StraightLane index=('>>', '>>>', 0)",True,0.0,True,False,-0.48891669511795044,-0.07810856401920319,0.0,-0.07810856401920319,True,0.0,0.0,0.0,0.07810856401920319,0.0,0.07810856401920319
29.939611,"[143.57798767089844, 4.499948024749756, 0.0]","[162.4532012939453, 4.5, 0.0]",4.787841796895504,4.793556213378906,4.787218109136324,-1.4668464660971825,-1.2222402095794678,18.87637329079782,-0.009675025961099593,-0.03247261044703187,14.376373290797819,-0.005714416483402651,4.852580547332764,-0.022838592529296875,18.880233764648438,True,0,4.829741954803467,4.793556213378906,-0.8384227752685636,-0.07598562803245963,-0.08185225097136295,-0.008325001917316555,"StraightLane index=('>>>', '1S0_0_', 0)",True,93.48114013671875,5.14984130859375e-05,0.00016021728513648115,"StraightLane index=('>>', '>>>', 0)",True,0.0,True,False,-0.48891669511795044,-0.0901772528886795,0.0,-0.0901772528886795,True,0.0,0.0,0.0,0.0901772528886795,0.0,0.0901772528886795
29.959517,"[143.67433166503906, 4.499947547912598, 0.0]","[162.55067443847656, 4.5, 0.0]",4.758504867573179,4.765892028808594,4.766718618109205,-1.466846466116234,-1.2765077352523804,18.875213622841525,0.005714416483402651,0.7694721222251122,14.375213622841525,-0.00738716123541483,4.822261810302734,-0.022838592529296875,18.880233764648438,True,0,4.7994232177734375,4.765892028808594,-0.8384227752685636,-0.07598562803245963,-0.08185225097136295,-0.008325001917316555,"StraightLane index=('>>>', '1S0_0_', 0)",True,93.57798767089844,5.1975250244140625e-05,0.00015258789061344235,"StraightLane index=('>>', '>>>', 0)",True,0.0,True,False,-0.48891669511795044,-0.0901772528886795,0.0,-0.0901772528886795,True,0.0,0.0,0.0,0.0901772528886795,0.0,0.0901772528886795
29.97978,"[143.7700958251953, 4.4999470710754395, 0.0]","[162.64389038085938, 4.5, 0.0]",4.7291679382511065,4.752479076385498,4.745871702711441,-1.4668464661036218,-1.318369746208191,18.87634277323087,0.00738716123541483,0.08363723760060893,14.37634277323087,-0.023311138134391562,4.792247295379639,-0.022838592529296875,18.880233764648438,True,0,4.769408702850342,4.752479076385498,-0.8384227752685636,-0.07598562803245963,-0.08185225097136295,-0.008325001917316555,"StraightLane index=('>>>', '1S0_0_', 0)",True,93.67433166503906,5.245208740234375e-05,0.00015258789061344235,"StraightLane index=('>>', '>>>', 0)",True,0.0,True,False,-0.48891669511795044,-0.0901772528886795,0.0,-0.0901772528886795,True,0.0,0.0,0.0,0.0901772528886795,0.0,0.0901772528886795
30.000697,"[143.86526489257812, 4.499946594238281, 0.0]","[162.74172973632812, 4.5, 0.0]",4.699831008929228,4.724735736846925,4.724272930779635,-1.4668464660939406,-1.363011360168457,18.873794555456175,0.023311138134391562,0.7961988449488366,14.373794555456175,-0.024904727917697045,4.747567653656006,-0.022838592529296875,18.880233764648438,True,0,4.724729061126709,4.724735736846925,-1.0882711410522372,-0.10647655516604197,-0.09028848201953889,0.00011122913085938324,"StraightLane index=('>>>', '1S0_0_', 0)",True,93.77009582519531,5.2928924560546875e-05,0.00015258789061344235,"StraightLane index=('>>', '>>>', 0)",True,0.0,True,False,-0.48891669511795044,-0.0901772528886795,0.0,-0.0901772528886795,True,0.0,0.0,0.0,0.0901772528886795,0.0,0.0901772528886795
30.020568,"[143.95985412597656, 4.499946117401123, 0.0]","[162.83375549316406, 4.5, 0.0]",4.670494079606989,4.709945201873779,4.70194837258581,-1.4668464661119263,-1.391937255859375,18.876464843567774,0.024904727917697045,0.07967948916527412,14.376464843567774,-0.03945112226679015,4.716990947723389,0.023311138153076172,18.873794555664062,True,0,4.740302085876465,4.709945201873779,-1.0882711410522372,-0.10647655516604197,-0.09028848201953889,0.00011122913085938324,"StraightLane index=('>>>', '1S0_0_', 0)",True,93.86526489257812,5.340576171875e-05,0.0001373291015673648,"StraightLane index=('>>', '>>>', 0)",True,0.0,True,False,-0.43918341398239136,-0.0901772528886795,0.0,-0.0901772528886795,True,0.0,0.0,0.0,0.0901772528886795,0.0,0.0901772528886795
30.040536,"[144.05384826660156, 4.499945640563965, 0.0]","[162.9297332763672, 4.5, 0.0]",4.641298294083549,4.680111885070801,4.679386275521416,-1.4597892761719855,-1.4201295375823975,18.87390136701717,0.03945112226679015,0.7273197174546553,14.373901367017169,-0.038813590987251345,4.700113773345947,0.023311138153076172,18.873794555664062,True,0,4.723424911499023,4.680111885070801,-1.0882711410522372,-0.10647655516604197,-0.09028848201953889,0.0005464622470092856,"StraightLane index=('>>>', '1S0_0_', 0)",True,93.95985412597656,5.3882598876953125e-05,0.000129699707044326,"StraightLane index=('>>', '>>>', 0)",True,0.0,True,False,-0.43918341398239136,-0.0897420197725296,0.0,-0.0897420197725296,True,0.0,0.0,0.0,0.0897420197725296,0.0,0.0897420197725296
30.058923,"[144.1472625732422, 4.499945163726807, 0.0]","[163.02011108398438, 4.5, 0.0]",4.612102508560482,4.664958953857422,4.658636011244725,-1.4597892761533782,-1.4465854167938232,18.87588500959421,0.038813590987251345,-0.031876563976940275,14.37588500959421,-0.05285644529694,4.654458045959473,0.023311138153076172,18.873794555664062,True,0,4.677769184112549,4.664958953857422,-1.0882711410522372,-0.10647655516604197,-0.09028848201953889,0.0005464622470092856,"StraightLane index=('>>>', '1S0_0_', 0)",True,94.05384826660156,5.435943603515625e-05,0.000129699707044326,"StraightLane index=('>>', '>>>', 0)",True,0.0,True,False,-0.43918341398239136,-0.0897420197725296,0.0,-0.0897420197725296,True,0.0,0.0,0.0,0.0897420197725296,0.0,0.0897420197725296
30.079666,"[144.24008178710938, 4.499944686889648, 0.0]","[163.1137237548828, 4.5, 0.0]",4.58290672303753,4.6356987953186035,4.635273152475939,-1.459789276147605,-1.4678093194961548,18.8728485105697,0.05285644529694,0.7021427154844329,14.3728485105697,-0.05279207228107374,4.637765884399414,0.023311138153076172,18.873794555664062,True,0,4.66107702255249,4.6356987953186035,-1.0882711410522372,-0.10647655516604197,-0.09028848201953889,0.0005464622470092856,"StraightLane index=('>>>', '1S0_0_', 0)",True,94.14726257324219,5.4836273193359375e-05,0.000129699707044326,"StraightLane index=('>>', '>>>', 0)",True,0.0,True,False,-0.43918341398239136,-0.0897420197725296,0.0,-0.0897420197725296,True,0.0,0.0,0.0,0.0897420197725296,0.0,0.0897420197725296
30.100076,"[144.3323211669922, 4.49994421005249, 0.0]","[163.2095184326172, 4.5, 0.0]",4.553710937514241,4.619238376617432,4.6122597392160465,-1.459789276164436,-1.482335090637207,18.873641967586646,0.05279207228107374,-0.0032186507933129604,14.373641967586646,-0.06552743910319059,4.606950283050537,0.023311138153076172,18.873794555664062,True,0,4.630261421203613,4.619238376617432,-1.0549736022949308,-0.13275297572976036,-0.09016014031268647,0.0004181205401568716,"StraightLane index=('>>>', '1S0_0_', 0)",True,94.24008178710938,5.53131103515625e-05,0.0001373291015673648,"StraightLane index=('>>', '>>>', 0)",True,0.0,True,False,-0.43918341398239136,-0.0897420197725296,0.0,-0.0897420197725296,True,0.0,0.0,0.0,0.0897420197725296,0.0,0.0897420197725296
30.119661,"[144.42398071289062, 4.49994421005249, 0.0]","[163.29896545410156, 4.5, 0.0]",4.524515151990824,4.592955112457275,4.588765913595074,-1.4597892761708309,-1.47978675365448,18.87719726546329,0.06552743910319059,0.6367683411058422,14.377197265463291,-0.06843996046645096,4.562727928161621,0.05279207229614258,18.873641967773438,True,0,4.615520000457764,4.592955112457275,-1.0549736022949308,-0.13275297572976036,-0.09016014031268647,0.0004181205401568716,"StraightLane index=('>>>', '1S0_0_', 0)",True,94.33232116699219,5.5789947509765625e-05,0.00012207031247039834,"StraightLane index=('>>', '>>>', 0)",True,0.0,True,False,-0.43918341398239136,-0.0897420197725296,0.0,-0.0897420197725296,True,0.0,0.0,0.0,0.0897420197725296,0.0,0.0897420197725296
30.140986,"[144.5150604248047, 4.49994421005249, 0.0]","[163.3901824951172, 4.5, 0.0]",4.490758895886211,4.56891393661499,4.563169845226315,-1.6878128052306707,-1.4853793382644653,18.874984741036286,0.06843996046645096,0.14562606816301837,14.374984741036286,-0.07815504072877921,4.5323805809021,0.05279207229614258,18.873641967773438,True,0,4.585172653198242,4.56891393661499,-1.0549736022949308,-0.13275297572976036,-0.09016014031268647,-0.013603581570610493,"StraightLane index=('>>>', '1S0_0_', 0)",True,94.42398071289062,5.5789947509765625e-05,0.000129699707044326,"StraightLane index=('>>', '>>>', 0)",True,0.0,True,False,-0.43918341398239136,-0.10376372188329697,0.0,-0.10376372188329697,True,0.0,0.0,0.0,0.10376372188329697,0.0,0.10376372188329697
30.159668,"[144.6055450439453, 4.49994421005249, 0.0]","[163.48300170898438, 4.5, 0.0]",4.457002639781961,4.544444561004639,4.54073928801585,-1.6878128052125074,-1.4976252317428589,18.875122070137845,0.07815504072877921,0.48575401311641286,14.375122070137845,-0.0874419212226778,4.516242027282715,0.05279207229614258,18.873641967773438,True,0,4.569034099578857,4.544444561004639,-1.0549736022949308,-0.13275297572976036,-0.09016014031268647,-0.013603581570610493,"StraightLane index=('>>>', '1S0_0_', 0)",True,94.51506042480469,5.5789947509765625e-05,0.000129699707044326,"StraightLane index=('>>', '>>>', 0)",True,0.0,True,False,-0.43918341398239136,-0.10376372188329697,0.0,-0.10376372188329697,True,0.0,0.0,0.0,0.10376372188329697,0.0,0.10376372188329697
30.179747,"[144.6953582763672, 4.49994421005249, 0.0]","[163.57196044921875, 4.5, 0.0]",4.423246383678292,4.520995140075684,4.516657307602093,-1.687812805183464,-1.5015498399734497,18.877456664864404,0.0874419212226778,0.4643440246949293,14.377456664864404,-0.097748756397392,4.48602294921875,0.05279207229614258,18.873641967773438,True,0,4.538815021514893,4.520995140075684,-1.0549736022949308,-0.13275297572976036,-0.09016014031268647,-0.013603581570610493,"StraightLane index=('>>>', '1S0_0_', 0)",True,94.60554504394531,5.5789947509765625e-05,0.000129699707044326,"StraightLane index=('>>', '>>>', 0)",True,0.0,True,False,-0.43918341398239136,-0.10376372188329697,0.0,-0.10376372188329697,True,0.0,0.0,0.0,0.10376372188329697,0.0,0.10376372188329697
30.19961,"[144.7845001220703, 4.49994421005249, 0.0]","[163.66310119628906, 4.5, 0.0]",4.389490127574225,4.496972560882568,4.492875930804386,-1.6878128052033148,-1.5148451328277588,18.876602172689857,0.097748756397392,0.5153417587357101,14.376602172689857,-0.10748243330834306,4.454690933227539,0.05279207229614258,18.873641967773438,True,0,4.507483005523682,4.496972560882568,-1.2226581573486328,-0.1622707136639865,-0.0924071320135635,-0.011356589869733466,"StraightLane index=('>>>', '1S0_0_', 0)",True,94.69535827636719,5.5789947509765625e-05,0.00012207031247039834,"StraightLane index=('>>', '>>>', 0)",True,0.0,True,False,-0.43918341398239136,-0.10376372188329697,0.0,-0.10376372188329697,True,0.0,0.0,0.0,0.10376372188329697,0.0,0.10376372188329697
30.219708,"[144.8729705810547, 4.49994421005249, 0.0]","[163.7528533935547, 4.5, 0.0]",4.355733871470357,4.472286701202393,4.467830499911377,-1.6878128051934116,-1.538163185119629,18.878601074044088,0.10748243330834306,0.48668384554755306,14.378601074044088,-0.11655282973203551,4.406622409820557,0.08744192123413086,18.877456665039062,True,0,4.4940643310546875,4.472286701202393,-1.2226581573486328,-0.1622707136639865,-0.0924071320135635,-0.011356589869733466,"StraightLane index=('>>>', '1S0_0_', 0)",True,94.78450012207031,5.5789947509765625e-05,0.000129699707044326,"StraightLane index=('>>', '>>>', 0)",True,0.0,True,False,-0.39328837394714355,-0.10376372188329697,0.0,-0.10376372188329697,True,0.0,0.0,0.0,0.10376372188329697,0.0,0.10376372188329697
30.239846,"[144.96075439453125, 4.49994421005249, 0.0]","[163.84146118164062, 4.5, 0.0]",4.319967269907599,4.447405815124512,4.442783068703999,-1.788330078137923,-1.567587971687317,18.879882812338288,0.11655282973203551,0.45351982118462253,14.379882812338288,-0.1274385452169131,4.388154029846191,0.08744192123413086,18.877456665039062,True,0,4.475595951080322,4.447405815124512,-1.2226581573486328,-0.1622707136639865,-0.0924071320135635,-0.01753581084417881,"StraightLane index=('>>>', '1S0_0_', 0)",True,94.87297058105469,5.5789947509765625e-05,0.00012207031247039834,"StraightLane index=('>>', '>>>', 0)",True,0.0,True,False,-0.39328837394714355,-0.10994294285774231,0.0,-0.10994294285774231,True,0.0,0.0,0.0,0.10994294285774231,0.0,0.10994294285774231
30.259839,"[145.04786682128906, 4.49994421005249, 0.0]","[163.9316864013672, 4.5, 0.0]",4.284200668344573,4.422069072723389,4.417902490267111,-1.78833007815129,-1.5946604013442993,18.88070678696028,0.1274385452169131,0.54428577424388,14.380706786960278,-0.13786840437881587,4.35397481918335,0.08744192123413086,18.877456665039062,True,0,4.4414167404174805,4.422069072723389,-1.2226581573486328,-0.1622707136639865,-0.0924071320135635,-0.01753581084417881,"StraightLane index=('>>>', '1S0_0_', 0)",True,94.96075439453125,5.5789947509765625e-05,0.00011444091794735956,"StraightLane index=('>>', '>>>', 0)",True,0.0,True,False,-0.39328837394714355,-0.10994294285774231,0.0,-0.10994294285774231,True,0.0,0.0,0.0,0.10994294285774231,0.0,0.10994294285774231
30.280223,"[145.13426208496094, 4.49994421005249, 0.0]","[164.01828002929688, 4.5, 0.0]",4.248434066781707,4.397753715515137,4.392561238685437,-1.7883300781432965,-1.623328447341919,18.883819579953254,0.13786840437881587,0.5214929580951377,14.383819579953254,-0.14931964873342984,4.319100379943848,0.08744192123413086,18.877456665039062,True,0,4.4065423011779785,4.397753715515137,-1.2226581573486328,-0.1622707136639865,-0.0924071320135635,-0.01753581084417881,"StraightLane index=('>>>', '1S0_0_', 0)",True,95.04786682128906,5.5789947509765625e-05,9.918212890128198e-05,"StraightLane index=('>>', '>>>', 0)",True,0.0,True,False,-0.39328837394714355,-0.10994294285774231,0.0,-0.10994294285774231,True,0.0,0.0,0.0,0.10994294285774231,0.0,0.10994294285774231
30.299523,"[145.21994018554688, 4.49994421005249, 0.0]","[164.10679626464844, 4.5, 0.0]",4.212667465218585,4.372896671295167,4.368544425409103,-1.7883300781560862,-1.6552679538726807,18.88401794419912,0.14931964873342984,0.5725622177306988,14.384017944199119,-0.16022920607658175,4.283288955688477,0.08744192123413086,18.877456665039062,True,0,4.370730876922607,4.372896671295167,-1.2407588958740146,-0.18947020365317835,-0.0853212197034002,-0.024621723154342107,"StraightLane index=('>>>', '1S0_0_', 0)",True,95.13426208496094,5.5789947509765625e-05,0.00010681152342432076,"StraightLane index=('>>', '>>>', 0)",True,0.0,True,False,-0.39328837394714355,-0.10994294285774231,0.0,-0.10994294285774231,True,0.0,0.0,0.0,0.10994294285774231,0.0,0.10994294285774231
30.324676,"[145.30491638183594, 4.49994421005249, 0.0]","[164.19662475585938, 4.5, 0.0]",4.176900863655684,4.346981525421143,4.336909533887439,-1.7883300781450728,-1.687585473060608,18.886856078976688,0.16022920607658175,0.5454778671575955,14.386856078976688,-0.17008066176545888,4.2467942237854,0.13786840438842773,18.883819580078125,True,0,4.384662628173828,4.346981525421143,-1.2407588958740146,-0.18947020365317835,-0.0853212197034002,-0.024621723154342107,"StraightLane index=('>>>', '1S0_0_', 0)",True,95.21994018554688,5.5789947509765625e-05,9.918212890128198e-05,"StraightLane index=('>>', '>>>', 0)",True,0.0,True,False,-0.39328837394714355,-0.10994294285774231,0.0,-0.10994294285774231,True,0.0,0.0,0.0,0.10994294285774231,0.0,0.10994294285774231
30.340304,"[145.38917541503906, 4.49994421005249, 0.0]","[164.2824249267578, 4.5, 0.0]",4.142852783211052,4.321913719177246,4.317243749522174,-1.702404022231585,-1.713594913482666,18.89170837387432,0.17008066176545888,0.49257278444385655,14.39170837387432,-0.1790609359661941,4.210320949554443,0.13786840438842773,18.883819580078125,True,0,4.348189353942871,4.321913719177246,-1.2407588958740146,-0.18947020365317835,-0.0853212197034002,-0.019337562778747014,"StraightLane index=('>>>', '1S0_0_', 0)",True,95.30491638183594,5.5789947509765625e-05,0.00011444091794735956,"StraightLane index=('>>', '>>>', 0)",True,0.0,True,False,-0.39328837394714355,-0.10465878248214722,0.0,-0.10465878248214722,True,0.0,0.0,0.0,0.10465878248214722,0.0,0.10465878248214722
30.359486,"[145.47271728515625, 4.49994421005249, 0.0]","[164.36607360839844, 4.5, 0.0]",4.108804702766515,4.2974700927734375,4.29311287906298,-1.7024040222268333,-1.7342697381973267,18.893249511605482,0.1790609359661941,0.4490137100367608,14.393249511605482,-0.18866539000692217,4.1739397048950195,0.13786840438842773,18.883819580078125,True,0,4.311808109283447,4.2974700927734375,-1.2407588958740146,-0.18947020365317835,-0.0853212197034002,-0.019337562778747014,"StraightLane index=('>>>', '1S0_0_', 0)",True,95.38917541503906,5.5789947509765625e-05,9.155273437824319e-05,"StraightLane index=('>>', '>>>', 0)",True,0.0,True,False,-0.39328837394714355,-0.10465878248214722,0.0,-0.10465878248214722,True,0.0,0.0,0.0,0.10465878248214722,0.0,0.10465878248214722
30.380499,"[145.55557250976562, 4.49994421005249, 0.0]","[164.45431518554688, 4.5, 0.0]",4.074756622321994,4.271683216094971,4.2666927706421465,-1.7024040222260783,-1.7464879751205444,18.893356323093066,0.18866539000692217,0.4802227020364036,14.393356323093066,-0.19692659377297694,4.120498180389404,0.13786840438842773,18.883819580078125,True,0,4.258366584777832,4.271683216094971,-1.2407588958740146,-0.18947020365317835,-0.0853212197034002,-0.019337562778747014,"StraightLane index=('>>>', '1S0_0_', 0)",True,95.47271728515625,5.5789947509765625e-05,0.00011444091794735956,"StraightLane index=('>>', '>>>', 0)",True,0.0,True,False,-0.39328837394714355,-0.10465878248214722,0.0,-0.10465878248214722,True,0.0,0.0,0.0,0.10465878248214722,0.0,0.10465878248214722
30.400265,"[145.6377410888672, 4.49994421005249, 0.0]","[164.54025268554688, 4.5, 0.0]",4.040708541877538,4.2465715408325195,4.241818332759569,-1.702404022222792,-1.7666730880737305,18.898742675644407,0.19692659377297694,0.4130601883027385,14.398742675644407,-0.2058629989549816,4.100915908813477,0.13786840438842773,18.883819580078125,True,0,4.238784313201904,4.2465715408325195,-1.2632513046264737,-0.2147369789497871,-0.08092602962904905,-0.02373275285309817,"StraightLane index=('>>>', '1S0_0_', 0)",True,95.55557250976562,5.5789947509765625e-05,0.00010681152342432076,"StraightLane index=('>>', '>>>', 0)",True,0.0,True,False,-0.39328837394714355,-0.10465878248214722,0.0,-0.10465878248214722,True,0.0,0.0,0.0,0.10465878248214722,0.0,0.10465878248214722
30.41967,"[145.71923828125, 4.49994421005249, 0.0]","[164.62295532226562, 4.5, 0.0]",4.0066604614333245,4.222075939178467,4.217639049874932,-1.7024040222106684,-1.7701959609985352,18.902511596542837,0.2058629989549816,0.4468202591002335,14.402511596542837,-0.21541547774514225,4.065335750579834,0.19692659378051758,18.89874267578125,True,0,4.262262344360352,4.222075939178467,-1.2632513046264737,-0.2147369789497871,-0.08092602962904905,-0.02373275285309817,"StraightLane index=('>>>', '1S0_0_', 0)",True,95.63774108886719,5.5789947509765625e-05,0.00010681152342432076,"StraightLane index=('>>', '>>>', 0)",True,0.0,True,False,-0.35423314571380615,-0.10465878248214722,0.0,-0.10465878248214722,True,0.0,0.0,0.0,0.10465878248214722,0.0,0.10465878248214722
30.439732,"[145.800048828125, 4.49994421005249, 0.0]","[164.7074432373047, 4.5, 0.0]",3.977573394782995,4.196889877319336,4.192642844513431,-1.454353332516467,-1.7668536901474,18.9037170408409,0.21541547774514225,0.4776239395080317,14.403717040840899,-0.21931648253634073,4.03044319152832,0.19692659378051758,18.89874267578125,True,0,4.227369785308838,4.196889877319336,-1.2632513046264737,-0.2147369789497871,-0.08092602962904905,-0.00848416363543536,"StraightLane index=('>>>', '1S0_0_', 0)",True,95.71923828125,5.5789947509765625e-05,0.000129699707044326,"StraightLane index=('>>', '>>>', 0)",True,0.0,True,False,-0.35423314571380615,-0.0894101932644844,0.0,-0.0894101932644844,True,0.0,0.0,0.0,0.0894101932644844,0.0,0.0894101932644844
30.459197,"[145.88018798828125, 4.49994421005249, 0.0]","[164.7896728515625, 4.5, 0.0]",3.948486328132294,4.172375679016113,4.168381010345323,-1.4543533325350522,-1.7634503841400146,18.907394409030537,0.21931648253634073,0.19505023955992407,14.407394409030537,-0.22388935088381912,3.9956490993499756,0.19692659378051758,18.89874267578125,True,0,4.192575693130493,4.172375679016113,-1.2632513046264737,-0.2147369789497871,-0.08092602962904905,-0.00848416363543536,"StraightLane index=('>>>', '1S0_0_', 0)",True,95.800048828125,5.5789947509765625e-05,0.00011444091794735956,"StraightLane index=('>>', '>>>', 0)",True,0.0,True,False,-0.35423314571380615,-0.0894101932644844,0.0,-0.0894101932644844,True,0.0,0.0,0.0,0.0894101932644844,0.0,0.0894101932644844
30.480607,"[145.95973205566406, 4.49994421005249, 0.0]","[164.87567138671875, 4.5, 0.0]",3.9193992614820226,4.146740436553955,4.141727593834652,-1.4543533325135805,-1.7239675521850586,18.909484863156344,0.22388935088381912,0.22864341737391936,14.409484863156344,-0.22734117507193252,3.947183609008789,0.19692659378051758,18.89874267578125,True,0,4.144110202789307,4.146740436553955,-1.2632513046264737,-0.2147369789497871,-0.08092602962904905,-0.00848416363543536,"StraightLane index=('>>>', '1S0_0_', 0)",True,95.88018798828125,5.5789947509765625e-05,9.918212890128198e-05,"StraightLane index=('>>', '>>>', 0)",True,0.0,True,False,-0.35423314571380615,-0.0894101932644844,0.0,-0.0894101932644844,True,0.0,0.0,0.0,0.0894101932644844,0.0,0.0894101932644844
30.499883,"[146.0386962890625, 4.49994421005249, 0.0]","[164.958984375, 4.5, 0.0]",3.890312194831738,4.121904373168945,4.117689402993909,-1.4543533325142244,-1.7239036560058594,18.91593933092977,0.22734117507193252,0.1725912094056703,14.41593933092977,-0.23159217833720724,3.929950714111328,0.19692659378051758,18.89874267578125,True,0,4.126877307891846,4.121904373168945,-1.2466716766357422,-0.23689678973705938,-0.08636187381787466,-0.003048319446609743,"StraightLane index=('>>>', '1S0_0_', 0)",True,95.95973205566406,5.5789947509765625e-05,9.918212890128198e-05,"StraightLane index=('>>', '>>>', 0)",True,0.0,True,False,-0.35423314571380615,-0.0894101932644844,0.0,-0.0894101932644844,True,0.0,0.0,0.0,0.0894101932644844,0.0,0.0894101932644844
30.520519,"[146.11708068847656, 4.49994421005249, 0.0]","[165.04115295410156, 4.5, 0.0]",3.8612251281817076,4.0974016189575195,4.092728966689227,-1.4543533325015234,-1.6890623569488525,18.920288085788325,0.23159217833720724,0.2125501632637361,14.420288085788325,-0.23617649077581193,3.8994140625,0.2273411750793457,18.915939331054688,True,0,4.126755237579346,4.0974016189575195,-1.2466716766357422,-0.23689678973705938,-0.08636187381787466,-0.003048319446609743,"StraightLane index=('>>>', '1S0_0_', 0)",True,96.0386962890625,5.5789947509765625e-05,0.00011444091794735956,"StraightLane index=('>>', '>>>', 0)",True,0.0,True,False,-0.35423314571380615,-0.0894101932644844,0.0,-0.0894101932644844,True,0.0,0.0,0.0,0.0894101932644844,0.0,0.0894101932644844
30.540136,"[146.19488525390625, 4.49994421005249, 0.0]","[165.12220764160156, 4.5, 0.0]",3.8305110931476944,4.076560974121094,4.068981633719431,-1.5357017517006577,-1.646441102027893,18.924072265475818,0.23617649077581193,0.22921562193023437,14.424072265475818,-0.2460498809733993,3.870436429977417,0.2273411750793457,18.915939331054688,True,0,4.097777605056763,4.076560974121094,-1.2466716766357422,-0.23689678973705938,-0.08636187381787466,-0.008049588727520235,"StraightLane index=('>>>', '1S0_0_', 0)",True,96.11708068847656,5.5789947509765625e-05,0.00011444091794735956,"StraightLane index=('>>', '>>>', 0)",True,0.0,True,False,-0.35423314571380615,-0.0944114625453949,0.0,-0.0944114625453949,True,0.0,0.0,0.0,0.0944114625453949,0.0,0.0944114625453949
30.56162,"[146.27210998535156, 4.49994421005249, 0.0]","[165.2038116455078, 4.5, 0.0]",3.7997970581133704,4.045559406280518,4.042976383904369,-1.5357017517162008,-1.605500340461731,18.92732238753349,0.2460498809733993,0.49366950987936864,14.42732238753349,-0.24576234816714715,3.8421545028686523,0.2273411750793457,18.915939331054688,True,0,4.069495677947998,4.045559406280518,-1.2466716766357422,-0.23689678973705938,-0.08636187381787466,-0.008049588727520235,"StraightLane index=('>>>', '1S0_0_', 0)",True,96.19488525390625,5.5789947509765625e-05,0.00012207031247039834,"StraightLane index=('>>', '>>>', 0)",True,0.0,True,False,-0.35423314571380615,-0.0944114625453949,0.0,-0.0944114625453949,True,0.0,0.0,0.0,0.0944114625453949,0.0,0.0944114625453949
30.58008,"[146.34872436523438, 4.49994421005249, 0.0]","[165.2845001220703, 4.5, 0.0]",3.7690830230790726,4.028160095214844,4.020662023714302,-1.5357017517148908,-1.5721280574798584,18.931701660031308,0.24576234816714715,-0.014376640312607769,14.431701660031308,-0.25907707213577114,3.8138599395751953,0.2273411750793457,18.915939331054688,True,0,4.041201114654541,4.028160095214844,-1.2466716766357422,-0.23689678973705938,-0.08636187381787466,-0.008049588727520235,"StraightLane index=('>>>', '1S0_0_', 0)",True,96.27210998535156,5.5789947509765625e-05,9.918212890128198e-05,"StraightLane index=('>>', '>>>', 0)",True,0.0,True,False,-0.35423314571380615,-0.0944114625453949,0.0,-0.0944114625453949,True,0.0,0.0,0.0,0.0944114625453949,0.0,0.0944114625453949
30.599895,"[146.42471313476562, 4.49994421005249, 0.0]","[165.36561584472656, 4.5, 0.0]",3.738368988044798,3.997303009033203,3.9966747054194816,-1.5357017517137361,-1.5461595058441162,18.93577575668673,0.25907707213577114,0.6657361984311994,14.43577575668673,-0.25893402098840523,3.7854185104370117,0.2273411750793457,18.915939331054688,True,0,4.012759685516357,3.997303009033203,-1.2460136413574219,-0.2568175882108632,-0.0885104745683998,-0.005900987976995092,"StraightLane index=('>>>', '1S0_0_', 0)",True,96.34872436523438,5.5789947509765625e-05,0.00011444091794735956,"StraightLane index=('>>', '>>>', 0)",True,0.0,True,False,-0.35423314571380615,-0.0944114625453949,0.0,-0.0944114625453949,True,0.0,0.0,0.0,0.0944114625453949,0.0,0.0944114625453949
30.620066,"[146.50009155273438, 4.49994421005249, 0.0]","[165.44334411621094, 4.5, 0.0]",3.7076549530103176,3.9810798168182373,3.9734165667578414,-1.5357017517240168,-1.5270270109176636,18.94090270981172,0.25893402098840523,-0.0071525573682951205,14.44090270981172,-0.27342486380791975,3.756744384765625,0.2590770721435547,18.935775756835938,True,0,4.01582145690918,3.9810798168182373,-1.2460136413574219,-0.2568175882108632,-0.0885104745683998,-0.005900987976995092,"StraightLane index=('>>>', '1S0_0_', 0)",True,96.42471313476562,5.5789947509765625e-05,0.00011444091794735956,"StraightLane index=('>>', '>>>', 0)",True,0.0,True,False,-0.318767786026001,-0.0944114625453949,0.0,-0.0944114625453949,True,0.0,0.0,0.0,0.0944114625453949,0.0,0.0944114625453949
30.641049,"[146.57485961914062, 4.49994421005249, 0.0]","[165.5241241455078, 4.5, 0.0]",3.678938865668872,3.950765609741212,3.949228091070959,-1.4358043670722687,-1.5139117240905762,18.943252563314704,0.27342486380791975,0.7245421409757258,14.443252563314704,-0.27182674407233964,3.727790355682373,0.2590770721435547,18.935775756835938,True,0,3.9868674278259277,3.950765609741212,-1.2460136413574219,-0.2568175882108632,-0.0885104745683998,0.00023942292312087443,"StraightLane index=('>>>', '1S0_0_', 0)",True,96.50009155273438,5.5789947509765625e-05,0.00012207031247039834,"StraightLane index=('>>', '>>>', 0)",True,0.0,True,False,-0.318767786026001,-0.08827105164527893,0.0,-0.08827105164527893,True,0.0,0.0,0.0,0.08827105164527893,0.0,0.08827105164527893
30.659558,"[146.64901733398438, 4.49994421005249, 0.0]","[165.60243225097656, 4.5, 0.0]",3.6502227783277696,3.934509038925171,3.9278824452405154,-1.4358043670551268,-1.505866527557373,18.949264526230255,0.27182674407233964,-0.07990598677900529,14.449264526230255,-0.28428626059740125,3.698540210723877,0.2590770721435547,18.935775756835938,True,0,3.9576172828674316,3.934509038925171,-1.2460136413574219,-0.2568175882108632,-0.0885104745683998,0.00023942292312087443,"StraightLane index=('>>>', '1S0_0_', 0)",True,96.57485961914062,5.5789947509765625e-05,0.00010681152342432076,"StraightLane index=('>>', '>>>', 0)",True,0.0,True,False,-0.318767786026001,-0.08827105164527893,0.0,-0.08827105164527893,True,0.0,0.0,0.0,0.08827105164527893,0.0,0.08827105164527893
30.679905,"[146.72259521484375, 4.49994421005249, 0.0]","[165.67958068847656, 4.5, 0.0]",3.621506690986479,3.9052629470825195,3.904432634393428,-1.4358043670645415,-1.5019099712371826,18.953414916855248,0.28428626059740125,0.6229758262530805,14.453414916855248,-0.2837562560960407,3.6690006256103516,0.2590770721435547,18.935775756835938,True,0,3.9280776977539062,3.9052629470825195,-1.2460136413574219,-0.2568175882108632,-0.0885104745683998,0.00023942292312087443,"StraightLane index=('>>>', '1S0_0_', 0)",True,96.64901733398438,5.5789947509765625e-05,0.00010681152342432076,"StraightLane index=('>>', '>>>', 0)",True,0.0,True,False,-0.318767786026001,-0.08827105164527893,0.0,-0.08827105164527893,True,0.0,0.0,0.0,0.08827105164527893,0.0,0.08827105164527893
30.699893,"[146.79559326171875, 4.49994421005249, 0.0]","[165.76011657714844, 4.5, 0.0]",3.5927906036451396,3.8883533477783203,3.881405719717271,-1.4358043670669618,-1.4793583154678345,18.956985473483563,0.2837562560960407,-0.02650022506802685,14.456985473483563,-0.29556274413318073,3.6265087127685547,0.2590770721435547,18.935775756835938,True,0,3.8855857849121094,3.8883533477783203,-1.0894966125488281,-0.2692682108289859,-0.0771524271424184,-0.011118624502860525,"StraightLane index=('>>>', '1S0_0_', 0)",True,96.72259521484375,5.5789947509765625e-05,0.00011444091794735956,"StraightLane index=('>>', '>>>', 0)",True,0.0,True,False,-0.318767786026001,-0.08827105164527893,0.0,-0.08827105164527893,True,0.0,0.0,0.0,0.08827105164527893,0.0,0.08827105164527893
30.72031,"[146.86802673339844, 4.49994421005249, 0.0]","[165.83761596679688, 4.5, 0.0]",3.5640745163035152,3.859590768814087,3.8593602055024583,-1.435804367081217,-1.467799186706543,18.96452331529273,0.29556274413318073,0.5903244018570009,14.46452331529273,-0.2955162525105717,3.5980629920959473,0.2837562561035156,18.956985473632812,True,0,3.881819248199463,3.859590768814087,-1.0894966125488281,-0.2692682108289859,-0.0771524271424184,-0.011118624502860525,"StraightLane index=('>>>', '1S0_0_', 0)",True,96.79559326171875,5.5789947509765625e-05,0.00010681152342432076,"StraightLane index=('>>', '>>>', 0)",True,0.0,True,False,-0.318767786026001,-0.08827105164527893,0.0,-0.08827105164527893,True,0.0,0.0,0.0,0.08827105164527893,0.0,0.08827105164527893
30.740036,"[146.93988037109375, 4.49994421005249, 0.0]","[165.91424560546875, 4.5, 0.0]",3.535156250007168,3.844674825668335,3.838101595996157,-1.4459133148173597,-1.478412389755249,18.96958923327344,0.2955162525105717,-0.002324581130452863,14.469589233273439,-0.3095185756611669,3.5822718143463135,0.2837562561035156,18.956985473632812,True,0,3.866028070449829,3.844674825668335,-1.0894966125488281,-0.2692682108289859,-0.0771524271424184,-0.011739950770579793,"StraightLane index=('>>>', '1S0_0_', 0)",True,96.86802673339844,5.5789947509765625e-05,9.918212890128198e-05,"StraightLane index=('>>', '>>>', 0)",True,0.0,True,False,-0.318767786026001,-0.0888923779129982,0.0,-0.0888923779129982,True,0.0,0.0,0.0,0.0888923779129982,0.0,0.0888923779129982
30.760045,"[147.01116943359375, 4.49994421005249, 0.0]","[165.99029541015625, 4.5, 0.0]",3.5062379837109936,3.816589832305908,3.816520071578189,-1.4459133148087222,-1.471508502960205,18.974365234225715,0.3095185756611669,0.7001161575297621,14.474365234225715,-0.3103518485949146,3.5535836219787598,0.2837562561035156,18.956985473632812,True,0,3.8373398780822754,3.816589832305908,-1.0894966125488281,-0.2692682108289859,-0.0771524271424184,-0.011739950770579793,"StraightLane index=('>>>', '1S0_0_', 0)",True,96.93988037109375,5.5789947509765625e-05,0.00011444091794735956,"StraightLane index=('>>', '>>>', 0)",True,0.0,True,False,-0.318767786026001,-0.0888923779129982,0.0,-0.0888923779129982,True,0.0,0.0,0.0,0.0888923779129982,0.0,0.0888923779129982
30.780279,"[147.08187866210938, 4.49994421005249, 0.0]","[166.06710815429688, 4.5, 0.0]",3.477319717414732,3.8016207218170166,3.7947206876623447,-1.4459133148130743,-1.4619611501693726,18.97912597638758,0.3103518485949146,0.041663646687384315,14.479125976387579,-0.3243010044022845,3.5253260135650635,0.2837562561035156,18.956985473632812,True,0,3.809082269668579,3.8016207218170166,-1.0894966125488281,-0.2692682108289859,-0.0771524271424184,-0.011739950770579793,"StraightLane index=('>>>', '1S0_0_', 0)",True,97.01116943359375,5.5789947509765625e-05,0.000129699707044326,"StraightLane index=('>>', '>>>', 0)",True,0.0,True,False,-0.318767786026001,-0.0888923779129982,0.0,-0.0888923779129982,True,0.0,0.0,0.0,0.0888923779129982,0.0,0.0888923779129982
30.79934,"[147.15200805664062, 4.49994421005249, 0.0]","[166.14161682128906, 4.5, 0.0]",3.4484014511184315,3.7739696502685547,3.7741653092810656,-1.4459133148150283,-1.4557271003723145,18.985229492025546,0.3243010044022845,0.6974577903684942,14.485229492025546,-0.32556819915012314,3.496919631958008,0.2837562561035156,18.956985473632812,True,0,3.7806758880615234,3.7739696502685547,-1.1438369750976562,-0.2823756838745053,-0.07075635442692524,-0.01813602348607296,"StraightLane index=('>>>', '1S0_0_', 0)",True,97.08187866210938,5.5789947509765625e-05,0.00012207031247039834,"StraightLane index=('>>', '>>>', 0)",True,0.0,True,False,-0.318767786026001,-0.0888923779129982,0.0,-0.0888923779129982,True,0.0,0.0,0.0,0.0888923779129982,0.0,0.0888923779129982
30.819692,"[147.2215576171875, 4.49994421005249, 0.0]","[166.21707153320312, 4.5, 0.0]",3.4194831848220715,3.760165214538574,3.753943951853388,-1.4459133148180037,-1.4514992237091064,18.989608764486476,0.32556819915012314,0.06335973739193257,14.489608764486476,-0.34068202971650274,3.4683918952941895,0.32430100440979004,18.9852294921875,True,0,3.7926928997039795,3.760165214538574,-1.1438369750976562,-0.2823756838745053,-0.07075635442692524,-0.01813602348607296,"StraightLane index=('>>>', '1S0_0_', 0)",True,97.15200805664062,5.5789947509765625e-05,0.00012207031247039834,"StraightLane index=('>>', '>>>', 0)",True,0.0,True,False,-0.318767786026001,-0.0888923779129982,0.0,-0.0888923779129982,True,0.0,0.0,0.0,0.0888923779129982,0.0,0.0888923779129982
30.839564,"[147.29052734375, 4.49994421005249, 0.0]","[166.29103088378906, 4.5, 0.0]",3.396415710457396,3.733813762664795,3.73425815704175,-1.1533737182337633,-1.4496784210205078,18.995513915840665,0.34068202971650274,0.7556915283189802,14.495513915840665,-0.3373980522073987,3.439708709716797,0.32430100440979004,18.9852294921875,True,0,3.764009714126587,3.733813762664795,-1.1438369750976562,-0.2823756838745053,-0.07075635442692524,-0.00015120854418987362,"StraightLane index=('>>>', '1S0_0_', 0)",True,97.2215576171875,5.5789947509765625e-05,0.000129699707044326,"StraightLane index=('>>', '>>>', 0)",True,0.0,True,False,-0.29325994849205017,-0.07090756297111511,0.0,-0.07090756297111511,True,0.0,0.0,0.0,0.07090756297111511,0.0,0.07090756297111511
30.859513,"[147.35891723632812, 4.49994421005249, 0.0]","[166.36758422851562, 4.5, 0.0]",3.373348236092795,3.7201085090637207,3.7144838203494257,-1.1533737182300552,-1.4489511251449585,19.000503539837105,0.3373980522073987,-0.1641988754552015,14.500503539837105,-0.3467602729709256,3.4109160900115967,0.32430100440979004,18.9852294921875,True,0,3.7352170944213867,3.7201085090637207,-1.1438369750976562,-0.2823756838745053,-0.07075635442692524,-0.00015120854418987362,"StraightLane index=('>>>', '1S0_0_', 0)",True,97.29052734375,5.5789947509765625e-05,0.00014495849609040358,"StraightLane index=('>>', '>>>', 0)",True,0.0,True,False,-0.29325994849205017,-0.07090756297111511,0.0,-0.07090756297111511,True,0.0,0.0,0.0,0.07090756297111511,0.0,0.07090756297111511
30.880534,"[147.42684936523438, 4.49994421005249, 0.0]","[166.4420928955078, 4.5, 0.0]",3.3502807617283397,3.6936137676239014,3.69366729256148,-1.1533737182227721,-1.4130799770355225,19.008666991971513,0.3467602729709256,0.46811103817634425,14.508666991971513,-0.3433330058955617,3.3714821338653564,0.32430100440979004,18.9852294921875,True,0,3.6957831382751465,3.6936137676239014,-1.1438369750976562,-0.2823756838745053,-0.07075635442692524,-0.00015120854418987362,"StraightLane index=('>>>', '1S0_0_', 0)",True,97.35891723632812,5.5789947509765625e-05,0.00015258789061344235,"StraightLane index=('>>', '>>>', 0)",True,0.0,True,False,-0.29325994849205017,-0.07090756297111511,0.0,-0.07090756297111511,True,0.0,0.0,0.0,0.07090756297111511,0.0,0.07090756297111511
30.900463,"[147.49432373046875, 4.49994421005249, 0.0]","[166.51657104492188, 4.5, 0.0]",3.327213287363684,3.68046236038208,3.673951862645433,-1.1533737182327863,-1.4118521213531494,19.01524353007143,0.3433330058955617,-0.17136335376819467,14.51524353007143,-0.35324907301839614,3.357480049133301,0.32430100440979004,18.9852294921875,True,0,3.681781053543091,3.68046236038208,-0.9350728988647461,-0.28686566694732085,-0.05725376948536334,-0.01365379348575177,"StraightLane index=('>>>', '1S0_0_', 0)",True,97.42684936523438,5.5789947509765625e-05,0.00014495849609040358,"StraightLane index=('>>', '>>>', 0)",True,0.0,True,False,-0.29325994849205017,-0.07090756297111511,0.0,-0.07090756297111511,True,0.0,0.0,0.0,0.07090756297111511,0.0,0.07090756297111511
30.920486,"[147.5613250732422, 4.49994421005249, 0.0]","[166.58995056152344, 4.5, 0.0]",3.30414581299851,3.6553122997283936,3.6561153862641476,-1.153373718258699,-1.3806343078613281,19.02224731423709,0.35324907301839614,0.4958033561417219,14.522247314237092,-0.3511664867298836,3.3327624797821045,0.32430100440979004,18.9852294921875,True,0,3.6570634841918945,3.6553122997283936,-0.9350728988647461,-0.28686566694732085,-0.05725376948536334,-0.01365379348575177,"StraightLane index=('>>>', '1S0_0_', 0)",True,97.49432373046875,5.5789947509765625e-05,0.00015258789061344235,"StraightLane index=('>>', '>>>', 0)",True,0.0,True,False,-0.29325994849205017,-0.07090756297111511,0.0,-0.07090756297111511,True,0.0,0.0,0.0,0.07090756297111511,0.0,0.07090756297111511
30.939501,"[147.62786865234375, 4.49994421005249, 0.0]","[166.6606903076172, 4.5, 0.0]",3.281227111826647,3.6446149349212646,3.6391713738109503,-1.1459350585931505,-1.3423740863800049,19.028625488106204,0.3511664867298836,-0.10412931442562723,14.528625488106204,-0.3633878230946177,3.3094494342803955,0.34333300590515137,19.015243530273438,True,0,3.652782440185547,3.6446149349212646,-0.9350728988647461,-0.28686566694732085,-0.05725376948536334,-0.013195366712203643,"StraightLane index=('>>>', '1S0_0_', 0)",True,97.56132507324219,5.5789947509765625e-05,0.000129699707044326,"StraightLane index=('>>', '>>>', 0)",True,0.0,True,False,-0.29325994849205017,-0.07044913619756699,0.0,-0.07044913619756699,True,0.0,0.0,0.0,0.07044913619756699,0.0,0.07044913619756699
30.959496,"[147.69395446777344, 4.49994421005249, 0.0]","[166.73492431640625, 4.5, 0.0]",3.258308410655103,3.6197280883789067,3.621351686554332,-1.1459350585772077,-1.2794026136398315,19.03282165509838,0.3633878230946177,0.6110668182367052,14.532821655098381,-0.3614196777238039,3.276451349258423,0.34333300590515137,19.015243530273438,True,0,3.619784355163574,3.6197280883789067,-0.9350728988647461,-0.28686566694732085,-0.05725376948536334,-0.013195366712203643,"StraightLane index=('>>>', '1S0_0_', 0)",True,97.62786865234375,5.5789947509765625e-05,0.000129699707044326,"StraightLane index=('>>', '>>>', 0)",True,0.0,True,False,-0.29325994849205017,-0.07044913619756699,0.0,-0.07044913619756699,True,0.0,0.0,0.0,0.07044913619756699,0.0,0.07044913619756699
30.981324,"[147.75958251953125, 4.49994421005249, 0.0]","[166.80679321289062, 4.5, 0.0]",3.235389709483347,3.608750581741333,3.6019107847065723,-1.1459350585877992,-1.2725929021835327,19.04096984841671,0.3614196777238039,-0.09840726854069004,14.540969848416712,-0.3733608722579862,3.264371871948242,0.34333300590515137,19.015243530273438,True,0,3.6077048778533936,3.608750581741333,-0.9350728988647461,-0.28686566694732085,-0.05725376948536334,-0.013195366712203643,"StraightLane index=('>>>', '1S0_0_', 0)",True,97.69395446777344,5.5789947509765625e-05,0.00015258789061344235,"StraightLane index=('>>', '>>>', 0)",True,0.0,True,False,-0.29325994849205017,-0.07044913619756699,0.0,-0.07044913619756699,True,0.0,0.0,0.0,0.07044913619756699,0.0,0.07044913619756699
30.999946,"[147.8247528076172, 4.49994421005249, 0.0]","[166.88009643554688, 4.5, 0.0]",3.2124710083116077,3.5840909481048584,3.5853245461737213,-1.1459350585869554,-1.239317536354065,19.047210693143253,0.3733608722579862,0.5970597267091149,14.547210693143253,-0.3716199397932507,3.2426791191101074,0.34333300590515137,19.015243530273438,True,0,3.586012125015259,3.5840909481048584,-0.9637141227722168,-0.29190909454961633,-0.05035613368400338,-0.020093002513563607,"StraightLane index=('>>>', '1S0_0_', 0)",True,97.75958251953125,5.5789947509765625e-05,0.00015258789061344235,"StraightLane index=('>>', '>>>', 0)",True,0.0,True,False,-0.29325994849205017,-0.07044913619756699,0.0,-0.07044913619756699,True,0.0,0.0,0.0,0.07044913619756699,0.0,0.07044913619756699
31.021015,"[147.88946533203125, 4.49994421005249, 0.0]","[166.95230102539062, 4.5, 0.0]",3.189552307139379,3.574254035949707,3.5688011700266045,-1.1459350586114248,-1.2081986665725708,19.055343627727552,0.3716199397932507,-0.08704662323677503,14.555343627727552,-0.3847017288103278,3.22141695022583,0.37336087226867676,19.047210693359375,True,0,3.594777822494507,3.574254035949707,-0.9637141227722168,-0.29190909454961633,-0.05035613368400338,-0.020093002513563607,"StraightLane index=('>>>', '1S0_0_', 0)",True,97.82475280761719,5.5789947509765625e-05,0.00014495849609040358,"StraightLane index=('>>', '>>>', 0)",True,0.0,True,False,-0.27018359303474426,-0.07044913619756699,0.0,-0.07044913619756699,True,0.0,0.0,0.0,0.07044913619756699,0.0,0.07044913619756699
31.040375,"[147.95372009277344, 4.49994421005249, 0.0]","[167.02288818359375, 4.5, 0.0]",3.1822795868023452,3.555312395095825,3.553616378141754,-0.36363601685169833,-1.1851141452789307,19.06283569318424,0.3847017288103278,0.6540894508538564,14.56283569318424,-0.37303280829347996,3.199918508529663,0.37336087226867676,19.047210693359375,True,0,3.57327938079834,3.555312395095825,-0.9637141227722168,-0.29190909454961633,-0.05035613368400338,0.0007740136528849861,"StraightLane index=('>>>', '1S0_0_', 0)",True,97.88946533203125,5.5789947509765625e-05,0.000129699707044326,"StraightLane index=('>>', '>>>', 0)",True,0.0,True,False,-0.27018359303474426,-0.04958212003111839,0.0,-0.04958212003111839,True,0.0,0.0,0.0,-0.0,0.0,-0.0
31.05899,"[148.01751708984375, 4.49994421005249, 0.0]","[167.09158325195312, 4.5, 0.0]",3.1750068664650932,3.5401268005371094,3.539014676048142,-0.3636360168626007,-1.168412208557129,19.069168090645164,0.37303280829347996,-0.5834460258423935,14.569168090645164,-0.36511993407201615,3.1781539916992188,0.37336087226867676,19.047210693359375,True,0,3.5515148639678955,3.5401268005371094,-0.9637141227722168,-0.29190909454961633,-0.05035613368400338,0.0007740136528849861,"StraightLane index=('>>>', '1S0_0_', 0)",True,97.95372009277344,5.5789947509765625e-05,0.000129699707044326,"StraightLane index=('>>', '>>>', 0)",True,0.0,True,False,-0.27018359303474426,-0.04958212003111839,0.0,-0.04958212003111839,True,0.0,0.0,0.0,-0.0,0.0,-0.0
31.082122,"[148.08116149902344, 4.49994421005249, 0.0]","[167.16383361816406, 4.5, 0.0]",3.1677341461276205,3.5241518020629883,3.5208886109494615,-0.36363601687363634,-1.125719666481018,19.074066161934212,0.36511993407201615,-0.3956437110731903,14.574066161934212,-0.3564176559353678,3.15944242477417,0.37336087226867676,19.047210693359375,True,0,3.5328032970428467,3.5241518020629883,-0.9637141227722168,-0.29190909454961633,-0.05035613368400338,0.0007740136528849861,"StraightLane index=('>>>', '1S0_0_', 0)",True,98.01751708984375,5.5789947509765625e-05,0.000129699707044326,"StraightLane index=('>>', '>>>', 0)",True,0.0,True,False,-0.27018359303474426,-0.04958212003111839,0.0,-0.04958212003111839,True,0.0,0.0,0.0,-0.0,0.0,-0.0
31.100047,"[148.14466857910156, 4.49994421005249, 0.0]","[167.23524475097656, 4.5, 0.0]",3.1604614257902823,3.508363962173462,3.5068430064467258,-0.3636360168669084,-0.9994157552719116,19.08267211896544,0.3564176559353678,-0.43511390683241835,14.58267211896544,-0.3479025363831796,3.140089273452759,0.37336087226867676,19.047210693359375,True,0,3.5134501457214355,3.508363962173462,-0.7572698593139648,-0.2892226301706435,-0.06308598152157674,0.013503861490458346,"StraightLane index=('>>>', '1S0_0_', 0)",True,98.08116149902344,5.5789947509765625e-05,0.000129699707044326,"StraightLane index=('>>', '>>>', 0)",True,0.0,True,False,-0.27018359303474426,-0.04958212003111839,0.0,-0.04958212003111839,True,0.0,0.0,0.0,-0.0,0.0,-0.0
31.120638,"[148.20802307128906, 4.49994421005249, 0.0]","[167.3053436279297, 4.5, 0.0]",3.153188705453184,3.494145631790161,3.4929207330448557,-0.363636016854918,-0.9553167223930359,19.090576171699794,0.3479025363831796,-0.42575597760941,14.590576171699794,-0.34095692633697716,3.134721040725708,0.3564176559448242,19.082672119140625,True,0,3.4911386966705322,3.494145631790161,-0.7572698593139648,-0.2892226301706435,-0.06308598152157674,0.013503861490458346,"StraightLane index=('>>>', '1S0_0_', 0)",True,98.14466857910156,5.5789947509765625e-05,0.000129699707044326,"StraightLane index=('>>', '>>>', 0)",True,0.0,True,False,-0.27018359303474426,-0.04958212003111839,0.0,-0.04958212003111839,True,0.0,0.0,0.0,-0.0,0.0,-0.0
31.13987,"[148.27122497558594, 4.49994421005249, 0.0]","[167.3732147216797, 4.5, 0.0]",3.1318130493246934,3.4809350967407227,3.479929178473656,-1.0687828064245286,-0.8518980145454407,19.09732055647842,0.34095692633697716,-0.3472805023101211,14.597320556478419,-0.34912204741602926,3.1269936561584473,0.3564176559448242,19.082672119140625,True,0,3.4834113121032715,3.4809350967407227,-0.7572698593139648,-0.2892226301706435,-0.06308598152157674,-0.0026201299691497315,"StraightLane index=('>>>', '1S0_0_', 0)",True,98.20802307128906,5.5789947509765625e-05,0.00012207031247039834,"StraightLane index=('>>', '>>>', 0)",True,0.0,True,False,-0.27018359303474426,-0.06570611149072647,0.0,-0.06570611149072647,True,0.0,0.0,0.0,0.06570611149072647,0.0,0.06570611149072647
31.159624,"[148.33428955078125, 4.49994421005249, 0.0]","[167.44296264648438, 4.5, 0.0]",3.1104373931961145,3.4673595428466797,3.466576055151876,-1.0687828064289473,-0.6961568593978882,19.101989745944213,0.34912204741602926,0.4082560539526048,14.601989745944213,-0.35692214965056523,3.119377374649048,0.3564176559448242,19.082672119140625,True,0,3.475795030593872,3.4673595428466797,-0.7572698593139648,-0.2892226301706435,-0.06308598152157674,-0.0026201299691497315,"StraightLane index=('>>>', '1S0_0_', 0)",True,98.27122497558594,5.5789947509765625e-05,0.00011444091794735956,"StraightLane index=('>>', '>>>', 0)",True,0.0,True,False,-0.27018359303474426,-0.06570611149072647,0.0,-0.06570611149072647,True,0.0,0.0,0.0,0.06570611149072647,0.0,0.06570611149072647
31.180192,"[148.3969268798828, 4.49994421005249, 0.0]","[167.5135955810547, 4.5, 0.0]",3.0890617370674107,3.453613519668579,3.452677043586853,-1.0687828064351867,-0.6776091456413269,19.10867309557792,0.35692214965056523,0.39000511172679886,14.60867309557792,-0.3645517826011684,3.114361524581909,0.3564176559448242,19.082672119140625,True,0,3.4707791805267334,3.453613519668579,-0.7572698593139648,-0.2892226301706435,-0.06308598152157674,-0.0026201299691497315,"StraightLane index=('>>>', '1S0_0_', 0)",True,98.33428955078125,5.5789947509765625e-05,9.918212890128198e-05,"StraightLane index=('>>', '>>>', 0)",True,0.0,True,False,-0.27018359303474426,-0.06570611149072647,0.0,-0.06570611149072647,True,0.0,0.0,0.0,0.06570611149072647,0.0,0.06570611149072647
31.200211,"[148.45913696289062, 4.49994421005249, 0.0]","[167.5832061767578, 4.5, 0.0]",3.0676860809386852,3.440063714981079,3.4391583696678274,-1.0687828064362748,-0.649565577507019,19.11666870102231,0.3645517826011684,0.38148164753015745,14.61666870102231,-0.3723776340423939,3.1040198802948,0.3564176559448242,19.082672119140625,True,0,3.460437536239624,3.440063714981079,-0.6830024719238281,-0.2842054536709131,-0.04215999154335706,-0.02354611994736941,"StraightLane index=('>>>', '1S0_0_', 0)",True,98.39692687988281,5.5789947509765625e-05,0.00011444091794735956,"StraightLane index=('>>', '>>>', 0)",True,0.0,True,False,-0.27018359303474426,-0.06570611149072647,0.0,-0.06570611149072647,True,0.0,0.0,0.0,0.06570611149072647,0.0,0.06570611149072647
31.219771,"[148.5209197998047, 4.49994421005249, 0.0]","[167.65017700195312, 4.5, 0.0]",3.046310424810602,3.4282100200653076,3.4278892297595736,-1.0687828064041671,-0.681659996509552,19.124069213753625,0.3723776340423939,0.39129257206127477,14.624069213753625,-0.38189959525470574,3.080564260482788,0.3645517826080322,19.116668701171875,True,0,3.4451160430908203,3.4282100200653076,-0.6830024719238281,-0.2842054536709131,-0.04215999154335706,-0.02354611994736941,"StraightLane index=('>>>', '1S0_0_', 0)",True,98.45913696289062,5.5789947509765625e-05,9.155273437824319e-05,"StraightLane index=('>>', '>>>', 0)",True,0.0,True,False,-0.253423810005188,-0.06570611149072647,0.0,-0.06570611149072647,True,0.0,0.0,0.0,0.06570611149072647,0.0,0.06570611149072647
31.239542,"[148.582275390625, 4.49994421005249, 0.0]","[167.7184600830078, 4.5, 0.0]",3.039037704473591,3.4166793823242188,3.4165123997461047,-0.3636360168505437,-0.7047198414802551,19.1292572020232,0.38189959525470574,0.4760980606155929,14.6292572020232,-0.37764167785062774,3.071328639984131,0.3645517826080322,19.116668701171875,True,0,3.435880422592163,3.4166793823242188,-0.6830024719238281,-0.2842054536709131,-0.04215999154335706,-0.0032317133437946566,"StraightLane index=('>>>', '1S0_0_', 0)",True,98.52091979980469,5.5789947509765625e-05,9.918212890128198e-05,"StraightLane index=('>>', '>>>', 0)",True,0.0,True,False,-0.253423810005188,-0.04539170488715172,0.0,-0.04539170488715172,True,0.0,0.0,0.0,-0.0,0.0,-0.0
31.259101,"[148.64320373535156, 4.49994421005249, 0.0]","[167.78619384765625, 4.5, 0.0]",3.0317649841363408,3.4052391052246094,3.4052289721630515,-0.3636360168625119,-0.7498601675033569,19.136184692257565,0.37764167785062774,-0.21289587020389966,14.636184692257565,-0.3734741210882686,3.045027494430542,0.3645517826080322,19.116668701171875,True,0,3.409579277038574,3.4052391052246094,-0.6830024719238281,-0.2842054536709131,-0.04215999154335706,-0.0032317133437946566,"StraightLane index=('>>>', '1S0_0_', 0)",True,98.582275390625,5.5789947509765625e-05,9.918212890128198e-05,"StraightLane index=('>>', '>>>', 0)",True,0.0,True,False,-0.253423810005188,-0.04539170488715172,0.0,-0.04539170488715172,True,0.0,0.0,0.0,-0.0,0.0,-0.0
31.280737,"[148.7039794921875, 4.49994421005249, 0.0]","[167.85633850097656, 4.5, 0.0]",3.0244922637989404,3.3933916091918945,3.3927752865273506,-0.363636016870017,-0.7560158967971802,19.14299011215507,0.3734741210882686,-0.20837783811795685,14.642990112155069,-0.3688993453929541,3.029282569885254,0.3645517826080322,19.116668701171875,True,0,3.393834352493286,3.3933916091918945,-0.6830024719238281,-0.2842054536709131,-0.04215999154335706,-0.0032317133437946566,"StraightLane index=('>>>', '1S0_0_', 0)",True,98.64320373535156,5.5789947509765625e-05,0.00011444091794735956,"StraightLane index=('>>', '>>>', 0)",True,0.0,True,False,-0.253423810005188,-0.04539170488715172,0.0,-0.04539170488715172,True,0.0,0.0,0.0,-0.0,0.0,-0.0
31.300334,"[148.76461791992188, 4.49994421005249, 0.0]","[167.92453002929688, 4.5, 0.0]",3.01721954346149,3.3818752765655518,3.3815195654527868,-0.3636360168725261,-0.7539039254188538,19.15235900866379,0.3688993453929541,-0.22873878476572518,14.65235900866379,-0.36465573310406185,3.021944046020508,0.3645517826080322,19.116668701171875,True,0,3.38649582862854,3.3818752765655518,-0.5818843841552734,-0.27615086174925635,-0.039124635231616134,-0.006267069655535584,"StraightLane index=('>>>', '1S0_0_', 0)",True,98.7039794921875,5.5789947509765625e-05,9.918212890128198e-05,"StraightLane index=('>>', '>>>', 0)",True,0.0,True,False,-0.253423810005188,-0.04539170488715172,0.0,-0.04539170488715172,True,0.0,0.0,0.0,-0.0,0.0,-0.0
31.319678,"[148.82510375976562, 4.49994421005249, 0.0]","[167.99041748046875, 4.5, 0.0]",3.0099468231242503,3.3717410564422607,3.3719913450897088,-0.363636016861979,-0.6997844576835632,19.15991210927273,0.36465573310406185,-0.21218061444461256,14.659912109272732,-0.3617942333180104,3.0054409503936768,0.3688993453979492,19.152359008789062,True,0,3.374340295791626,3.3717410564422607,-0.5818843841552734,-0.27615086174925635,-0.039124635231616134,-0.006267069655535584,"StraightLane index=('>>>', '1S0_0_', 0)",True,98.76461791992188,5.5789947509765625e-05,8.39233398552044e-05,"StraightLane index=('>>', '>>>', 0)",True,0.0,True,False,-0.253423810005188,-0.04539170488715172,0.0,-0.04539170488715172,True,0.0,0.0,0.0,-0.0,0.0,-0.0
31.339456,"[148.8854522705078, 4.49994421005249, 0.0]","[168.05752563476562, 4.5, 0.0]",3.0026741027871116,3.3618874549865723,3.362227672848699,-0.3636360168569386,-0.6811580061912537,19.165313720577835,0.3617942333180104,-0.1430749893025718,14.665313720577835,-0.3592133521994607,3.000396966934204,0.3688993453979492,19.152359008789062,True,0,3.3692963123321533,3.3618874549865723,-0.5818843841552734,-0.27615086174925635,-0.039124635231616134,2.237148297035141e-05,"StraightLane index=('>>>', '1S0_0_', 0)",True,98.82510375976562,5.5789947509765625e-05,9.918212890128198e-05,"StraightLane index=('>>', '>>>', 0)",True,0.0,True,False,-0.253423810005188,-0.03910226374864578,0.0,-0.03910226374864578,True,0.0,0.0,0.0,-0.0,0.0,-0.0
31.359595,"[148.94564819335938, 4.49994421005249, 0.0]","[168.1261444091797, 4.5, 0.0]",2.9954013824502446,3.3518102169036865,3.352320603679161,-0.36363601684334945,-0.5987907648086548,19.17207336415553,0.3592133521994607,-0.12904405592748525,14.67207336415553,-0.35640883445344196,2.989386558532715,0.3688993453979492,19.152359008789062,True,0,3.358285903930664,3.3518102169036865,-0.5818843841552734,-0.27615086174925635,-0.039124635231616134,2.237148297035141e-05,"StraightLane index=('>>>', '1S0_0_', 0)",True,98.88545227050781,5.5789947509765625e-05,8.39233398552044e-05,"StraightLane index=('>>', '>>>', 0)",True,0.0,True,False,-0.253423810005188,-0.03910226374864578,0.0,-0.03910226374864578,True,0.0,0.0,0.0,-0.0,0.0,-0.0
31.380461,"[149.00570678710938, 4.49994421005249, 0.0]","[168.1934814453125, 4.5, 0.0]",2.988128662113525,3.3419198989868164,3.3420209960678995,-0.36363601683597757,-0.5765711665153503,19.18049621567062,0.35640883445344196,-0.14022588730093766,14.680496215670619,-0.3537912368732914,2.985729455947876,0.3688993453979492,19.152359008789062,True,0,3.354628801345825,3.3419198989868164,-0.5818843841552734,-0.27615086174925635,-0.039124635231616134,2.237148297035141e-05,"StraightLane index=('>>>', '1S0_0_', 0)",True,98.94564819335938,5.5789947509765625e-05,0.00011444091794735956,"StraightLane index=('>>', '>>>', 0)",True,0.0,True,False,-0.253423810005188,-0.03910226374864578,0.0,-0.03910226374864578,True,0.0,0.0,0.0,-0.0,0.0,-0.0
31.403682,"[149.06561279296875, 4.49994421005249, 0.0]","[168.2587127685547, 4.5, 0.0]",2.9808559417766887,3.3323416709899902,3.3307922411587083,-0.36363601684181734,-0.5291804075241089,19.18777465808948,0.3537912368732914,-0.1308798790075283,14.68777465808948,-0.35148572921330157,2.97945237159729,0.3688993453979492,19.152359008789062,True,0,3.3483517169952393,3.3323416709899902,-0.49533605575561523,-0.2658725375257772,-0.037406813537131184,-0.0016954502115145986,"StraightLane index=('>>>', '1S0_0_', 0)",True,99.00570678710938,5.5789947509765625e-05,9.155273437824319e-05,"StraightLane index=('>>', '>>>', 0)",True,0.0,True,False,-0.253423810005188,-0.03910226374864578,0.0,-0.03910226374864578,True,0.0,0.0,0.0,-0.0,0.0,-0.0
31.420983,"[149.12538146972656, 4.49994421005249, 0.0]","[168.32640075683594, 4.5, 0.0]",2.973583221440105,3.3231444358825684,3.3233207350641485,-0.363636016829183,-0.4841964840888977,19.193099975460605,0.35148572921330157,-0.11527538299949125,14.693099975460605,-0.34956121444246335,2.9738364219665527,-0.08413076400756836,13.976807594299316,False,-1,2.8897056579589844,3.3231444358825684,-0.49533605575561523,-0.2658725375257772,-0.037406813537131184,-0.0016954502115145986,"StraightLane index=('>>>', '1S0_0_', 0)",True,99.06561279296875,5.5789947509765625e-05,9.918212890128198e-05,"StraightLane index=('>>', '>>>', 0)",True,0.0,True,False,-0.2437857985496521,-0.03910226374864578,0.0,-0.03910226374864578,True,0.0,0.0,0.0,-0.0,0.0,-0.0
31.44013,"[149.18499755859375, 4.49994421005249, 0.0]","[168.3935546875, 4.5, 0.0]",2.9663105011034454,3.3143811225891113,3.3150481290224003,-0.36363601683297997,-0.4245122969150543,19.201019286972006,0.34956121444246335,-0.09622573854191074,14.701019286972006,-0.3480706214856659,2.966219425201416,-0.08413076400756836,13.976807594299316,False,-1,2.8820886611938477,3.3143811225891113,-0.49533605575561523,-0.2658725375257772,-0.037406813537131184,0.037406813537131184,"StraightLane index=('>>>', '1S0_0_', 0)",True,99.12538146972656,5.5789947509765625e-05,0.00010681152342432076,"StraightLane index=('>>', '>>>', 0)",True,0.0,True,False,-0.2437857985496521,0.0,0.0,0.0,True,0.0,0.0,0.0,-0.0,0.0,-0.0
31.459749,"[149.24447631835938, 4.49994421005249, 0.0]","[168.45948791503906, 4.5, 0.0]",2.9590377807667223,3.3091108798980713,3.306570684585068,-0.3636360168361552,-0.39928168058395386,19.208557128768867,0.3480706214856659,-0.0745296478398716,14.708557128768867,-0.350073099131349,2.9604756832122803,-0.08413076400756836,13.976807594299316,False,-1,2.876344919204712,3.3091108798980713,-0.49533605575561523,-0.2658725375257772,-0.037406813537131184,0.037406813537131184,"StraightLane index=('>>>', '1S0_0_', 0)",True,99.18499755859375,5.5789947509765625e-05,0.00010681152342432076,"StraightLane index=('>>', '>>>', 0)",True,0.0,True,False,-0.2437857985496521,0.0,0.0,0.0,True,0.0,0.0,0.0,-0.0,0.0,-0.0
31.480275,"[149.30380249023438, 4.49994421005249, 0.0]","[168.52578735351562, 4.5, 0.0]",2.9517650604298797,3.2937936782836914,3.2977237548504954,-0.3636360168421282,-0.389009028673172,19.215011596529923,0.350073099131349,0.10012388228415325,14.715011596529923,-0.34202861785381167,2.9575603008270264,-0.08413076400756836,13.976807594299316,False,-1,2.873429536819458,3.2937936782836914,-0.49533605575561523,-0.2658725375257772,-0.037406813537131184,0.037406813537131184,"StraightLane index=('>>>', '1S0_0_', 0)",True,99.24447631835938,5.5789947509765625e-05,0.00011444091794735956,"StraightLane index=('>>', '>>>', 0)",True,0.0,True,False,-0.2437857985496521,0.0,0.0,0.0,True,0.0,0.0,0.0,-0.0,0.0,-0.0
31.500317,"[149.36297607421875, 4.49994421005249, 0.0]","[168.59178161621094, 4.5, 0.0]",2.9444923400928156,3.2918503284454346,3.289056026167487,-0.36363601685320823,-0.3687922954559326,19.221984863143845,0.34202861785381167,-0.40222406387686593,14.721984863143845,-0.347357988352619,2.952052116394043,-0.08413076400756836,13.976807594299316,False,-1,2.8679213523864746,3.2918503284454346,-0.40491342544555664,-0.25345725366379396,-0.02767456123459161,0.02767456123459161,"StraightLane index=('>>>', '1S0_0_', 0)",True,99.30380249023438,5.5789947509765625e-05,0.00010681152342432076,"StraightLane index=('>>', '>>>', 0)",True,0.0,True,False,-0.2437857985496521,0.0,0.0,0.0,True,0.0,0.0,0.0,-0.0,0.0,-0.0
31.521594,"[149.42201232910156, 4.49994421005249, 0.0]","[168.65603637695312, 4.5, 0.0]",2.937219619755552,3.27714204788208,3.2805336401281706,-0.36363601686317804,-0.34236419200897217,19.2288055418668,0.347357988352619,0.26646852494036644,14.728805541866802,-0.33992242812652806,2.9440243244171143,-0.08413076400756836,13.976807594299316,False,-1,2.859893560409546,3.27714204788208,-0.40491342544555664,-0.25345725366379396,-0.02767456123459161,0.02767456123459161,"StraightLane index=('>>>', '1S0_0_', 0)",True,99.36297607421875,5.5789947509765625e-05,9.918212890128198e-05,"StraightLane index=('>>', '>>>', 0)",True,0.0,True,False,-0.2437857985496521,0.0,0.0,0.0,True,0.0,0.0,0.0,-0.0,0.0,-0.0
31.540493,"[149.48089599609375, 4.49994421005249, 0.0]","[168.72219848632812, 4.5, 0.0]",2.9299468994186713,3.2756946086883545,3.272950098963123,-0.3636360168440378,-0.3416669964790344,19.234024047737858,0.33992242812652806,-0.3717780113045466,14.734024047737858,-0.34574770926968323,2.940673828125,-0.08413076400756836,13.976807594299316,False,-1,2.8565430641174316,3.2756946086883545,-0.40491342544555664,-0.25345725366379396,-0.02767456123459161,0.02767456123459161,"StraightLane index=('>>>', '1S0_0_', 0)",True,99.42201232910156,5.5789947509765625e-05,9.155273437824319e-05,"StraightLane index=('>>', '>>>', 0)",True,0.0,True,False,-0.2437857985496521,0.0,0.0,0.0,True,0.0,0.0,0.0,-0.0,0.0,-0.0
31.558986,"[149.53964233398438, 4.49994421005249, 0.0]","[168.7864990234375, 4.5, 0.0]",2.9226741790817665,3.2611401081085205,3.265526065153757,-0.36363601684523683,-0.3384007513523102,19.24130249010897,0.34574770926968323,0.2912640571577585,14.741302490108971,-0.338465929026754,2.9342455863952637,-0.08413076400756836,13.976807594299316,False,-1,2.8501148223876953,3.2611401081085205,-0.40491342544555664,-0.25345725366379396,-0.02767456123459161,0.02767456123459161,"StraightLane index=('>>>', '1S0_0_', 0)",True,99.48089599609375,5.5789947509765625e-05,9.918212890128198e-05,"StraightLane index=('>>', '>>>', 0)",True,0.0,True,False,-0.2437857985496521,0.0,0.0,0.0,True,0.0,0.0,0.0,-0.0,0.0,-0.0
31.584714,"[149.59823608398438, 4.49994421005249, 0.0]","[168.8541259765625, 4.5, 0.0]",2.915401458744818,3.259511709213257,3.255216853203299,-0.3636360168474351,-0.33635178208351135,19.24685668932771,0.338465929026754,-0.3640890121464624,14.74685668932771,-0.344110250468439,2.9277234077453613,-0.08413076400756836,13.976807594299316,False,-1,2.843592643737793,3.259511709213257,-0.40491342544555664,-0.25345725366379396,-0.02767456123459161,0.02767456123459161,"StraightLane index=('>>>', '1S0_0_', 0)",True,99.53964233398438,5.5789947509765625e-05,9.918212890128198e-05,"StraightLane index=('>>', '>>>', 0)",True,0.0,True,False,-0.2437857985496521,0.0,0.0,0.0,True,0.0,0.0,0.0,-0.0,0.0,-0.0
31.599317,"[149.6566925048828, 4.49994421005249, 0.0]","[168.91725158691406, 4.5, 0.0]",2.908128738407918,3.245100498199463,3.249357199796581,-0.3636360168449926,-0.33601775765419006,19.255889892452696,0.344110250468439,0.2822160720842515,14.755889892452696,-0.3369717597915449,2.9210784435272217,-0.08413076400756836,13.976807594299316,False,-1,2.8369476795196533,3.245100498199463,-0.4674983024597168,-0.24447396888350464,-0.025442325019000428,0.025442325019000428,"StraightLane index=('>>>', '1S0_0_', 0)",True,99.59823608398438,5.5789947509765625e-05,9.918212890128198e-05,"StraightLane index=('>>', '>>>', 0)",True,0.0,True,False,-0.2437857985496521,0.0,0.0,0.0,True,0.0,0.0,0.0,-0.0,0.0,-0.0
31.619709,"[149.71499633789062, 4.49994421005249, 0.0]","[168.98243713378906, 4.5, 0.0]",2.9008560180709844,3.243720769882202,3.2412054440061566,-0.3636360168466801,-0.3361952304840088,19.260559081905814,0.3369717597915449,-0.3569245338447047,14.760559081905814,-0.3428647518112178,2.914358377456665,-0.09013891220092773,14.186899185180664,False,-1,2.8242194652557373,3.243720769882202,-0.4674983024597168,-0.24447396888350464,-0.025442325019000428,0.025442325019000428,"StraightLane index=('>>>', '1S0_0_', 0)",True,99.65669250488281,5.5789947509765625e-05,9.918212890128198e-05,"StraightLane index=('>>', '>>>', 0)",True,0.0,True,False,-0.23257778584957123,0.0,0.0,0.0,True,0.0,0.0,0.0,-0.0,0.0,-0.0
31.639965,"[149.77316284179688, 4.49994421005249, 0.0]","[169.04672241210938, 4.5, 0.0]",2.8935832977340996,3.229089736938477,3.2330983824035155,-0.36363601684423763,-0.33745086193084717,19.267440795772995,0.3428647518112178,0.294649600983643,14.767440795772995,-0.3355064392043774,2.907541275024414,-0.09013891220092773,14.186899185180664,False,-1,2.8174023628234863,3.229089736938477,-0.4674983024597168,-0.24447396888350464,-0.025442325019000428,0.025442325019000428,"StraightLane index=('>>>', '1S0_0_', 0)",True,99.71499633789062,5.5789947509765625e-05,9.918212890128198e-05,"StraightLane index=('>>', '>>>', 0)",True,0.0,True,False,-0.23257778584957123,0.0,0.0,0.0,True,0.0,0.0,0.0,-0.0,0.0,-0.0
31.659418,"[149.8311767578125, 4.49994421005249, 0.0]","[169.11129760742188, 4.5, 0.0]",2.8863105773972086,3.227756977081299,3.2253131212023085,-0.3636360168445485,-0.3436002731323242,19.273559570187047,0.3355064392043774,-0.36791563034201946,14.773559570187047,-0.3414463996840902,2.8967273235321045,-0.09013891220092773,14.186899185180664,False,-1,2.8065884113311768,3.227756977081299,-0.4674983024597168,-0.24447396888350464,-0.025442325019000428,0.025442325019000428,"StraightLane index=('>>>', '1S0_0_', 0)",True,99.77316284179688,5.5789947509765625e-05,9.918212890128198e-05,"StraightLane index=('>>', '>>>', 0)",True,0.0,True,False,-0.23257778584957123,0.0,0.0,0.0,True,0.0,0.0,0.0,-0.0,0.0,-0.0
31.679754,"[149.88905334472656, 4.49994421005249, 0.0]","[169.1761474609375, 4.5, 0.0]",2.8790378570601263,3.2130582332611084,3.2171836040037682,-0.3636360168541186,-0.34738826751708984,19.28012084950698,0.3414463996840902,0.29699802398563957,14.780120849506979,-0.3340203762009821,2.8928940296173096,-0.09013891220092773,14.186899185180664,False,-1,2.802755117416382,3.2130582332611084,-0.4674983024597168,-0.24447396888350464,-0.025442325019000428,0.025442325019000428,"StraightLane index=('>>>', '1S0_0_', 0)",True,99.8311767578125,5.5789947509765625e-05,8.39233398552044e-05,"StraightLane index=('>>', '>>>', 0)",True,0.0,True,False,-0.23257778584957123,0.0,0.0,0.0,True,0.0,0.0,0.0,-0.0,0.0,-0.0
31.699822,"[149.94677734375, 4.49994421005249, 0.0]","[169.24209594726562, 4.5, 0.0]",2.8717651367230563,3.2115559577941895,3.209152168797701,-0.3636360168534969,-0.3507542014122009,19.28709411607342,0.3340203762009821,-0.37130117415540287,14.787094116073419,-0.3397908210711331,2.8856189250946045,-0.09013891220092773,14.186899185180664,False,-1,2.7954800128936768,3.2115559577941895,-0.3354454040527344,-0.23176716113699988,-0.010903127440763355,0.010903127440763355,"StraightLane index=('>>>', '1S0_0_', 0)",True,99.88905334472656,5.5789947509765625e-05,0.00010681152342432076,"StraightLane index=('>>', '>>>', 0)",True,0.0,True,False,-0.23257778584957123,0.0,0.0,0.0,True,0.0,0.0,0.0,-0.0,0.0,-0.0
31.719809,"[150.00436401367188, 4.49994421005249, 0.0]","[169.30477905273438, 4.5, 0.0]",2.8644924163860375,3.1966781616210938,3.200605227197916,-0.3636360168509434,-0.35752013325691223,19.295318603401842,0.3397908210711331,0.2885222435075496,14.795318603401842,-0.3321857452350563,2.8743295669555664,-0.09013891220092773,14.186899185180664,False,-1,2.7841906547546387,3.1966781616210938,-0.3354454040527344,-0.23176716113699988,-0.010903127440763355,0.010903127440763355,"StraightLane index=('>>>', '1S0_0_', 0)",True,99.94677734375,5.5789947509765625e-05,9.155273437824319e-05,"StraightLane index=('>>', '>>>', 0)",True,0.0,True,False,-0.23257778584957123,0.0,0.0,0.0,True,0.0,0.0,0.0,-0.0,0.0,-0.0
31.740253,"[150.06179809570312, 4.49994421005249, 0.0]","[169.37002563476562, 4.5, 0.0]",2.8572196960490586,3.194584369659424,3.1918532426659247,-0.363636016848945,-0.36101675033569336,19.300415038948714,0.3321857452350563,-0.3802537918038418,14.800415038948714,-0.33736467361036526,2.870387554168701,-0.09013891220092773,14.186899185180664,False,-1,2.7802486419677734,3.194584369659424,-0.3354454040527344,-0.23176716113699988,-0.010903127440763355,0.010903127440763355,"StraightLane index=('>>>', '1S0_0_', 0)",True,100.00436401367188,5.5789947509765625e-05,9.155273437824319e-05,"StraightLane index=('>>', '>>>', 0)",True,0.0,True,False,-0.23257778584957123,0.0,0.0,0.0,True,0.0,0.0,0.0,-0.0,0.0,-0.0
31.759219,"[150.1190948486328, 4.49994421005249, 0.0]","[169.4319610595703, 4.5, 0.0]",2.8499469757120863,3.179602146148682,3.1837317504946143,-0.3636360168486119,-0.36329495906829834,19.308227538948703,0.33736467361036526,0.2589464187654489,14.808227538948703,-0.32965517043659576,2.8629586696624756,-0.09013891220092773,14.186899185180664,False,-1,2.772819757461548,3.179602146148682,-0.3354454040527344,-0.23176716113699988,-0.010903127440763355,0.010903127440763355,"StraightLane index=('>>>', '1S0_0_', 0)",True,100.06179809570312,5.5789947509765625e-05,9.155273437824319e-05,"StraightLane index=('>>', '>>>', 0)",True,0.0,True,False,-0.23257778584957123,0.0,0.0,0.0,True,0.0,0.0,0.0,-0.0,0.0,-0.0
31.779999,"[150.17623901367188, 4.49994421005249, 0.0]","[169.495849609375, 4.5, 0.0]",2.842674255375132,3.1776909828186035,3.174845610209555,-0.36363601684772373,-0.36366650462150574,19.312866210823696,0.32965517043659576,-0.38547515868847526,14.812866210823696,-0.33501672744347166,2.8556692600250244,-0.09013891220092773,14.186899185180664,False,-1,2.7655303478240967,3.1776909828186035,-0.3354454040527344,-0.23176716113699988,-0.010903127440763355,0.010903127440763355,"StraightLane index=('>>>', '1S0_0_', 0)",True,100.11909484863281,5.5789947509765625e-05,9.155273437824319e-05,"StraightLane index=('>>', '>>>', 0)",True,0.0,True,False,-0.23257778584957123,0.0,0.0,0.0,True,0.0,0.0,0.0,-0.0,0.0,-0.0
31.800249,"[150.2332305908203, 4.49994421005249, 0.0]","[169.55947875976562, 4.5, 0.0]",2.8354015350381547,3.1624794006347656,3.1661590200318495,-0.36363601684885616,-0.3608483374118805,19.319610595589314,0.33501672744347166,0.2680778503437953,14.819610595589314,-0.3270778655966109,2.845101833343506,-0.09013891220092773,14.186899185180664,False,-1,2.754962921142578,3.1624794006347656,-0.4907655715942383,-0.22576724002909823,-0.013166627391301144,0.013166627391301144,"StraightLane index=('>>>', '1S0_0_', 0)",True,100.17623901367188,5.5789947509765625e-05,9.155273437824319e-05,"StraightLane index=('>>', '>>>', 0)",True,0.0,True,False,-0.23257778584957123,0.0,0.0,0.0,True,0.0,0.0,0.0,-0.0,0.0,-0.0
31.820629,"[150.2900848388672, 4.49994421005249, 0.0]","[169.624755859375, 4.5, 0.0]",2.8281288147012127,3.1595258712768555,3.1563167208556435,-0.363636016847102,-0.366548091173172,19.32624816883149,0.3270778655966109,-0.3969430923430384,14.82624816883149,-0.3313970565756428,2.840895414352417,-0.21880483627319336,14.188370704650879,False,-1,2.6220905780792236,3.1595258712768555,-0.4907655715942383,-0.22576724002909823,-0.013166627391301144,0.013166627391301144,"StraightLane index=('>>>', '1S0_0_', 0)",True,100.23323059082031,5.5789947509765625e-05,9.155273437824319e-05,"StraightLane index=('>>', '>>>', 0)",True,0.0,True,False,-0.22527633607387543,0.0,0.0,0.0,True,0.0,0.0,0.0,-0.0,0.0,-0.0
31.840251,"[150.34678649902344, 4.49994421005249, 0.0]","[169.6875, 4.5, 0.0]",2.820856094364121,3.1432137489318848,3.146841589112667,-0.3636360168545849,-0.3673475682735443,19.33467102039398,0.3313970565756428,0.2159595489515942,14.83467102039398,-0.3223576545677638,2.83349347114563,-0.21880483627319336,14.188370704650879,False,-1,2.6146886348724365,3.1432137489318848,-0.4907655715942383,-0.22576724002909823,-0.013166627391301144,0.013166627391301144,"StraightLane index=('>>>', '1S0_0_', 0)",True,100.29008483886719,5.5789947509765625e-05,9.155273437824319e-05,"StraightLane index=('>>', '>>>', 0)",True,0.0,True,False,-0.22527633607387543,0.0,0.0,0.0,True,0.0,0.0,0.0,-0.0,0.0,-0.0
31.859536,"[150.40335083007812, 4.49994421005249, 0.0]","[169.7499542236328, 4.5, 0.0]",2.8135833740271092,3.140279769897461,3.137522725731239,-0.3636360168505881,-0.3671484589576721,19.340713500862723,0.3223576545677638,-0.45197010039395025,14.840713500862723,-0.3266963958703517,2.8262107372283936,-0.21880483627319336,14.188370704650879,False,-1,2.6074059009552,3.140279769897461,-0.4907655715942383,-0.22576724002909823,-0.013166627391301144,0.013166627391301144,"StraightLane index=('>>>', '1S0_0_', 0)",True,100.34678649902344,5.5789947509765625e-05,9.155273437824319e-05,"StraightLane index=('>>', '>>>', 0)",True,0.0,True,False,-0.22527633607387543,0.0,0.0,0.0,True,0.0,0.0,0.0,-0.0,0.0,-0.0
31.879708,"[150.4597625732422, 4.49994421005249, 0.0]","[169.8113250732422, 4.5, 0.0]",2.8063106536900606,3.1241800785064697,3.1277854032294297,-0.3636360168524311,-0.3602863550186157,19.34660339344084,0.3266963958703517,0.2169370651293967,14.84660339344084,-0.3178694248164091,2.815958261489868,-0.21880483627319336,14.188370704650879,False,-1,2.597153425216675,3.1241800785064697,-0.4907655715942383,-0.22576724002909823,-0.013166627391301144,0.013166627391301144,"StraightLane index=('>>>', '1S0_0_', 0)",True,100.40335083007812,5.5789947509765625e-05,9.155273437824319e-05,"StraightLane index=('>>', '>>>', 0)",True,0.0,True,False,-0.22527633607387543,0.0,0.0,0.0,True,0.0,0.0,0.0,-0.0,0.0,-0.0
31.899939,"[150.5160369873047, 4.49994421005249, 0.0]","[169.87559509277344, 4.5, 0.0]",2.799037933353062,3.1209664344787598,3.118006430179043,-0.363636016849922,-0.3637203276157379,19.351562499897526,0.3178694248164091,-0.44134855269712947,14.851562499897526,-0.3219285011256976,2.811995267868042,-0.21880483627319336,14.188370704650879,False,-1,2.5931904315948486,3.1209664344787598,-0.4151296615600586,-0.21772005418079046,-0.008466528449087019,0.008466528449087019,"StraightLane index=('>>>', '1S0_0_', 0)",True,100.45976257324219,5.5789947509765625e-05,8.39233398552044e-05,"StraightLane index=('>>', '>>>', 0)",True,0.0,True,False,-0.22527633607387543,0.0,0.0,0.0,True,0.0,0.0,0.0,-0.0,0.0,-0.0
31.920103,"[150.57215881347656, 4.49994421005249, 0.0]","[169.9363250732422, 4.5, 0.0]",2.7917652130160926,3.1038384437561035,3.1067391188611153,-0.3636360168484787,-0.3771956264972687,19.35955810536627,0.3219285011256976,0.20295381546442393,14.859558105366268,-0.3120732307400109,2.8032004833221436,-0.21880483627319336,14.188370704650879,False,-1,2.58439564704895,3.1038384437561035,-0.4151296615600586,-0.21772005418079046,-0.008466528449087019,0.008466528449087019,"StraightLane index=('>>>', '1S0_0_', 0)",True,100.51603698730469,5.5789947509765625e-05,8.39233398552044e-05,"StraightLane index=('>>', '>>>', 0)",True,0.0,True,False,-0.22527633607387543,0.0,0.0,0.0,True,0.0,0.0,0.0,-0.0,0.0,-0.0
31.940303,"[150.62814331054688, 4.49994421005249, 0.0]","[169.9983367919922, 4.5, 0.0]",2.784492492679146,3.0992867946624756,3.0954467302314814,-0.36363601684732405,-0.3666045665740967,19.364166259663136,0.3120732307400109,-0.4927635192843338,14.864166259663136,-0.31479430198332947,2.793076515197754,-0.21880483627319336,14.188370704650879,False,-1,2.5742716789245605,3.0992867946624756,-0.4151296615600586,-0.21772005418079046,-0.008466528449087019,0.008466528449087019,"StraightLane index=('>>>', '1S0_0_', 0)",True,100.57215881347656,5.5789947509765625e-05,8.39233398552044e-05,"StraightLane index=('>>', '>>>', 0)",True,0.0,True,False,-0.22527633607387543,0.0,0.0,0.0,True,0.0,0.0,0.0,-0.0,0.0,-0.0
31.959579,"[150.68397521972656, 4.49994421005249, 0.0]","[170.05970764160156, 4.5, 0.0]",2.7772197723422116,3.084851026535034,3.084669164950429,-0.36363601684672453,-0.36894357204437256,19.370193481342817,0.31479430198332947,0.13605356216592757,14.870193481342817,-0.30763125419282256,2.7891650199890137,-0.21880483627319336,14.188370704650879,False,-1,2.5703601837158203,3.084851026535034,-0.4151296615600586,-0.21772005418079046,-0.008466528449087019,0.008466528449087019,"StraightLane index=('>>>', '1S0_0_', 0)",True,100.62814331054688,5.5789947509765625e-05,8.39233398552044e-05,"StraightLane index=('>>', '>>>', 0)",True,0.0,True,False,-0.22527633607387543,0.0,0.0,0.0,True,0.0,0.0,0.0,-0.0,0.0,-0.0
31.980557,"[150.7396697998047, 4.49994421005249, 0.0]","[170.1219482421875, 4.5, 0.0]",2.769947052005259,3.070258140563965,3.07295947331466,-0.3636360168476349,-0.36654943227767944,19.3757324217725,0.30763125419282256,-0.3581523895253458,14.8757324217725,-0.3003110885587059,2.778388023376465,-0.21880483627319336,14.188370704650879,False,-1,2.5595831871032715,3.070258140563965,-0.4151296615600586,-0.21772005418079046,-0.008466528449087019,0.008466528449087019,"StraightLane index=('>>>', '1S0_0_', 0)",True,100.68397521972656,5.5789947509765625e-05,8.39233398552044e-05,"StraightLane index=('>>', '>>>', 0)",True,0.0,True,False,-0.22527633607387543,0.0,0.0,0.0,True,0.0,0.0,0.0,-0.0,0.0,-0.0
31.999755,"[150.7952117919922, 4.49994421005249, 0.0]","[170.18368530273438, 4.5, 0.0]",2.762674331668302,3.0657572746276855,3.06223907920153,-0.36363601684785696,-0.36756229400634766,19.382278442280306,0.3003110885587059,-0.3660082817058319,14.882278442280306,-0.30308294295938376,2.774616241455078,-0.21880483627319336,14.188370704650879,False,-1,2.5558114051818848,3.0657572746276855,-0.5520915985107422,-0.2152712547105874,-0.01826734178698794,0.01826734178698794,"StraightLane index=('>>>', '1S0_0_', 0)",True,100.73966979980469,5.5789947509765625e-05,8.39233398552044e-05,"StraightLane index=('>>', '>>>', 0)",True,0.0,True,False,-0.22527633607387543,0.0,0.0,0.0,True,0.0,0.0,0.0,-0.0,0.0,-0.0
32.020306,"[150.85061645507812, 4.49994421005249, 0.0]","[170.2448272705078, 4.5, 0.0]",2.75540161133134,3.046611070632935,3.048820347777882,-0.363636016848079,-0.36571258306503296,19.388473510639674,0.30308294295938376,0.13859272003389211,14.888473510639674,-0.2912094593015948,2.7675116062164307,-0.21880483627319336,14.188370704650879,False,-1,2.5487067699432373,3.046611070632935,-0.5520915985107422,-0.2152712547105874,-0.01826734178698794,0.01826734178698794,"StraightLane index=('>>>', '1S0_0_', 0)",True,100.79521179199219,5.5789947509765625e-05,8.39233398552044e-05,"StraightLane index=('>>', '>>>', 0)",True,0.0,True,False,-0.22527633607387543,0.0,0.0,0.0,True,0.0,0.0,0.0,-0.0,0.0,-0.0
32.040714,"[150.90586853027344, 4.49994421005249, 0.0]","[170.30545043945312, 4.5, 0.0]",2.7481288909943853,3.040212631225586,3.0355204094697785,-0.36363601684774594,-0.36300668120384216,19.394210815327167,0.2912094593015948,-0.5936741828894476,14.894210815327167,-0.29208374023120065,2.7605133056640625,-0.09931135177612305,14.274455070495605,False,-1,2.6612019538879395,3.040212631225586,-0.5520915985107422,-0.2152712547105874,-0.01826734178698794,0.01826734178698794,"StraightLane index=('>>>', '1S0_0_', 0)",True,100.85061645507812,5.5789947509765625e-05,8.39233398552044e-05,"StraightLane index=('>>', '>>>', 0)",True,0.0,True,False,-0.22253912687301636,0.0,0.0,0.0,True,0.0,0.0,0.0,-0.0,0.0,-0.0
32.060043,"[150.9609832763672, 4.49994421005249, 0.0]","[170.3660430908203, 4.5, 0.0]",2.740856170657439,3.020484447479248,3.022873789808184,-0.36363601684732405,-0.36058345437049866,19.399581909077163,0.29208374023120065,0.04371404648029209,14.899581909077163,-0.27962827682180924,2.753563404083252,-0.09931135177612305,14.274455070495605,False,-1,2.654252052307129,3.020484447479248,-0.5520915985107422,-0.2152712547105874,-0.01826734178698794,0.01826734178698794,"StraightLane index=('>>>', '1S0_0_', 0)",True,100.90586853027344,5.5789947509765625e-05,8.39233398552044e-05,"StraightLane index=('>>', '>>>', 0)",True,0.0,True,False,-0.22253912687301636,0.0,0.0,0.0,True,0.0,0.0,0.0,-0.0,0.0,-0.0
32.080423,"[151.0159454345703, 4.49994421005249, 0.0]","[170.42807006835938, 4.5, 0.0]",2.7335834503205256,3.013782024383545,3.0095619015851063,-0.3636360168456587,-0.36239176988601685,19.405059814350594,0.27962827682180924,-0.6227731704695705,14.905059814350594,-0.2801985740630193,2.746195077896118,-0.09931135177612305,14.274455070495605,False,-1,2.646883726119995,3.013782024383545,-0.5520915985107422,-0.2152712547105874,-0.01826734178698794,0.01826734178698794,"StraightLane index=('>>>', '1S0_0_', 0)",True,100.96098327636719,5.5789947509765625e-05,8.39233398552044e-05,"StraightLane index=('>>', '>>>', 0)",True,0.0,True,False,-0.22253912687301636,0.0,0.0,0.0,True,0.0,0.0,0.0,-0.0,0.0,-0.0
32.099891,"[151.0707550048828, 4.49994421005249, 0.0]","[170.4883575439453, 4.5, 0.0]",2.726310729983619,2.994119167327881,2.9968414570127155,-0.36363601684532565,-0.36248505115509033,19.41212463367513,0.2801985740630193,0.028514862060502466,14.91212463367513,-0.26780843734426174,2.738954544067383,-0.09931135177612305,14.274455070495605,False,-1,2.6396431922912598,2.994119167327881,-0.7163810729980469,-0.2188174667944603,-0.04474198252069014,0.04474198252069014,"StraightLane index=('>>>', '1S0_0_', 0)",True,101.01594543457031,5.5789947509765625e-05,9.155273437824319e-05,"StraightLane index=('>>', '>>>', 0)",True,0.0,True,False,-0.22253912687301636,0.0,0.0,0.0,True,0.0,0.0,0.0,-0.0,0.0,-0.0
32.119702,"[151.12542724609375, 4.49994421005249, 0.0]","[170.54689025878906, 4.5, 0.0]",2.7190380096466837,2.986555814743042,2.9818840205254395,-0.36363601684676894,-0.3620806038379669,19.41760253894856,0.26780843734426174,-0.6195068359378775,14.917602538948561,-0.26751780509635825,2.7317922115325928,-0.09931135177612305,14.274455070495605,False,-1,2.6324808597564697,2.986555814743042,-0.7163810729980469,-0.2188174667944603,-0.04474198252069014,0.04474198252069014,"StraightLane index=('>>>', '1S0_0_', 0)",True,101.07075500488281,5.5789947509765625e-05,9.155273437824319e-05,"StraightLane index=('>>', '>>>', 0)",True,0.0,True,False,-0.22253912687301636,0.0,0.0,0.0,True,0.0,0.0,0.0,-0.0,0.0,-0.0
32.139962,"[151.17994689941406, 4.49994421005249, 0.0]","[170.6060791015625, 4.5, 0.0]",2.7117652893098194,2.9647459983825684,2.9665150893441474,-0.3636360168432162,-0.36523085832595825,19.42146301258137,0.26751780509635825,-0.01453161239517442,14.92146301258137,-0.25298070907274894,2.72424578666687,-0.09931135177612305,14.274455070495605,False,-1,2.624934434890747,2.9647459983825684,-0.7163810729980469,-0.2188174667944603,-0.04474198252069014,0.04474198252069014,"StraightLane index=('>>>', '1S0_0_', 0)",True,101.12542724609375,5.5789947509765625e-05,9.155273437824319e-05,"StraightLane index=('>>', '>>>', 0)",True,0.0,True,False,-0.22253912687301636,0.0,0.0,0.0,True,0.0,0.0,0.0,-0.0,0.0,-0.0
32.159867,"[151.2343292236328, 4.49994421005249, 0.0]","[170.666259765625, 4.5, 0.0]",2.7044925689729484,2.9560184478759766,2.9514420157117436,-0.3636360168435493,-0.36610350012779236,19.426132202034488,0.25298070907274894,-0.7268548011804654,14.926132202034488,-0.25152587890302813,2.7168619632720947,-0.09931135177612305,14.274455070495605,False,-1,2.6175506114959717,2.9560184478759766,-0.7163810729980469,-0.2188174667944603,-0.04474198252069014,0.04474198252069014,"StraightLane index=('>>>', '1S0_0_', 0)",True,101.17994689941406,5.5789947509765625e-05,9.155273437824319e-05,"StraightLane index=('>>', '>>>', 0)",True,0.0,True,False,-0.22253912687301636,0.0,0.0,0.0,True,0.0,0.0,0.0,-0.0,0.0,-0.0
32.180055,"[151.28855895996094, 4.49994421005249, 0.0]","[170.72415161132812, 4.5, 0.0]",2.6972198486361987,2.9345407485961914,2.9362028365962636,-0.3636360168374875,-0.36603209376335144,19.43193054187823,0.25152587890302813,-0.07274150848604055,14.93193054187823,-0.23732089995999273,2.709590196609497,-0.09931135177612305,14.274455070495605,False,-1,2.610278844833374,2.9345407485961914,-0.7163810729980469,-0.2188174667944603,-0.04474198252069014,0.04474198252069014,"StraightLane index=('>>>', '1S0_0_', 0)",True,101.23432922363281,5.5789947509765625e-05,9.155273437824319e-05,"StraightLane index=('>>', '>>>', 0)",True,0.0,True,False,-0.22253912687301636,0.0,0.0,0.0,True,0.0,0.0,0.0,-0.0,0.0,-0.0
32.20003,"[151.3426513671875, 4.49994421005249, 0.0]","[170.78472900390625, 4.5, 0.0]",2.689947128299418,2.9257099628448486,2.9210805535135815,-0.3636360168390418,-0.36456945538520813,19.435592651253227,0.23732089995999273,-0.7102489471517703,14.935592651253227,-0.2357628345454308,2.7024483680725098,-0.09931135177612305,14.274455070495605,False,-1,2.6031370162963867,2.9257099628448486,-0.6840920448303223,-0.22087894168407554,-0.06763309922954552,0.06763309922954552,"StraightLane index=('>>>', '1S0_0_', 0)",True,101.28855895996094,5.5789947509765625e-05,9.155273437824319e-05,"StraightLane index=('>>', '>>>', 0)",True,0.0,True,False,-0.22253912687301636,0.0,0.0,0.0,True,0.0,0.0,0.0,-0.0,0.0,-0.0
32.220132,"[151.39659118652344, 4.49994421005249, 0.0]","[170.84149169921875, 4.5, 0.0]",2.6826744079626264,2.90273380279541,2.9035732146143056,-0.3636360168395747,-0.3629336357116699,19.442077636604782,0.2357628345454308,-0.07790327072809689,14.942077636604782,-0.2200593948327838,2.695380210876465,0.2373208999633789,19.435592651367188,True,0,2.9327011108398438,2.90273380279541,-0.6840920448303223,-0.22087894168407554,-0.06763309922954552,0.06763309922954552,"StraightLane index=('>>>', '1S0_0_', 0)",True,101.3426513671875,5.5789947509765625e-05,9.155273437824319e-05,"StraightLane index=('>>', '>>>', 0)",True,0.0,True,False,-0.21932071447372437,0.0,0.0,0.0,True,0.0,0.0,0.0,-0.0,0.0,-0.0
32.239949,"[151.4503936767578, 4.49994421005249, 0.0]","[170.8990936279297, 4.5, 0.0]",2.6870927810706533,2.8920040130615234,2.8864105923544328,0.22091865540134759,-0.3651578724384308,19.44490051258134,0.2200593948327838,-0.7851719856323491,14.944900512581341,-0.20491123199087014,2.6879186630249023,0.2373208999633789,19.435592651367188,True,0,2.9252395629882812,2.8920040130615234,-0.6840920448303223,-0.22087894168407554,-0.06763309922954552,0.22189167824527734,"StraightLane index=('>>>', '1S0_0_', 0)",True,101.39659118652344,5.5789947509765625e-05,9.155273437824319e-05,"StraightLane index=('>>', '>>>', 0)",True,0.0,True,False,-0.21932071447372437,0.1542585790157318,0.0,0.1542585790157318,True,0.0,0.0,0.08,0.0,0.08,0.0
32.259845,"[151.50404357910156, 4.49994421005249, 0.0]","[170.9577178955078, 4.5, 0.0]",2.69241809845376,2.8676319122314458,2.8690958368795747,0.26626586915532435,-0.36085641384124756,19.448699951057897,0.20491123199087014,-0.7574081420956835,14.948699951057897,-0.17521381377768597,2.677428960800171,0.2373208999633789,19.435592651367188,True,0,2.91474986076355,2.8676319122314458,-0.6840920448303223,-0.22087894168407554,-0.06763309922954552,0.22189167824527734,"StraightLane index=('>>>', '1S0_0_', 0)",True,101.45039367675781,5.5789947509765625e-05,9.155273437824319e-05,"StraightLane index=('>>', '>>>', 0)",True,0.0,True,False,-0.21932071447372437,0.1542585790157318,0.0,0.1542585790157318,True,0.0,0.0,0.09641161188483238,0.0,0.09641161188483238,0.0
32.283032,"[151.5577850341797, 4.49994421005249, 0.0]","[171.01580810546875, 4.5, 0.0]",2.6977434158369498,2.8567581176757812,2.848912793070402,0.2662658691594988,-0.3464505076408386,19.45367431625601,0.17521381377768597,-1.4848709106592084,14.95367431625601,-0.15901470183883148,2.6753318309783936,0.2373208999633789,19.435592651367188,True,0,2.9126527309417725,2.8567581176757812,-0.6840920448303223,-0.22087894168407554,-0.06763309922954552,0.22189167824527734,"StraightLane index=('>>>', '1S0_0_', 0)",True,101.50404357910156,5.5789947509765625e-05,0.00011444091794735956,"StraightLane index=('>>', '>>>', 0)",True,0.0,True,False,-0.21932071447372437,0.1542585790157318,0.0,0.1542585790157318,True,0.0,0.0,0.09641161188483238,0.0,0.09641161188483238,0.0
32.299954,"[151.61163330078125, 4.49994421005249, 0.0]","[171.07125854492188, 4.5, 0.0]",2.7030687332201424,2.8333473205566406,2.8342043171975564,0.266265869159632,-0.29882553219795227,19.458023071163332,0.15901470183883148,-0.8099555969427241,14.958023071163332,-0.13027858733649822,2.6735775470733643,0.2373208999633789,19.435592651367188,True,0,2.910898447036743,2.8333473205566406,-0.9236264228820801,-0.2311179723165408,-0.14643689054781694,0.30069546956354876,"StraightLane index=('>>>', '1S0_0_', 0)",True,101.55778503417969,5.5789947509765625e-05,9.918212890128198e-05,"StraightLane index=('>>', '>>>', 0)",True,0.0,True,False,-0.21932071447372437,0.1542585790157318,0.0,0.1542585790157318,True,0.0,0.0,0.09641161188483238,0.0,0.09641161188483238,0.0
32.319936,"[151.66558837890625, 4.49994421005249, 0.0]","[171.1279754638672, 4.5, 0.0]",2.7083940506031894,2.8210041522979736,2.814599626880544,0.26626586915234896,-0.2298446148633957,19.459625243990374,0.13027858733649822,-1.4368057251166633,14.959625243990374,-0.11261010169478425,2.675137519836426,0.15901470184326172,19.458023071289062,True,0,2.8341522216796875,2.8210041522979736,-0.9236264228820801,-0.2311179723165408,-0.14643689054781694,0.30069546956354876,"StraightLane index=('>>>', '1S0_0_', 0)",True,101.61163330078125,5.5789947509765625e-05,0.00011444091794735956,"StraightLane index=('>>', '>>>', 0)",True,0.0,True,False,-0.21932071447372437,0.1542585790157318,0.0,0.1542585790157318,True,0.0,0.0,0.09641161188483238,0.0,0.09641161188483238,0.0
32.339396,"[151.7196502685547, 4.49994421005249, 0.0]","[171.1833038330078, 4.5, 0.0]",2.7108297348076444,2.794846534729004,2.795508505548028,0.12178421022275288,-0.14990243315696716,19.462387084797903,0.11261010169478425,-0.8834242820856986,14.962387084797903,-0.08401679992135946,2.679293155670166,0.15901470184326172,19.458023071289062,True,0,2.8383078575134277,2.794846534729004,-0.9236264228820801,-0.2311179723165408,-0.14643689054781694,0.21700338829094667,"StraightLane index=('>>>', '1S0_0_', 0)",True,101.66558837890625,5.5789947509765625e-05,0.00012207031247039834,"StraightLane index=('>>', '>>>', 0)",True,0.0,True,False,-0.21932071447372437,0.07056649774312973,0.0,0.07056649774312973,True,0.0,0.0,0.04410406108945608,0.0,0.04410406108945608,0.0
32.358937,"[151.77381896972656, 4.49994421005249, 0.0]","[171.2389678955078, 4.5, 0.0]",2.7132654190119116,2.7819085121154785,2.776332640559032,0.12178421021336039,-0.06704571843147278,19.463653564276964,0.08401679992135946,-1.4296650886712392,14.963653564276964,-0.06864309310356687,2.6853766441345215,0.15901470184326172,19.458023071289062,True,0,2.844391345977783,2.7819085121154785,-0.9236264228820801,-0.2311179723165408,-0.14643689054781694,0.21700338829094667,"StraightLane index=('>>>', '1S0_0_', 0)",True,101.71965026855469,5.5789947509765625e-05,0.000129699707044326,"StraightLane index=('>>', '>>>', 0)",True,0.0,True,False,-0.21932071447372437,0.07056649774312973,0.0,0.07056649774312973,True,0.0,0.0,0.04410406108945608,0.0,0.04410406108945608,0.0
32.380043,"[151.82803344726562, 4.49994421005249, 0.0]","[171.2947998046875, 4.5, 0.0]",2.7157011032159537,2.7589097023010254,2.755644471842037,0.12178421020210273,0.008227430284023285,19.465148925630988,0.06864309310356687,-0.7686853408896299,14.965148925630988,-0.043208599085071686,2.6923129558563232,0.15901470184326172,19.458023071289062,True,0,2.851327657699585,2.7589097023010254,-0.9236264228820801,-0.2311179723165408,-0.14643689054781694,0.21700338829094667,"StraightLane index=('>>>', '1S0_0_', 0)",True,101.77381896972656,5.5789947509765625e-05,0.00011444091794735956,"StraightLane index=('>>', '>>>', 0)",True,0.0,True,False,-0.21932071447372437,0.07056649774312973,0.0,0.07056649774312973,True,0.0,0.0,0.04410406108945608,0.0,0.04410406108945608,0.0
32.399902,"[151.88229370117188, 4.49994421005249, 0.0]","[171.35060119628906, 4.5, 0.0]",2.7181367874199305,2.739253282546997,2.736175746944324,0.12178421019883867,0.0696524977684021,19.466766357284044,0.043208599085071686,-1.271724700924759,14.966766357284044,-0.021116495127066592,2.699233055114746,0.15901470184326172,19.458023071289062,True,0,2.858247756958008,2.739253282546997,-0.9409403800964355,-0.24093908838826197,-0.22721336655566868,0.29777986429879844,"StraightLane index=('>>>', '1S0_0_', 0)",True,101.82803344726562,5.5789947509765625e-05,0.00010681152342432076,"StraightLane index=('>>', '>>>', 0)",True,0.0,True,False,-0.21932071447372437,0.07056649774312973,0.0,0.07056649774312973,True,0.0,0.0,0.04410406108945608,0.0,0.04410406108945608,0.0
32.42017,"[151.93661499023438, 4.49994421005249, 0.0]","[171.4051055908203, 4.5, 0.0]",2.720572471624023,2.7181825637817383,2.714203839559619,0.12178421020463404,0.11750844866037369,19.468307494991443,0.021116495127066592,-1.1046051979002547,14.968307494991443,0.0023899078422848774,2.7058894634246826,0.04320859909057617,19.466766357421875,True,0,2.749098062515259,2.7181825637817383,-0.9409403800964355,-0.24093908838826197,-0.22721336655566868,0.29777986429879844,"StraightLane index=('>>>', '1S0_0_', 0)",True,101.88229370117188,5.5789947509765625e-05,9.918212890128198e-05,"StraightLane index=('>>', '>>>', 0)",True,0.0,True,False,-0.23575836420059204,0.07056649774312973,0.0,0.07056649774312973,True,0.0,0.0,0.04410406108945608,0.0,0.04410406108945608,0.0
32.439982,"[151.99098205566406, 4.49994421005249, 0.0]","[171.4585723876953, 4.5, 0.0]",2.713299751287273,2.696573257446289,2.692716499985707,-0.3636360168375097,0.15281926095485687,19.468490600448103,-0.0023899078422848774,-1.1753201484675735,14.968490600448103,0.016726493840983903,2.712122678756714,0.04320859909057617,19.466766357421875,True,0,2.75533127784729,2.696573257446289,-0.9409403800964355,-0.24093908838826197,-0.22721336655566868,0.196543129759528,"StraightLane index=('>>>', '1S0_0_', 0)",True,101.93661499023438,5.5789947509765625e-05,0.00010681152342432076,"StraightLane index=('>>', '>>>', 0)",True,0.0,True,False,-0.23575836420059204,-0.03067023679614067,0.0,-0.03067023679614067,True,0.0,0.0,0.0,-0.0,0.0,-0.0
32.459256,"[152.04539489746094, 4.49994421005249, 0.0]","[171.5121612548828, 4.5, 0.0]",2.706027030950375,2.674910068511963,2.6718152607389953,-0.36363601684490376,0.17246632277965546,19.467590331880984,-0.016726493840983903,-0.7168292999349513,14.967590331880984,0.031116962438412,2.7173616886138916,0.04320859909057617,19.466766357421875,True,0,2.7605702877044678,2.674910068511963,-0.9409403800964355,-0.24093908838826197,-0.22721336655566868,0.196543129759528,"StraightLane index=('>>>', '1S0_0_', 0)",True,101.99098205566406,5.5789947509765625e-05,0.00011444091794735956,"StraightLane index=('>>', '>>>', 0)",True,0.0,True,False,-0.23575836420059204,-0.03067023679614067,0.0,-0.03067023679614067,True,0.0,0.0,0.0,-0.0,0.0,-0.0
32.479761,"[152.0996551513672, 4.49994421005249, 0.0]","[171.56593322753906, 4.5, 0.0]",2.6987543106132628,2.6531755924224862,2.64960140157612,-0.3636360168556063,0.1561582088470459,19.46676635729613,-0.031116962438412,-0.7195234298714048,14.96676635729613,0.045578718190776524,2.720801830291748,0.04320859909057617,19.466766357421875,True,0,2.764010429382324,2.6531755924224862,-0.9409403800964355,-0.24093908838826197,-0.22721336655566868,0.196543129759528,"StraightLane index=('>>>', '1S0_0_', 0)",True,102.04539489746094,5.5789947509765625e-05,9.918212890128198e-05,"StraightLane index=('>>', '>>>', 0)",True,0.0,True,False,-0.23575836420059204,-0.03067023679614067,0.0,-0.03067023679614067,True,0.0,0.0,0.0,-0.0,0.0,-0.0
32.4995,"[152.15377807617188, 4.49994421005249, 0.0]","[171.619384765625, 4.5, 0.0]",2.691481590276217,2.631572723388672,2.6282544790240236,-0.36363601685229785,0.10737535357475281,19.466278076046134,-0.045578718190776524,-0.7230877876182262,14.966278076046134,0.05990886688754493,2.7185544967651367,0.04320859909057617,19.466766357421875,True,0,2.761763095855713,2.631572723388672,-1.076805591583252,-0.2545333752548496,-0.2934741387317538,0.26280390193561315,"StraightLane index=('>>>', '1S0_0_', 0)",True,102.09965515136719,5.5789947509765625e-05,9.918212890128198e-05,"StraightLane index=('>>', '>>>', 0)",True,0.0,True,False,-0.23575836420059204,-0.03067023679614067,0.0,-0.03067023679614067,True,0.0,0.0,0.0,-0.0,0.0,-0.0
32.520407,"[152.20774841308594, 4.49994421005249, 0.0]","[171.6730194091797, 4.5, 0.0]",2.6842088699394453,2.608062028884888,2.6037757171473235,-0.3636360168385755,0.04937928542494774,19.465606689302863,-0.05990886688754493,-0.7165074348384204,14.965606689302863,0.07614684105455716,2.7143101692199707,-0.045578718185424805,19.466278076171875,True,0,2.668731451034546,2.608062028884888,-1.076805591583252,-0.2545333752548496,-0.2934741387317538,0.26280390193561315,"StraightLane index=('>>>', '1S0_0_', 0)",True,102.15377807617188,5.5789947509765625e-05,0.00011444091794735956,"StraightLane index=('>>', '>>>', 0)",True,0.0,True,False,-0.23575836420059204,-0.03067023679614067,0.0,-0.03067023679614067,True,0.0,0.0,0.0,-0.0,0.0,-0.0
32.540762,"[152.26158142089844, 4.49994421005249, 0.0]","[171.72315979003906, 4.5, 0.0]",2.647869110112613,2.5852248668670654,2.579962821832847,-1.8169879913416231,0.011807767674326897,19.46527099593071,-0.07614684105455716,-0.8118987083506113,14.965270995930709,0.0626442432455474,2.710862636566162,-0.045578718185424805,19.466278076171875,True,0,2.6652839183807373,2.5852248668670654,-1.076805591583252,-0.2545333752548496,-0.2934741387317538,0.18177154755095243,"StraightLane index=('>>>', '1S0_0_', 0)",True,102.20774841308594,5.5789947509765625e-05,0.00012207031247039834,"StraightLane index=('>>', '>>>', 0)",True,0.0,True,False,-0.23575836420059204,-0.11170259118080139,0.0,-0.11170259118080139,True,0.0,0.0,0.0,0.11170259118080139,0.0,0.11170259118080139
32.559884,"[152.3152618408203, 4.49994421005249, 0.0]","[171.77557373046875, 4.5, 0.0]",2.611529350285538,2.561358690261841,2.5576568033980913,-1.8169879913537468,-0.06037332862615585,19.461578369026633,-0.0626442432455474,0.6751298904504877,14.961578369026633,0.05017066002369708,2.7032082080841064,-0.045578718185424805,19.466278076171875,True,0,2.6576294898986816,2.561358690261841,-1.076805591583252,-0.2545333752548496,-0.2934741387317538,0.18177154755095243,"StraightLane index=('>>>', '1S0_0_', 0)",True,102.26158142089844,5.5789947509765625e-05,9.155273437824319e-05,"StraightLane index=('>>', '>>>', 0)",True,0.0,True,False,-0.23575836420059204,-0.11170259118080139,0.0,-0.11170259118080139,True,0.0,0.0,0.0,0.11170259118080139,0.0,0.11170259118080139
32.580569,"[152.36822509765625, 4.49994421005249, 0.0]","[171.8271026611328, 4.5, 0.0]",2.5751895904586433,2.537889242172241,2.53340086885302,-1.8169879913447318,-0.1795041859149933,19.460311889522703,-0.05017066002369708,0.6236791610925163,14.960311889522703,0.03730034828640205,2.689173936843872,-0.045578718185424805,19.466278076171875,True,0,2.6435952186584473,2.537889242172241,-1.076805591583252,-0.2545333752548496,-0.2934741387317538,0.18177154755095243,"StraightLane index=('>>>', '1S0_0_', 0)",True,102.31526184082031,5.5789947509765625e-05,9.918212890128198e-05,"StraightLane index=('>>', '>>>', 0)",True,0.0,True,False,-0.23575836420059204,-0.11170259118080139,0.0,-0.11170259118080139,True,0.0,0.0,0.0,0.11170259118080139,0.0,0.11170259118080139
32.600372,"[152.4204559326172, 4.49994421005249, 0.0]","[171.87867736816406, 4.5, 0.0]",2.5388498306316123,2.5144026279449467,2.51019689311376,-1.8169879913515485,-0.3635442554950714,19.458877563362574,-0.03730034828640205,0.6435155868647513,14.958877563362574,0.02444720268666556,2.665581464767456,-0.045578718185424805,19.466278076171875,True,0,2.6200027465820312,2.5144026279449467,-1.1717009544372514,-0.2700895711346684,-0.28598025288100104,0.17427766170019965,"StraightLane index=('>>>', '1S0_0_', 0)",True,102.36822509765625,5.5789947509765625e-05,9.155273437824319e-05,"StraightLane index=('>>', '>>>', 0)",True,0.0,True,False,-0.23575836420059204,-0.11170259118080139,0.0,-0.11170259118080139,True,0.0,0.0,0.0,0.11170259118080139,0.0,0.11170259118080139
32.62075,"[152.47195434570312, 4.49994421005249, 0.0]","[171.92832946777344, 4.5, 0.0]",2.5025100708046475,2.490166187286377,2.485082812116111,-1.81698799134824,-0.6810880303382874,19.458221435444287,-0.02444720268666556,0.6426572799868246,14.958221435444287,0.012343883518270538,2.6182708740234375,-0.10548877716064453,14.197245597839355,False,-1,2.512782096862793,2.490166187286377,-1.1717009544372514,-0.2700895711346684,-0.28598025288100104,0.17427766170019965,"StraightLane index=('>>>', '1S0_0_', 0)",True,102.42045593261719,5.5789947509765625e-05,8.39233398552044e-05,"StraightLane index=('>>', '>>>', 0)",True,0.0,True,False,-0.24276170134544373,-0.11170259118080139,0.0,-0.11170259118080139,True,0.0,0.0,0.0,0.11170259118080139,0.0,0.11170259118080139
32.640129,"[152.52273559570312, 4.49994421005249, 0.0]","[171.9761199951172, 4.5, 0.0]",2.4952373504675673,2.466124773025513,2.4612824706249894,-0.3636360168540076,-0.8128032088279724,19.456375121956324,-0.012343883518270538,0.6051659584197511,14.956375121956324,0.0291125774420542,2.5976428985595703,-0.10548877716064453,14.197245597839355,False,-1,2.492154121398926,2.466124773025513,-1.1717009544372514,-0.2700895711346684,-0.28598025288100104,0.28598025288100104,"StraightLane index=('>>>', '1S0_0_', 0)",True,102.47195434570312,5.5789947509765625e-05,9.155273437824319e-05,"StraightLane index=('>>', '>>>', 0)",True,0.0,True,False,-0.24276170134544373,0.0,0.0,0.0,True,0.0,0.0,0.0,-0.0,0.0,-0.0
32.659502,"[152.57278442382812, 4.49994421005249, 0.0]","[172.02603149414062, 4.5, 0.0]",2.487964630130328,2.4410159587860107,2.437341918900705,-0.3636360168619568,-1.1269901990890503,19.453384399311478,-0.0291125774420542,-0.8384346961891831,14.953384399311478,0.04694867134431746,2.5370805263519287,-0.10548877716064453,14.197245597839355,False,-1,2.431591749191284,2.4410159587860107,-1.1717009544372514,-0.2700895711346684,-0.28598025288100104,0.28598025288100104,"StraightLane index=('>>>', '1S0_0_', 0)",True,102.52273559570312,5.5789947509765625e-05,8.39233398552044e-05,"StraightLane index=('>>', '>>>', 0)",True,0.0,True,False,-0.24276170134544373,0.0,0.0,0.0,True,0.0,0.0,0.0,-0.0,0.0,-0.0
32.680229,"[152.62269592285156, 4.49994421005249, 0.0]","[172.0752410888672, 4.5, 0.0]",2.4806919097931774,2.4162652492523193,2.4118139623153056,-0.3636360168575381,-1.1977343559265137,19.453247070186777,-0.04694867134431746,-0.8918046951131631,14.953247070186777,0.0644266605408581,2.5183892250061035,-0.10548877716064453,14.197245597839355,False,-1,2.412900447845459,2.4162652492523193,-1.1717009544372514,-0.2700895711346684,-0.28598025288100104,0.28598025288100104,"StraightLane index=('>>>', '1S0_0_', 0)",True,102.57278442382812,5.5789947509765625e-05,9.918212890128198e-05,"StraightLane index=('>>', '>>>', 0)",True,0.0,True,False,-0.24276170134544373,0.0,0.0,0.0,True,0.0,0.0,0.0,-0.0,0.0,-0.0
32.700039,"[152.67245483398438, 4.49994421005249, 0.0]","[172.12411499023438, 4.5, 0.0]",2.4734191894564073,2.39167857170105,2.387456689700389,-0.3636360168385089,-1.2573944330215454,19.452545165901643,-0.0644266605408581,-0.8738994598270322,14.952545165901643,0.08174061775535746,2.47518253326416,-0.10548877716064453,14.197245597839355,False,-1,2.3696937561035156,2.39167857170105,-1.2272405624389693,-0.2860340337065655,-0.33916543524754783,0.33916543524754783,"StraightLane index=('>>>', '1S0_0_', 0)",True,102.62269592285156,5.5789947509765625e-05,9.155273437824319e-05,"StraightLane index=('>>', '>>>', 0)",True,0.0,True,False,-0.24276170134544373,0.0,0.0,0.0,True,0.0,0.0,0.0,-0.0,0.0,-0.0
32.720168,"[152.72206115722656, 4.49994421005249, 0.0]","[172.17030334472656, 4.5, 0.0]",2.466146469119581,2.367211103439331,2.362076083699232,-0.36363601684130664,-1.2484792470932007,19.451660156158468,-0.08174061775535746,-0.8656978607249677,14.951660156158468,0.09893536568025008,2.4635438919067383,-0.10548877716064453,14.197245597839355,False,-1,2.3580551147460938,2.367211103439331,-1.2272405624389693,-0.2860340337065655,-0.33916543524754783,0.33916543524754783,"StraightLane index=('>>>', '1S0_0_', 0)",True,102.67245483398438,5.5789947509765625e-05,7.629394533216562e-05,"StraightLane index=('>>', '>>>', 0)",True,0.0,True,False,-0.24276170134544373,0.0,0.0,0.0,True,0.0,0.0,0.0,-0.0,0.0,-0.0
32.740737,"[152.7715301513672, 4.49994421005249, 0.0]","[172.21713256835938, 4.5, 0.0]",2.4588737487828105,2.3418045043945312,2.3360785662209858,-0.3636360168385311,-1.1900502443313599,19.448242187374284,-0.09893536568025008,-0.8597373962446309,14.948242187374284,0.11706924438827926,2.444985866546631,-0.10548877716064453,14.197245597839355,False,-1,2.3394970893859863,2.3418045043945312,-1.2272405624389693,-0.2860340337065655,-0.33916543524754783,0.33916543524754783,"StraightLane index=('>>>', '1S0_0_', 0)",True,102.72206115722656,5.5789947509765625e-05,9.918212890128198e-05,"StraightLane index=('>>', '>>>', 0)",True,0.0,True,False,-0.24276170134544373,0.0,0.0,0.0,True,0.0,0.0,0.0,-0.0,0.0,-0.0
32.759727,"[152.8208465576172, 4.49994421005249, 0.0]","[172.2642364501953, 4.5, 0.0]",2.4516010284458916,2.316248655319214,2.312187716963485,-0.3636360168459474,-1.0970041751861572,19.445602416866475,-0.11706924438827926,-0.9066939354014592,14.945602416866475,0.1353523731266777,2.4313976764678955,-0.10548877716064453,14.197245597839355,False,-1,2.325908899307251,2.316248655319214,-1.2272405624389693,-0.2860340337065655,-0.33916543524754783,0.33916543524754783,"StraightLane index=('>>>', '1S0_0_', 0)",True,102.77153015136719,5.5789947509765625e-05,9.918212890128198e-05,"StraightLane index=('>>', '>>>', 0)",True,0.0,True,False,-0.24276170134544373,0.0,0.0,0.0,True,0.0,0.0,0.0,-0.0,0.0,-0.0
32.782178,"[152.87002563476562, 4.49994421005249, 0.0]","[172.31053161621094, 4.5, 0.0]",2.4443283081087883,2.2911343574523926,2.283829006018336,-0.3636360168551622,-0.9857743978500366,19.443389892464154,-0.1353523731266777,-0.9141564369199218,14.943389892464154,0.15319395065639574,2.421710968017578,-0.10548877716064453,14.197245597839355,False,-1,2.3162221908569336,2.2911343574523926,-1.2272405624389693,-0.2860340337065655,-0.33916543524754783,0.33916543524754783,"StraightLane index=('>>>', '1S0_0_', 0)",True,102.82084655761719,5.5789947509765625e-05,9.155273437824319e-05,"StraightLane index=('>>', '>>>', 0)",True,0.0,True,False,-0.24276170134544373,0.0,0.0,0.0,True,0.0,0.0,0.0,-0.0,0.0,-0.0
32.799958,"[152.91905212402344, 4.49994421005249, 0.0]","[172.3572540283203, 4.5, 0.0]",2.4370555877715967,2.26912260055542,2.2614029003000606,-0.3636360168595809,-0.8676811456680298,19.440505981364495,-0.15319395065639574,-0.8920788764859022,14.940505981364495,0.16793298721617678,2.4149913787841797,-0.10548877716064453,14.197245597839355,False,-1,2.309502601623535,2.26912260055542,-1.2255597114562988,-0.3003252202368794,-0.4094816619273943,0.4094816619273943,"StraightLane index=('>>>', '1S0_0_', 0)",True,102.87002563476562,5.5789947509765625e-05,6.866455075823796e-05,"StraightLane index=('>>', '>>>', 0)",True,0.0,True,False,-0.24276170134544373,0.0,0.0,0.0,True,0.0,0.0,0.0,-0.0,0.0,-0.0
32.819878,"[152.9679412841797, 4.49994421005249, 0.0]","[172.4011688232422, 4.5, 0.0]",2.429782867434503,2.237802028656006,2.2364197870711418,-0.36363601685469593,-0.752629816532135,19.438201904216058,-0.16793298721617678,-0.7369518279890519,14.938201904216058,0.19198083877849692,2.4103338718414307,-0.15319395065307617,19.440505981445312,True,0,2.2571399211883545,2.237802028656006,-1.2255597114562988,-0.3003252202368794,-0.4094816619273943,0.4094816619273943,"StraightLane index=('>>>', '1S0_0_', 0)",True,102.91905212402344,5.5789947509765625e-05,6.866455075823796e-05,"StraightLane index=('>>', '>>>', 0)",True,0.0,True,False,-0.24069011211395264,0.0,0.0,0.0,True,0.0,0.0,0.0,-0.0,0.0,-0.0
32.840225,"[153.0166778564453, 4.49994421005249, 0.0]","[172.44619750976562, 4.5, 0.0]",2.397388458254681,2.2187893390655518,2.2109200293586095,-1.6197204589910807,-0.6506242752075195,19.433227538970986,-0.19198083877849692,-1.2023925781160072,14.933227538970986,0.1785991191891294,2.406548023223877,-0.15319395065307617,19.440505981445312,True,0,2.253354072570801,2.2187893390655518,-1.2255597114562988,-0.3003252202368794,-0.4094816619273943,0.3099055910226626,"StraightLane index=('>>>', '1S0_0_', 0)",True,102.96794128417969,5.5789947509765625e-05,7.629394533216562e-05,"StraightLane index=('>>', '>>>', 0)",True,0.0,True,False,-0.24069011211395264,-0.09957607090473175,0.0,-0.09957607090473175,True,0.0,0.0,0.0,0.09957607090473175,0.0,0.09957607090473175
32.85987,"[153.06527709960938, 4.49994421005249, 0.0]","[172.489990234375, 4.5, 0.0]",2.3649940490750505,2.187147617340088,2.186262923325666,-1.6197204589815328,-0.559479296207428,19.429519653239502,-0.1785991191891294,0.6690859794683757,14.929519653239502,0.17784643173496262,2.4035873413085938,-0.15319395065307617,19.440505981445312,True,0,2.2503933906555176,2.187147617340088,-1.2255597114562988,-0.3003252202368794,-0.4094816619273943,0.3099055910226626,"StraightLane index=('>>>', '1S0_0_', 0)",True,103.01667785644531,5.5789947509765625e-05,6.866455075823796e-05,"StraightLane index=('>>', '>>>', 0)",True,0.0,True,False,-0.24069011211395264,-0.09957607090473175,0.0,-0.09957607090473175,True,0.0,0.0,0.0,0.09957607090473175,0.0,0.09957607090473175
32.880325,"[153.11322021484375, 4.49994421005249, 0.0]","[172.53402709960938, 4.5, 0.0]",2.3325996398952027,2.168703317642212,2.160629677318582,-1.6197204589923908,-0.5227470397949219,19.424713134674118,-0.17784643173496262,0.03763437270833947,14.924713134674118,0.16389632225299078,2.391460657119751,-0.15319395065307617,19.440505981445312,True,0,2.238266706466675,2.168703317642212,-1.2255597114562988,-0.3003252202368794,-0.4094816619273943,0.3099055910226626,"StraightLane index=('>>>', '1S0_0_', 0)",True,103.06527709960938,5.5789947509765625e-05,7.629394533216562e-05,"StraightLane index=('>>', '>>>', 0)",True,0.0,True,False,-0.24069011211395264,-0.09957607090473175,0.0,-0.09957607090473175,True,0.0,0.0,0.0,0.09957607090473175,0.0,0.09957607090473175
32.900398,"[153.1605224609375, 4.49994421005249, 0.0]","[172.57781982421875, 4.5, 0.0]",2.3002052307152545,2.137054681777954,2.1354628900748893,-1.619720458997409,-0.568495512008667,19.420806884684822,-0.16389632225299078,0.697505474098592,14.920806884684822,0.1631505489373004,2.3814339637756348,-0.15319395065307617,19.440505981445312,True,0,2.2282400131225586,2.137054681777954,-1.3206791877746582,-0.3165164697853045,-0.4225643265945498,0.32298825568981804,"StraightLane index=('>>>', '1S0_0_', 0)",True,103.11322021484375,5.5789947509765625e-05,6.866455075823796e-05,"StraightLane index=('>>', '>>>', 0)",True,0.0,True,False,-0.24069011211395264,-0.09957607090473175,0.0,-0.09957607090473175,True,0.0,0.0,0.0,0.09957607090473175,0.0,0.09957607090473175
32.919817,"[153.20716857910156, 4.49994421005249, 0.0]","[172.61923217773438, 4.5, 0.0]",2.2678108215353388,2.1197245121002197,2.1119308956490817,-1.619720458995788,-0.6629186868667603,19.417297363200447,-0.1631505489373004,0.03728866578451839,14.917297363200447,0.14808630943511902,2.359867811203003,-0.1638963222503662,19.420806884765625,True,0,2.1959714889526367,2.1197245121002197,-1.3206791877746582,-0.3165164697853045,-0.4225643265945498,0.32298825568981804,"StraightLane index=('>>>', '1S0_0_', 0)",True,103.1605224609375,5.5789947509765625e-05,6.866455075823796e-05,"StraightLane index=('>>', '>>>', 0)",True,0.0,True,False,-0.24069011211395264,-0.09957607090473175,0.0,-0.09957607090473175,True,0.0,0.0,0.0,0.09957607090473175,0.0,0.09957607090473175
32.940779,"[153.253173828125, 4.49994421005249, 0.0]","[172.66188049316406, 4.5, 0.0]",2.2250890731831685,2.0881481170654297,2.086528855499415,-2.136087417608512,-0.7876192927360535,19.412063598552013,-0.14808630943511902,0.7532119751090693,14.912063598552013,0.13694095611773882,2.333087682723999,-0.1638963222503662,19.420806884765625,True,0,2.169191360473633,2.0881481170654297,-1.3206791877746582,-0.3165164697853045,-0.4225643265945498,0.2912420917255465,"StraightLane index=('>>>', '1S0_0_', 0)",True,103.20716857910156,5.5789947509765625e-05,6.866455075823796e-05,"StraightLane index=('>>', '>>>', 0)",True,0.0,True,False,-0.24069011211395264,-0.1313222348690033,0.0,-0.1313222348690033,True,0.0,0.0,0.0,0.1313222348690033,0.0,0.1313222348690033
32.959396,"[153.29852294921875, 4.49994421005249, 0.0]","[172.7031707763672, 4.5, 0.0]",2.1823673248311177,2.070704221725464,2.063950741402292,-2.136087417602539,-0.9301050901412964,19.408706664958267,-0.13694095611773882,0.5572676658690101,14.908706664958267,0.11166310310565386,2.3018391132354736,-0.1638963222503662,19.420806884765625,True,0,2.1379427909851074,2.070704221725464,-1.3206791877746582,-0.3165164697853045,-0.4225643265945498,0.2912420917255465,"StraightLane index=('>>>', '1S0_0_', 0)",True,103.253173828125,5.5789947509765625e-05,6.866455075823796e-05,"StraightLane index=('>>', '>>>', 0)",True,0.0,True,False,-0.24069011211395264,-0.1313222348690033,0.0,-0.1313222348690033,True,0.0,0.0,0.0,0.1313222348690033,0.0,0.1313222348690033
32.983041,"[153.343017578125, 4.49994421005249, 0.0]","[172.74432373046875, 4.5, 0.0]",2.139645576479226,2.040001153945923,2.0354095570321196,-2.13608741759459,-1.0903702974319458,19.404647827056948,-0.11166310310565386,1.263892650604248,14.904647827056948,0.09964442253330308,2.265841245651245,-0.1638963222503662,19.420806884765625,True,0,2.101944923400879,2.040001153945923,-1.3206791877746582,-0.3165164697853045,-0.4225643265945498,0.2912420917255465,"StraightLane index=('>>>', '1S0_0_', 0)",True,103.29852294921875,5.5789947509765625e-05,7.629394533216562e-05,"StraightLane index=('>>', '>>>', 0)",True,0.0,True,False,-0.24069011211395264,-0.1313222348690033,0.0,-0.1313222348690033,True,0.0,0.0,0.0,0.1313222348690033,0.0,0.1313222348690033
33.000021,"[153.38665771484375, 4.49994421005249, 0.0]","[172.78619384765625, 4.5, 0.0]",2.0969238281274096,2.022218942642212,2.0147318081603562,-2.136087417590815,-1.265150547027588,19.401306152218105,-0.09964442253330308,0.6009340286175391,14.901306152218105,0.07470488548519771,2.2250211238861084,-0.1638963222503662,19.420806884765625,True,0,2.061124801635742,2.022218942642212,-1.1483573913574219,-0.32505733150428384,-0.37361550706966234,0.24229327220065905,"StraightLane index=('>>>', '1S0_0_', 0)",True,103.343017578125,5.5789947509765625e-05,9.918212890128198e-05,"StraightLane index=('>>', '>>>', 0)",True,0.0,True,False,-0.24069011211395264,-0.1313222348690033,0.0,-0.1313222348690033,True,0.0,0.0,0.0,0.1313222348690033,0.0,0.1313222348690033
33.020297,"[153.429443359375, 4.49994421005249, 0.0]","[172.82521057128906, 4.5, 0.0]",2.054202079775677,1.9928019046783447,1.9915950551280523,-2.1360874175866407,-1.4442050457000732,19.399536132674786,-0.07470488548519771,1.2469768524052682,14.899536132674786,0.06140017509733209,2.1802432537078857,-0.5798263549804688,14.400055885314941,False,-1,1.600416898727417,1.9928019046783447,-1.1483573913574219,-0.32505733150428384,-0.37361550706966234,0.24229327220065905,"StraightLane index=('>>>', '1S0_0_', 0)",True,103.38665771484375,5.5789947509765625e-05,0.00010681152342432076,"StraightLane index=('>>', '>>>', 0)",True,0.0,True,False,-0.2570209801197052,-0.1313222348690033,0.0,-0.1313222348690033,True,0.0,0.0,0.0,0.1313222348690033,0.0,0.1313222348690033
33.040276,"[153.47137451171875, 4.49994421005249, 0.0]","[172.86546325683594, 4.5, 0.0]",2.046929359438881,1.9760031700134277,1.9687998912728923,-0.36363601683979674,-1.614668846130371,19.395767211800152,-0.06140017509733209,0.6652355193932813,14.895767211800152,0.07092618942545315,2.1327908039093018,-0.5798263549804688,14.400055885314941,False,-1,1.552964448928833,1.9760031700134277,-1.1483573913574219,-0.32505733150428384,-0.37361550706966234,0.37361550706966234,"StraightLane index=('>>>', '1S0_0_', 0)",True,103.429443359375,5.5789947509765625e-05,9.155273437824319e-05,"StraightLane index=('>>', '>>>', 0)",True,0.0,True,False,-0.2570209801197052,0.0,0.0,0.0,True,0.0,0.0,0.0,-0.0,0.0,-0.0
33.059922,"[153.512451171875, 4.49994421005249, 0.0]","[172.90444946289062, 4.5, 0.0]",2.0396566391023896,1.9466196298599243,1.946374906633062,-0.3636360168245645,-1.764775037765503,19.394088744967068,-0.07092618942545315,-0.47630071640605287,14.894088744967068,0.09303700924246527,2.084160804748535,-0.5798263549804688,14.400055885314941,False,-1,1.5043344497680664,1.9466196298599243,-1.1483573913574219,-0.32505733150428384,-0.37361550706966234,0.37361550706966234,"StraightLane index=('>>>', '1S0_0_', 0)",True,103.47137451171875,5.5789947509765625e-05,0.00011444091794735956,"StraightLane index=('>>', '>>>', 0)",True,0.0,True,False,-0.2570209801197052,0.0,0.0,0.0,True,0.0,0.0,0.0,-0.0,0.0,-0.0
33.080368,"[153.5533905029297, 4.49994421005249, 0.0]","[172.94366455078125, 4.5, 0.0]",2.0323839187656296,1.9304299354553223,1.9230614891600692,-0.3636360168379982,-1.8359853029251099,19.39199829085275,-0.09303700924246527,-1.1055409908506064,14.89199829085275,0.10195398331030736,2.0409204959869385,-0.5798263549804688,14.400055885314941,False,-1,1.4610941410064697,1.9304299354553223,-1.1483573913574219,-0.32505733150428384,-0.37361550706966234,0.37361550706966234,"StraightLane index=('>>>', '1S0_0_', 0)",True,103.512451171875,5.5789947509765625e-05,0.00012207031247039834,"StraightLane index=('>>', '>>>', 0)",True,0.0,True,False,-0.2570209801197052,0.0,0.0,0.0,True,0.0,0.0,0.0,-0.0,0.0,-0.0
33.100017,"[153.59417724609375, 4.49994421005249, 0.0]","[172.9827117919922, 4.5, 0.0]",2.025111198428798,1.9010077714920044,1.9006386836273612,-0.3636360168415731,-1.800256371498108,19.39027404770145,-0.10195398331030736,-0.44584870339210436,14.89027404770145,0.12410342693679377,2.0080533027648926,-0.5798263549804688,14.400055885314941,False,-1,1.4282269477844238,1.9010077714920044,-1.2121117115020752,-0.3349755082564281,-0.41564273576534405,0.41564273576534405,"StraightLane index=('>>>', '1S0_0_', 0)",True,103.55339050292969,5.5789947509765625e-05,0.00011444091794735956,"StraightLane index=('>>', '>>>', 0)",True,0.0,True,False,-0.2570209801197052,0.0,0.0,0.0,True,0.0,0.0,0.0,-0.0,0.0,-0.0
33.120417,"[153.63482666015625, 4.49994421005249, 0.0]","[173.01951599121094, 4.5, 0.0]",2.0178384780919876,1.8866175413131714,1.8792614423502254,-0.3636360168405295,-1.6861811876296997,19.38853454574833,-0.12410342693679377,-1.1074721813243205,14.888534545748328,0.1312209367788162,1.9845266342163086,-0.10195398330688477,19.390274047851562,True,0,1.8825726509094238,1.8866175413131714,-1.2121117115020752,-0.3349755082564281,-0.41564273576534405,0.41564273576534405,"StraightLane index=('>>>', '1S0_0_', 0)",True,103.59417724609375,5.5789947509765625e-05,0.00011444091794735956,"StraightLane index=('>>', '>>>', 0)",True,0.0,True,False,-0.2570209801197052,0.0,0.0,0.0,True,0.0,0.0,0.0,-0.0,0.0,-0.0
33.141872,"[153.67532348632812, 4.49994421005249, 0.0]","[173.0577392578125, 4.5, 0.0]",1.996279597286255,1.8582723140716553,1.8567768496717347,-1.077944040286627,-1.4305936098098755,19.384689330904585,-0.1312209367788162,-0.3558754921011209,14.884689330904585,0.13800728321459976,1.963183045387268,-0.10195398330688477,19.390274047851562,True,0,1.8612290620803833,1.8582723140716553,-1.2121117115020752,-0.3349755082564281,-0.41564273576534405,0.34937264512575283,"StraightLane index=('>>>', '1S0_0_', 0)",True,103.63482666015625,5.5789947509765625e-05,0.00011444091794735956,"StraightLane index=('>>', '>>>', 0)",True,0.0,True,False,-0.2570209801197052,-0.06627009063959122,0.0,-0.06627009063959122,True,0.0,0.0,0.0,0.06627009063959122,0.0,0.06627009063959122
33.15895,"[153.71568298339844, 4.49994421005249, 0.0]","[173.09336853027344, 4.5, 0.0]",1.9747203588525102,1.8447375297546387,1.8388687535077357,-1.0779619216872427,-1.341850757598877,19.38241577134669,-0.13800728321459976,-0.3393173217891787,14.88241577134669,0.1299828290978715,1.9581865072250366,-0.10195398330688477,19.390274047851562,True,0,1.8562325239181519,1.8447375297546387,-1.2121117115020752,-0.3349755082564281,-0.41564273576534405,0.34937264512575283,"StraightLane index=('>>>', '1S0_0_', 0)",True,103.67532348632812,5.5789947509765625e-05,0.00010681152342432076,"StraightLane index=('>>', '>>>', 0)",True,0.0,True,False,-0.2570209801197052,-0.06627009063959122,0.0,-0.06627009063959122,True,0.0,0.0,0.0,0.06627009063959122,0.0,0.06627009063959122
33.179734,"[153.755615234375, 4.49994421005249, 0.0]","[173.13031005859375, 4.5, 0.0]",1.9531611204185517,1.8171277046203613,1.8170988308386904,-1.077961921697923,-1.1746718883514404,19.377685546724912,-0.1299828290978715,0.4012227058364126,14.877685546724912,0.1360334157981904,1.9498573541641235,-0.10195398330688477,19.390274047851562,True,0,1.8479033708572388,1.8171277046203613,-1.2121117115020752,-0.3349755082564281,-0.41564273576534405,0.34937264512575283,"StraightLane index=('>>>', '1S0_0_', 0)",True,103.71568298339844,5.5789947509765625e-05,0.00011444091794735956,"StraightLane index=('>>', '>>>', 0)",True,0.0,True,False,-0.2570209801197052,-0.06627009063959122,0.0,-0.06627009063959122,True,0.0,0.0,0.0,0.06627009063959122,0.0,0.06627009063959122
33.199584,"[153.79510498046875, 4.49994421005249, 0.0]","[173.1674041748047, 4.5, 0.0]",1.9316018819844885,1.8027584552764893,1.7962950561731152,-1.0779619217031633,-1.0485520362854004,19.374694824093144,-0.1360334157981904,-0.30252933501594415,14.874694824093144,0.1288434267079992,1.9403800964355469,-0.10195398330688477,19.390274047851562,True,0,1.838426113128662,1.8027584552764893,-0.9824931621551514,-0.33586521810621556,-0.41961344546641505,0.35334335482682383,"StraightLane index=('>>>', '1S0_0_', 0)",True,103.755615234375,5.5789947509765625e-05,9.918212890128198e-05,"StraightLane index=('>>', '>>>', 0)",True,0.0,True,False,-0.2570209801197052,-0.06627009063959122,0.0,-0.06627009063959122,True,0.0,0.0,0.0,0.06627009063959122,0.0,0.06627009063959122
33.220085,"[153.83416748046875, 4.49994421005249, 0.0]","[173.20333862304688, 4.5, 0.0]",1.9100426435507012,1.776384711265564,1.7769226681692833,-1.0779619216893632,-0.9631382822990417,19.37229919419827,-0.1288434267079992,0.3594994545095598,14.87229919419827,0.13365793228513723,1.9289436340332031,-0.13603341579437256,19.37469482421875,True,0,1.7929102182388306,1.776384711265564,-0.9824931621551514,-0.33586521810621556,-0.41961344546641505,0.35334335482682383,"StraightLane index=('>>>', '1S0_0_', 0)",True,103.79510498046875,5.5789947509765625e-05,0.00010681152342432076,"StraightLane index=('>>', '>>>', 0)",True,0.0,True,False,-0.2659291923046112,-0.06627009063959122,0.0,-0.06627009063959122,True,0.0,0.0,0.0,0.06627009063959122,0.0,0.06627009063959122
33.241734,"[153.872802734375, 4.49994421005249, 0.0]","[173.2392578125, 4.5, 0.0]",1.871396422389683,1.76368248462677,1.7565205199320049,-1.9323110580509062,-0.911819338798523,19.36917114245253,-0.13365793228513723,-0.24072527885690143,14.86917114245253,0.10771393776291305,1.9154598712921143,-0.13603341579437256,19.37469482421875,True,0,1.7794264554977417,1.76368248462677,-0.9824931621551514,-0.33586521810621556,-0.41961344546641505,0.30081916070546305,"StraightLane index=('>>>', '1S0_0_', 0)",True,103.83416748046875,5.5789947509765625e-05,9.918212890128198e-05,"StraightLane index=('>>', '>>>', 0)",True,0.0,True,False,-0.2659291923046112,-0.118794284760952,0.0,-0.118794284760952,True,0.0,0.0,0.0,0.118794284760952,0.0,0.118794284760952
33.260202,"[153.9110107421875, 4.49994421005249, 0.0]","[173.27383422851562, 4.5, 0.0]",1.8327502012287182,1.7383705377578738,1.7390866084585426,-1.9323110580482417,-0.8832176327705383,19.36645507802251,-0.10771393776291305,1.297199726111209,14.866455078022511,0.09437966347084448,1.9004743099212646,-0.13603341579437256,19.37469482421875,True,0,1.764440894126892,1.7383705377578738,-0.9824931621551514,-0.33586521810621556,-0.41961344546641505,0.30081916070546305,"StraightLane index=('>>>', '1S0_0_', 0)",True,103.872802734375,5.5789947509765625e-05,8.39233398552044e-05,"StraightLane index=('>>', '>>>', 0)",True,0.0,True,False,-0.2659291923046112,-0.118794284760952,0.0,-0.118794284760952,True,0.0,0.0,0.0,0.118794284760952,0.0,0.118794284760952
33.280654,"[153.9484405517578, 4.49994421005249, 0.0]","[173.30796813964844, 4.5, 0.0]",1.7941039800678464,1.726625919342041,1.7198269574969292,-1.9323110580435898,-0.9008631706237793,19.362823486165315,-0.09437966347084448,0.6667137146034285,14.862823486165315,0.06747806072580542,1.88113534450531,-0.13603341579437256,19.37469482421875,True,0,1.7451019287109375,1.726625919342041,-0.9824931621551514,-0.33586521810621556,-0.41961344546641505,0.30081916070546305,"StraightLane index=('>>>', '1S0_0_', 0)",True,103.9110107421875,5.5789947509765625e-05,0.00012207031247039834,"StraightLane index=('>>', '>>>', 0)",True,0.0,True,False,-0.2659291923046112,-0.118794284760952,0.0,-0.118794284760952,True,0.0,0.0,0.0,0.118794284760952,0.0,0.118794284760952
33.299381,"[153.98509216308594, 4.49994421005249, 0.0]","[173.3428192138672, 4.5, 0.0]",1.7554577589070353,1.7011665105819702,1.702142859659155,-1.932311058040559,-0.9774463772773743,19.35952758775298,-0.06747806072580542,1.3450801372519527,14.859527587752979,0.054291248325065045,1.8549364805221558,-0.13603341579437256,19.37469482421875,True,0,1.7189030647277832,1.7011665105819702,-1.0159194469451904,-0.33783587693867567,-0.37312518834996794,0.25433090358901594,"StraightLane index=('>>>', '1S0_0_', 0)",True,103.94844055175781,5.5789947509765625e-05,0.00010681152342432076,"StraightLane index=('>>', '>>>', 0)",True,0.0,True,False,-0.2659291923046112,-0.118794284760952,0.0,-0.118794284760952,True,0.0,0.0,0.0,0.118794284760952,0.0,0.118794284760952
33.319546,"[154.02098083496094, 4.49994421005249, 0.0]","[173.37669372558594, 4.5, 0.0]",1.7168115377463977,1.690364122390747,1.6852313900389455,-1.932311058031877,-1.1387449502944946,19.35772705061845,-0.054291248325065045,0.6593406200370189,14.85772705061845,0.02644741535565065,1.8071963787078857,-0.06747806072235107,19.359527587890625,True,0,1.7397183179855347,1.690364122390747,-1.0159194469451904,-0.33783587693867567,-0.37312518834996794,0.25433090358901594,"StraightLane index=('>>>', '1S0_0_', 0)",True,103.98509216308594,5.5789947509765625e-05,0.00012207031247039834,"StraightLane index=('>>', '>>>', 0)",True,0.0,True,False,-0.2659291923046112,-0.118794284760952,0.0,-0.118794284760952,True,0.0,0.0,0.0,0.118794284760952,0.0,0.118794284760952
33.340172,"[154.05609130859375, 4.49994421005249, 0.0]","[173.4107666015625, 4.5, 0.0]",1.6882175207178063,1.669869303703308,1.6679758793575206,-1.4297008514295717,-1.2244304418563843,19.355712890462208,-0.02644741535565065,1.3921916484707197,14.855712890462208,0.01834821701449818,1.7868202924728394,-0.06747806072235107,19.359527587890625,True,0,1.7193422317504883,1.669869303703308,-1.0159194469451904,-0.33783587693867567,-0.37312518834996794,0.28523094981837843,"StraightLane index=('>>>', '1S0_0_', 0)",True,104.02098083496094,5.5789947509765625e-05,0.00012207031247039834,"StraightLane index=('>>', '>>>', 0)",True,0.0,True,False,-0.2659291923046112,-0.08789423853158951,0.0,-0.08789423853158951,True,0.0,0.0,0.0,0.08789423853158951,0.0,0.08789423853158951
33.360014,"[154.09042358398438, 4.49994421005249, 0.0]","[173.44378662109375, 4.5, 0.0]",1.6596235036890095,1.6532365083694458,1.6514369879070188,-1.4297008514398413,-1.3633633852005005,19.35467529279287,-0.01834821701449818,0.40495991705762346,14.85467529279287,0.00638699531956366,1.7472385168075562,-0.06747806072235107,19.359527587890625,True,0,1.679760456085205,1.6532365083694458,-1.0159194469451904,-0.33783587693867567,-0.37312518834996794,0.28523094981837843,"StraightLane index=('>>>', '1S0_0_', 0)",True,104.05609130859375,5.5789947509765625e-05,0.000129699707044326,"StraightLane index=('>>', '>>>', 0)",True,0.0,True,False,-0.2659291923046112,-0.08789423853158951,0.0,-0.08789423853158951,True,0.0,0.0,0.0,0.08789423853158951,0.0,0.08789423853158951
33.379927,"[154.1241912841797, 4.49994421005249, 0.0]","[173.47618103027344, 4.5, 0.0]",1.6310294866599728,1.6369150876998901,1.6347493611674044,-1.4297008514518317,-1.479455590248108,19.353363036959337,-0.00638699531956366,0.598061084746726,14.853363036959337,-0.00588560103991731,1.7072855234146118,-0.06747806072235107,19.359527587890625,True,0,1.6398074626922607,1.6369150876998901,-1.0159194469451904,-0.33783587693867567,-0.37312518834996794,0.28523094981837843,"StraightLane index=('>>>', '1S0_0_', 0)",True,104.09042358398438,5.5789947509765625e-05,0.00011444091794735956,"StraightLane index=('>>', '>>>', 0)",True,0.0,True,False,-0.2659291923046112,-0.08789423853158951,0.0,-0.08789423853158951,True,0.0,0.0,0.0,0.08789423853158951,0.0,0.08789423853158951
33.400939,"[154.15737915039062, 4.49994421005249, 0.0]","[173.50924682617188, 4.5, 0.0]",1.602435469630834,1.6202620267868042,1.6172839365457465,-1.4297008514569387,-1.5613435506820679,19.351989745956118,0.00588560103991731,0.6136298179740485,14.851989745956118,-0.017826557155970146,1.668800950050354,-0.06747806072235107,19.359527587890625,True,0,1.601322889328003,1.6202620267868042,-0.8090448379516602,-0.3323688585731162,-0.3207815964217356,0.23288735789014609,"StraightLane index=('>>>', '1S0_0_', 0)",True,104.12419128417969,5.5789947509765625e-05,0.00010681152342432076,"StraightLane index=('>>', '>>>', 0)",True,0.0,True,False,-0.2659291923046112,-0.08789423853158951,0.0,-0.08789423853158951,True,0.0,0.0,0.0,0.08789423853158951,0.0,0.08789423853158951
33.420374,"[154.19000244140625, 4.49994421005249, 0.0]","[173.54196166992188, 4.5, 0.0]",1.5738414526017768,1.6046233177185059,1.6029946758634752,-1.4297008514528642,-1.615565299987793,19.351867675631215,0.017826557155970146,0.5970478058026418,14.851867675631215,-0.03078186511672909,1.6155799627304077,0.005885601043701172,19.35198974609375,True,0,1.6214655637741089,1.6046233177185059,-0.8090448379516602,-0.3323688585731162,-0.3207815964217356,0.23288735789014609,"StraightLane index=('>>>', '1S0_0_', 0)",True,104.15737915039062,5.5789947509765625e-05,0.00011444091794735956,"StraightLane index=('>>', '>>>', 0)",True,0.0,True,False,-0.2765844166278839,-0.08789423853158951,0.0,-0.08789423853158951,True,0.0,0.0,0.0,0.08789423853158951,0.0,0.08789423853158951
33.440078,"[154.2220458984375, 4.49994421005249, 0.0]","[173.57412719726562, 4.5, 0.0]",1.5487288236646524,1.589672327041626,1.588511699300899,-1.2556314468562202,-1.6368075609207153,19.35195922840177,0.03078186511672909,0.6477653980379472,14.851959228401771,-0.04094350337697361,1.5971959829330444,0.005885601043701172,19.35198974609375,True,0,1.6030815839767456,1.589672327041626,-0.8090448379516602,-0.3323688585731162,-0.3207815964217356,0.24358862680150778,"StraightLane index=('>>>', '1S0_0_', 0)",True,104.19000244140625,5.5789947509765625e-05,9.155273437824319e-05,"StraightLane index=('>>', '>>>', 0)",True,0.0,True,False,-0.2765844166278839,-0.07719296962022781,0.0,-0.07719296962022781,True,0.0,0.0,0.0,0.07719296962022781,0.0,0.07719296962022781
33.459803,"[154.25352478027344, 4.49994421005249, 0.0]","[173.60562133789062, 4.5, 0.0]",1.5236161947274178,1.5750339031219482,1.5740106571949142,-1.255631446861727,-1.638827919960022,19.35208129873668,0.04094350337697361,0.508081913012226,14.852081298736682,-0.051417708394530415,1.5643404722213745,0.005885601043701172,19.35198974609375,True,0,1.5702260732650757,1.5750339031219482,-0.8090448379516602,-0.3323688585731162,-0.3207815964217356,0.24358862680150778,"StraightLane index=('>>>', '1S0_0_', 0)",True,104.2220458984375,5.5789947509765625e-05,7.629394533216562e-05,"StraightLane index=('>>', '>>>', 0)",True,0.0,True,False,-0.2765844166278839,-0.07719296962022781,0.0,-0.07719296962022781,True,0.0,0.0,0.0,0.07719296962022781,0.0,0.07719296962022781
33.479894,"[154.2845001220703, 4.49994421005249, 0.0]","[173.63665771484375, 4.5, 0.0]",1.4985035657902153,1.5606073141098022,1.5592536050243069,-1.2556314468601282,-1.5936592817306519,19.35209655753643,0.051417708394530415,0.5237102508778402,14.85209655753643,-0.06210374831958698,1.520270824432373,0.005885601043701172,19.35198974609375,True,0,1.5261564254760742,1.5606073141098022,-0.8090448379516602,-0.3323688585731162,-0.3207815964217356,0.24358862680150778,"StraightLane index=('>>>', '1S0_0_', 0)",True,104.25352478027344,5.5789947509765625e-05,6.866455075823796e-05,"StraightLane index=('>>', '>>>', 0)",True,0.0,True,False,-0.2765844166278839,-0.07719296962022781,0.0,-0.07719296962022781,True,0.0,0.0,0.0,0.07719296962022781,0.0,0.07719296962022781
33.499217,"[154.31497192382812, 4.49994421005249, 0.0]","[173.66796875, 4.5, 0.0]",1.4733909368533147,1.5460542440414429,1.5450527383911248,-1.2556314468450291,-1.5858124494552612,19.35215759269268,0.06210374831958698,0.5343019962528284,14.85215759269268,-0.07266330718812819,1.505157470703125,0.005885601043701172,19.35198974609375,True,0,1.5110430717468262,1.5460542440414429,-0.7420778274536133,-0.32510469667668107,-0.27787354700439776,0.20068057738416994,"StraightLane index=('>>>', '1S0_0_', 0)",True,104.28450012207031,5.5789947509765625e-05,6.866455075823796e-05,"StraightLane index=('>>', '>>>', 0)",True,0.0,True,False,-0.2765844166278839,-0.07719296962022781,0.0,-0.07719296962022781,True,0.0,0.0,0.0,0.07719296962022781,0.0,0.07719296962022781
33.520381,"[154.34494018554688, 4.49994421005249, 0.0]","[173.6987762451172, 4.5, 0.0]",1.4482783079164485,1.532525658607483,1.531375672849361,-1.2556314468433083,-1.5835412740707397,19.3529968260694,0.07266330718812819,0.5279779434270604,14.8529968260694,-0.0842473506910344,1.4735478162765503,0.0621037483215332,19.352157592773438,True,0,1.5356515645980835,1.532525658607483,-0.7420778274536133,-0.32510469667668107,-0.27787354700439776,0.20068057738416994,"StraightLane index=('>>>', '1S0_0_', 0)",True,104.31497192382812,5.5789947509765625e-05,8.39233398552044e-05,"StraightLane index=('>>', '>>>', 0)",True,0.0,True,False,-0.2765844166278839,-0.07719296962022781,0.0,-0.07719296962022781,True,0.0,0.0,0.0,0.07719296962022781,0.0,0.07719296962022781
33.540505,"[154.37440490722656, 4.49994421005249, 0.0]","[173.7292938232422, 4.5, 0.0]",1.4265846014038934,1.51953125,1.5183918587595693,-1.0846853256277544,-1.5270211696624756,19.353836059467834,0.0842473506910344,0.5792021751453102,14.853836059467834,-0.09294664859610657,1.448198914527893,0.0621037483215332,19.352157592773438,True,0,1.5103026628494263,1.51953125,-0.7420778274536133,-0.32510469667668107,-0.27787354700439776,0.21118918918245638,"StraightLane index=('>>>', '1S0_0_', 0)",True,104.34494018554688,5.5789947509765625e-05,8.39233398552044e-05,"StraightLane index=('>>', '>>>', 0)",True,0.0,True,False,-0.2765844166278839,-0.06668435782194138,0.0,-0.06668435782194138,True,0.0,0.0,0.0,0.06668435782194138,0.0,0.06668435782194138
33.559534,"[154.4033660888672, 4.49994421005249, 0.0]","[173.7599334716797, 4.5, 0.0]",1.4048908948913774,1.5064846277236938,1.506131503322395,-1.0846853256258004,-1.4703818559646606,19.35488891593487,0.09294664859610657,0.43496489525360893,14.854888915934868,-0.10159373283231643,1.4239987134933472,0.0621037483215332,19.352157592773438,True,0,1.4861024618148804,1.5064846277236938,-0.7420778274536133,-0.32510469667668107,-0.27787354700439776,0.21118918918245638,"StraightLane index=('>>>', '1S0_0_', 0)",True,104.37440490722656,5.5789947509765625e-05,6.866455075823796e-05,"StraightLane index=('>>', '>>>', 0)",True,0.0,True,False,-0.2765844166278839,-0.06668435782194138,0.0,-0.06668435782194138,True,0.0,0.0,0.0,0.06668435782194138,0.0,0.06668435782194138
33.580584,"[154.43190002441406, 4.49994421005249, 0.0]","[173.790283203125, 4.5, 0.0]",1.383197188378771,1.4935605525970463,1.4925921303991934,-1.084685325630319,-1.3643392324447632,19.356567382721053,0.10159373283231643,0.43235421181049283,14.856567382721053,-0.1103633642182753,1.392021656036377,0.0621037483215332,19.352157592773438,True,0,1.4541254043579102,1.4935605525970463,-0.7420778274536133,-0.32510469667668107,-0.27787354700439776,0.21118918918245638,"StraightLane index=('>>>', '1S0_0_', 0)",True,104.40336608886719,5.5789947509765625e-05,7.629394533216562e-05,"StraightLane index=('>>', '>>>', 0)",True,0.0,True,False,-0.2765844166278839,-0.06668435782194138,0.0,-0.06668435782194138,True,0.0,0.0,0.0,0.06668435782194138,0.0,0.06668435782194138
33.59981,"[154.45999145507812, 4.49994421005249, 0.0]","[173.82049560546875, 4.5, 0.0]",1.3615034818662302,1.4806956052780151,1.480194087125944,-1.084685325627044,-1.3418829441070557,19.358383178630177,0.1103633642182753,0.4384815692979438,14.858383178630177,-0.11919212341178498,1.3807339668273926,0.0621037483215332,19.352157592773438,True,0,1.4428377151489258,1.4806956052780151,-0.6535863876342773,-0.3154697505762127,-0.23799487035855243,0.17131051253661106,"StraightLane index=('>>>', '1S0_0_', 0)",True,104.43190002441406,5.5789947509765625e-05,6.866455075823796e-05,"StraightLane index=('>>', '>>>', 0)",True,0.0,True,False,-0.2765844166278839,-0.06668435782194138,0.0,-0.06668435782194138,True,0.0,0.0,0.0,0.06668435782194138,0.0,0.06668435782194138
33.619665,"[154.48765563964844, 4.49994421005249, 0.0]","[173.84942626953125, 4.5, 0.0]",1.3398097753537377,1.4690667390823364,1.4689346263586611,-1.0846853256246236,-1.2436749935150146,19.360504150309865,0.11919212341178498,0.4414379596754836,14.860504150309865,-0.12925696372859874,1.3517975807189941,0.11036336421966553,19.358383178710938,True,0,1.4621609449386597,1.4690667390823364,-0.6535863876342773,-0.3154697505762127,-0.23799487035855243,0.17131051253661106,"StraightLane index=('>>>', '1S0_0_', 0)",True,104.45999145507812,5.5789947509765625e-05,6.866455075823796e-05,"StraightLane index=('>>', '>>>', 0)",True,0.0,True,False,-0.28650835156440735,-0.06668435782194138,0.0,-0.06668435782194138,True,0.0,0.0,0.0,0.06668435782194138,0.0,0.06668435782194138
33.640721,"[154.514892578125, 4.49994421005249, 0.0]","[173.87904357910156, 4.5, 0.0]",1.332537055016849,1.4575016498565674,1.4569900257664976,-0.36363601684443747,-1.2282214164733887,19.361770629791362,0.12925696372859874,0.5032420158406881,14.861770629791362,-0.12496459483971845,1.3409819602966309,0.11036336421966553,19.358383178710938,True,0,1.4513453245162964,1.4575016498565674,-0.6535863876342773,-0.3154697505762127,-0.23799487035855243,0.19176287036522816,"StraightLane index=('>>>', '1S0_0_', 0)",True,104.48765563964844,5.5789947509765625e-05,7.629394533216562e-05,"StraightLane index=('>>', '>>>', 0)",True,0.0,True,False,-0.28650835156440735,-0.04623199999332428,0.0,-0.04623199999332428,True,0.0,0.0,0.0,-0.0,0.0,-0.0
33.659739,"[154.54168701171875, 4.49994421005249, 0.0]","[173.9072265625, 4.5, 0.0]",1.3252643346798385,1.4464943408966064,1.4462021998411057,-0.3636360168505215,-1.1837290525436401,19.36415100088511,0.12496459483971845,-0.21461844444401468,14.864151000885109,-0.12123000621676794,1.3214188814163208,0.11036336421966553,19.358383178710938,True,0,1.4317822456359863,1.4464943408966064,-0.6535863876342773,-0.3154697505762127,-0.23799487035855243,0.19176287036522816,"StraightLane index=('>>>', '1S0_0_', 0)",True,104.514892578125,5.5789947509765625e-05,7.629394533216562e-05,"StraightLane index=('>>', '>>>', 0)",True,0.0,True,False,-0.28650835156440735,-0.04623199999332428,0.0,-0.04623199999332428,True,0.0,0.0,0.0,-0.0,0.0,-0.0
33.680292,"[154.56834411621094, 4.49994421005249, 0.0]","[173.93711853027344, 4.5, 0.0]",1.3179916143428612,1.4348198175430298,1.4345781628956742,-0.36363601684886726,-1.1203770637512207,19.36553955067876,0.12123000621676794,-0.18672943114752538,14.865539550678761,-0.11682820320016862,1.3046799898147583,0.11036336421966553,19.358383178710938,True,0,1.4150433540344238,1.4348198175430298,-0.6535863876342773,-0.3154697505762127,-0.23799487035855243,0.19176287036522816,"StraightLane index=('>>>', '1S0_0_', 0)",True,104.54168701171875,5.5789947509765625e-05,8.39233398552044e-05,"StraightLane index=('>>', '>>>', 0)",True,0.0,True,False,-0.28650835156440735,-0.04623199999332428,0.0,-0.04623199999332428,True,0.0,0.0,0.0,-0.0,0.0,-0.0
33.699645,"[154.5948486328125, 4.49994421005249, 0.0]","[173.96530151367188, 4.5, 0.0]",1.3107188940059402,1.423810601234436,1.42360464845244,-0.3636360168460473,-1.0288029909133911,19.368774413981733,0.11682820320016862,-0.22009015082996575,14.868774413981733,-0.11309170722849582,1.2923542261123657,0.11036336421966553,19.358383178710938,True,0,1.4027175903320312,1.423810601234436,-0.568850040435791,-0.3038325269338441,-0.23032291723532183,0.18409091724199755,"StraightLane index=('>>>', '1S0_0_', 0)",True,104.56834411621094,5.5789947509765625e-05,6.866455075823796e-05,"StraightLane index=('>>', '>>>', 0)",True,0.0,True,False,-0.28650835156440735,-0.04623199999332428,0.0,-0.04623199999332428,True,0.0,0.0,0.0,-0.0,0.0,-0.0
33.720799,"[154.6212158203125, 4.49994421005249, 0.0]","[173.99440002441406, 4.5, 0.0]",1.303446173668919,1.4130624532699585,1.4129685569669943,-0.3636360168510655,-0.8708499670028687,19.370452880788953,0.11309170722849582,-0.1868247985836402,14.870452880788953,-0.10961627960103959,1.279623031616211,0.11682820320129395,19.3687744140625,True,0,1.3964512348175049,1.4130624532699585,-0.568850040435791,-0.3038325269338441,-0.23032291723532183,0.18409091724199755,"StraightLane index=('>>>', '1S0_0_', 0)",True,104.5948486328125,5.5789947509765625e-05,6.103515623519917e-05,"StraightLane index=('>>', '>>>', 0)",True,0.0,True,False,-0.28650835156440735,-0.04623199999332428,0.0,-0.04623199999332428,True,0.0,0.0,0.0,-0.0,0.0,-0.0
33.740234,"[154.64743041992188, 4.49994421005249, 0.0]","[174.02197265625, 4.5, 0.0]",1.2861288785944447,1.4031625986099243,1.4031822527125597,-0.8658647537237107,-0.8186031579971313,19.37318420402079,0.10961627960103959,-0.17377138137281145,14.873184204020792,-0.11703372001547963,1.276395320892334,0.11682820320129395,19.3687744140625,True,0,1.393223524093628,1.4031625986099243,-0.568850040435791,-0.3038325269338441,-0.23032291723532183,0.17709148047608836,"StraightLane index=('>>>', '1S0_0_', 0)",True,104.6212158203125,5.5789947509765625e-05,6.866455075823796e-05,"StraightLane index=('>>', '>>>', 0)",True,0.0,True,False,-0.28650835156440735,-0.053231436759233475,0.0,-0.053231436759233475,True,0.0,0.0,0.0,0.053231436759233475,0.0,0.053231436759233475
33.760212,"[154.67349243164062, 4.49994421005249, 0.0]","[174.04962158203125, 4.5, 0.0]",1.2688115835199634,1.3965721130371094,1.393151350455952,-0.865864753724066,-0.7136691808700562,19.374542236247354,0.11703372001547963,0.37087202072200176,14.874542236247354,-0.127760529517146,1.2716071605682373,0.11682820320129395,19.3687744140625,True,0,1.3884353637695312,1.3965721130371094,-0.568850040435791,-0.3038325269338441,-0.23032291723532183,0.17709148047608836,"StraightLane index=('>>>', '1S0_0_', 0)",True,104.64743041992188,5.5789947509765625e-05,6.866455075823796e-05,"StraightLane index=('>>', '>>>', 0)",True,0.0,True,False,-0.28650835156440735,-0.053231436759233475,0.0,-0.053231436759233475,True,0.0,0.0,0.0,0.053231436759233475,0.0,0.053231436759233475
33.780189,"[154.69921875, 4.49994421005249, 0.0]","[174.07821655273438, 4.5, 0.0]",1.2514942884455298,1.379637598991394,1.383151962760381,-0.865864753721679,-0.6350440979003906,19.376129150309854,0.127760529517146,0.536340475083319,14.876129150309854,-0.12814331054586425,1.266098976135254,0.11682820320129395,19.3687744140625,True,0,1.3829271793365479,1.379637598991394,-0.568850040435791,-0.3038325269338441,-0.23032291723532183,0.17709148047608836,"StraightLane index=('>>>', '1S0_0_', 0)",True,104.67349243164062,5.5789947509765625e-05,6.866455075823796e-05,"StraightLane index=('>>', '>>>', 0)",True,0.0,True,False,-0.28650835156440735,-0.053231436759233475,0.0,-0.053231436759233475,True,0.0,0.0,0.0,0.053231436759233475,0.0,0.053231436759233475
33.799898,"[154.72459411621094, 4.49994421005249, 0.0]","[174.10618591308594, 4.5, 0.0]",1.2341769933710396,1.3762660026550293,1.373253458986069,-0.8658647537245101,-0.591530442237854,19.378997802642907,0.12814331054586425,0.019139051435912435,14.878997802642907,-0.1420890092839897,1.2582948207855225,0.11682820320129395,19.3687744140625,True,0,1.3751230239868164,1.3762660026550293,-0.4754459857940674,-0.29008988374325206,-0.19773202770865875,0.14450059094942527,"StraightLane index=('>>>', '1S0_0_', 0)",True,104.69921875,5.5789947509765625e-05,7.629394533216562e-05,"StraightLane index=('>>', '>>>', 0)",True,0.0,True,False,-0.28650835156440735,-0.053231436759233475,0.0,-0.053231436759233475,True,0.0,0.0,0.0,0.053231436759233475,0.0,0.053231436759233475
33.820734,"[154.74961853027344, 4.49994421005249, 0.0]","[174.13357543945312, 4.5, 0.0]",1.216859698296619,1.3602663278579712,1.3638716451503616,-0.865864753721024,-0.5755895376205444,19.381591796772494,0.1420890092839897,0.6972849369062728,14.881591796772494,-0.14340662956135208,1.2483214139938354,0.128143310546875,19.378997802734375,True,0,1.3764647245407104,1.3602663278579712,-0.4754459857940674,-0.29008988374325206,-0.19773202770865875,0.14450059094942527,"StraightLane index=('>>>', '1S0_0_', 0)",True,104.72459411621094,5.5789947509765625e-05,8.39233398552044e-05,"StraightLane index=('>>', '>>>', 0)",True,0.0,True,False,-0.2966464161872864,-0.053231436759233475,0.0,-0.053231436759233475,True,0.0,0.0,0.0,0.053231436759233475,0.0,0.053231436759233475
33.84065,"[154.77430725097656, 4.49994421005249, 0.0]","[174.16061401367188, 4.5, 0.0]",1.2095869779597388,1.3579431772232056,1.354966241558582,-0.3636360168440156,-0.5848008990287781,19.38395690909891,0.14340662956135208,0.06588101386811873,14.88395690909891,-0.14835619926346677,1.235917329788208,0.128143310546875,19.378997802734375,True,0,1.364060640335083,1.3579431772232056,-0.4754459857940674,-0.29008988374325206,-0.19773202770865875,0.15603403755939918,"StraightLane index=('>>>', '1S0_0_', 0)",True,104.74961853027344,5.5789947509765625e-05,6.866455075823796e-05,"StraightLane index=('>>', '>>>', 0)",True,0.0,True,False,-0.2966464161872864,-0.04169799014925957,0.0,-0.04169799014925957,True,0.0,0.0,0.0,-0.0,0.0,-0.0
33.860616,"[154.79864501953125, 4.49994421005249, 0.0]","[174.18753051757812, 4.5, 0.0]",1.2023142576228454,1.342329978942871,1.3459665663798273,-0.3636360168446706,-0.6105804443359375,19.38630676260384,0.14835619926346677,0.24747848510573434,14.88630676260384,-0.1400157213200257,1.221474051475525,0.128143310546875,19.378997802734375,True,0,1.3496173620224,1.342329978942871,-0.4754459857940674,-0.29008988374325206,-0.19773202770865875,0.15603403755939918,"StraightLane index=('>>>', '1S0_0_', 0)",True,104.77430725097656,5.5789947509765625e-05,7.629394533216562e-05,"StraightLane index=('>>', '>>>', 0)",True,0.0,True,False,-0.2966464161872864,-0.04169799014925957,0.0,-0.04169799014925957,True,0.0,0.0,0.0,-0.0,0.0,-0.0
33.880808,"[154.8228302001953, 4.49994421005249, 0.0]","[174.21453857421875, 4.5, 0.0]",1.195041537285846,1.3400202989578247,1.3369020874758768,-0.3636360168499664,-0.6288413405418396,19.388885497966093,0.1400157213200257,-0.417023897172053,14.888885497966093,-0.14497876167197865,1.2072670459747314,0.128143310546875,19.378997802734375,True,0,1.3354103565216064,1.3400202989578247,-0.4754459857940674,-0.29008988374325206,-0.19773202770865875,0.15603403755939918,"StraightLane index=('>>>', '1S0_0_', 0)",True,104.79864501953125,5.5789947509765625e-05,6.866455075823796e-05,"StraightLane index=('>>', '>>>', 0)",True,0.0,True,False,-0.2966464161872864,-0.04169799014925957,0.0,-0.04169799014925957,True,0.0,0.0,0.0,-0.0,0.0,-0.0
33.899698,"[154.8468780517578, 4.49994421005249, 0.0]","[174.24090576171875, 4.5, 0.0]",1.1877688169488778,1.3245861530303955,1.3284440360654897,-0.36363601684841207,-0.6243948936462402,19.391708373942652,0.14497876167197865,0.24815201759764705,14.891708373942652,-0.1368173360815177,1.1951743364334106,0.128143310546875,19.378997802734375,True,0,1.3233176469802856,1.3245861530303955,-0.5167984962463379,-0.27916884273754866,-0.19023757428456217,0.1485395841353026,"StraightLane index=('>>>', '1S0_0_', 0)",True,104.82283020019531,5.5789947509765625e-05,6.866455075823796e-05,"StraightLane index=('>>', '>>>', 0)",True,0.0,True,False,-0.2966464161872864,-0.04169799014925957,0.0,-0.04169799014925957,True,0.0,0.0,0.0,-0.0,0.0,-0.0
33.919834,"[154.8707733154297, 4.49994421005249, 0.0]","[174.2674102783203, 4.5, 0.0]",1.1804960966119276,1.3228598833084106,1.3202904079131312,-0.3636360168475128,-0.6048257946968079,19.394027709880152,0.1368173360815177,-0.4080712795230479,14.894027709880152,-0.14236378669648309,1.1848654747009277,0.14497876167297363,19.391708374023438,True,0,1.3298442363739014,1.3228598833084106,-0.5167984962463379,-0.27916884273754866,-0.19023757428456217,0.1485395841353026,"StraightLane index=('>>>', '1S0_0_', 0)",True,104.84687805175781,5.5789947509765625e-05,6.866455075823796e-05,"StraightLane index=('>>', '>>>', 0)",True,0.0,True,False,-0.2966464161872864,-0.04169799014925957,0.0,-0.04169799014925957,True,0.0,0.0,0.0,-0.0,0.0,-0.0
33.940056,"[154.89453125, 4.49994421005249, 0.0]","[174.294189453125, 4.5, 0.0]",1.1732233762749564,1.3079214096069336,1.312116628609225,-0.3636360168485564,-0.5749869346618652,19.396636962809836,0.14236378669648309,0.2773225307482696,14.896636962809836,-0.13469803333197716,1.176058053970337,0.14497876167297363,19.391708374023438,True,0,1.3210368156433105,1.3079214096069336,-0.5167984962463379,-0.27916884273754866,-0.19023757428456217,0.15587431565452486,"StraightLane index=('>>>', '1S0_0_', 0)",True,104.87077331542969,5.5789947509765625e-05,6.866455075823796e-05,"StraightLane index=('>>', '>>>', 0)",True,0.0,True,False,-0.2966464161872864,-0.03436325863003731,0.0,-0.03436325863003731,True,0.0,0.0,0.0,-0.0,0.0,-0.0
33.959426,"[154.9181365966797, 4.49994421005249, 0.0]","[174.31973266601562, 4.5, 0.0]",1.1659506559379738,1.3066986799240112,1.3042708920429924,-0.3636360168491337,-0.5404000282287598,19.399658203054564,0.13469803333197716,-0.38328766822529614,14.899658203054564,-0.14074802398603747,1.168399453163147,0.14497876167297363,19.391708374023438,True,0,1.3133782148361206,1.3066986799240112,-0.5167984962463379,-0.27916884273754866,-0.19023757428456217,0.15587431565452486,"StraightLane index=('>>>', '1S0_0_', 0)",True,104.89453125,5.5789947509765625e-05,6.103515623519917e-05,"StraightLane index=('>>', '>>>', 0)",True,0.0,True,False,-0.2966464161872864,-0.03436325863003731,0.0,-0.03436325863003731,True,0.0,0.0,0.0,-0.0,0.0,-0.0
33.981776,"[154.9416046142578, 4.49994421005249, 0.0]","[174.34600830078125, 4.5, 0.0]",1.1586779356010077,1.2919201850891113,1.2952462511607212,-0.36363601684830105,-0.49005424976348877,19.401596069285173,0.14074802398603747,0.30249953270301555,14.901596069285173,-0.1332422494881036,1.1579903364181519,0.14497876167297363,19.391708374023438,True,0,1.3029690980911255,1.2919201850891113,-0.5167984962463379,-0.27916884273754866,-0.19023757428456217,0.15587431565452486,"StraightLane index=('>>>', '1S0_0_', 0)",True,104.91813659667969,5.5789947509765625e-05,4.5776367189121594e-05,"StraightLane index=('>>', '>>>', 0)",True,0.0,True,False,-0.2966464161872864,-0.03436325863003731,0.0,-0.03436325863003731,True,0.0,0.0,0.0,-0.0,0.0,-0.0
34.000241,"[154.9649200439453, 4.49994421005249, 0.0]","[174.3726043701172, 4.5, 0.0]",1.1514052152640424,1.2903722524642944,1.2878020778064734,-0.36363601684826774,-0.47565799951553345,19.404403686452998,0.1332422494881036,-0.37528872489669407,14.904403686452998,-0.13896703720025205,1.1546000242233276,0.14497876167297363,19.391708374023438,True,0,1.2995787858963013,1.2903722524642944,-0.34213900566101074,-0.2632268236619292,-0.17289824948176535,0.13853499085172805,"StraightLane index=('>>>', '1S0_0_', 0)",True,104.94160461425781,5.5789947509765625e-05,6.103515623519917e-05,"StraightLane index=('>>', '>>>', 0)",True,0.0,True,False,-0.2966464161872864,-0.03436325863003731,0.0,-0.03436325863003731,True,0.0,0.0,0.0,-0.0,0.0,-0.0
34.020336,"[154.98809814453125, 4.49994421005249, 0.0]","[174.39834594726562, 4.5, 0.0]",1.1441324949270935,1.2761319875717163,1.280462096068723,-0.3636360168474462,-0.44503435492515564,19.407684326101432,0.13896703720025205,0.286239385607423,14.907684326101432,-0.13199949264462285,1.1484994888305664,0.13113164901733398,14.12996768951416,False,-1,1.2796311378479004,1.2761319875717163,-0.34213900566101074,-0.2632268236619292,-0.17289824948176535,0.13853499085172805,"StraightLane index=('>>>', '1S0_0_', 0)",True,104.96492004394531,5.5789947509765625e-05,6.103515623519917e-05,"StraightLane index=('>>', '>>>', 0)",True,0.0,True,False,-0.30587896704673767,-0.03436325863003731,0.0,-0.03436325863003731,True,0.0,0.0,0.0,-0.0,0.0,-0.0
34.039972,"[155.01112365722656, 4.49994421005249, 0.0]","[174.42373657226562, 4.5, 0.0]",1.1368597745901392,1.2754989862442017,1.2733015749797694,-0.36363601684771263,-0.4003448486328125,19.41024780265358,0.13199949264462285,-0.3483772277814601,14.91024780265358,-0.13863921165406246,1.1402792930603027,0.13113164901733398,14.12996768951416,False,-1,1.2714109420776367,1.2754989862442017,-0.34213900566101074,-0.2632268236619292,-0.17289824948176535,0.17289824948176535,"StraightLane index=('>>>', '1S0_0_', 0)",True,104.98809814453125,5.5789947509765625e-05,6.866455075823796e-05,"StraightLane index=('>>', '>>>', 0)",True,0.0,True,False,-0.30587896704673767,0.0,0.0,0.0,True,0.0,0.0,0.0,-0.0,0.0,-0.0
34.059739,"[155.0340118408203, 4.49994421005249, 0.0]","[174.44903564453125, 4.5, 0.0]",1.1295870542532618,1.2615619897842407,1.2660772150215696,-0.36363601684387126,-0.3810828924179077,19.412612914958263,0.13863921165406246,0.3319859504719802,14.912612914958263,-0.13197493553097894,1.1343621015548706,0.13113164901733398,14.12996768951416,False,-1,1.2654937505722046,1.2615619897842407,-0.34213900566101074,-0.2632268236619292,-0.17289824948176535,0.17289824948176535,"StraightLane index=('>>>', '1S0_0_', 0)",True,105.01112365722656,5.5789947509765625e-05,6.866455075823796e-05,"StraightLane index=('>>', '>>>', 0)",True,0.0,True,False,-0.30587896704673767,0.0,0.0,0.0,True,0.0,0.0,0.0,-0.0,0.0,-0.0
34.080182,"[155.05674743652344, 4.49994421005249, 0.0]","[174.47450256347656, 4.5, 0.0]",1.1223143339163804,1.2609057426452637,1.258620438396384,-0.3636360168440711,-0.3694608211517334,19.415023803630138,0.13197493553097894,-0.3332138061541756,14.915023803630138,-0.13859140872888331,1.1279886960983276,0.13113164901733398,14.12996768951416,False,-1,1.2591203451156616,1.2609057426452637,-0.34213900566101074,-0.2632268236619292,-0.17289824948176535,0.17289824948176535,"StraightLane index=('>>>', '1S0_0_', 0)",True,105.03401184082031,5.5789947509765625e-05,6.866455075823796e-05,"StraightLane index=('>>', '>>>', 0)",True,0.0,True,False,-0.30587896704673767,0.0,0.0,0.0,True,0.0,0.0,0.0,-0.0,0.0,-0.0
34.099824,"[155.079345703125, 4.49994421005249, 0.0]","[174.49977111816406, 4.5, 0.0]",1.1150416135794592,1.246976613998413,1.2514474430718756,-0.3636360168460584,-0.36520183086395264,19.41775512688268,0.13859140872888331,0.33082365989521856,14.917755126882678,-0.1319350004189539,1.1247408390045166,0.13113164901733398,14.12996768951416,False,-1,1.2558724880218506,1.246976613998413,-0.4339563846588135,-0.25209261475879474,-0.16633486448647472,0.16633486448647472,"StraightLane index=('>>>', '1S0_0_', 0)",True,105.05674743652344,5.5789947509765625e-05,6.103515623519917e-05,"StraightLane index=('>>', '>>>', 0)",True,0.0,True,False,-0.30587896704673767,0.0,0.0,0.0,True,0.0,0.0,0.0,-0.0,0.0,-0.0
34.119986,"[155.10179138183594, 4.49994421005249, 0.0]","[174.52476501464844, 4.5, 0.0]",1.10776889324259,1.246833324432373,1.2448306618391543,-0.3636360168434605,-0.3553526997566223,19.42042541495826,0.1319350004189539,-0.3328204154964709,14.92042541495826,-0.13906443118978307,1.1185665130615234,0.13113164901733398,14.12996768951416,False,-1,1.2496981620788574,1.246833324432373,-0.4339563846588135,-0.25209261475879474,-0.16633486448647472,0.16633486448647472,"StraightLane index=('>>>', '1S0_0_', 0)",True,105.079345703125,5.5789947509765625e-05,6.866455075823796e-05,"StraightLane index=('>>', '>>>', 0)",True,0.0,True,False,-0.30587896704673767,0.0,0.0,0.0,True,0.0,0.0,0.0,-0.0,0.0,-0.0
34.139847,"[155.1240997314453, 4.49994421005249, 0.0]","[174.5489044189453, 4.5, 0.0]",1.100496172905634,1.233756184577942,1.238316573973094,-0.36363601684780145,-0.3522079885005951,19.42297363274205,0.13906443118978307,0.3564715385414585,14.92297363274205,-0.13326001167230794,1.1118500232696533,0.13113164901733398,14.12996768951416,False,-1,1.2429816722869873,1.233756184577942,-0.4339563846588135,-0.25209261475879474,-0.16633486448647472,0.16633486448647472,"StraightLane index=('>>>', '1S0_0_', 0)",True,105.10179138183594,5.5789947509765625e-05,6.103515623519917e-05,"StraightLane index=('>>', '>>>', 0)",True,0.0,True,False,-0.30587896704673767,0.0,0.0,0.0,True,0.0,0.0,0.0,-0.0,0.0,-0.0
34.160617,"[155.14625549316406, 4.49994421005249, 0.0]","[174.57359313964844, 4.5, 0.0]",1.0932234525686877,1.2338662147521973,1.2315183816843673,-0.36363601684731295,-0.34940484166145325,19.424804687419194,0.13326001167230794,-0.29022097587375617,14.924804687419194,-0.14064276218350957,1.1051337718963623,0.13113164901733398,14.12996768951416,False,-1,1.2362654209136963,1.2338662147521973,-0.4339563846588135,-0.25209261475879474,-0.16633486448647472,0.16633486448647472,"StraightLane index=('>>>', '1S0_0_', 0)",True,105.12409973144531,5.5789947509765625e-05,6.866455075823796e-05,"StraightLane index=('>>', '>>>', 0)",True,0.0,True,False,-0.30587896704673767,0.0,0.0,0.0,True,0.0,0.0,0.0,-0.0,0.0,-0.0
34.180226,"[155.1682586669922, 4.49994421005249, 0.0]","[174.59889221191406, 4.5, 0.0]",1.0859507322318063,1.220479965209961,1.225074556000811,-0.3636360168440711,-0.345041424036026,19.427337646403565,0.14064276218350957,0.3691375255600815,14.927337646403565,-0.13452923297815467,1.0951790809631348,0.13113164901733398,14.12996768951416,False,-1,1.2263107299804688,1.220479965209961,-0.4339563846588135,-0.25209261475879474,-0.16633486448647472,0.16633486448647472,"StraightLane index=('>>>', '1S0_0_', 0)",True,105.14625549316406,5.5789947509765625e-05,6.866455075823796e-05,"StraightLane index=('>>', '>>>', 0)",True,0.0,True,False,-0.30587896704673767,0.0,0.0,0.0,True,0.0,0.0,0.0,-0.0,0.0,-0.0
34.199811,"[155.19012451171875, 4.49994421005249, 0.0]","[174.62351989746094, 4.5, 0.0]",1.0786780118949753,1.2206066846847534,1.2186479011239026,-0.3636360168415509,-0.3462603986263275,19.430633544841065,0.13452923297815467,-0.3056764602677453,14.930633544841065,-0.14192867278977817,1.091600775718689,0.13113164901733398,14.12996768951416,False,-1,1.222732424736023,1.2206066846847534,-0.2636992931365967,-0.23611282854269616,-0.14385919122934035,0.14385919122934035,"StraightLane index=('>>>', '1S0_0_', 0)",True,105.16825866699219,5.5789947509765625e-05,6.866455075823796e-05,"StraightLane index=('>>', '>>>', 0)",True,0.0,True,False,-0.30587896704673767,0.0,0.0,0.0,True,0.0,0.0,0.0,-0.0,0.0,-0.0
34.22057,"[155.2118377685547, 4.49994421005249, 0.0]","[174.6479034423828, 4.5, 0.0]",1.0714052915582,1.2078933715820312,1.2126459199867448,-0.36363601683876423,-0.34351611137390137,19.433395385616496,0.14192867278977817,0.3699719905811749,14.933395385616496,-0.13648808002383128,1.081553339958191,0.2803177833557129,14.285844802856445,False,-1,1.3618711233139038,1.2078933715820312,-0.2636992931365967,-0.23611282854269616,-0.14385919122934035,0.14385919122934035,"StraightLane index=('>>>', '1S0_0_', 0)",True,105.19012451171875,5.5789947509765625e-05,9.918212890128198e-05,"StraightLane index=('>>', '>>>', 0)",True,0.0,True,False,-0.31438612937927246,0.0,0.0,0.0,True,0.0,0.0,0.0,-0.0,0.0,-0.0
34.240205,"[155.23341369628906, 4.49994421005249, 0.0]","[174.67153930664062, 4.5, 0.0]",1.064132571221492,1.208888053894043,1.2069691441404926,-0.36363601683540026,-0.3497808277606964,19.436065673702426,0.13648808002383128,-0.27202963829734417,14.936065673702426,-0.144755482672551,1.0774610042572021,0.2803177833557129,14.285844802856445,False,-1,1.357778787612915,1.208888053894043,-0.2636992931365967,-0.23611282854269616,-0.14385919122934035,0.14385919122934035,"StraightLane index=('>>>', '1S0_0_', 0)",True,105.21183776855469,5.5789947509765625e-05,9.918212890128198e-05,"StraightLane index=('>>', '>>>', 0)",True,0.0,True,False,-0.31438612937927246,0.0,0.0,0.0,True,0.0,0.0,0.0,-0.0,0.0,-0.0
34.259957,"[155.2548370361328, 4.49994421005249, 0.0]","[174.69590759277344, 4.5, 0.0]",1.056859850884715,1.199707269668579,1.2012585943077632,-0.36363601683885305,-0.35223546624183655,19.4381256102376,0.144755482672551,0.4133701324359862,14.938125610237599,-0.1428474187838642,1.0702131986618042,0.2803177833557129,14.285844802856445,False,-1,1.350530982017517,1.199707269668579,-0.2636992931365967,-0.23611282854269616,-0.14385919122934035,0.14385919122934035,"StraightLane index=('>>>', '1S0_0_', 0)",True,105.23341369628906,5.5789947509765625e-05,9.155273437824319e-05,"StraightLane index=('>>', '>>>', 0)",True,0.0,True,False,-0.31438612937927246,0.0,0.0,0.0,True,0.0,0.0,0.0,-0.0,0.0,-0.0
34.280152,"[155.276123046875, 4.49994421005249, 0.0]","[174.72010803222656, 4.5, 0.0]",1.0495871305478588,1.1938958168029785,1.1954376811540912,-0.36363601684280544,-0.35413116216659546,19.44107055651492,0.1428474187838642,-0.09540319443434031,14.94107055651492,-0.14430868625511972,1.0630029439926147,0.2803177833557129,14.285844802856445,False,-1,1.3433207273483276,1.1938958168029785,-0.2636992931365967,-0.23611282854269616,-0.14385919122934035,0.14385919122934035,"StraightLane index=('>>>', '1S0_0_', 0)",True,105.25483703613281,5.5789947509765625e-05,9.918212890128198e-05,"StraightLane index=('>>', '>>>', 0)",True,0.0,True,False,-0.31438612937927246,0.0,0.0,0.0,True,0.0,0.0,0.0,-0.0,0.0,-0.0
34.300379,"[155.29725646972656, 4.49994421005249, 0.0]","[174.7442169189453, 4.5, 0.0]",1.0423144102110022,1.1881107091903687,1.1895965433588593,-0.36363601684282765,-0.3593980371952057,19.44398498523759,0.14430868625511972,0.07306337356277615,14.943984985237591,-0.1457962989793664,1.055382490158081,0.2803177833557129,14.285844802856445,False,-1,1.335700273513794,1.1881107091903687,-0.32495975494384766,-0.2238751371114612,-0.12910754277487302,0.12910754277487302,"StraightLane index=('>>>', '1S0_0_', 0)",True,105.276123046875,5.5789947509765625e-05,9.155273437824319e-05,"StraightLane index=('>>', '>>>', 0)",True,0.0,True,False,-0.31438612937927246,0.0,0.0,0.0,True,0.0,0.0,0.0,-0.0,0.0,-0.0
34.320572,"[155.31825256347656, 4.49994421005249, 0.0]","[174.7679443359375, 4.5, 0.0]",1.0350416898741144,1.182942509651184,1.1846521572020015,-0.36363601684439306,-0.36212846636772156,19.446960449104775,0.1457962989793664,0.07438063621233448,14.946960449104775,-0.1479008197770697,1.0479109287261963,0.2803177833557129,14.285844802856445,False,-1,1.3282287120819092,1.182942509651184,-0.32495975494384766,-0.2238751371114612,-0.12910754277487302,0.12910754277487302,"StraightLane index=('>>>', '1S0_0_', 0)",True,105.29725646972656,5.5789947509765625e-05,9.155273437824319e-05,"StraightLane index=('>>', '>>>', 0)",True,0.0,True,False,-0.31438612937927246,0.0,0.0,0.0,True,0.0,0.0,0.0,-0.0,0.0,-0.0
34.34005,"[155.33909606933594, 4.49994421005249, 0.0]","[174.79148864746094, 4.5, 0.0]",1.0277689695372645,1.1780434846878052,1.179877755229029,-0.3636360168424946,-0.3636179268360138,19.44969177234696,0.1479008197770697,0.10522603988516455,14.94969177234696,-0.1502745151505407,1.0405467748641968,0.2803177833557129,14.285844802856445,False,-1,1.3208645582199097,1.1780434846878052,-0.32495975494384766,-0.2238751371114612,-0.12910754277487302,0.12910754277487302,"StraightLane index=('>>>', '1S0_0_', 0)",True,105.31825256347656,5.5789947509765625e-05,9.155273437824319e-05,"StraightLane index=('>>', '>>>', 0)",True,0.0,True,False,-0.31438612937927246,0.0,0.0,0.0,True,0.0,0.0,0.0,-0.0,0.0,-0.0
34.359865,"[155.35980224609375, 4.49994421005249, 0.0]","[174.8148956298828, 4.5, 0.0]",1.0204962492004181,1.173172116279602,1.1750218165139839,-0.36363601684231694,-0.3634098768234253,19.45239257801102,0.1502745151505407,0.11868476867354927,14.952392578011018,-0.1526758670791839,1.033314824104309,0.2803177833557129,14.285844802856445,False,-1,1.313632607460022,1.173172116279602,-0.32495975494384766,-0.2238751371114612,-0.12910754277487302,0.12910754277487302,"StraightLane index=('>>>', '1S0_0_', 0)",True,105.33909606933594,5.5789947509765625e-05,9.155273437824319e-05,"StraightLane index=('>>', '>>>', 0)",True,0.0,True,False,-0.31438612937927246,0.0,0.0,0.0,True,0.0,0.0,0.0,-0.0,0.0,-0.0
34.381909,"[155.38035583496094, 4.49994421005249, 0.0]","[174.83810424804688, 4.5, 0.0]",1.013223528863566,1.1683446168899536,1.1696230901058178,-0.3636360168426056,-0.36273524165153503,19.455093383675077,0.1526758670791839,0.1200675964321607,14.955093383675077,-0.15512108802638758,1.0261638164520264,0.2803177833557129,14.285844802856445,False,-1,1.3064815998077393,1.1683446168899536,-0.32495975494384766,-0.2238751371114612,-0.12910754277487302,0.12910754277487302,"StraightLane index=('>>>', '1S0_0_', 0)",True,105.35980224609375,5.5789947509765625e-05,9.155273437824319e-05,"StraightLane index=('>>', '>>>', 0)",True,0.0,True,False,-0.31438612937927246,0.0,0.0,0.0,True,0.0,0.0,0.0,-0.0,0.0,-0.0
34.399662,"[155.40077209472656, 4.49994421005249, 0.0]","[174.86204528808594, 4.5, 0.0]",1.0059508085266777,1.1633609533309937,1.1652716914119836,-0.36363601684441527,-0.3656538128852844,19.45774841297195,0.15512108802638758,0.12226104736018373,14.957748412971949,-0.15741014480431592,1.018629789352417,0.2803177833557129,14.285844802856445,False,-1,1.2989475727081299,1.1633609533309937,-0.24749755859375,-0.21015003795109632,-0.10783344382829098,0.10783344382829098,"StraightLane index=('>>>', '1S0_0_', 0)",True,105.38035583496094,5.5789947509765625e-05,9.155273437824319e-05,"StraightLane index=('>>', '>>>', 0)",True,0.0,True,False,-0.31438612937927246,0.0,0.0,0.0,True,0.0,0.0,0.0,-0.0,0.0,-0.0
34.420556,"[155.42103576660156, 4.49994421005249, 0.0]","[174.88540649414062, 4.5, 0.0]",0.9986780881897117,1.1592357158660889,1.1613303632914087,-0.36363601684830105,-0.36633649468421936,19.461273193245383,0.15741014480431592,0.11445283889641722,14.961273193245383,-0.16055762767637716,1.011258602142334,0.2803177833557129,14.285844802856445,False,-1,1.2915763854980469,1.1592357158660889,-0.24749755859375,-0.21015003795109632,-0.10783344382829098,0.10783344382829098,"StraightLane index=('>>>', '1S0_0_', 0)",True,105.40077209472656,5.5789947509765625e-05,9.155273437824319e-05,"StraightLane index=('>>', '>>>', 0)",True,0.0,True,False,-0.31438612937927246,0.0,0.0,0.0,True,0.0,0.0,0.0,-0.0,0.0,-0.0
34.440312,"[155.441162109375, 4.49994421005249, 0.0]","[174.9084930419922, 4.5, 0.0]",1.000887393952889,1.155481219291687,1.1576139189408625,0.11046528815886747,-0.3661161959171295,19.464370727425067,0.16055762767637716,0.1573741436030618,14.964370727425067,-0.15459382533879795,1.0039986371994019,0.1551210880279541,19.457748413085938,True,0,1.159119725227356,1.155481219291687,-0.24749755859375,-0.21015003795109632,-0.10783344382829098,0.20866215104646113,"StraightLane index=('>>>', '1S0_0_', 0)",True,105.42103576660156,5.5789947509765625e-05,9.155273437824319e-05,"StraightLane index=('>>', '>>>', 0)",True,0.0,True,False,-0.3201295733451843,0.10082870721817017,0.0,0.10082870721817017,True,0.0,0.0,0.04,0.0,0.04,0.0
34.459615,"[155.4611358642578, 4.49994421005249, 0.0]","[174.93153381347656, 4.5, 0.0]",1.004368305207813,1.1517335176467896,1.1539834535760805,0.17404556274619454,-0.3645423948764801,19.467330932503188,0.15459382533879795,-0.29819011687896024,14.967330932503188,-0.1473652124389766,0.9968671798706055,0.1551210880279541,19.457748413085938,True,0,1.1519882678985596,1.1517335176467896,-0.24749755859375,-0.21015003795109632,-0.10783344382829098,0.20866215104646113,"StraightLane index=('>>>', '1S0_0_', 0)",True,105.441162109375,5.5789947509765625e-05,9.155273437824319e-05,"StraightLane index=('>>', '>>>', 0)",True,0.0,True,False,-0.3201295733451843,0.10082870721817017,0.0,0.10082870721817017,True,0.0,0.0,0.06301794201135635,0.0,0.06301794201135635,0.0
34.480759,"[155.4811553955078, 4.49994421005249, 0.0]","[174.9542694091797, 4.5, 0.0]",1.0078492164627613,1.148033857345581,1.1500106385127642,0.17404556274741578,-0.3490022122859955,19.470397949104743,0.1473652124389766,-0.3614306449910676,14.970397949104743,-0.1401846408828198,0.9912585020065308,0.1551210880279541,19.457748413085938,True,0,1.1463795900344849,1.148033857345581,-0.24749755859375,-0.21015003795109632,-0.10783344382829098,0.20866215104646113,"StraightLane index=('>>>', '1S0_0_', 0)",True,105.46113586425781,5.5789947509765625e-05,9.155273437824319e-05,"StraightLane index=('>>', '>>>', 0)",True,0.0,True,False,-0.3201295733451843,0.10082870721817017,0.0,0.10082870721817017,True,0.0,0.0,0.06301794201135635,0.0,0.06301794201135635,0.0
34.501365,"[155.50123596191406, 4.49994421005249, 0.0]","[174.97726440429688, 4.5, 0.0]",1.0113301277176776,1.1442947387695315,1.1463477151165484,0.17404556274581706,-0.30750930309295654,19.473114013546123,0.1401846408828198,-0.3590285778078406,14.973114013546123,-0.13296461105185386,0.9887762665748596,0.1551210880279541,19.457748413085938,True,0,1.1438973546028137,1.1442947387695315,-0.1906621456146218,-0.19580820925249845,-0.10938121206879343,0.2102099192869636,"StraightLane index=('>>>', '1S0_0_', 0)",True,105.48115539550781,5.5789947509765625e-05,9.918212890128198e-05,"StraightLane index=('>>', '>>>', 0)",True,0.0,True,False,-0.3201295733451843,0.10082870721817017,0.0,0.10082870721817017,True,0.0,0.0,0.06301794201135635,0.0,0.06301794201135635,0.0
34.52054,"[155.52139282226562, 4.49994421005249, 0.0]","[175.0007781982422, 4.5, 0.0]",1.014811038972576,1.1425362825393677,1.1456181889126078,0.17404556274491778,-0.24696163833141327,19.476028442257057,0.13296461105185386,-0.3610014915482962,14.976028442257057,-0.1277252435667917,0.9892560839653015,0.1551210880279541,19.457748413085938,True,0,1.1443771719932556,1.1425362825393677,-0.1906621456146218,-0.19580820925249845,-0.10938121206879343,0.2102099192869636,"StraightLane index=('>>>', '1S0_0_', 0)",True,105.50123596191406,5.5789947509765625e-05,9.918212890128198e-05,"StraightLane index=('>>', '>>>', 0)",True,0.0,True,False,-0.3201295733451843,0.10082870721817017,0.0,0.10082870721817017,True,0.0,0.0,0.06301794201135635,0.0,0.06301794201135635,0.0
34.539717,"[155.5416259765625, 4.49994421005249, 0.0]","[175.0231170654297, 4.5, 0.0]",1.017626285554693,1.141794562339783,1.1448891571647606,0.14076232910584796,-0.14809897541999817,19.4793853758508,0.1277252435667917,-0.2619683742531076,14.9793853758508,-0.12416827678509001,0.9931997656822205,0.14018464088439941,19.473114013671875,True,0,1.1333844065666199,1.141794562339783,-0.1906621456146218,-0.19580820925249845,-0.10938121206879343,0.19093742795109475,"StraightLane index=('>>>', '1S0_0_', 0)",True,105.52139282226562,5.5789947509765625e-05,9.918212890128198e-05,"StraightLane index=('>>', '>>>', 0)",True,0.0,True,False,-0.3201295733451843,0.08155621588230133,0.0,0.08155621588230133,True,0.0,0.0,0.05097263492643833,0.0,0.05097263492643833,0.0
34.558947,"[155.56192016601562, 4.49994421005249, 0.0]","[175.04588317871094, 4.5, 0.0]",1.0204415321368225,1.1410388946533203,1.1441580545305392,0.1407623291064808,-0.11377052217721939,19.48149108874142,0.12416827678509001,-0.1778483390850849,14.981491088741421,-0.12059736251649777,0.9953199625015259,0.14018464088439941,19.473114013671875,True,0,1.1355046033859253,1.1410388946533203,-0.1906621456146218,-0.19580820925249845,-0.10938121206879343,0.19093742795109475,"StraightLane index=('>>>', '1S0_0_', 0)",True,105.5416259765625,5.5789947509765625e-05,9.918212890128198e-05,"StraightLane index=('>>', '>>>', 0)",True,0.0,True,False,-0.3201295733451843,0.08155621588230133,0.0,0.08155621588230133,True,0.0,0.0,0.05097263492643833,0.0,0.05097263492643833,0.0
34.580733,"[155.582275390625, 4.49994421005249, 0.0]","[175.06939697265625, 4.5, 0.0]",1.0232567787190125,1.1402580738067627,1.1433310525501497,0.1407623291095006,-0.051015425473451614,19.48396301253223,0.12059736251649777,-0.178545713429612,14.983963012532229,-0.11700129508775015,0.9999358057975769,0.14018464088439941,19.473114013671875,True,0,1.1401204466819763,1.1402580738067627,-0.1906621456146218,-0.19580820925249845,-0.10938121206879343,0.19093742795109475,"StraightLane index=('>>>', '1S0_0_', 0)",True,105.56192016601562,5.5789947509765625e-05,0.00012207031247039834,"StraightLane index=('>>', '>>>', 0)",True,0.0,True,False,-0.3201295733451843,0.08155621588230133,0.0,0.08155621588230133,True,0.0,0.0,0.05097263492643833,0.0,0.05097263492643833,0.0
34.599909,"[155.60269165039062, 4.49994421005249, 0.0]","[175.0922393798828, 4.5, 0.0]",1.0260720253011946,1.139499545097351,1.142601780109841,0.14076232910910091,0.005129638127982616,19.48712158185503,0.11700129508775015,-0.17980337143738145,14.987121581855028,-0.1134275197961565,1.0050828456878662,0.14018464088439941,19.473114013671875,True,0,1.1452674865722656,1.139499545097351,-0.04795193672180398,-0.17790570611251175,-0.10417781824501002,0.18573403412731135,"StraightLane index=('>>>', '1S0_0_', 0)",True,105.582275390625,5.5789947509765625e-05,0.000129699707044326,"StraightLane index=('>>', '>>>', 0)",True,0.0,True,False,-0.3201295733451843,0.08155621588230133,0.0,0.08155621588230133,True,0.0,0.0,0.05097263492643833,0.0,0.05097263492643833,0.0
34.620666,"[155.62315368652344, 4.49994421005249, 0.0]","[175.1152801513672, 4.5, 0.0]",1.028887271883496,1.1392246484756472,1.1425378902620638,0.14076232911507391,0.05316498875617981,19.48954772931596,0.1134275197961565,-0.17868876457968197,14.989547729315959,-0.11033737659215115,1.010462760925293,0.14018464088439941,19.473114013671875,True,0,1.1506474018096924,1.1392246484756472,-0.04795193672180398,-0.17790570611251175,-0.10417781824501002,0.18573403412731135,"StraightLane index=('>>>', '1S0_0_', 0)",True,105.60269165039062,5.5789947509765625e-05,0.000129699707044326,"StraightLane index=('>>', '>>>', 0)",True,0.0,True,False,-0.3201295733451843,0.08155621588230133,0.0,0.08155621588230133,True,0.0,0.0,0.05097263492643833,0.0,0.05097263492643833,0.0
34.640456,"[155.6436767578125, 4.49994421005249, 0.0]","[175.13807678222656, 4.5, 0.0]",1.0312280654933559,1.139164686203003,1.1424785151650199,0.11703968049299185,0.10770231485366821,19.49212646465404,0.11033737659215115,-0.1545071602002679,14.992126464654039,-0.10793662070964705,1.0183675289154053,0.11700129508972168,19.48712158203125,True,0,1.135368824005127,1.139164686203003,-0.04795193672180398,-0.17790570611251175,-0.10417781824501002,0.17199094647796595,"StraightLane index=('>>>', '1S0_0_', 0)",True,105.62315368652344,5.5789947509765625e-05,0.0001373291015673648,"StraightLane index=('>>', '>>>', 0)",True,0.0,True,False,-0.3265298008918762,0.06781312823295593,0.0,0.06781312823295593,True,0.0,0.0,0.04238320514559746,0.0,0.04238320514559746,0.0
34.659034,"[155.6642608642578, 4.49994421005249, 0.0]","[175.16021728515625, 4.5, 0.0]",1.0335688591031993,1.1391066312789917,1.142422742759,0.11703968049217028,0.1344255805015564,19.494400024224344,0.10793662070964705,-0.1200377941252051,14.994400024224344,-0.10553777217579241,1.023481011390686,0.11700129508972168,19.48712158203125,True,0,1.1404823064804077,1.1391066312789917,-0.04795193672180398,-0.17790570611251175,-0.10417781824501002,0.17199094647796595,"StraightLane index=('>>>', '1S0_0_', 0)",True,105.6436767578125,5.5789947509765625e-05,0.0001373291015673648,"StraightLane index=('>>', '>>>', 0)",True,0.0,True,False,-0.3265298008918762,0.06781312823295593,0.0,0.06781312823295593,True,0.0,0.0,0.04238320514559746,0.0,0.04238320514559746,0.0
34.679419,"[155.6848907470703, 4.49994421005249, 0.0]","[175.18313598632812, 4.5, 0.0]",1.035909652712862,1.1423797607421875,1.1423616258830065,0.11703968048313307,0.15362893044948578,19.495956420694892,0.10553777217579241,-0.11994242669273181,14.995956420694892,-0.10647010802932555,1.028301477432251,0.11700129508972168,19.48712158203125,True,0,1.1453027725219727,1.1423797607421875,-0.04795193672180398,-0.17790570611251175,-0.10417781824501002,0.17199094647796595,"StraightLane index=('>>>', '1S0_0_', 0)",True,105.66426086425781,5.5789947509765625e-05,0.00014495849609040358,"StraightLane index=('>>', '>>>', 0)",True,0.0,True,False,-0.3265298008918762,0.06781312823295593,0.0,0.06781312823295593,True,0.0,0.0,0.04238320514559746,0.0,0.04238320514559746,0.0
34.699836,"[155.70556640625, 4.49994421005249, 0.0]","[175.20652770996094, 4.5, 0.0]",1.0382504463224083,1.135651707649231,1.1423003660840392,0.1170396804773155,0.1619780957698822,19.498245239081562,0.10647010802932555,0.04661679267665697,14.998245239081562,-0.0974012613268227,1.0307135581970215,0.11700129508972168,19.48712158203125,True,0,1.1477148532867432,1.135651707649231,-0.03847837448120117,-0.16146187860810263,-0.09815105874566787,0.1659641869786238,"StraightLane index=('>>>', '1S0_0_', 0)",True,105.68489074707031,5.5789947509765625e-05,0.000129699707044326,"StraightLane index=('>>', '>>>', 0)",True,0.0,True,False,-0.3265298008918762,0.06781312823295593,0.0,0.06781312823295593,True,0.0,0.0,0.04238320514559746,0.0,0.04238320514559746,0.0
34.719605,"[155.72628784179688, 4.49994421005249, 0.0]","[175.2289276123047, 4.5, 0.0]",1.0405912399317918,1.1425564289093018,1.1426732693447557,0.11703968046917756,0.17362916469573975,19.500961303547815,0.0974012613268227,-0.45344233512514265,15.000961303547815,-0.10196518897750995,1.0369372367858887,0.11700129508972168,19.48712158203125,True,0,1.1539385318756104,1.1425564289093018,-0.03847837448120117,-0.16146187860810263,-0.09815105874566787,0.1659641869786238,"StraightLane index=('>>>', '1S0_0_', 0)",True,105.70556640625,5.5789947509765625e-05,0.00012207031247039834,"StraightLane index=('>>', '>>>', 0)",True,0.0,True,False,-0.3265298008918762,0.06781312823295593,0.0,0.06781312823295593,True,0.0,0.0,0.04238320514559746,0.0,0.04238320514559746,0.0
34.740563,"[155.74705505371094, 4.49994421005249, 0.0]","[175.2517852783203, 4.5, 0.0]",1.042877197268128,1.136269450187683,1.1430712622498687,0.11429786681681486,0.17686760425567627,19.502639770344686,0.10196518897750995,0.22819638253436247,15.002639770344686,-0.093392252919555,1.039013147354126,0.10647010803222656,19.498245239257812,True,0,1.1454832553863525,1.136269450187683,-0.03847837448120117,-0.16146187860810263,-0.09815105874566787,0.16436401833324188,"StraightLane index=('>>>', '1S0_0_', 0)",True,105.72628784179688,5.5789947509765625e-05,0.00012207031247039834,"StraightLane index=('>>', '>>>', 0)",True,0.0,True,False,-0.3265298008918762,0.066212959587574,0.0,0.066212959587574,True,0.0,0.0,0.04138309974223375,0.0,0.04138309974223375,0.0
34.759887,"[155.7678680419922, 4.49994421005249, 0.0]","[175.27505493164062, 4.5, 0.0]",1.0451631546045435,1.1433229446411133,1.1434387707190181,0.11429786682076726,0.17816533148288727,19.504730224459035,0.093392252919555,-0.4286468028977475,15.004730224459035,-0.09815979003656983,1.0426846742630005,0.10647010803222656,19.498245239257812,True,0,1.149154782295227,1.1433229446411133,-0.03847837448120117,-0.16146187860810263,-0.09815105874566787,0.16436401833324188,"StraightLane index=('>>>', '1S0_0_', 0)",True,105.74705505371094,5.5789947509765625e-05,0.00011444091794735956,"StraightLane index=('>>', '>>>', 0)",True,0.0,True,False,-0.3265298008918762,0.066212959587574,0.0,0.066212959587574,True,0.0,0.0,0.04138309974223375,0.0,0.04138309974223375,0.0
34.779721,"[155.78872680664062, 4.49994421005249, 0.0]","[175.2974090576172, 4.5, 0.0]",1.04744911194095,1.1370277404785156,1.1438154436668557,0.11429786682032317,0.17212487757205963,19.5071868894853,0.09815979003656983,0.23837685585074153,15.0071868894853,-0.08957862853756571,1.0455974340438843,0.10647010803222656,19.498245239257812,True,0,1.1520675420761108,1.1370277404785156,-0.03847837448120117,-0.16146187860810263,-0.09815105874566787,0.16436401833324188,"StraightLane index=('>>>', '1S0_0_', 0)",True,105.76786804199219,5.5789947509765625e-05,0.00012207031247039834,"StraightLane index=('>>', '>>>', 0)",True,0.0,True,False,-0.3265298008918762,0.066212959587574,0.0,0.066212959587574,True,0.0,0.0,0.04138309974223375,0.0,0.04138309974223375,0.0
34.799865,"[155.80963134765625, 4.49994421005249, 0.0]","[175.3208465576172, 4.5, 0.0]",1.0497350692773024,1.1440839767456055,1.144198272215872,0.11429786681762533,0.15621992945671082,19.50868225082621,0.08957862853756571,-0.429058074950206,15.008682250826212,-0.09434890746830304,1.0489258766174316,0.10647010803222656,19.498245239257812,True,0,1.1553959846496582,1.1440839767456055,0.08432269096374512,-0.14236439656356129,-0.0810376067091643,0.1472505662967383,"StraightLane index=('>>>', '1S0_0_', 0)",True,105.78872680664062,5.5789947509765625e-05,0.00011444091794735956,"StraightLane index=('>>', '>>>', 0)",True,0.0,True,False,-0.3265298008918762,0.066212959587574,0.0,0.066212959587574,True,0.0,0.0,0.04138309974223375,0.0,0.04138309974223375,0.0
34.821057,"[155.83058166503906, 4.49994421005249, 0.0]","[175.34393310546875, 4.5, 0.0]",1.0520210266136145,1.139741063117981,1.1475332000738248,0.11429786681560472,0.1533931940793991,19.51121520983513,0.09434890746830304,0.23851394653686686,15.011215209835129,-0.08772003650436644,1.0501915216445923,0.10647010803222656,19.498245239257812,True,0,1.1566616296768188,1.139741063117981,0.08432269096374512,-0.14236439656356129,-0.0810376067091643,0.1472505662967383,"StraightLane index=('>>>', '1S0_0_', 0)",True,105.80963134765625,5.5789947509765625e-05,9.918212890128198e-05,"StraightLane index=('>>', '>>>', 0)",True,0.0,True,False,-0.3265298008918762,0.066212959587574,0.0,0.066212959587574,True,0.0,0.0,0.04138309974223375,0.0,0.04138309974223375,0.0
34.840104,"[155.85157775878906, 4.49994421005249, 0.0]","[175.36697387695312, 4.5, 0.0]",1.0447483062765437,1.149569034576416,1.150542732091458,-0.3636360168535413,0.1464608609676361,19.513351440291775,0.08772003650436644,-0.3314435481968303,15.013351440291775,-0.10482072829987232,1.0524829626083374,0.07001662254333496,13.933797836303711,False,-1,1.1224995851516724,1.149569034576416,0.08432269096374512,-0.14236439656356129,-0.0810376067091643,0.0810376067091643,"StraightLane index=('>>>', '1S0_0_', 0)",True,105.83058166503906,5.5789947509765625e-05,0.00010681152342432076,"StraightLane index=('>>', '>>>', 0)",True,0.0,True,False,-0.3300272226333618,0.0,0.0,0.0,True,0.0,0.0,0.0,-0.0,0.0,-0.0
34.860377,"[155.87261962890625, 4.49994421005249, 0.0]","[175.38987731933594, 4.5, 0.0]",1.037475585939419,1.146042823791504,1.1537471334076372,-0.36363601685623914,0.1411171555519104,19.515396118038247,0.10482072829987232,0.8550345897752942,15.015396118038247,-0.108567237852085,1.0548104047775269,0.07001662254333496,13.933797836303711,False,-1,1.1248270273208618,1.146042823791504,0.08432269096374512,-0.14236439656356129,-0.0810376067091643,0.0810376067091643,"StraightLane index=('>>>', '1S0_0_', 0)",True,105.85157775878906,5.5789947509765625e-05,9.918212890128198e-05,"StraightLane index=('>>', '>>>', 0)",True,0.0,True,False,-0.3300272226333618,0.0,0.0,0.0,True,0.0,0.0,0.0,-0.0,0.0,-0.0
34.880696,"[155.8935089111328, 4.49994421005249, 0.0]","[175.41299438476562, 4.5, 0.0]",1.0302028656023272,1.1558799743652344,1.1569557452673445,-0.3636360168545849,0.10084981471300125,19.517257690327035,0.108567237852085,0.18732547761063367,15.017257690327035,-0.12567710876290716,1.0545626878738403,0.07001662254333496,13.933797836303711,False,-1,1.1245793104171753,1.1558799743652344,0.08432269096374512,-0.14236439656356129,-0.0810376067091643,0.0810376067091643,"StraightLane index=('>>>', '1S0_0_', 0)",True,105.87261962890625,5.5789947509765625e-05,8.39233398552044e-05,"StraightLane index=('>>', '>>>', 0)",True,0.0,True,False,-0.3300272226333618,0.0,0.0,0.0,True,0.0,0.0,0.0,-0.0,0.0,-0.0
34.90023,"[155.9142608642578, 4.49994421005249, 0.0]","[175.4359893798828, 4.5, 0.0]",1.022930145265312,1.1523668766021729,1.1600834080845703,-0.36363601685076574,0.04327354207634926,19.519485473518746,0.12567710876290716,0.8554935455411083,15.019485473518746,-0.12943673133686096,1.0502337217330933,0.07001662254333496,13.933797836303711,False,-1,1.1202503442764282,1.1523668766021729,0.08282899856567383,-0.12522894195740658,-0.04109506658844696,0.04109506658844696,"StraightLane index=('>>>', '1S0_0_', 0)",True,105.89350891113281,5.5789947509765625e-05,9.155273437824319e-05,"StraightLane index=('>>', '>>>', 0)",True,0.0,True,False,-0.3300272226333618,0.0,0.0,0.0,True,0.0,0.0,0.0,-0.0,0.0,-0.0
34.920589,"[155.9348602294922, 4.49994421005249, 0.0]","[175.45944213867188, 4.5, 0.0]",1.0156574249282495,1.1644222736358643,1.166539341962303,-0.3636360168531194,-0.01706315204501152,19.52172851551093,0.12943673133686096,0.18798112869768957,15.02172851551093,-0.14876484870761475,1.044443130493164,0.07001662254333496,13.933797836303711,False,-1,1.114459753036499,1.1644222736358643,0.08282899856567383,-0.12522894195740658,-0.04109506658844696,0.04109506658844696,"StraightLane index=('>>>', '1S0_0_', 0)",True,105.91426086425781,5.5789947509765625e-05,9.155273437824319e-05,"StraightLane index=('>>', '>>>', 0)",True,0.0,True,False,-0.3300272226333618,0.0,0.0,0.0,True,0.0,0.0,0.0,-0.0,0.0,-0.0
34.940398,"[155.955322265625, 4.49994421005249, 0.0]","[175.48300170898438, 4.5, 0.0]",1.0083847045911356,1.1641058921813965,1.172819782095164,-0.36363601685569513,-0.0539332777261734,19.52458190908809,0.14876484870761475,0.9664058685376897,15.024581909088091,-0.15572118759026088,1.0404047966003418,0.07001662254333496,13.933797836303711,False,-1,1.1104214191436768,1.1641058921813965,0.08282899856567383,-0.12522894195740658,-0.04109506658844696,0.04109506658844696,"StraightLane index=('>>>', '1S0_0_', 0)",True,105.93486022949219,5.5789947509765625e-05,7.629394533216562e-05,"StraightLane index=('>>', '>>>', 0)",True,0.0,True,False,-0.3300272226333618,0.0,0.0,0.0,True,0.0,0.0,0.0,-0.0,0.0,-0.0
34.959427,"[155.9756317138672, 4.49994421005249, 0.0]","[175.50637817382812, 4.5, 0.0]",1.0011119842541052,1.1770747900009155,1.1788545748156787,-0.3636360168515207,-0.11734405905008316,19.527679443278494,0.15572118759026088,0.34781694413230646,15.027679443278494,-0.17596280574681034,1.0323724746704102,0.07001662254333496,13.933797836303711,False,-1,1.1023890972137451,1.1770747900009155,0.08282899856567383,-0.12522894195740658,-0.04109506658844696,0.04109506658844696,"StraightLane index=('>>>', '1S0_0_', 0)",True,105.955322265625,5.5789947509765625e-05,6.866455075823796e-05,"StraightLane index=('>>', '>>>', 0)",True,0.0,True,False,-0.3300272226333618,0.0,0.0,0.0,True,0.0,0.0,0.0,-0.0,0.0,-0.0
34.980623,"[155.9958038330078, 4.49994421005249, 0.0]","[175.52993774414062, 4.5, 0.0]",0.9938392639171595,1.176759123802185,1.1855683723417927,-0.3636360168472852,-0.1768079698085785,19.530746459869334,0.17596280574681034,1.0120809078274728,15.030746459869334,-0.18291985988502557,1.0235270261764526,0.07001662254333496,13.933797836303711,False,-1,1.0935436487197876,1.176759123802185,0.08282899856567383,-0.12522894195740658,-0.04109506658844696,0.04109506658844696,"StraightLane index=('>>>', '1S0_0_', 0)",True,105.97563171386719,5.5789947509765625e-05,7.629394533216562e-05,"StraightLane index=('>>', '>>>', 0)",True,0.0,True,False,-0.3300272226333618,0.0,0.0,0.0,True,0.0,0.0,0.0,-0.0,0.0,-0.0
35.000474,"[156.0158233642578, 4.49994421005249, 0.0]","[175.5528106689453, 4.5, 0.0]",0.9865665435802572,1.1895928382873535,1.1919194391456724,-0.3636360168451147,-0.23373378813266754,19.534133911018728,0.18291985988502557,0.34785270691076176,15.034133911018728,-0.20302629470709632,1.013767123222351,0.07001662254333496,13.933797836303711,False,-1,1.083783745765686,1.1895928382873535,0.37225961685180664,-0.0996769611718527,0.03229013038775992,-0.03229013038775992,"StraightLane index=('>>>', '1S0_0_', 0)",True,105.99580383300781,5.5789947509765625e-05,9.155273437824319e-05,"StraightLane index=('>>', '>>>', 0)",True,0.0,True,False,-0.3300272226333618,0.0,0.0,0.0,True,0.0,0.0,0.0,-0.0,0.0,-0.0
35.019891,"[156.03570556640625, 4.49994421005249, 0.0]","[175.5769805908203, 4.5, 0.0]",0.9792938232433407,1.1907914876937866,1.2002111330844518,-0.36363601684582525,-0.28078386187553406,19.53698730457341,0.20302629470709632,1.0053217411035376,15.036987304573412,-0.21149766445044593,1.003928303718567,0.07001662254333496,13.933797836303711,False,-1,1.0739449262619019,1.1907914876937866,0.37225961685180664,-0.0996769611718527,0.03229013038775992,-0.03229013038775992,"StraightLane index=('>>>', '1S0_0_', 0)",True,106.01582336425781,5.5789947509765625e-05,9.155273437824319e-05,"StraightLane index=('>>', '>>>', 0)",True,0.0,True,False,-0.3300272226333618,0.0,0.0,0.0,True,0.0,0.0,0.0,-0.0,0.0,-0.0
35.039668,"[156.05543518066406, 4.49994421005249, 0.0]","[175.60108947753906, 4.5, 0.0]",0.9720211029064147,1.2059413194656372,1.2086482905647598,-0.3636360168462971,-0.3186854124069214,19.541275024311386,0.21149766445044593,0.4235684871674805,15.041275024311386,-0.23392021655922246,0.9941793084144592,0.23239469528198242,13.756916999816895,False,-1,1.2265740036964417,1.2059413194656372,0.37225961685180664,-0.0996769611718527,0.03229013038775992,-0.03229013038775992,"StraightLane index=('>>>', '1S0_0_', 0)",True,106.03570556640625,5.5789947509765625e-05,8.39233398552044e-05,"StraightLane index=('>>', '>>>', 0)",True,0.0,True,False,-0.3345358967781067,0.0,0.0,0.0,True,0.0,0.0,0.0,-0.0,0.0,-0.0
35.059098,"[156.0750274658203, 4.49994421005249, 0.0]","[175.6253204345703, 4.5, 0.0]",0.9647483825694843,1.2078056335449219,1.2169553953690218,-0.3636360168465247,-0.3470599353313446,19.545654296760897,0.23392021655922246,1.1211276054388264,15.045654296760897,-0.24305725097543762,0.9846951365470886,0.23239469528198242,13.756916999816895,False,-1,1.217089831829071,1.2078056335449219,0.37225961685180664,-0.0996769611718527,0.03229013038775992,-0.03229013038775992,"StraightLane index=('>>>', '1S0_0_', 0)",True,106.05543518066406,5.5789947509765625e-05,9.155273437824319e-05,"StraightLane index=('>>', '>>>', 0)",True,0.0,True,False,-0.3345358967781067,0.0,0.0,0.0,True,0.0,0.0,0.0,-0.0,0.0,-0.0
35.08039,"[156.09446716308594, 4.49994421005249, 0.0]","[175.65029907226562, 4.5, 0.0]",0.9574756622325528,1.223267912864685,1.2260391401615511,-0.36363601684657465,-0.3676702678203583,19.550292968647312,0.24305725097543762,0.4568517208107581,15.050292968647312,-0.2657922506321323,0.9755231738090515,0.23239469528198242,13.756916999816895,False,-1,1.207917869091034,1.223267912864685,0.37225961685180664,-0.0996769611718527,0.03229013038775992,-0.03229013038775992,"StraightLane index=('>>>', '1S0_0_', 0)",True,106.07502746582031,5.5789947509765625e-05,8.39233398552044e-05,"StraightLane index=('>>', '>>>', 0)",True,0.0,True,False,-0.3345358967781067,0.0,0.0,0.0,True,0.0,0.0,0.0,-0.0,0.0,-0.0
35.100083,"[156.11376953125, 4.49994421005249, 0.0]","[175.67446899414062, 4.5, 0.0]",0.9502029418956246,1.2251054048538208,1.2344648472982103,-0.3636360168464081,-0.3853977918624878,19.555831909065574,0.2657922506321323,1.1367499828347338,15.055831909065574,-0.2749024629581962,0.9662553668022156,0.23239469528198242,13.756916999816895,False,-1,1.198650062084198,1.2251054048538208,0.35512566566467285,-0.07727986675640387,0.10140673416642366,-0.10140673416642366,"StraightLane index=('>>>', '1S0_0_', 0)",True,106.09446716308594,5.5789947509765625e-05,9.155273437824319e-05,"StraightLane index=('>>', '>>>', 0)",True,0.0,True,False,-0.3345358967781067,0.0,0.0,0.0,True,0.0,0.0,0.0,-0.0,0.0,-0.0
35.120571,"[156.13291931152344, 4.49994421005249, 0.0]","[175.69949340820312, 4.5, 0.0]",0.9429302215586337,1.2416051626205444,1.2450524375740661,-0.3636360168495445,-0.3953908681869507,19.560699462798997,0.2749024629581962,0.4555106163031952,15.060699462798997,-0.2986749410619107,0.9574598073959351,0.23239469528198242,13.756916999816895,False,-1,1.1898545026779175,1.2416051626205444,0.35512566566467285,-0.07727986675640387,0.10140673416642366,-0.10140673416642366,"StraightLane index=('>>>', '1S0_0_', 0)",True,106.11376953125,5.5789947509765625e-05,7.629394533216562e-05,"StraightLane index=('>>', '>>>', 0)",True,0.0,True,False,-0.3345358967781067,0.0,0.0,0.0,True,0.0,0.0,0.0,-0.0,0.0,-0.0
35.140151,"[156.15191650390625, 4.49994421005249, 0.0]","[175.72409057617188, 4.5, 0.0]",0.9356575012216947,1.2450309991836548,1.2551559633234155,-0.3636360168469521,-0.4000110626220703,19.566574096588056,0.2986749410619107,1.1886239051857261,15.066574096588056,-0.3093734979619601,0.9490818381309509,0.23239469528198242,13.756916999816895,False,-1,1.1814765334129333,1.2450309991836548,0.35512566566467285,-0.07727986675640387,0.10140673416642366,-0.10140673416642366,"StraightLane index=('>>>', '1S0_0_', 0)",True,106.13291931152344,5.5789947509765625e-05,7.629394533216562e-05,"StraightLane index=('>>', '>>>', 0)",True,0.0,True,False,-0.3345358967781067,0.0,0.0,0.0,True,0.0,0.0,0.0,-0.0,0.0,-0.0
35.159536,"[156.1707763671875, 4.49994421005249, 0.0]","[175.74986267089844, 4.5, 0.0]",0.928384780884796,1.2622681856155396,1.2651875940178159,-0.3636360168449315,-0.40270647406578064,19.572174072173986,0.3093734979619601,0.5349278450024697,15.072174072173986,-0.3338834047307435,0.9367699027061462,0.23239469528198242,13.756916999816895,False,-1,1.1691645979881287,1.2622681856155396,0.35512566566467285,-0.07727986675640387,0.10140673416642366,-0.10140673416642366,"StraightLane index=('>>>', '1S0_0_', 0)",True,106.15191650390625,5.5789947509765625e-05,7.629394533216562e-05,"StraightLane index=('>>', '>>>', 0)",True,0.0,True,False,-0.3345358967781067,0.0,0.0,0.0,True,0.0,0.0,0.0,-0.0,0.0,-0.0
35.180115,"[156.18948364257812, 4.49994421005249, 0.0]","[175.77505493164062, 4.5, 0.0]",0.9211120605480043,1.2692726850509644,1.2758384051179616,-0.3636360168395858,-0.39802053570747375,19.579086303608218,0.3338834047307435,1.2254953384391698,15.079086303608218,-0.34816062450296004,0.9291964173316956,0.23239469528198242,13.756916999816895,False,-1,1.161591112613678,1.2692726850509644,0.35512566566467285,-0.07727986675640387,0.10140673416642366,-0.10140673416642366,"StraightLane index=('>>>', '1S0_0_', 0)",True,106.1707763671875,5.5789947509765625e-05,8.39233398552044e-05,"StraightLane index=('>>', '>>>', 0)",True,0.0,True,False,-0.3345358967781067,0.0,0.0,0.0,True,0.0,0.0,0.0,-0.0,0.0,-0.0
35.200328,"[156.2080535888672, 4.49994421005249, 0.0]","[175.7996826171875, 4.5, 0.0]",0.9138393402111408,1.2793735265731816,1.2863156639366045,-0.36363601684317737,-0.4003744125366211,19.585571288959773,0.34816062450296004,0.713860988610826,15.085571288959773,-0.3655341863620408,0.9249692559242249,0.23239469528198242,13.756916999816895,False,-1,1.1573639512062073,1.2793735265731816,0.542681217193608,-0.05055803747898721,0.18703918365633934,-0.18703918365633934,"StraightLane index=('>>>', '1S0_0_', 0)",True,106.18948364257812,5.5789947509765625e-05,8.39233398552044e-05,"StraightLane index=('>>', '>>>', 0)",True,0.0,True,False,-0.3345358967781067,0.0,0.0,0.0,True,0.0,0.0,0.0,-0.0,0.0,-0.0
35.219591,"[156.22647094726562, 4.49994421005249, 0.0]","[175.82566833496094, 4.5, 0.0]",0.9065666198742396,1.2906154394149785,1.2975460984545926,-0.3636360168450592,-0.3944404125213623,19.591629028206153,0.3655341863620408,0.8686780929540394,15.091629028206153,-0.3840488195407389,0.9176308512687683,0.23239469528198242,13.756916999816895,False,-1,1.1500255465507507,1.2906154394149785,0.542681217193608,-0.05055803747898721,0.18703918365633934,-0.18703918365633934,"StraightLane index=('>>>', '1S0_0_', 0)",True,106.20805358886719,5.5789947509765625e-05,9.155273437824319e-05,"StraightLane index=('>>', '>>>', 0)",True,0.0,True,False,-0.3345358967781067,0.0,0.0,0.0,True,0.0,0.0,0.0,-0.0,0.0,-0.0
35.240127,"[156.2447509765625, 4.49994421005249, 0.0]","[175.8526153564453, 4.5, 0.0]",0.9109852314006892,1.3025648593902588,1.3095156598075115,0.22093057632248114,-0.38781240582466125,19.599197387581142,0.3840488195407389,0.925731658934903,15.099197387581142,-0.3915796279895696,0.9105135202407837,0.34816062450408936,19.5855712890625,True,0,1.258674144744873,1.3025648593902588,0.542681217193608,-0.05055803747898721,0.18703918365633934,0.03926522823178322,"StraightLane index=('>>>', '1S0_0_', 0)",True,106.22647094726562,5.5789947509765625e-05,9.155273437824319e-05,"StraightLane index=('>>', '>>>', 0)",True,0.0,True,False,-0.3361087739467621,0.22630441188812256,0.0,0.22630441188812256,True,0.0,0.0,0.08,0.0,0.08,0.0
35.259969,"[156.26287841796875, 4.49994421005249, 0.0]","[175.87879943847656, 4.5, 0.0]",0.9187974929821173,1.3141701221466064,1.3210612122292518,0.39061307907140574,-0.3849785029888153,19.607864379791142,0.3915796279895696,0.37654042244153474,15.107864379791142,-0.3953726291644891,0.9031105637550354,0.34816062450408936,19.5855712890625,True,0,1.2512711882591248,1.3141701221466064,0.542681217193608,-0.05055803747898721,0.18703918365633934,0.03926522823178322,"StraightLane index=('>>>', '1S0_0_', 0)",True,106.2447509765625,5.5789947509765625e-05,7.629394533216562e-05,"StraightLane index=('>>', '>>>', 0)",True,0.0,True,False,-0.3361087739467621,0.22630441188812256,0.0,0.22630441188812256,True,0.0,0.0,0.1414402574300766,0.0,0.1414402574300766,0.0
35.284281,"[156.28109741210938, 4.49994421005249, 0.0]","[175.9053955078125, 4.5, 0.0]",0.9266097545634899,1.3259615898132324,1.3352567678587814,0.3906130790686302,-0.3399876654148102,19.615921020381847,0.3953726291644891,0.18965005874597707,15.115921020381847,-0.3993518352497425,0.8965516090393066,0.34816062450408936,19.5855712890625,True,0,1.244712233543396,1.3259615898132324,0.542681217193608,-0.05055803747898721,0.18703918365633934,0.03926522823178322,"StraightLane index=('>>>', '1S0_0_', 0)",True,106.26287841796875,5.5789947509765625e-05,9.918212890128198e-05,"StraightLane index=('>>', '>>>', 0)",True,0.0,True,False,-0.3361087739467621,0.22630441188812256,0.0,0.22630441188812256,True,0.0,0.0,0.1414402574300766,0.0,0.1414402574300766,0.0
35.299926,"[156.29946899414062, 4.49994421005249, 0.0]","[175.93148803710938, 4.5, 0.0]",0.934422016144888,1.3375235795974731,1.344374596932177,0.3906130790699014,-0.26498788595199585,19.624298095622173,0.3993518352497425,0.19896030426266864,15.124298095622173,-0.4031015634525852,0.8979993462562561,0.34816062450408936,19.5855712890625,True,0,1.2461599707603455,1.3375235795974731,0.5815005302429155,-0.025149715172586445,0.23686630107159393,-0.010561889183471368,"StraightLane index=('>>>', '1S0_0_', 0)",True,106.28109741210938,5.5789947509765625e-05,6.866455075823796e-05,"StraightLane index=('>>', '>>>', 0)",True,0.0,True,False,-0.3361087739467621,0.22630441188812256,0.0,0.22630441188812256,True,0.0,0.0,0.1414402574300766,0.0,0.1414402574300766,0.0
35.320328,"[156.31800842285156, 4.49994421005249, 0.0]","[175.95867919921875, 4.5, 0.0]",0.9422342777262317,1.3497318029403687,1.3570495756205303,0.3906130790671869,-0.17037136852741241,19.632019042887794,0.4031015634525852,0.18748641014213474,15.132019042887794,-0.40749752521413696,0.9031192064285278,0.34816062450408936,19.5855712890625,True,0,1.2512798309326172,1.3497318029403687,0.5815005302429155,-0.025149715172586445,0.23686630107159393,-0.010561889183471368,"StraightLane index=('>>>', '1S0_0_', 0)",True,106.29946899414062,5.5789947509765625e-05,6.866455075823796e-05,"StraightLane index=('>>', '>>>', 0)",True,0.0,True,False,-0.3361087739467621,0.22630441188812256,0.0,0.22630441188812256,True,0.0,0.0,0.1414402574300766,0.0,0.1414402574300766,0.0
35.339668,"[156.33670043945312, 4.49994421005249, 0.0]","[175.98545837402344, 4.5, 0.0]",0.9499092102060381,1.361828088760376,1.3690462995320225,0.383746623990322,-0.12023842334747314,19.640670776286225,0.40749752521413696,0.2197980880775885,15.140670776286225,-0.41191887855433784,0.9066746234893799,0.3993518352508545,19.624298095703125,True,0,1.3060264587402344,1.361828088760376,0.5815005302429155,-0.025149715172586445,0.23686630107159393,-0.01454014159436004,"StraightLane index=('>>>', '1S0_0_', 0)",True,106.31800842285156,5.5789947509765625e-05,6.866455075823796e-05,"StraightLane index=('>>', '>>>', 0)",True,0.0,True,False,-0.3361087739467621,0.2223261594772339,0.0,0.2223261594772339,True,0.0,0.0,0.13895384967327118,0.0,0.13895384967327118,0.0
35.359581,"[156.3555450439453, 4.49994421005249, 0.0]","[176.0135498046875, 4.5, 0.0]",0.9575841426858954,1.3745059967041016,1.3814118098849095,0.3837466239928644,0.020856259390711784,19.648757934478606,0.41191887855433784,0.2210676670100442,15.148757934478606,-0.41692185401820614,0.9192768931388855,0.3993518352508545,19.624298095703125,True,0,1.31862872838974,1.3745059967041016,0.5815005302429155,-0.025149715172586445,0.23686630107159393,-0.01454014159436004,"StraightLane index=('>>>', '1S0_0_', 0)",True,106.33670043945312,5.5789947509765625e-05,7.629394533216562e-05,"StraightLane index=('>>', '>>>', 0)",True,0.0,True,False,-0.3361087739467621,0.2223261594772339,0.0,0.2223261594772339,True,0.0,0.0,0.13895384967327118,0.0,0.13895384967327118,0.0
35.38054,"[156.37454223632812, 4.49994421005249, 0.0]","[176.04115295410156, 4.5, 0.0]",0.9652590751658001,1.3869723081588745,1.3944342289439764,0.38374662399523474,0.07183375954627991,19.658004760661214,0.41692185401820614,0.2501487731934149,15.158004760661214,-0.4217132329930744,0.9248331189155579,0.3993518352508545,19.624298095703125,True,0,1.3241849541664124,1.3869723081588745,0.5815005302429155,-0.025149715172586445,0.23686630107159393,-0.01454014159436004,"StraightLane index=('>>>', '1S0_0_', 0)",True,106.35554504394531,5.5789947509765625e-05,6.866455075823796e-05,"StraightLane index=('>>', '>>>', 0)",True,0.0,True,False,-0.3361087739467621,0.2223261594772339,0.0,0.2223261594772339,True,0.0,0.0,0.13895384967327118,0.0,0.13895384967327118,0.0
35.399363,"[156.39369201660156, 4.49994421005249, 0.0]","[176.06796264648438, 4.5, 0.0]",0.9729340076457452,1.3990747928619385,1.4061193884754855,0.38374662399725534,0.16071707010269165,19.666610717681717,0.4217132329930744,0.23956894874341272,15.166610717681717,-0.42614078521619325,0.9360114932060242,0.3993518352508545,19.624298095703125,True,0,1.3353633284568787,1.3990747928619385,0.6155121326446533,-0.0010918190127649323,0.27589969137776066,-0.05357353190052677,"StraightLane index=('>>>', '1S0_0_', 0)",True,106.37454223632812,5.5789947509765625e-05,7.629394533216562e-05,"StraightLane index=('>>', '>>>', 0)",True,0.0,True,False,-0.3361087739467621,0.2223261594772339,0.0,0.2223261594772339,True,0.0,0.0,0.13895384967327118,0.0,0.13895384967327118,0.0
35.420786,"[156.41299438476562, 4.49994421005249, 0.0]","[176.09637451171875, 4.5, 0.0]",0.9806089401256349,1.4116448163986206,1.4196167297776563,0.38374662399448534,0.2622930109500885,19.67427062974462,0.42614078521619325,0.2213776111559429,15.174270629744619,-0.4310358762729857,0.9526007771492004,0.3993518352508545,19.624298095703125,True,0,1.351952612400055,1.4116448163986206,0.6155121326446533,-0.0010918190127649323,0.27589969137776066,-0.05357353190052677,"StraightLane index=('>>>', '1S0_0_', 0)",True,106.39369201660156,5.5789947509765625e-05,0.00010681152342432076,"StraightLane index=('>>', '>>>', 0)",True,0.0,True,False,-0.3361087739467621,0.2223261594772339,0.0,0.2223261594772339,True,0.0,0.0,0.13895384967327118,0.0,0.13895384967327118,0.0
35.439683,"[156.4324493408203, 4.49994421005249, 0.0]","[176.12518310546875, 4.5, 0.0]",0.9906625747692664,1.4242656230926514,1.431510160835635,0.5026817321815757,0.31738805770874023,19.683380126814917,0.4310358762729857,0.2447545528396211,15.183380126814917,-0.4336030483233849,0.963951826095581,0.4217132329940796,19.666610717773438,True,0,1.3856650590896606,1.4242656230926514,0.6155121326446533,-0.0010918190127649323,0.27589969137776066,0.015334056819794883,"StraightLane index=('>>>', '1S0_0_', 0)",True,106.41299438476562,5.5789947509765625e-05,0.00010681152342432076,"StraightLane index=('>>', '>>>', 0)",True,0.0,True,False,-0.3312462270259857,0.29123374819755554,0.0,0.29123374819755554,True,0.0,0.0,0.1820210926234722,0.0,0.1820210926234722,0.0
35.459524,"[156.45205688476562, 4.49994421005249, 0.0]","[176.15370178222656, 4.5, 0.0]",1.0007162094128657,1.4367573261260986,1.4440109874944322,0.5026817321799604,0.34493792057037354,19.692733764545597,0.4336030483233849,0.12835860251996234,15.192733764545597,-0.436041116713233,0.9700157046318054,0.4217132329940796,19.666610717773438,True,0,1.391728937625885,1.4367573261260986,0.6155121326446533,-0.0010918190127649323,0.27589969137776066,0.015334056819794883,"StraightLane index=('>>>', '1S0_0_', 0)",True,106.43244934082031,5.5789947509765625e-05,8.39233398552044e-05,"StraightLane index=('>>', '>>>', 0)",True,0.0,True,False,-0.3312462270259857,0.29123374819755554,0.0,0.29123374819755554,True,0.0,0.0,0.1820210926234722,0.0,0.1820210926234722,0.0
35.480434,"[156.47186279296875, 4.49994421005249, 0.0]","[176.18333435058594, 4.5, 0.0]",1.0107698440564876,1.4497439861297607,1.4571924037883874,0.5026817321810984,0.38958320021629333,19.701644897346636,0.436041116713233,0.12190341949240291,15.201644897346636,-0.4389741420732731,0.981772780418396,0.4217132329940796,19.666610717773438,True,0,1.4034860134124756,1.4497439861297607,0.6155121326446533,-0.0010918190127649323,0.27589969137776066,0.015334056819794883,"StraightLane index=('>>>', '1S0_0_', 0)",True,106.45205688476562,5.5789947509765625e-05,9.155273437824319e-05,"StraightLane index=('>>', '>>>', 0)",True,0.0,True,False,-0.3312462270259857,0.29123374819755554,0.0,0.29123374819755554,True,0.0,0.0,0.1820210926234722,0.0,0.1820210926234722,0.0
35.499352,"[156.49188232421875, 4.49994421005249, 0.0]","[176.2113494873047, 4.5, 0.0]",1.0208234787000816,1.462017297744751,1.4691193823451176,0.5026817321796995,0.42692169547080994,19.711471557514326,0.4389741420732731,0.14665126800200712,15.211471557514326,-0.44119381904466937,0.9936454892158508,0.4217132329940796,19.666610717773438,True,0,1.4153587222099304,1.462017297744751,0.629425048828125,0.021047239597495934,0.30782322197653106,-0.016589473778975516,"StraightLane index=('>>>', '1S0_0_', 0)",True,106.47186279296875,5.5789947509765625e-05,8.39233398552044e-05,"StraightLane index=('>>', '>>>', 0)",True,0.0,True,False,-0.3312462270259857,0.29123374819755554,0.0,0.29123374819755554,True,0.0,0.0,0.1820210926234722,0.0,0.1820210926234722,0.0
35.520516,"[156.51210021972656, 4.49994421005249, 0.0]","[176.24176025390625, 4.5, 0.0]",1.0308771133437384,1.4747498035430908,1.4821394892189999,0.5026817321828414,0.45752638578414917,19.719467162971615,0.44119381904466937,0.11098384856981225,15.219467162971615,-0.4438726901993524,1.0054999589920044,0.4217132329940796,19.666610717773438,True,0,1.427213191986084,1.4747498035430908,0.629425048828125,0.021047239597495934,0.30782322197653106,-0.016589473778975516,"StraightLane index=('>>>', '1S0_0_', 0)",True,106.49188232421875,5.5789947509765625e-05,9.155273437824319e-05,"StraightLane index=('>>', '>>>', 0)",True,0.0,True,False,-0.3312462270259857,0.29123374819755554,0.0,0.29123374819755554,True,0.0,0.0,0.1820210926234722,0.0,0.1820210926234722,0.0
35.539777,"[156.5325164794922, 4.49994421005249, 0.0]","[176.2710418701172, 4.5, 0.0]",1.0422997474686302,1.4867497682571411,1.4939862440600988,0.5711317062445875,0.4807623624801636,19.72966003406535,0.4438726901993524,0.1339435577341508,15.22966003406535,-0.4444500207885109,1.0171810388565063,0.43897414207458496,19.711471557617188,True,0,1.4561551809310913,1.4867497682571411,0.629425048828125,0.021047239597495934,0.30782322197653106,0.02306430429719636,"StraightLane index=('>>>', '1S0_0_', 0)",True,106.51210021972656,5.5789947509765625e-05,9.155273437824319e-05,"StraightLane index=('>>', '>>>', 0)",True,0.0,True,False,-0.3312462270259857,0.3308875262737274,0.0,0.3308875262737274,True,0.0,0.0,0.20680470392107964,0.0,0.20680470392107964,0.0
35.559663,"[156.55313110351562, 4.49994421005249, 0.0]","[176.30165100097656, 4.5, 0.0]",1.0537223815935026,1.4993023872375488,1.5062200534587022,0.5711317062436216,0.49807900190353394,19.73852539049885,0.4444500207885109,0.028866529457927115,15.23852539049885,-0.4455800056440462,1.0286504030227661,0.43897414207458496,19.711471557617188,True,0,1.467624545097351,1.4993023872375488,0.629425048828125,0.021047239597495934,0.30782322197653106,0.02306430429719636,"StraightLane index=('>>>', '1S0_0_', 0)",True,106.53251647949219,5.5789947509765625e-05,9.918212890128198e-05,"StraightLane index=('>>', '>>>', 0)",True,0.0,True,False,-0.3312462270259857,0.3308875262737274,0.0,0.3308875262737274,True,0.0,0.0,0.20680470392107964,0.0,0.20680470392107964,0.0
35.580829,"[156.573974609375, 4.49994421005249, 0.0]","[176.33172607421875, 4.5, 0.0]",1.0651450157182931,1.511630892753601,1.5192313175548326,0.5711317062395249,0.5140227675437927,19.748519897346576,0.4455800056440462,0.0564992427767641,15.248519897346576,-0.44648587703530795,1.040316104888916,0.43897414207458496,19.711471557617188,True,0,1.479290246963501,1.511630892753601,0.629425048828125,0.021047239597495934,0.30782322197653106,0.02306430429719636,"StraightLane index=('>>>', '1S0_0_', 0)",True,106.55313110351562,5.5789947509765625e-05,9.155273437824319e-05,"StraightLane index=('>>', '>>>', 0)",True,0.0,True,False,-0.3312462270259857,0.3308875262737274,0.0,0.3308875262737274,True,0.0,0.0,0.20680470392107964,0.0,0.20680470392107964,0.0
35.600585,"[156.5950469970703, 4.49994421005249, 0.0]","[176.3616485595703, 4.5, 0.0]",1.0765676498431895,1.527225136756897,1.5313532041630349,0.5711317062448207,0.5280215740203857,19.757751464717572,0.44648587703530795,0.04529356956308739,15.257751464717572,-0.45065748691370744,1.0520875453948975,0.43897414207458496,19.711471557617188,True,0,1.4910616874694824,1.527225136756897,0.65207839012146,0.04176525929199744,0.33469262578590725,-0.0038050995121798326,"StraightLane index=('>>>', '1S0_0_', 0)",True,106.573974609375,5.5789947509765625e-05,9.918212890128198e-05,"StraightLane index=('>>', '>>>', 0)",True,0.0,True,False,-0.3312462270259857,0.3308875262737274,0.0,0.3308875262737274,True,0.0,0.0,0.20680470392107964,0.0,0.20680470392107964,0.0
35.619936,"[156.61634826660156, 4.49994421005249, 0.0]","[176.3917999267578, 4.5, 0.0]",1.0879902839680546,1.5321511030197144,1.5425868564036316,0.5711317062432553,0.5397798418998718,19.766601562373808,0.45065748691370744,0.20858049391997424,15.266601562373808,-0.4441608190516597,1.0692907571792603,0.6744000911712646,13.787008285522461,False,-1,1.743690848350525,1.5321511030197144,0.65207839012146,0.04176525929199744,0.33469262578590725,-0.0038050995121798326,"StraightLane index=('>>>', '1S0_0_', 0)",True,106.59504699707031,5.5789947509765625e-05,9.918212890128198e-05,"StraightLane index=('>>', '>>>', 0)",True,0.0,True,False,-0.32021987438201904,0.3308875262737274,0.0,0.3308875262737274,True,0.0,0.0,0.20680470392107964,0.0,0.20680470392107964,0.0
35.639901,"[156.63787841796875, 4.49994421005249, 0.0]","[176.42306518554688, 4.5, 0.0]",1.0905756950399612,1.5504814386367798,1.5542030735554395,0.12927055359532869,0.5565365552902222,19.77545166000537,0.4441608190516597,-0.3248333931023861,15.27545166000537,-0.4599057435968186,1.0819849967956543,0.6744000911712646,13.787008285522461,False,-1,1.756385087966919,1.5504814386367798,0.65207839012146,0.04176525929199744,0.33469262578590725,-0.33469262578590725,"StraightLane index=('>>>', '1S0_0_', 0)",True,106.61634826660156,5.5789947509765625e-05,0.00011444091794735956,"StraightLane index=('>>', '>>>', 0)",True,0.0,True,False,-0.32021987438201904,0.0,0.0,0.0,True,0.0,0.0,0.04680470392107962,0.0,0.04680470392107962,0.0
35.659214,"[156.65963745117188, 4.49994421005249, 0.0]","[176.4541015625, 4.5, 0.0]",1.083302974703212,1.5553927421569824,1.5654905020400285,-0.36363601683746527,0.5679918527603149,19.78518676740114,0.4599057435968186,0.7872462272579428,15.28518676740114,-0.4720897674537705,1.088752031326294,0.6744000911712646,13.787008285522461,False,-1,1.7631521224975586,1.5553927421569824,0.65207839012146,0.04176525929199744,0.33469262578590725,-0.33469262578590725,"StraightLane index=('>>>', '1S0_0_', 0)",True,106.63787841796875,5.5789947509765625e-05,0.000129699707044326,"StraightLane index=('>>', '>>>', 0)",True,0.0,True,False,-0.32021987438201904,0.0,0.0,0.0,True,0.0,0.0,0.0,-0.0,0.0,-0.0
35.679467,"[156.6814422607422, 4.49994421005249, 0.0]","[176.4853057861328, 4.5, 0.0]",1.0760302543662543,1.573696494102478,1.577271800582016,-0.36363601684787916,0.5635910630226135,19.794464111177206,0.4720897674537705,0.6092011928475971,15.294464111177206,-0.4976662397362237,1.0996525287628174,0.6744000911712646,13.787008285522461,False,-1,1.774052619934082,1.573696494102478,0.65207839012146,0.04176525929199744,0.33469262578590725,-0.33469262578590725,"StraightLane index=('>>>', '1S0_0_', 0)",True,106.65963745117188,5.5789947509765625e-05,0.00011444091794735956,"StraightLane index=('>>', '>>>', 0)",True,0.0,True,False,-0.32021987438201904,0.0,0.0,0.0,True,0.0,0.0,0.0,-0.0,0.0,-0.0
35.699418,"[156.70310974121094, 4.49994421005249, 0.0]","[176.51641845703125, 4.5, 0.0]",1.068757534029294,1.5786399841308594,1.5888879438145185,-0.3636360168480124,0.5162178874015808,19.803863525252208,0.4976662397362237,1.2788236141226594,15.303863525252208,-0.5098824501015653,1.105822205543518,0.6744000911712646,13.787008285522461,False,-1,1.7802222967147827,1.5786399841308594,0.514148473739624,0.05558392994368454,0.387007522509702,-0.387007522509702,"StraightLane index=('>>>', '1S0_0_', 0)",True,106.68144226074219,5.5789947509765625e-05,0.00010681152342432076,"StraightLane index=('>>', '>>>', 0)",True,0.0,True,False,-0.32021987438201904,0.0,0.0,0.0,True,0.0,0.0,0.0,-0.0,0.0,-0.0
35.721147,"[156.72462463378906, 4.49994421005249, 0.0]","[176.54859924316406, 4.5, 0.0]",1.0614848136924515,1.5963597297668457,1.6004695789052164,-0.3636360168421282,0.42569077014923096,19.813308715669354,0.5098824501015653,0.6108105182670798,15.313308715669354,-0.5348749160743942,1.1062769889831543,0.6744000911712646,13.787008285522461,False,-1,1.780677080154419,1.5963597297668457,0.514148473739624,0.05558392994368454,0.387007522509702,-0.387007522509702,"StraightLane index=('>>>', '1S0_0_', 0)",True,106.70310974121094,5.5789947509765625e-05,0.00011444091794735956,"StraightLane index=('>>', '>>>', 0)",True,0.0,True,False,-0.32021987438201904,0.0,0.0,0.0,True,0.0,0.0,0.0,-0.0,0.0,-0.0
35.740669,"[156.74600219726562, 4.49994421005249, 0.0]","[176.58177185058594, 4.5, 0.0]",1.054212093355613,1.6006108522415161,1.6108568390105615,-0.36363601684192837,0.3146496117115021,19.823974609197915,0.5348749160743942,1.2496232986414446,15.323974609197915,-0.5463987588859032,1.1026232242584229,0.6744000911712646,13.787008285522461,False,-1,1.7770233154296875,1.6006108522415161,0.514148473739624,0.05558392994368454,0.387007522509702,-0.387007522509702,"StraightLane index=('>>>', '1S0_0_', 0)",True,106.72462463378906,5.5789947509765625e-05,0.000129699707044326,"StraightLane index=('>>', '>>>', 0)",True,0.0,True,False,-0.32021987438201904,0.0,0.0,0.0,True,0.0,0.0,0.0,-0.0,0.0,-0.0
35.758945,"[156.76722717285156, 4.49994421005249, 0.0]","[176.61305236816406, 4.5, 0.0]",1.0469393730186562,1.6175774335861206,1.620585610250314,-0.36363601684783475,0.19507960975170135,19.8357696531432,0.5463987588859032,0.5761921405754489,15.335769653143199,-0.5706380605674644,1.0958225727081299,0.6744000911712646,13.787008285522461,False,-1,1.7702226638793945,1.6175774335861206,0.514148473739624,0.05558392994368454,0.387007522509702,-0.387007522509702,"StraightLane index=('>>>', '1S0_0_', 0)",True,106.74600219726562,5.5789947509765625e-05,0.000129699707044326,"StraightLane index=('>>', '>>>', 0)",True,0.0,True,False,-0.32021987438201904,0.0,0.0,0.0,True,0.0,0.0,0.0,-0.0,0.0,-0.0
35.780466,"[156.78831481933594, 4.49994421005249, 0.0]","[176.64633178710938, 4.5, 0.0]",1.039666652681943,1.6218702793121338,1.6320264942214835,-0.3636360168356667,0.0774594098329544,19.845825195148596,0.5706380605674644,1.2119650840780594,15.345825195148596,-0.5822036266301909,1.086809515953064,0.6744000911712646,13.787008285522461,False,-1,1.7612096071243286,1.6218702793121338,0.514148473739624,0.05558392994368454,0.387007522509702,-0.387007522509702,"StraightLane index=('>>>', '1S0_0_', 0)",True,106.76722717285156,5.5789947509765625e-05,0.00012207031247039834,"StraightLane index=('>>', '>>>', 0)",True,0.0,True,False,-0.32021987438201904,0.0,0.0,0.0,True,0.0,0.0,0.0,-0.0,0.0,-0.0
35.799887,"[156.8092498779297, 4.49994421005249, 0.0]","[176.6785430908203, 4.5, 0.0]",1.0323939323451827,1.6391432285308838,1.642363578742558,-0.3636360168380093,-0.032343022525310516,19.858016967596267,0.5822036266301909,0.5782783031363259,15.358016967596267,-0.6067492961857011,1.0763214826583862,0.6744000911712646,13.787008285522461,False,-1,1.7507215738296509,1.6391432285308838,0.6050324440002441,0.07120167248932463,0.46558871501003035,-0.46558871501003035,"StraightLane index=('>>>', '1S0_0_', 0)",True,106.78831481933594,5.5789947509765625e-05,0.000129699707044326,"StraightLane index=('>>', '>>>', 0)",True,0.0,True,False,-0.32021987438201904,0.0,0.0,0.0,True,0.0,0.0,0.0,-0.0,0.0,-0.0
35.819927,"[156.83004760742188, 4.49994421005249, 0.0]","[176.71084594726562, 4.5, 0.0]",1.0251212120084006,1.642055869102478,1.6517786911407963,-0.3636360168391084,-0.13379564881324768,19.869293212713426,0.6067492961857011,1.2272834777755093,15.369293212713426,-0.6169346570940775,1.064549207687378,1.384728193283081,13.766204833984375,False,-1,2.449277400970459,1.642055869102478,0.6050324440002441,0.07120167248932463,0.46558871501003035,-0.46558871501003035,"StraightLane index=('>>>', '1S0_0_', 0)",True,106.80924987792969,5.5789947509765625e-05,0.000129699707044326,"StraightLane index=('>>', '>>>', 0)",True,0.0,True,False,-0.31157734990119934,0.0,0.0,0.0,True,0.0,0.0,0.0,-0.0,0.0,-0.0
35.84168,"[156.85069274902344, 4.49994421005249, 0.0]","[176.7450408935547, 4.5, 0.0]",1.017848491671467,1.6583675146102905,1.6620078463353345,-0.3636360168466801,-0.21853682398796082,19.880798339652923,0.6169346570940775,0.5092680454188203,15.380798339652923,-0.6405190229388236,1.0525579452514648,1.384728193283081,13.766204833984375,False,-1,2.437286138534546,1.6583675146102905,0.6050324440002441,0.07120167248932463,0.46558871501003035,-0.46558871501003035,"StraightLane index=('>>>', '1S0_0_', 0)",True,106.83004760742188,5.5789947509765625e-05,0.0001373291015673648,"StraightLane index=('>>', '>>>', 0)",True,0.0,True,False,-0.31157734990119934,0.0,0.0,0.0,True,0.0,0.0,0.0,-0.0,0.0,-0.0
35.859356,"[156.87120056152344, 4.49994421005249, 0.0]","[176.77731323242188, 4.5, 0.0]",1.0105757713345,1.6608073711395266,1.6703203626918617,-0.36363601684834546,-0.28698280453681946,19.894348144353984,0.6405190229388236,1.1792182922373051,15.394348144353984,-0.6502315998050265,1.0406880378723145,1.384728193283081,13.766204833984375,False,-1,2.4254162311553955,1.6608073711395266,0.6050324440002441,0.07120167248932463,0.46558871501003035,-0.46558871501003035,"StraightLane index=('>>>', '1S0_0_', 0)",True,106.85069274902344,5.5789947509765625e-05,0.000129699707044326,"StraightLane index=('>>', '>>>', 0)",True,0.0,True,False,-0.31157734990119934,0.0,0.0,0.0,True,0.0,0.0,0.0,-0.0,0.0,-0.0
35.880108,"[156.8915557861328, 4.49994421005249, 0.0]","[176.8115997314453, 4.5, 0.0]",1.0033030509975371,1.6771464347839355,1.6800671526526343,-0.3636360168481456,-0.3435783386230469,19.906112670721143,0.6502315998050265,0.48562884331014855,15.406112670721143,-0.6738433837863984,1.028751015663147,1.384728193283081,13.766204833984375,False,-1,2.413479208946228,1.6771464347839355,0.6050324440002441,0.07120167248932463,0.46558871501003035,-0.46558871501003035,"StraightLane index=('>>>', '1S0_0_', 0)",True,106.87120056152344,5.5789947509765625e-05,0.000129699707044326,"StraightLane index=('>>', '>>>', 0)",True,0.0,True,False,-0.31157734990119934,0.0,0.0,0.0,True,0.0,0.0,0.0,-0.0,0.0,-0.0
35.900018,"[156.91177368164062, 4.49994421005249, 0.0]","[176.84487915039062, 4.5, 0.0]",0.9960303306605677,1.6798677444458008,1.6894255261235993,-0.36363601684847313,-0.3837077021598816,19.92004394513517,0.6738433837863984,1.1805891990685935,15.42004394513517,-0.6838374137852331,1.0174692869186401,1.384728193283081,13.766204833984375,False,-1,2.402197480201721,1.6798677444458008,0.4072451591491699,0.07833508581061312,0.5228294047710147,-0.5228294047710147,"StraightLane index=('>>>', '1S0_0_', 0)",True,106.89155578613281,5.5789947509765625e-05,0.000129699707044326,"StraightLane index=('>>', '>>>', 0)",True,0.0,True,False,-0.31157734990119934,0.0,0.0,0.0,True,0.0,0.0,0.0,-0.0,0.0,-0.0
35.920343,"[156.9318389892578, 4.49994421005249, 0.0]","[176.87889099121094, 4.5, 0.0]",0.9887576103234585,1.6949552297592163,1.6975136443143017,-0.36363601685545643,-0.41043153405189514,19.93310546861136,0.6838374137852331,0.49970149994173485,15.433105468611359,-0.7061976194357578,1.0068862438201904,1.384728193283081,13.766204833984375,False,-1,2.3916144371032715,1.6949552297592163,0.4072451591491699,0.07833508581061312,0.5228294047710147,-0.5228294047710147,"StraightLane index=('>>>', '1S0_0_', 0)",True,106.91177368164062,5.5789947509765625e-05,0.00010681152342432076,"StraightLane index=('>>', '>>>', 0)",True,0.0,True,False,-0.31157734990119934,0.0,0.0,0.0,True,0.0,0.0,0.0,-0.0,0.0,-0.0
35.940235,"[156.95176696777344, 4.49994421005249, 0.0]","[176.9130859375, 4.5, 0.0]",0.9814848899863224,1.6962517499923708,1.705431481784955,-0.36363601685680536,-0.4252869188785553,19.94705200183851,0.7061976194357578,1.1180102825262328,15.447052001838511,-0.7147668600060484,0.9970511198043823,1.384728193283081,13.766204833984375,False,-1,2.3817793130874634,1.6962517499923708,0.4072451591491699,0.07833508581061312,0.5228294047710147,-0.5228294047710147,"StraightLane index=('>>>', '1S0_0_', 0)",True,106.93183898925781,5.5789947509765625e-05,9.155273437824319e-05,"StraightLane index=('>>', '>>>', 0)",True,0.0,True,False,-0.31157734990119934,0.0,0.0,0.0,True,0.0,0.0,0.0,-0.0,0.0,-0.0
35.959776,"[156.97154235839844, 4.49994421005249, 0.0]","[176.94705200195312, 4.5, 0.0]",0.9742121696492132,1.7108267545700073,1.7132105358652656,-0.363636016855462,-0.43153899908065796,19.96131896960008,0.7147668600060484,0.4284620285145313,15.461318969600079,-0.7366145849207941,0.9878923296928406,1.384728193283081,13.766204833984375,False,-1,2.3726205229759216,1.7108267545700073,0.4072451591491699,0.07833508581061312,0.5228294047710147,-0.5228294047710147,"StraightLane index=('>>>', '1S0_0_', 0)",True,106.95176696777344,5.5789947509765625e-05,9.918212890128198e-05,"StraightLane index=('>>', '>>>', 0)",True,0.0,True,False,-0.31157734990119934,0.0,0.0,0.0,True,0.0,0.0,0.0,-0.0,0.0,-0.0
35.980493,"[156.9911651611328, 4.49994421005249, 0.0]","[176.98135375976562, 4.5, 0.0]",0.9669394493121759,1.7121469974517822,1.721448616478057,-0.36363601685186486,-0.43518662452697754,19.975509643428182,0.7366145849207941,1.0923862457372868,15.475509643428182,-0.7452075481396063,0.9788954257965088,1.384728193283081,13.766204833984375,False,-1,2.36362361907959,1.7121469974517822,0.4072451591491699,0.07833508581061312,0.5228294047710147,-0.5228294047710147,"StraightLane index=('>>>', '1S0_0_', 0)",True,106.97154235839844,5.5789947509765625e-05,9.918212890128198e-05,"StraightLane index=('>>', '>>>', 0)",True,0.0,True,False,-0.31157734990119934,0.0,0.0,0.0,True,0.0,0.0,0.0,-0.0,0.0,-0.0
35.999853,"[157.01065063476562, 4.49994421005249, 0.0]","[177.01551818847656, 4.5, 0.0]",0.9596667289751419,1.7267701625823975,1.7291596392146196,-0.36363601685169833,-0.43215420842170715,19.990188598506286,0.7452075481396063,0.42964816094061,15.490188598506286,-0.7671034336072555,0.9705373644828796,1.384728193283081,13.766204833984375,False,-1,2.3552655577659607,1.7267701625823975,0.4690241813659668,0.08691742357736064,0.5855346554220767,-0.5855346554220767,"StraightLane index=('>>>', '1S0_0_', 0)",True,106.99116516113281,5.5789947509765625e-05,9.918212890128198e-05,"StraightLane index=('>>', '>>>', 0)",True,0.0,True,False,-0.31157734990119934,0.0,0.0,0.0,True,0.0,0.0,0.0,-0.0,0.0,-0.0
36.019584,"[157.0299835205078, 4.49994421005249, 0.0]","[177.0494384765625, 4.5, 0.0]",0.9523940086381741,1.7268778085708618,1.7355303100062767,-0.36363601684838986,-0.41868939995765686,20.00486755358439,0.7671034336072555,1.09479427338246,15.50486755358439,-0.7744837999326877,0.9591279029846191,1.384728193283081,13.766204833984375,False,-1,2.3438560962677,1.7268778085708618,0.4690241813659668,0.08691742357736064,0.5855346554220767,-0.5855346554220767,"StraightLane index=('>>>', '1S0_0_', 0)",True,107.01065063476562,5.5789947509765625e-05,9.918212890128198e-05,"StraightLane index=('>>', '>>>', 0)",True,0.0,True,False,-0.31157734990119934,0.0,0.0,0.0,True,0.0,0.0,0.0,-0.0,0.0,-0.0
36.039693,"[157.04917907714844, 4.49994421005249, 0.0]","[177.08436584472656, 4.5, 0.0]",0.9451212883012955,1.7400082349777222,1.7420304773140407,-0.3636360168439323,-0.4200078547000885,20.019454955951495,0.7744837999326877,0.36901831627160764,15.519454955951495,-0.7948869466764267,0.9548026919364929,0.7671034336090088,20.004867553710938,True,0,1.7219061255455017,1.7400082349777222,0.4690241813659668,0.08691742357736064,0.5855346554220767,-0.5855346554220767,"StraightLane index=('>>>', '1S0_0_', 0)",True,107.02998352050781,5.5789947509765625e-05,8.39233398552044e-05,"StraightLane index=('>>', '>>>', 0)",True,0.0,True,False,-0.28923270106315613,0.0,0.0,0.0,True,0.0,0.0,0.0,-0.0,0.0,-0.0
36.059669,"[157.06822204589844, 4.49994421005249, 0.0]","[177.11996459960938, 4.5, 0.0]",0.9495398998278285,1.7399305105209353,1.7484889863478483,0.22093057632665003,-0.41156020760536194,20.035186767439306,0.7948869466764267,1.02015733718695,15.535186767439306,-0.7903906106931068,0.9473473429679871,0.7671034336090088,20.004867553710938,True,0,1.7144507765769958,1.7399305105209353,0.4690241813659668,0.08691742357736064,0.5855346554220767,-0.08691742357622101,"StraightLane index=('>>>', '1S0_0_', 0)",True,107.04917907714844,5.5789947509765625e-05,0.00010681152342432076,"StraightLane index=('>>', '>>>', 0)",True,0.0,True,False,-0.28923270106315613,0.4986172318458557,0.0,0.4986172318458557,True,0.0,0.0,0.08,0.0,0.08,0.0
36.081188,"[157.08712768554688, 4.49994421005249, 0.0]","[177.15423583984375, 4.5, 0.0]",0.9583773612993531,1.752940058708191,1.7554354644003205,0.4418730735762322,-0.4021058678627014,20.05174255357209,0.7903906106931068,-0.2248167991659944,15.55174255357209,-0.7945626974088378,0.9401980042457581,0.7671034336090088,20.004867553710938,True,0,1.7073014378547668,1.752940058708191,0.4690241813659668,0.08691742357736064,0.5855346554220767,-0.08691742357622101,"StraightLane index=('>>>', '1S0_0_', 0)",True,107.06822204589844,5.5789947509765625e-05,0.00010681152342432076,"StraightLane index=('>>', '>>>', 0)",True,0.0,True,False,-0.28923270106315613,0.4986172318458557,0.0,0.4986172318458557,True,0.0,0.0,0.16,0.0,0.16,0.0
36.10045,"[157.1061248779297, 4.49994421005249, 0.0]","[177.18980407714844, 4.5, 0.0]",0.9716334342973064,1.7561891078948975,1.7616224448146935,0.6628036498976642,-0.3733504116535187,20.067108154158,0.7945626974088378,0.2086043357865497,15.567108154158,-0.784555673597591,0.9352428913116455,0.7671034336090088,20.004867553710938,True,0,1.7023463249206543,1.7561891078948975,0.294189453125,0.08852231207899958,0.5984834999174338,-0.09986626807157806,"StraightLane index=('>>>', '1S0_0_', 0)",True,107.08712768554688,5.5789947509765625e-05,0.00010681152342432076,"StraightLane index=('>>', '>>>', 0)",True,0.0,True,False,-0.28923270106315613,0.4986172318458557,0.0,0.4986172318458557,True,0.0,0.0,0.24000000000000002,0.0,0.24000000000000002,0.0
36.120274,"[157.1252899169922, 4.49994421005249, 0.0]","[177.2252197265625, 4.5, 0.0]",0.988846302034026,1.7582756280899048,1.76651201828547,0.8606433868359797,-0.30861881375312805,20.08367919911549,0.784555673597591,-0.500351190562337,15.58367919911549,-0.7694293260558788,0.9348112344741821,0.7671034336090088,20.004867553710938,True,0,1.701914668083191,1.7582756280899048,0.294189453125,0.08852231207899958,0.5984834999174338,-0.09986626807157806,"StraightLane index=('>>>', '1S0_0_', 0)",True,107.10612487792969,5.5789947509765625e-05,8.39233398552044e-05,"StraightLane index=('>>', '>>>', 0)",True,0.0,True,False,-0.28923270106315613,0.4986172318458557,0.0,0.4986172318458557,True,0.0,0.0,0.3116357699036598,0.0,0.3116357699036598,0.0
36.140184,"[157.1447296142578, 4.49994421005249, 0.0]","[177.26077270507812, 4.5, 0.0]",1.0060591697707,1.7698923349380493,1.7714362162081636,0.8606433868336982,-0.20918792486190796,20.099929809467035,0.7694293260558788,-0.7563173770856135,15.599929809467035,-0.7638331651673493,0.9394597411155701,0.7845556735992432,20.08367919921875,True,0,1.7240154147148132,1.7698923349380493,0.294189453125,0.08852231207899958,0.5984834999174338,-0.09986626807157806,"StraightLane index=('>>>', '1S0_0_', 0)",True,107.12528991699219,5.5789947509765625e-05,8.39233398552044e-05,"StraightLane index=('>>', '>>>', 0)",True,0.0,True,False,-0.28923270106315613,0.4986172318458557,0.0,0.4986172318458557,True,0.0,0.0,0.3116357699036598,0.0,0.3116357699036598,0.0
36.159299,"[157.1645050048828, 4.49994421005249, 0.0]","[177.29534912109375, 4.5, 0.0]",1.0237760543835963,1.7680420875549316,1.7761594667931024,0.8858442306448167,-0.07880213111639023,20.11604309073901,0.7638331651673493,-0.27980804442647167,15.616043090739009,-0.7442660331713353,0.949497401714325,0.7845556735992432,20.08367919921875,True,0,1.7340530753135681,1.7680420875549316,0.294189453125,0.08852231207899958,0.5984834999174338,-0.08526539507810882,"StraightLane index=('>>>', '1S0_0_', 0)",True,107.14472961425781,5.5789947509765625e-05,6.866455075823796e-05,"StraightLane index=('>>', '>>>', 0)",True,0.0,True,False,-0.28923270106315613,0.513218104839325,0.0,0.513218104839325,True,0.0,0.0,0.3207613155245781,0.0,0.3207613155245781,0.0
36.180314,"[157.18463134765625, 4.49994421005249, 0.0]","[177.3316192626953, 4.5, 0.0]",1.0414929389965164,1.7797585725784302,1.7813467715936533,0.8858442306460046,0.06950405985116959,20.130844116129623,0.7442660331713353,-0.9783565998007004,15.630844116129623,-0.7382656335819138,0.9641326665878296,0.7845556735992432,20.08367919921875,True,0,1.7486883401870728,1.7797585725784302,0.294189453125,0.08852231207899958,0.5984834999174338,-0.08526539507810882,"StraightLane index=('>>>', '1S0_0_', 0)",True,107.16450500488281,5.5789947509765625e-05,6.866455075823796e-05,"StraightLane index=('>>', '>>>', 0)",True,0.0,True,False,-0.28923270106315613,0.513218104839325,0.0,0.513218104839325,True,0.0,0.0,0.3207613155245781,0.0,0.3207613155245781,0.0
36.20059,"[157.20510864257812, 4.49994421005249, 0.0]","[177.36700439453125, 4.5, 0.0]",1.059209823609629,1.778019428253174,1.7864457244845213,0.8858442306556302,0.22611303627490997,20.146987914935735,0.7382656335819138,-0.30001997947107784,15.646987914935735,-0.718809604643545,0.9826387763023376,0.7845556735992432,20.08367919921875,True,0,1.7671944499015808,1.778019428253174,0.2183032035827659,0.08731069299649642,0.5545369360148007,-0.041318831175475745,"StraightLane index=('>>>', '1S0_0_', 0)",True,107.18463134765625,5.5789947509765625e-05,8.39233398552044e-05,"StraightLane index=('>>', '>>>', 0)",True,0.0,True,False,-0.28923270106315613,0.513218104839325,0.0,0.513218104839325,True,0.0,0.0,0.3207613155245781,0.0,0.3207613155245781,0.0
36.220018,"[157.22593688964844, 4.49994421005249, 0.0]","[177.40257263183594, 4.5, 0.0]",1.0769267082228005,1.7914940118789673,1.793962189415859,0.8858442306585723,0.3783573806285858,20.161895751814086,0.718809604643545,-0.9728014469184365,15.661895751814086,-0.7145673036561668,1.0038347244262695,0.7845556735992432,20.08367919921875,True,0,1.7883903980255127,1.7914940118789673,0.2183032035827659,0.08731069299649642,0.5545369360148007,-0.041318831175475745,"StraightLane index=('>>>', '1S0_0_', 0)",True,107.20510864257812,5.5789947509765625e-05,0.00010681152342432076,"StraightLane index=('>>', '>>>', 0)",True,0.0,True,False,-0.28923270106315613,0.513218104839325,0.0,0.513218104839325,True,0.0,0.0,0.3207613155245781,0.0,0.3207613155245781,0.0
36.24052,"[157.2471160888672, 4.49994421005249, 0.0]","[177.4384765625, 4.5, 0.0]",1.0946435928358516,1.7925207614898682,1.8018917652381465,0.8858442306525549,0.5143530964851379,20.176635742072595,0.7145673036561668,-0.21211504936891057,15.676635742072595,-0.6978771686540166,1.0262959003448486,1.4086545705795288,14.68440055847168,False,-1,2.4349504709243774,1.7925207614898682,0.2183032035827659,0.08731069299649642,0.5545369360148007,-0.041318831175475745,"StraightLane index=('>>>', '1S0_0_', 0)",True,107.22593688964844,5.5789947509765625e-05,9.155273437824319e-05,"StraightLane index=('>>', '>>>', 0)",True,0.0,True,False,-0.28923270106315613,0.513218104839325,0.0,0.513218104839325,True,0.0,0.0,0.3207613155245781,0.0,0.3207613155245781,0.0
36.259027,"[157.26866149902344, 4.49994421005249, 0.0]","[177.47425842285156, 4.5, 0.0]",1.1035232543959572,1.806856393814087,1.8090628694268063,0.44398307800528336,0.6351456642150879,20.191360473517886,0.6978771686540166,-0.834506750107511,15.691360473517886,-0.7033331394181297,1.0497859716415405,1.4086545705795288,14.68440055847168,False,-1,2.4584405422210693,1.806856393814087,0.2183032035827659,0.08731069299649642,0.5545369360148007,-0.5545369360148007,"StraightLane index=('>>>', '1S0_0_', 0)",True,107.24711608886719,5.5789947509765625e-05,9.155273437824319e-05,"StraightLane index=('>>', '>>>', 0)",True,0.0,True,False,-0.2698933780193329,0.0,0.0,0.0,True,0.0,0.0,0.16076131552457806,0.0,0.16076131552457806,0.0
36.285736,"[157.29055786132812, 4.49994421005249, 0.0]","[177.5108184814453, 4.5, 0.0]",1.1035652160658898,1.8080259561538696,1.8193881443714324,0.002098083496626657,0.7370678186416626,20.20559692371318,0.7033331394181297,0.27279853820565414,15.70559692371318,-0.7044607400879799,1.0736452341079712,1.4086545705795288,14.68440055847168,False,-1,2.4822998046875,1.8080259561538696,0.2183032035827659,0.08731069299649642,0.5545369360148007,-0.5545369360148007,"StraightLane index=('>>>', '1S0_0_', 0)",True,107.26866149902344,5.5789947509765625e-05,9.155273437824319e-05,"StraightLane index=('>>', '>>>', 0)",True,0.0,True,False,-0.2698933780193329,0.0,0.0,0.0,True,0.0,0.0,0.0007613155245780601,0.0,0.0007613155245780601,0.0
36.302017,"[157.3126220703125, 4.49994421005249, 0.0]","[177.54736328125, 4.5, 0.0]",1.096292495729083,1.8225280046463013,1.8254116810594228,-0.36363601684034075,0.813739538192749,20.220260619990317,0.7044607400879799,0.056380033492509085,15.720260619990317,-0.7262355089172183,1.1047916412353516,1.4086545705795288,14.68440055847168,False,-1,2.5134462118148804,1.8225280046463013,0.4450857639312722,0.09415762543444131,0.5662107062306332,-0.5662107062306332,"StraightLane index=('>>>', '1S0_0_', 0)",True,107.29055786132812,5.5789947509765625e-05,9.918212890128198e-05,"StraightLane index=('>>', '>>>', 0)",True,0.0,True,False,-0.2698933780193329,0.0,0.0,0.0,True,0.0,0.0,0.0,-0.0,0.0,-0.0
36.320117,"[157.33468627929688, 4.49994421005249, 0.0]","[177.58314514160156, 4.5, 0.0]",1.0890197753921844,1.8218750953674319,1.8303624199012651,-0.36363601684492597,0.8103979825973511,20.23474121082252,0.7262355089172183,1.0887384414619228,15.73474121082252,-0.7328553199752474,1.1125785112380981,1.4086545705795288,14.68440055847168,False,-1,2.521233081817627,1.8218750953674319,0.4450857639312722,0.09415762543444131,0.5662107062306332,-0.5662107062306332,"StraightLane index=('>>>', '1S0_0_', 0)",True,107.3126220703125,5.5789947509765625e-05,9.155273437824319e-05,"StraightLane index=('>>', '>>>', 0)",True,0.0,True,False,-0.2698933780193329,0.0,0.0,0.0,True,0.0,0.0,0.0,-0.0,0.0,-0.0
36.340296,"[157.3566131591797, 4.49994421005249, 0.0]","[177.6199493408203, 4.5, 0.0]",1.0817470550552586,1.8339686393737793,1.8358306684716903,-0.36363601684629154,0.7580400109291077,20.24845886221245,0.7328553199752474,0.3309905529014556,15.748458862212448,-0.7522215843185207,1.123131275177002,1.4086545705795288,14.68440055847168,False,-1,2.5317858457565308,1.8339686393737793,0.4450857639312722,0.09415762543444131,0.5662107062306332,-0.5662107062306332,"StraightLane index=('>>>', '1S0_0_', 0)",True,107.33468627929688,5.5789947509765625e-05,7.629394533216562e-05,"StraightLane index=('>>', '>>>', 0)",True,0.0,True,False,-0.2698933780193329,0.0,0.0,0.0,True,0.0,0.0,0.0,-0.0,0.0,-0.0
36.359399,"[157.37838745117188, 4.49994421005249, 0.0]","[177.65643310546875, 4.5, 0.0]",1.0744743347184509,1.8326786756515503,1.841010501494917,-0.36363601684038516,0.6531381011009216,20.26333618151369,0.7522215843185207,0.9683132171636633,15.76333618151369,-0.7582043409330994,1.1268577575683594,1.4086545705795288,14.68440055847168,False,-1,2.535512328147888,1.8326786756515503,0.4450857639312722,0.09415762543444131,0.5662107062306332,-0.5662107062306332,"StraightLane index=('>>>', '1S0_0_', 0)",True,107.35661315917969,5.5789947509765625e-05,9.918212890128198e-05,"StraightLane index=('>>', '>>>', 0)",True,0.0,True,False,-0.2698933780193329,0.0,0.0,0.0,True,0.0,0.0,0.0,-0.0,0.0,-0.0
36.379986,"[157.4000244140625, 4.49994421005249, 0.0]","[177.69326782226562, 4.5, 0.0]",1.0672016143816232,1.8447762727737427,1.8465860945190309,-0.36363601684138436,0.513439416885376,20.278045654169915,0.7582043409330994,0.29913783072893496,15.778045654169915,-0.7775746583921195,1.1246356964111328,1.4086545705795288,14.68440055847168,False,-1,2.5332902669906616,1.8447762727737427,0.4450857639312722,0.09415762543444131,0.5662107062306332,-0.5662107062306332,"StraightLane index=('>>>', '1S0_0_', 0)",True,107.37838745117188,5.5789947509765625e-05,9.918212890128198e-05,"StraightLane index=('>>', '>>>', 0)",True,0.0,True,False,-0.2698933780193329,0.0,0.0,0.0,True,0.0,0.0,0.0,-0.0,0.0,-0.0
36.400072,"[157.4215087890625, 4.49994421005249, 0.0]","[177.73109436035156, 4.5, 0.0]",1.0599288940446625,1.8436833620071411,1.8520198570910147,-0.3636360168480346,0.3621522784233093,20.29324340808807,0.7775746583921195,0.9685158729510035,15.79324340808807,-0.7837544679624786,1.1183027029037476,1.4086545705795288,14.68440055847168,False,-1,2.5269572734832764,1.8436833620071411,0.21155357360839844,0.09214623796729113,0.6015866421429023,-0.6015866421429023,"StraightLane index=('>>>', '1S0_0_', 0)",True,107.4000244140625,5.5789947509765625e-05,9.155273437824319e-05,"StraightLane index=('>>', '>>>', 0)",True,0.0,True,False,-0.2698933780193329,0.0,0.0,0.0,True,0.0,0.0,0.0,-0.0,0.0,-0.0
36.420028,"[157.44285583496094, 4.49994421005249, 0.0]","[177.76730346679688, 4.5, 0.0]",1.0526561737076667,1.854554533958435,1.8558028805869402,-0.36363601684978875,0.21112196147441864,20.309585571162057,0.7837544679624786,0.30899047851795647,15.809585571162057,-0.8018983602507683,1.1089837551116943,1.1238211393356323,14.407795906066895,False,-1,2.2328048944473267,1.854554533958435,0.21155357360839844,0.09214623796729113,0.6015866421429023,-0.6015866421429023,"StraightLane index=('>>>', '1S0_0_', 0)",True,107.4215087890625,5.5789947509765625e-05,9.918212890128198e-05,"StraightLane index=('>>', '>>>', 0)",True,0.0,True,False,-0.2698933780193329,0.0,0.0,0.0,True,0.0,0.0,0.0,-0.0,0.0,-0.0
36.440399,"[157.46405029296875, 4.49994421005249, 0.0]","[177.8045654296875, 4.5, 0.0]",1.045383453370622,1.8516900539398193,1.859675833559246,-0.36363601685223124,0.07019264250993729,20.324447631720844,0.8018983602507683,0.907194614414486,15.824447631720844,-0.8063066005691972,1.0977201461791992,1.1238211393356323,14.407795906066895,False,-1,2.2215412855148315,1.8516900539398193,0.21155357360839844,0.09214623796729113,0.6015866421429023,-0.6015866421429023,"StraightLane index=('>>>', '1S0_0_', 0)",True,107.44285583496094,5.5789947509765625e-05,9.155273437824319e-05,"StraightLane index=('>>', '>>>', 0)",True,0.0,True,False,-0.24707509577274323,0.0,0.0,0.0,True,0.0,0.0,0.0,-0.0,0.0,-0.0
36.459818,"[157.485107421875, 4.49994421005249, 0.0]","[177.84249877929688, 4.5, 0.0]",1.0381107330336077,1.8622294664382935,1.8633750214604663,-0.36363601685072133,-0.05571385845541954,20.34051513662643,0.8063066005691972,0.2204120159214451,15.84051513662643,-0.8241187334046858,1.0853086709976196,1.1238211393356323,14.407795906066895,False,-1,2.209129810333252,1.8622294664382935,0.21155357360839844,0.09214623796729113,0.6015866421429023,-0.6015866421429023,"StraightLane index=('>>>', '1S0_0_', 0)",True,107.46405029296875,5.5789947509765625e-05,7.629394533216562e-05,"StraightLane index=('>>', '>>>', 0)",True,0.0,True,False,-0.24707509577274323,0.0,0.0,0.0,True,0.0,0.0,0.0,-0.0,0.0,-0.0
36.480162,"[157.50601196289062, 4.49994421005249, 0.0]","[177.8798828125, 4.5, 0.0]",1.0308380126965342,1.8593789339065552,1.8672382768274984,-0.3636360168536745,-0.1671755611896515,20.357391357340397,0.8241187334046858,0.8906066417744274,15.857391357340397,-0.828540921210021,1.0719619989395142,1.1238211393356323,14.407795906066895,False,-1,2.1957831382751465,1.8593789339065552,0.21155357360839844,0.09214623796729113,0.6015866421429023,-0.6015866421429023,"StraightLane index=('>>>', '1S0_0_', 0)",True,107.485107421875,5.5789947509765625e-05,6.866455075823796e-05,"StraightLane index=('>>', '>>>', 0)",True,0.0,True,False,-0.24707509577274323,0.0,0.0,0.0,True,0.0,0.0,0.0,-0.0,0.0,-0.0
36.499751,"[157.5267791748047, 4.49994421005249, 0.0]","[177.91702270507812, 4.5, 0.0]",1.0235652923595082,1.8698363304138184,1.8709614514657877,-0.36363601685129865,-0.2569897472858429,20.373870849527886,0.828540921210021,0.22110939026676046,15.873870849527886,-0.8462710380543101,1.0587401390075684,1.1238211393356323,14.407795906066895,False,-1,2.1825612783432007,1.8698363304138184,0.26152968406677246,0.09208515311289905,0.6421613278482006,-0.6421613278482006,"StraightLane index=('>>>', '1S0_0_', 0)",True,107.50601196289062,5.5789947509765625e-05,6.866455075823796e-05,"StraightLane index=('>>', '>>>', 0)",True,0.0,True,False,-0.24707509577274323,0.0,0.0,0.0,True,0.0,0.0,0.0,-0.0,0.0,-0.0
36.519799,"[157.54739379882812, 4.49994421005249, 0.0]","[177.9544219970703, 4.5, 0.0]",1.0162925720224925,1.871692419052124,1.876795195808052,-0.36363601685078795,-0.32669609785079956,20.390243530181074,0.8462710380543101,0.8865058422144578,15.890243530181074,-0.8553998470296316,1.0459586381912231,1.1238211393356323,14.407795906066895,False,-1,2.1697797775268555,1.871692419052124,0.26152968406677246,0.09208515311289905,0.6421613278482006,-0.6421613278482006,"StraightLane index=('>>>', '1S0_0_', 0)",True,107.52677917480469,5.5789947509765625e-05,7.629394533216562e-05,"StraightLane index=('>>', '>>>', 0)",True,0.0,True,False,-0.24707509577274323,0.0,0.0,0.0,True,0.0,0.0,0.0,-0.0,0.0,-0.0
36.540222,"[157.56787109375, 4.49994421005249, 0.0]","[177.99159240722656, 4.5, 0.0]",1.009019851685532,1.877447247505188,1.8827570199654435,-0.3636360168480235,-0.3817690312862396,20.407028198160674,0.8553998470296316,0.45644044876607115,15.907028198160674,-0.868427395819656,1.0333918333053589,1.1238211393356323,14.407795906066895,False,-1,2.157212972640991,1.877447247505188,0.26152968406677246,0.09208515311289905,0.6421613278482006,-0.6421613278482006,"StraightLane index=('>>>', '1S0_0_', 0)",True,107.54739379882812,5.5789947509765625e-05,6.866455075823796e-05,"StraightLane index=('>>', '>>>', 0)",True,0.0,True,False,-0.24707509577274323,0.0,0.0,0.0,True,0.0,0.0,0.0,-0.0,0.0,-0.0
36.559034,"[157.58819580078125, 4.49994421005249, 0.0]","[178.02890014648438, 4.5, 0.0]",1.001747131348544,1.8832262754440308,1.8882526319536843,-0.36363601684940017,-0.4184930920600891,20.42372131339504,0.868427395819656,0.6513774395012217,15.923721313395038,-0.8814791440954868,1.0217186212539673,1.1238211393356323,14.407795906066895,False,-1,2.1455397605895996,1.8832262754440308,0.26152968406677246,0.09208515311289905,0.6421613278482006,-0.6421613278482006,"StraightLane index=('>>>', '1S0_0_', 0)",True,107.56787109375,5.5789947509765625e-05,6.866455075823796e-05,"StraightLane index=('>>', '>>>', 0)",True,0.0,True,False,-0.24707509577274323,0.0,0.0,0.0,True,0.0,0.0,0.0,-0.0,0.0,-0.0
36.580714,"[157.60838317871094, 4.49994421005249, 0.0]","[178.06785583496094, 4.5, 0.0]",0.9944744110116331,1.8892569541931152,1.8945768768632547,-0.36363601684554214,-0.44068241119384766,20.440704345610715,0.8814791440954868,0.6525874137915388,15.940704345610715,-0.8947825431814821,1.010937213897705,1.1238211393356323,14.407795906066895,False,-1,2.1347583532333374,1.8892569541931152,0.26152968406677246,0.09208515311289905,0.6421613278482006,-0.6421613278482006,"StraightLane index=('>>>', '1S0_0_', 0)",True,107.58819580078125,5.5789947509765625e-05,7.629394533216562e-05,"StraightLane index=('>>', '>>>', 0)",True,0.0,True,False,-0.24707509577274323,0.0,0.0,0.0,True,0.0,0.0,0.0,-0.0,0.0,-0.0
36.60005,"[157.62841796875, 4.49994421005249, 0.0]","[178.1055908203125, 4.5, 0.0]",0.9872016906747598,1.895100712776184,1.9002381228722858,-0.36363601684366587,-0.4504775106906891,20.459472656157576,0.8947825431814821,0.6651699542997658,15.959472656157576,-0.9078990221014243,1.0010528564453125,1.1238211393356323,14.407795906066895,False,-1,2.124873995780945,1.895100712776184,0.2526438236236572,0.09171917162843715,0.6818535359943629,-0.6818535359943629,"StraightLane index=('>>>', '1S0_0_', 0)",True,107.60838317871094,5.5789947509765625e-05,7.629394533216562e-05,"StraightLane index=('>>', '>>>', 0)",True,0.0,True,False,-0.24707509577274323,0.0,0.0,0.0,True,0.0,0.0,0.0,-0.0,0.0,-0.0
36.620386,"[157.64830017089844, 4.49994421005249, 0.0]","[178.14389038085938, 4.5, 0.0]",0.9799289703378381,1.9027875661849976,1.9088422199368702,-0.36363601684608615,-0.45160406827926636,20.477172851458818,0.9078990221014243,0.6558239459971082,15.977172851458818,-0.9228585958471595,0.9919537305831909,1.4827055931091309,13.907464027404785,False,-1,2.4746593236923218,1.9027875661849976,0.2526438236236572,0.09171917162843715,0.6818535359943629,-0.6818535359943629,"StraightLane index=('>>>', '1S0_0_', 0)",True,107.62841796875,5.5789947509765625e-05,8.39233398552044e-05,"StraightLane index=('>>', '>>>', 0)",True,0.0,True,False,-0.2282751351594925,0.0,0.0,0.0,True,0.0,0.0,0.0,-0.0,0.0,-0.0
36.640229,"[157.6680450439453, 4.49994421005249, 0.0]","[178.18228149414062, 4.5, 0.0]",0.9726562500010445,1.911239743232727,1.9172264284903697,-0.36363601683968017,-0.4503919184207916,20.495590209833654,0.9228585958471595,0.74797868728676,15.995590209833654,-0.9385834932316826,0.9830901622772217,1.4827055931091309,13.907464027404785,False,-1,2.4657957553863525,1.911239743232727,0.2526438236236572,0.09171917162843715,0.6818535359943629,-0.6818535359943629,"StraightLane index=('>>>', '1S0_0_', 0)",True,107.64830017089844,5.5789947509765625e-05,9.918212890128198e-05,"StraightLane index=('>>', '>>>', 0)",True,0.0,True,False,-0.2282751351594925,0.0,0.0,0.0,True,0.0,0.0,0.0,-0.0,0.0,-0.0
36.659892,"[157.68763732910156, 4.49994421005249, 0.0]","[178.2205810546875, 4.5, 0.0]",0.9653835296642159,1.9196745157241821,1.925554405536653,-0.36363601684142877,-0.44298431277275085,20.514236450113724,0.9385834932316826,0.7862448692261548,16.014236450113724,-0.9542909860599662,0.9749095439910889,1.4827055931091309,13.907464027404785,False,-1,2.4576151371002197,1.9196745157241821,0.2526438236236572,0.09171917162843715,0.6818535359943629,-0.6818535359943629,"StraightLane index=('>>>', '1S0_0_', 0)",True,107.66804504394531,5.5789947509765625e-05,6.866455075823796e-05,"StraightLane index=('>>', '>>>', 0)",True,0.0,True,False,-0.2282751351594925,0.0,0.0,0.0,True,0.0,0.0,0.0,-0.0,0.0,-0.0
36.680185,"[157.70709228515625, 4.49994421005249, 0.0]","[178.25901794433594, 4.5, 0.0]",0.9581108093273389,1.9281361103057861,1.9341313980296881,-0.36363601684384905,-0.43235546350479126,20.532943725504335,0.9542909860599662,0.7853746414141827,16.032943725504335,-0.9700253009784472,0.9672585129737854,1.4827055931091309,13.907464027404785,False,-1,2.4499641060829163,1.9281361103057861,0.2526438236236572,0.09171917162843715,0.6818535359943629,-0.6818535359943629,"StraightLane index=('>>>', '1S0_0_', 0)",True,107.68763732910156,5.5789947509765625e-05,6.866455075823796e-05,"StraightLane index=('>>', '>>>', 0)",True,0.0,True,False,-0.2282751351594925,0.0,0.0,0.0,True,0.0,0.0,0.0,-0.0,0.0,-0.0
36.700559,"[157.7263946533203, 4.49994421005249, 0.0]","[178.29730224609375, 4.5, 0.0]",0.9508380889904909,1.9365630149841309,1.94284448879042,-0.3636360168424002,-0.4193611741065979,20.551925659064302,0.9700253009784472,0.7867157459240492,16.051925659064302,-0.9857249259936399,0.9600569009780884,1.4827055931091309,13.907464027404785,False,-1,2.4427624940872192,1.9365630149841309,0.4146230220794678,0.09705906023837481,0.7377802621342409,-0.7377802621342409,"StraightLane index=('>>>', '1S0_0_', 0)",True,107.70709228515625,5.5789947509765625e-05,9.155273437824319e-05,"StraightLane index=('>>', '>>>', 0)",True,0.0,True,False,-0.2282751351594925,0.0,0.0,0.0,True,0.0,0.0,0.0,-0.0,0.0,-0.0
36.720633,"[157.7455596923828, 4.49994421005249, 0.0]","[178.33663940429688, 4.5, 0.0]",0.9435653686535815,1.9472483396530151,1.9544699779219683,-0.36363601684547,-0.3976198434829712,20.57090759264604,0.9857249259936399,0.7849812507596365,16.07090759264604,-1.0036829709994337,0.9499980211257935,1.4827055931091309,13.907464027404785,False,-1,2.4327036142349243,1.9472483396530151,0.4146230220794678,0.09705906023837481,0.7377802621342409,-0.7377802621342409,"StraightLane index=('>>>', '1S0_0_', 0)",True,107.72639465332031,5.5789947509765625e-05,9.918212890128198e-05,"StraightLane index=('>>', '>>>', 0)",True,0.0,True,False,-0.2282751351594925,0.0,0.0,0.0,True,0.0,0.0,0.0,-0.0,0.0,-0.0
36.739509,"[157.7645721435547, 4.49994421005249, 0.0]","[178.3751220703125, 4.5, 0.0]",0.9362926483166318,1.9585514068603516,1.9653970731994657,-0.36363601684748503,-0.39761659502983093,20.591079711786634,1.0036829709994337,0.8979022502896894,16.091079711786634,-1.0222587585437197,0.9460221529006958,1.4827055931091309,13.907464027404785,False,-1,2.4287277460098267,1.9585514068603516,0.4146230220794678,0.09705906023837481,0.7377802621342409,-0.7377802621342409,"StraightLane index=('>>>', '1S0_0_', 0)",True,107.74555969238281,5.5789947509765625e-05,9.918212890128198e-05,"StraightLane index=('>>', '>>>', 0)",True,0.0,True,False,-0.2282751351594925,0.0,0.0,0.0,True,0.0,0.0,0.0,-0.0,0.0,-0.0
36.758848,"[157.783447265625, 4.49994421005249, 0.0]","[178.414306640625, 4.5, 0.0]",0.9290199279797876,1.9700589179992676,1.9766022471232167,-0.3636360168422115,-0.38818562030792236,20.610549926642353,1.0222587585437197,0.9287893772143008,16.110549926642353,-1.04103899001948,0.9391251802444458,1.4827055931091309,13.907464027404785,False,-1,2.4218307733535767,1.9700589179992676,0.4146230220794678,0.09705906023837481,0.7377802621342409,-0.7377802621342409,"StraightLane index=('>>>', '1S0_0_', 0)",True,107.76457214355469,5.5789947509765625e-05,9.155273437824319e-05,"StraightLane index=('>>', '>>>', 0)",True,0.0,True,False,-0.2282751351594925,0.0,0.0,0.0,True,0.0,0.0,0.0,-0.0,0.0,-0.0
36.780338,"[157.8021697998047, 4.49994421005249, 0.0]","[178.454833984375, 4.5, 0.0]",0.9217472076429314,1.9819605350494385,1.9890245091590808,-0.363636016842811,-0.3794560432434082,20.630859374884512,1.04103899001948,0.9390115737880178,16.130859374884512,-1.060213327406507,0.9323654770851135,1.4827055931091309,13.907464027404785,False,-1,2.4150710701942444,1.9819605350494385,0.4146230220794678,0.09705906023837481,0.7377802621342409,-0.7377802621342409,"StraightLane index=('>>>', '1S0_0_', 0)",True,107.783447265625,5.5789947509765625e-05,9.155273437824319e-05,"StraightLane index=('>>', '>>>', 0)",True,0.0,True,False,-0.2282751351594925,0.0,0.0,0.0,True,0.0,0.0,0.0,-0.0,0.0,-0.0
36.8004,"[157.8207550048828, 4.49994421005249, 0.0]","[178.4942169189453, 4.5, 0.0]",0.9144744873059681,1.9935277700424194,2.000734146909185,-0.36363601684816227,-0.3756389021873474,20.652664184466442,1.060213327406507,0.9587168693513504,16.152664184466442,-1.0790532827364512,0.9252389073371887,1.4827055931091309,13.907464027404785,False,-1,2.4079445004463196,1.9935277700424194,0.5696475505828857,0.10729081848493832,0.8086754522636317,-0.8086754522636317,"StraightLane index=('>>>', '1S0_0_', 0)",True,107.80216979980469,5.5789947509765625e-05,8.39233398552044e-05,"StraightLane index=('>>', '>>>', 0)",True,0.0,True,False,-0.2282751351594925,0.0,0.0,0.0,True,0.0,0.0,0.0,-0.0,0.0,-0.0
36.820237,"[157.8391876220703, 4.49994421005249, 0.0]","[178.53379821777344, 4.5, 0.0]",0.9072017669690522,2.0073292255401616,2.015812373624744,-0.3636360168457975,-0.37093231081962585,20.67346191394696,1.0790532827364512,0.9419977664972046,16.17346191394696,-1.1001274585711094,0.9182620048522949,1.7780466079711914,14.872159957885742,False,-1,2.6963086128234863,2.0073292255401616,0.5696475505828857,0.10729081848493832,0.8086754522636317,-0.8086754522636317,"StraightLane index=('>>>', '1S0_0_', 0)",True,107.82075500488281,5.5789947509765625e-05,9.155273437824319e-05,"StraightLane index=('>>', '>>>', 0)",True,0.0,True,False,-0.2282751351594925,0.0,0.0,0.0,True,0.0,0.0,0.0,-0.0,0.0,-0.0
36.839845,"[157.85748291015625, 4.49994421005249, 0.0]","[178.57455444335938, 4.5, 0.0]",0.899929046632064,2.022528171539307,2.030687820953412,-0.36363601684941127,-0.36660653352737427,20.69461059558756,1.1001274585711094,1.0537087917329102,16.19461059558756,-1.1225991249072431,0.911362886428833,1.7780466079711914,14.872159957885742,False,-1,2.6894094944000244,2.022528171539307,0.5696475505828857,0.10729081848493832,0.8086754522636317,-0.8086754522636317,"StraightLane index=('>>>', '1S0_0_', 0)",True,107.83918762207031,5.5789947509765625e-05,9.155273437824319e-05,"StraightLane index=('>>', '>>>', 0)",True,0.0,True,False,-0.20134440064430237,0.0,0.0,0.0,True,0.0,0.0,0.0,-0.0,0.0,-0.0
36.860162,"[157.87562561035156, 4.49994421005249, 0.0]","[178.61605834960938, 4.5, 0.0]",0.8926563262951569,2.0379981994628906,2.046160680718116,-0.3636360168453534,-0.36208856105804443,20.717071533087527,1.1225991249072431,1.1235833168066867,16.217071533087527,-1.1453418731677338,0.9045466184616089,1.7780466079711914,14.872159957885742,False,-1,2.6825932264328003,2.0379981994628906,0.5696475505828857,0.10729081848493832,0.8086754522636317,-0.8086754522636317,"StraightLane index=('>>>', '1S0_0_', 0)",True,107.85748291015625,5.5789947509765625e-05,9.155273437824319e-05,"StraightLane index=('>>', '>>>', 0)",True,0.0,True,False,-0.20134440064430237,0.0,0.0,0.0,True,0.0,0.0,0.0,-0.0,0.0,-0.0
36.879777,"[157.8936309814453, 4.49994421005249, 0.0]","[178.65602111816406, 4.5, 0.0]",0.8853836059582874,2.0528972148895264,2.061058889268992,-0.36363601684347713,-0.3584350347518921,20.74043273915385,1.1453418731677338,1.137137413024536,16.24043273915385,-1.167513608931239,0.8977509140968323,1.7780466079711914,14.872159957885742,False,-1,2.6757975220680237,2.0528972148895264,0.5696475505828857,0.10729081848493832,0.8086754522636317,-0.8086754522636317,"StraightLane index=('>>>', '1S0_0_', 0)",True,107.87562561035156,5.5789947509765625e-05,8.39233398552044e-05,"StraightLane index=('>>', '>>>', 0)",True,0.0,True,False,-0.20134440064430237,0.0,0.0,0.0,True,0.0,0.0,0.0,-0.0,0.0,-0.0
36.899385,"[157.91148376464844, 4.49994421005249, 0.0]","[178.69662475585938, 4.5, 0.0]",0.8781108856214803,2.068040132522583,2.0759652191983546,-0.36363601684035185,-0.35950082540512085,20.762390136603095,1.167513608931239,1.1085867881752587,16.262390136603095,-1.1899292469011027,0.8905077576637268,1.7780466079711914,14.872159957885742,False,-1,2.668554365634918,2.068040132522583,0.7451236248016357,0.12264106350450174,0.8960950739902186,-0.8960950739902186,"StraightLane index=('>>>', '1S0_0_', 0)",True,107.89363098144531,5.5789947509765625e-05,9.155273437824319e-05,"StraightLane index=('>>', '>>>', 0)",True,0.0,True,False,-0.20134440064430237,0.0,0.0,0.0,True,0.0,0.0,0.0,-0.0,0.0,-0.0
36.919649,"[157.92918395996094, 4.49994421005249, 0.0]","[178.7386474609375, 4.5, 0.0]",0.8708381652845529,2.085897922515869,2.0951947514214915,-0.36363601684636926,-0.35924261808395386,20.785140991095254,1.1899292469011027,1.1207818984931839,16.285140991095254,-1.2150597572313162,0.8833640217781067,1.7780466079711914,14.872159957885742,False,-1,2.661410629749298,2.085897922515869,0.7451236248016357,0.12264106350450174,0.8960950739902186,-0.8960950739902186,"StraightLane index=('>>>', '1S0_0_', 0)",True,107.91148376464844,5.5789947509765625e-05,9.155273437824319e-05,"StraightLane index=('>>', '>>>', 0)",True,0.0,True,False,-0.20134440064430237,0.0,0.0,0.0,True,0.0,0.0,0.0,-0.0,0.0,-0.0
36.940158,"[157.94674682617188, 4.49994421005249, 0.0]","[178.78118896484375, 4.5, 0.0]",0.8635654449476603,2.1083593368530273,2.1147869956791467,-0.36363601684463176,-0.3587861657142639,20.809463500836397,1.2150597572313162,1.256525516510676,16.309463500836397,-1.244793891905367,0.8762726187705994,1.7780466079711914,14.872159957885742,False,-1,2.6543192267417908,2.1083593368530273,0.7451236248016357,0.12264106350450174,0.8960950739902186,-0.8960950739902186,"StraightLane index=('>>>', '1S0_0_', 0)",True,107.92918395996094,5.5789947509765625e-05,0.00010681152342432076,"StraightLane index=('>>', '>>>', 0)",True,0.0,True,False,-0.20134440064430237,0.0,0.0,0.0,True,0.0,0.0,0.0,-0.0,0.0,-0.0
36.959976,"[157.9641571044922, 4.49994421005249, 0.0]","[178.82449340820312, 4.5, 0.0]",0.8562927246107364,2.1211578845977783,2.1337242608179574,-0.3636360168461972,-0.35257214307785034,20.834442138544084,1.244793891905367,1.4867067337025364,16.334442138544084,-1.264865159987042,0.8661988377571106,1.7780466079711914,14.872159957885742,False,-1,2.644245445728302,2.1211578845977783,0.7451236248016357,0.12264106350450174,0.8960950739902186,-0.8960950739902186,"StraightLane index=('>>>', '1S0_0_', 0)",True,107.94674682617188,5.5789947509765625e-05,9.918212890128198e-05,"StraightLane index=('>>', '>>>', 0)",True,0.0,True,False,-0.20134440064430237,0.0,0.0,0.0,True,0.0,0.0,0.0,-0.0,0.0,-0.0
36.980342,"[157.98143005371094, 4.49994421005249, 0.0]","[178.8672332763672, 4.5, 0.0]",0.849020004273805,2.147042751312256,2.1531606872453763,-0.3636360168465691,-0.35640498995780945,20.860336303583107,1.264865159987042,1.0035634040837516,16.360336303583107,-1.2980227470384509,0.8622710704803467,1.7780466079711914,14.872159957885742,False,-1,2.640317678451538,2.147042751312256,0.7451236248016357,0.12264106350450174,0.8960950739902186,-0.8960950739902186,"StraightLane index=('>>>', '1S0_0_', 0)",True,107.96415710449219,5.5789947509765625e-05,9.918212890128198e-05,"StraightLane index=('>>', '>>>', 0)",True,0.0,True,False,-0.20134440064430237,0.0,0.0,0.0,True,0.0,0.0,0.0,-0.0,0.0,-0.0
36.999863,"[157.99855041503906, 4.49994421005249, 0.0]","[178.90956115722656, 4.5, 0.0]",0.8417472839369031,2.15940260887146,2.171778161083907,-0.3636360168450925,-0.35941699147224426,20.88580322252838,1.2980227470384509,1.657879352570446,16.38580322252838,-1.3176553249345568,0.8548538088798523,1.7780466079711914,14.872159957885742,False,-1,2.6329004168510437,2.15940260887146,0.9136247634887695,0.1423538238761585,0.9988297850836204,-0.9988297850836204,"StraightLane index=('>>>', '1S0_0_', 0)",True,107.98143005371094,5.5789947509765625e-05,9.918212890128198e-05,"StraightLane index=('>>', '>>>', 0)",True,0.0,True,False,-0.20134440064430237,0.0,0.0,0.0,True,0.0,0.0,0.0,-0.0,0.0,-0.0
37.019766,"[158.01553344726562, 4.49994421005249, 0.0]","[178.95291137695312, 4.5, 0.0]",0.834474563600056,2.187706232070923,2.1948767173959403,-0.3636360168423558,-0.36054539680480957,20.91101074205959,1.3176553249345568,0.9816288948052976,16.41101074205959,-1.3532316684708667,0.8475587368011475,2.488741397857666,14.530633926391602,False,-1,3.3363001346588135,2.187706232070923,0.9136247634887695,0.1423538238761585,0.9988297850836204,-0.9988297850836204,"StraightLane index=('>>>', '1S0_0_', 0)",True,107.99855041503906,5.5789947509765625e-05,9.918212890128198e-05,"StraightLane index=('>>', '>>>', 0)",True,0.0,True,False,-0.17055051028728485,0.0,0.0,0.0,True,0.0,0.0,0.0,-0.0,0.0,-0.0
37.040387,"[158.03236389160156, 4.49994421005249, 0.0]","[178.99838256835938, 4.5, 0.0]",0.827201843263216,2.2046959400177,2.2187913377192796,-0.36363601684200053,-0.3609939515590668,20.937377929559553,1.3532316684708667,1.7788171768154948,16.437377929559553,-1.3774940967544842,0.840341329574585,2.488741397857666,14.530633926391602,False,-1,3.329082727432251,2.2046959400177,0.9136247634887695,0.1423538238761585,0.9988297850836204,-0.9988297850836204,"StraightLane index=('>>>', '1S0_0_', 0)",True,108.01553344726562,5.5789947509765625e-05,9.918212890128198e-05,"StraightLane index=('>>', '>>>', 0)",True,0.0,True,False,-0.17055051028728485,0.0,0.0,0.0,True,0.0,0.0,0.0,-0.0,0.0,-0.0
37.060242,"[158.04905700683594, 4.49994421005249, 0.0]","[179.0426025390625, 4.5, 0.0]",0.8199291229264203,2.2343666553497314,2.2418362387531428,-0.36363601683978564,-0.364815890789032,20.966018676604556,1.3774940967544842,1.2131214141808733,16.466018676604556,-1.4144375324233112,0.8327425122261047,2.488741397857666,14.530633926391602,False,-1,3.3214839100837708,2.2343666553497314,0.9136247634887695,0.1423538238761585,0.9988297850836204,-0.9988297850836204,"StraightLane index=('>>>', '1S0_0_', 0)",True,108.03236389160156,5.5789947509765625e-05,0.00011444091794735956,"StraightLane index=('>>', '>>>', 0)",True,0.0,True,False,-0.17055051028728485,0.0,0.0,0.0,True,0.0,0.0,0.0,-0.0,0.0,-0.0
37.080314,"[158.0655975341797, 4.49994421005249, 0.0]","[179.0873565673828, 4.5, 0.0]",0.8126564025896026,2.250981569290161,2.2651013773894855,-0.36363601684088476,-0.366190642118454,20.993545532046483,1.4144375324233112,1.8471717834413481,16.493545532046483,-1.4383251667005585,0.8253117799758911,2.488741397857666,14.530633926391602,False,-1,3.314053177833557,2.250981569290161,0.9136247634887695,0.1423538238761585,0.9988297850836204,-0.9988297850836204,"StraightLane index=('>>>', '1S0_0_', 0)",True,108.04905700683594,5.5789947509765625e-05,0.000129699707044326,"StraightLane index=('>>', '>>>', 0)",True,0.0,True,False,-0.17055051028728485,0.0,0.0,0.0,True,0.0,0.0,0.0,-0.0,0.0,-0.0
37.100004,"[158.08200073242188, 4.49994421005249, 0.0]","[179.13197326660156, 4.5, 0.0]",0.8053836822527275,2.280855178833008,2.287941265488577,-0.3636360168437547,-0.36647045612335205,21.02175903303655,1.4383251667005585,1.1943817138623691,16.52175903303655,-1.4754714965802802,0.8179994821548462,2.488741397857666,14.530633926391602,False,-1,3.306740880012512,2.280855178833008,1.2145256996154785,0.1706268409750844,1.1296833137522666,-1.1296833137522666,"StraightLane index=('>>>', '1S0_0_', 0)",True,108.06559753417969,5.5789947509765625e-05,0.00012207031247039834,"StraightLane index=('>>', '>>>', 0)",True,0.0,True,False,-0.17055051028728485,0.0,0.0,0.0,True,0.0,0.0,0.0,-0.0,0.0,-0.0
37.120687,"[158.09825134277344, 4.49994421005249, 0.0]","[179.17840576171875, 4.5, 0.0]",0.7981109619157921,2.300300359725952,2.316214937008985,-0.36363601684676894,-0.36523014307022095,21.049972534026264,1.4754714965802802,1.8573164939860831,16.549972534026264,-1.50218939781016,0.8108242154121399,2.488741397857666,14.530633926391602,False,-1,3.299565613269806,2.300300359725952,1.2145256996154785,0.1706268409750844,1.1296833137522666,-1.1296833137522666,"StraightLane index=('>>>', '1S0_0_', 0)",True,108.08200073242188,5.5789947509765625e-05,0.00011444091794735956,"StraightLane index=('>>', '>>>', 0)",True,0.0,True,False,-0.17055051028728485,0.0,0.0,0.0,True,0.0,0.0,0.0,-0.0,0.0,-0.0
37.139511,"[158.11436462402344, 4.49994421005249, 0.0]","[179.2242431640625, 4.5, 0.0]",0.7908382415787635,2.33353853225708,2.3419188852670576,-0.3636360168514319,-0.363711953163147,21.080154418791828,1.50218939781016,1.3358950614939857,16.580154418791828,-1.5427002906783165,0.8037297129631042,2.488741397857666,14.530633926391602,False,-1,3.2924711108207703,2.33353853225708,1.2145256996154785,0.1706268409750844,1.1296833137522666,-1.1296833137522666,"StraightLane index=('>>>', '1S0_0_', 0)",True,108.09825134277344,5.5789947509765625e-05,0.00011444091794735956,"StraightLane index=('>>', '>>>', 0)",True,0.0,True,False,-0.17055051028728485,0.0,0.0,0.0,True,0.0,0.0,0.0,-0.0,0.0,-0.0
37.159702,"[158.1303253173828, 4.49994421005249, 0.0]","[179.2723846435547, 4.5, 0.0]",0.7835655212417894,2.354787588119507,2.369513994937131,-0.3636360168487063,-0.3659723699092865,21.109878539885518,1.5427002906783165,2.0255446434078284,16.609878539885518,-1.5712220668777175,0.7962486147880554,2.488741397857666,14.530633926391602,False,-1,3.2849900126457214,2.354787588119507,1.2145256996154785,0.1706268409750844,1.1296833137522666,-1.1296833137522666,"StraightLane index=('>>>', '1S0_0_', 0)",True,108.11436462402344,5.5789947509765625e-05,0.00011444091794735956,"StraightLane index=('>>', '>>>', 0)",True,0.0,True,False,-0.17055051028728485,0.0,0.0,0.0,True,0.0,0.0,0.0,-0.0,0.0,-0.0
37.180364,"[158.14614868164062, 4.49994421005249, 0.0]","[179.3184356689453, 4.5, 0.0]",0.7762928009047481,2.388148069381714,2.3977028064405976,-0.3636360168520647,-0.3616188168525696,21.142059326018266,1.5712220668777175,1.4260888099700497,16.642059326018266,-1.6118552684769658,0.7857403755187988,2.488741397857666,14.530633926391602,False,-1,3.274481773376465,2.388148069381714,1.2145256996154785,0.1706268409750844,1.1296833137522666,-1.1296833137522666,"StraightLane index=('>>>', '1S0_0_', 0)",True,108.13032531738281,5.5789947509765625e-05,0.00011444091794735956,"StraightLane index=('>>', '>>>', 0)",True,0.0,True,False,-0.17055051028728485,0.0,0.0,0.0,True,0.0,0.0,0.0,-0.0,0.0,-0.0
37.199832,"[158.1618194580078, 4.49994421005249, 0.0]","[179.36668395996094, 4.5, 0.0]",0.7690200805678344,2.409451723098755,2.4243259756975535,-0.3636360168456809,-0.365612655878067,21.172286987163893,1.6118552684769658,2.0316600799624163,16.672286987163893,-1.6404316425309204,0.7817052006721497,2.488741397857666,14.530633926391602,False,-1,3.2704465985298157,2.409451723098755,1.2859654426574707,0.19857294737058745,1.2648535150156859,-1.2648535150156859,"StraightLane index=('>>>', '1S0_0_', 0)",True,108.14614868164062,5.5789947509765625e-05,0.00010681152342432076,"StraightLane index=('>>', '>>>', 0)",True,0.0,True,False,-0.17055051028728485,0.0,0.0,0.0,True,0.0,0.0,0.0,-0.0,0.0,-0.0
37.219813,"[158.17735290527344, 4.49994421005249, 0.0]","[179.41485595703125, 4.5, 0.0]",0.7617473602309567,2.445558547973633,2.455522844424358,-0.3636360168438879,-0.36844056844711304,21.204864501812274,1.6404316425309204,1.4288187026977317,16.704864501812274,-1.683811187742676,0.7741233110427856,2.0848817825317383,15.096668243408203,False,-1,2.859005093574524,2.445558547973633,1.2859654426574707,0.19857294737058745,1.2648535150156859,-1.2648535150156859,"StraightLane index=('>>>', '1S0_0_', 0)",True,108.16181945800781,5.5789947509765625e-05,0.00010681152342432076,"StraightLane index=('>>', '>>>', 0)",True,0.0,True,False,-0.17055051028728485,0.0,0.0,0.0,True,0.0,0.0,0.0,-0.0,0.0,-0.0
37.239629,"[158.19273376464844, 4.49994421005249, 0.0]","[179.4649658203125, 4.5, 0.0]",0.7544746398940815,2.4701926708221436,2.4865050915069347,-0.36363601684376023,-0.368889182806015,21.237503051616905,1.683811187742676,2.168977260587779,16.737503051616905,-1.7157180309280622,0.7667219638824463,2.0848817825317383,15.096668243408203,False,-1,2.8516037464141846,2.4701926708221436,1.2859654426574707,0.19857294737058745,1.2648535150156859,-1.2648535150156859,"StraightLane index=('>>>', '1S0_0_', 0)",True,108.17735290527344,5.5789947509765625e-05,0.00010681152342432076,"StraightLane index=('>>', '>>>', 0)",True,0.0,True,False,-0.12923458218574524,0.0,0.0,0.0,True,0.0,0.0,0.0,-0.0,0.0,-0.0
37.259361,"[158.2079620361328, 4.49994421005249, 0.0]","[179.5147705078125, 4.5, 0.0]",0.7472019195571743,2.5079567432403564,2.5173522219422804,-0.36363601684535896,-0.3655846416950226,21.272232055523094,1.7157180309280622,1.5953421592693084,16.772232055523094,-1.760754823683182,0.756052553653717,2.0848817825317383,15.096668243408203,False,-1,2.8409343361854553,2.5079567432403564,1.2859654426574707,0.19857294737058745,1.2648535150156859,-1.2648535150156859,"StraightLane index=('>>>', '1S0_0_', 0)",True,108.19273376464844,5.5789947509765625e-05,0.00010681152342432076,"StraightLane index=('>>', '>>>', 0)",True,0.0,True,False,-0.12923458218574524,0.0,0.0,0.0,True,0.0,0.0,0.0,-0.0,0.0,-0.0
37.28047,"[158.22305297851562, 4.49994421005249, 0.0]","[179.56619262695312, 4.5, 0.0]",0.7399291992202115,2.533412456512451,2.5503225769031936,-0.36363601684814006,-0.3664092719554901,21.30680847153866,1.760754823683182,2.2518396377559924,16.80680847153866,-1.7934832572922397,0.7523102164268494,2.0848817825317383,15.096668243408203,False,-1,2.8371919989585876,2.533412456512451,1.2859654426574707,0.19857294737058745,1.2648535150156859,-1.2648535150156859,"StraightLane index=('>>>', '1S0_0_', 0)",True,108.20796203613281,5.5789947509765625e-05,0.00010681152342432076,"StraightLane index=('>>', '>>>', 0)",True,0.0,True,False,-0.12923458218574524,0.0,0.0,0.0,True,0.0,0.0,0.0,-0.0,0.0,-0.0
37.299839,"[158.2379913330078, 4.49994421005249, 0.0]","[179.6160430908203, 4.5, 0.0]",0.7326564788833015,2.5712063312530518,2.5806136185002497,-0.36363601684549773,-0.3643242120742798,21.343139648296408,1.7934832572922397,1.636421680452882,16.843139648296408,-1.8385498523697503,0.7452545762062073,2.0848817825317383,15.096668243408203,False,-1,2.8301363587379456,2.5712063312530518,1.6175460815429688,0.23532976548753262,1.4303871695278703,-1.4303871695278703,"StraightLane index=('>>>', '1S0_0_', 0)",True,108.22305297851562,5.5789947509765625e-05,0.00010681152342432076,"StraightLane index=('>>', '>>>', 0)",True,0.0,True,False,-0.12923458218574524,0.0,0.0,0.0,True,0.0,0.0,0.0,-0.0,0.0,-0.0
37.32122,"[158.25279235839844, 4.49994421005249, 0.0]","[179.6689453125, 4.5, 0.0]",0.7253837585464096,2.598661184310913,2.617851182781781,-0.36363601684459845,-0.36614498496055603,21.378051757671347,1.8385498523697503,2.2533297538755326,16.878051757671347,-1.8732774257645035,0.7378097772598267,2.0848817825317383,15.096668243408203,False,-1,2.822691559791565,2.598661184310913,1.6175460815429688,0.23532976548753262,1.4303871695278703,-1.4303871695278703,"StraightLane index=('>>>', '1S0_0_', 0)",True,108.23799133300781,5.5789947509765625e-05,0.00010681152342432076,"StraightLane index=('>>', '>>>', 0)",True,0.0,True,False,-0.12923458218574524,0.0,0.0,0.0,True,0.0,0.0,0.0,-0.0,0.0,-0.0
37.340555,"[158.26744079589844, 4.49994421005249, 0.0]","[179.72207641601562, 4.5, 0.0]",0.7181110382094775,2.640038013458252,2.651540503827923,-0.3636360168466024,-0.3613470196723938,21.416152953960342,1.8732774257645035,1.7363786697376593,16.916152953960342,-1.9219269752487744,0.7273479104042053,2.0848817825317383,15.096668243408203,False,-1,2.8122296929359436,2.640038013458252,1.6175460815429688,0.23532976548753262,1.4303871695278703,-1.4303871695278703,"StraightLane index=('>>>', '1S0_0_', 0)",True,108.25279235839844,5.5789947509765625e-05,0.00010681152342432076,"StraightLane index=('>>', '>>>', 0)",True,0.0,True,False,-0.12923458218574524,0.0,0.0,0.0,True,0.0,0.0,0.0,-0.0,0.0,-0.0
37.360288,"[158.28195190429688, 4.49994421005249, 0.0]","[179.7740478515625, 4.5, 0.0]",0.7108383178725132,2.667322874069214,2.685962524548037,-0.3636360168482178,-0.36246469616889954,21.454635619975903,1.9219269752487744,2.4324774742135458,16.954635619975903,-1.9564845561967008,0.7199647426605225,2.0848817825317383,15.096668243408203,False,-1,2.8048465251922607,2.667322874069214,1.6175460815429688,0.23532976548753262,1.4303871695278703,-1.4303871695278703,"StraightLane index=('>>>', '1S0_0_', 0)",True,108.26744079589844,5.5789947509765625e-05,0.00010681152342432076,"StraightLane index=('>>', '>>>', 0)",True,0.0,True,False,-0.12923458218574524,0.0,0.0,0.0,True,0.0,0.0,0.0,-0.0,0.0,-0.0
37.379896,"[158.2963104248047, 4.49994421005249, 0.0]","[179.82713317871094, 4.5, 0.0]",0.7035655975356077,2.7086730003356934,2.720123164955972,-0.3636360168452757,-0.3633280098438263,21.492095947124273,1.9564845561967008,1.727879047396319,16.992095947124273,-2.0051074028000855,0.7162495255470276,2.0848817825317383,15.096668243408203,False,-1,2.801131308078766,2.7086730003356934,1.6175460815429688,0.23532976548753262,1.4303871695278703,-1.4303871695278703,"StraightLane index=('>>>', '1S0_0_', 0)",True,108.28195190429688,5.5789947509765625e-05,0.00010681152342432076,"StraightLane index=('>>', '>>>', 0)",True,0.0,True,False,-0.12923458218574524,0.0,0.0,0.0,True,0.0,0.0,0.0,-0.0,0.0,-0.0
37.399356,"[158.31053161621094, 4.49994421005249, 0.0]","[179.8805389404297, 4.5, 0.0]",0.696292877198664,2.7369019985198975,2.7540253655496136,-0.3636360168471853,-0.36144694685935974,21.53082275376483,2.0051074028000855,2.4311423301692336,17.03082275376483,-2.0406091213212334,0.7092333436012268,2.0848817825317383,15.096668243408203,False,-1,2.794115126132965,2.7369019985198975,1.656956672668457,0.26979027248217535,1.596186201340977,-1.596186201340977,"StraightLane index=('>>>', '1S0_0_', 0)",True,108.29631042480469,5.5789947509765625e-05,0.00010681152342432076,"StraightLane index=('>>', '>>>', 0)",True,0.0,True,False,-0.12923458218574524,0.0,0.0,0.0,True,0.0,0.0,0.0,-0.0,0.0,-0.0
37.419677,"[158.32460021972656, 4.49994421005249, 0.0]","[179.93649291992188, 4.5, 0.0]",0.6890201568616947,2.7805161476135254,2.792389748469597,-0.36363601684846203,-0.3619833290576935,21.570007324077263,2.0406091213212334,1.775085926057396,17.070007324077263,-2.091495990751831,0.6983433961868286,2.0848817825317383,15.096668243408203,False,-1,2.783225178718567,2.7805161476135254,1.656956672668457,0.26979027248217535,1.596186201340977,-1.596186201340977,"StraightLane index=('>>>', '1S0_0_', 0)",True,108.31053161621094,5.5789947509765625e-05,0.00010681152342432076,"StraightLane index=('>>', '>>>', 0)",True,0.0,True,False,-0.12923458218574524,0.0,0.0,0.0,True,0.0,0.0,0.0,-0.0,0.0,-0.0
37.44008,"[158.33853149414062, 4.49994421005249, 0.0]","[179.99342346191406, 4.5, 0.0]",0.6817474365247268,2.811624050140381,2.8309632192845937,-0.3636360168483954,-0.3638436198234558,21.611892700053755,2.091495990751831,2.544343471529875,17.111892700053755,-2.129876613615654,0.6945284008979797,1.959366798400879,14.531068801879883,False,-1,2.6538951992988586,2.811624050140381,1.656956672668457,0.26979027248217535,1.596186201340977,-1.596186201340977,"StraightLane index=('>>>', '1S0_0_', 0)",True,108.32460021972656,5.5789947509765625e-05,0.00010681152342432076,"StraightLane index=('>>', '>>>', 0)",True,0.0,True,False,-0.09623940289020538,0.0,0.0,0.0,True,0.0,0.0,0.0,-0.0,0.0,-0.0
37.459282,"[158.35231018066406, 4.49994421005249, 0.0]","[180.05023193359375, 4.5, 0.0]",0.6744747161877086,2.8559913635253906,2.86720159067163,-0.36363601685091007,-0.3634721636772156,21.654891967631805,2.129876613615654,1.9190311431911633,17.154891967631805,-2.181516647337682,0.687335193157196,1.959366798400879,14.531068801879883,False,-1,2.646701991558075,2.8559913635253906,1.656956672668457,0.26979027248217535,1.596186201340977,-1.596186201340977,"StraightLane index=('>>>', '1S0_0_', 0)",True,108.33853149414062,5.5789947509765625e-05,0.00010681152342432076,"StraightLane index=('>>', '>>>', 0)",True,0.0,True,False,-0.09623940289020538,0.0,0.0,0.0,True,0.0,0.0,0.0,-0.0,0.0,-0.0
37.479667,"[158.36595153808594, 4.49994421005249, 0.0]","[180.10740661621094, 4.5, 0.0]",0.6672019958506795,2.8905937671661377,2.9058138421413493,-0.3636360168514541,-0.3665611147880554,21.69792175278798,2.181516647337682,2.5820016861013873,17.19792175278798,-2.223391771315458,0.6797674894332886,1.959366798400879,14.531068801879883,False,-1,2.6391342878341675,2.8905937671661377,1.656956672668457,0.26979027248217535,1.596186201340977,-1.596186201340977,"StraightLane index=('>>>', '1S0_0_', 0)",True,108.35231018066406,5.5789947509765625e-05,0.00010681152342432076,"StraightLane index=('>>', '>>>', 0)",True,0.0,True,False,-0.09623940289020538,0.0,0.0,0.0,True,0.0,0.0,0.0,-0.0,0.0,-0.0
37.499892,"[158.3794403076172, 4.49994421005249, 0.0]","[180.165771484375, 4.5, 0.0]",0.6599292755137754,2.9293279647827153,2.944076638718066,-0.3636360168452035,-0.3629469573497772,21.741455077983215,2.223391771315458,2.0937561988888076,17.241455077983215,-2.26939868926894,0.6691554188728333,1.959366798400879,14.531068801879883,False,-1,2.628522217273712,2.9293279647827153,1.9242596626281783,0.31016033342594407,1.7852694814507553,-1.7852694814507553,"StraightLane index=('>>>', '1S0_0_', 0)",True,108.36595153808594,5.5789947509765625e-05,0.00010681152342432076,"StraightLane index=('>>', '>>>', 0)",True,0.0,True,False,-0.09623940289020538,0.0,0.0,0.0,True,0.0,0.0,0.0,-0.0,0.0,-0.0
37.520365,"[158.39279174804688, 4.49994421005249, 0.0]","[180.22560119628906, 4.5, 0.0]",0.6526565551768877,2.9687256813049316,2.9849766724739917,-0.3636360168443875,-0.3670763671398163,21.78633117661595,2.26939868926894,2.3003458976740943,17.28633117661595,-2.3160691261280437,0.6650927662849426,1.959366798400879,14.531068801879883,False,-1,2.6244595646858215,2.9687256813049316,1.9242596626281783,0.31016033342594407,1.7852694814507553,-1.7852694814507553,"StraightLane index=('>>>', '1S0_0_', 0)",True,108.37944030761719,5.5789947509765625e-05,0.00010681152342432076,"StraightLane index=('>>', '>>>', 0)",True,0.0,True,False,-0.09623940289020538,0.0,0.0,0.0,True,0.0,0.0,0.0,-0.0,0.0,-0.0
37.540342,"[158.40599060058594, 4.49994421005249, 0.0]","[180.28663635253906, 4.5, 0.0]",0.6453838348400185,3.0087831020355225,3.024889425789692,-0.3636360168434605,-0.3654351532459259,21.832809448100246,2.3160691261280437,2.3335218429551885,17.332809448100246,-2.363399267195504,0.6579495072364807,1.959366798400879,14.531068801879883,False,-1,2.6173163056373596,3.0087831020355225,1.9242596626281783,0.31016033342594407,1.7852694814507553,-1.7852694814507553,"StraightLane index=('>>>', '1S0_0_', 0)",True,108.39279174804688,5.5789947509765625e-05,0.00010681152342432076,"StraightLane index=('>>', '>>>', 0)",True,0.0,True,False,-0.09623940289020538,0.0,0.0,0.0,True,0.0,0.0,0.0,-0.0,0.0,-0.0
37.559401,"[158.41903686523438, 4.49994421005249, 0.0]","[180.34556579589844, 4.5, 0.0]",0.638111114503089,3.0474660396575928,3.062976674420862,-0.36363601684647473,-0.36362001299858093,21.880645751798045,2.363399267195504,2.3665070533730237,17.380645751798045,-2.4093549251545037,0.650883674621582,1.959366798400879,14.531068801879883,False,-1,2.610250473022461,3.0474660396575928,1.9242596626281783,0.31016033342594407,1.7852694814507553,-1.7852694814507553,"StraightLane index=('>>>', '1S0_0_', 0)",True,108.40599060058594,5.5789947509765625e-05,0.00011444091794735956,"StraightLane index=('>>', '>>>', 0)",True,0.0,True,False,-0.09623940289020538,0.0,0.0,0.0,True,0.0,0.0,0.0,-0.0,0.0,-0.0
37.580289,"[158.43194580078125, 4.49994421005249, 0.0]","[180.40672302246094, 4.5, 0.0]",0.6308383941660972,3.087602376937866,3.104692183133841,-0.3636360168495889,-0.36567509174346924,21.92652893050889,2.4093549251545037,2.2977828979499737,17.42652893050889,-2.456763982771769,0.6434271335601807,1.959366798400879,14.531068801879883,False,-1,2.6027939319610596,3.087602376937866,1.9242596626281783,0.31016033342594407,1.7852694814507553,-1.7852694814507553,"StraightLane index=('>>>', '1S0_0_', 0)",True,108.41903686523438,5.5789947509765625e-05,0.00011444091794735956,"StraightLane index=('>>', '>>>', 0)",True,0.0,True,False,-0.09623940289020538,0.0,0.0,0.0,True,0.0,0.0,0.0,-0.0,0.0,-0.0
37.601407,"[158.4447021484375, 4.49994421005249, 0.0]","[180.4689483642578, 4.5, 0.0]",0.6235656738291881,3.128443479537964,3.1467924910052885,-0.3636360168454533,-0.3657434582710266,21.97477722152442,2.456763982771769,2.370452880863261,17.47477722152442,-2.5048778057087757,0.6361232995986938,1.959366798400879,14.531068801879883,False,-1,2.5954900979995728,3.128443479537964,1.9911551475524858,0.3488347302476867,1.9770053039583908,-1.9770053039583908,"StraightLane index=('>>>', '1S0_0_', 0)",True,108.43194580078125,5.5789947509765625e-05,0.00011444091794735956,"StraightLane index=('>>', '>>>', 0)",True,0.0,True,False,-0.09623940289020538,0.0,0.0,0.0,True,0.0,0.0,0.0,-0.0,0.0,-0.0
37.620649,"[158.4573211669922, 4.49994421005249, 0.0]","[180.53311157226562, 4.5, 0.0]",0.6162929534922944,3.169479846954346,3.186486737316494,-0.36363601684468727,-0.36512306332588196,22.024246215664945,2.5048778057087757,2.4056911468503417,17.524246215664945,-2.5531868934620516,0.6289194226264954,1.959366798400879,14.531068801879883,False,-1,2.5882862210273743,3.169479846954346,1.9911551475524858,0.3488347302476867,1.9770053039583908,-1.9770053039583908,"StraightLane index=('>>>', '1S0_0_', 0)",True,108.4447021484375,5.5789947509765625e-05,0.00011444091794735956,"StraightLane index=('>>', '>>>', 0)",True,0.0,True,False,-0.09623940289020538,0.0,0.0,0.0,True,0.0,0.0,0.0,-0.0,0.0,-0.0
37.639723,"[158.46978759765625, 4.49994421005249, 0.0]","[180.5962677001953, 4.5, 0.0]",0.6090202331553946,3.2094316482543945,3.2256740584858536,-0.3636360168449926,-0.36793482303619385,22.075790405117967,2.5531868934620516,2.4154543876637957,17.575790405117967,-2.600411415099,0.6213491559028625,2.736504077911377,14.605857849121094,False,-1,3.3578532338142395,3.2094316482543945,1.9911551475524858,0.3488347302476867,1.9770053039583908,-1.9770053039583908,"StraightLane index=('>>>', '1S0_0_', 0)",True,108.45732116699219,5.5789947509765625e-05,0.00011444091794735956,"StraightLane index=('>>', '>>>', 0)",True,0.0,True,False,-0.06367302685976028,0.0,0.0,0.0,True,0.0,0.0,0.0,-0.0,0.0,-0.0
37.659144,"[158.48211669921875, 4.49994421005249, 0.0]","[180.66085815429688, 4.5, 0.0]",0.6017475128185431,3.250293731689453,3.2655834264102346,-0.3636360168425723,-0.36840271949768066,22.126480102383493,2.600411415099,2.361226081847412,17.626480102383493,-2.64854621887091,0.6139558553695679,2.736504077911377,14.605857849121094,False,-1,3.350459933280945,3.250293731689453,1.9911551475524858,0.3488347302476867,1.9770053039583908,-1.9770053039583908,"StraightLane index=('>>>', '1S0_0_', 0)",True,108.46978759765625,5.5789947509765625e-05,0.00011444091794735956,"StraightLane index=('>>', '>>>', 0)",True,0.0,True,False,-0.06367302685976028,0.0,0.0,0.0,True,0.0,0.0,0.0,-0.0,0.0,-0.0
37.680402,"[158.49429321289062, 4.49994421005249, 0.0]","[180.7276611328125, 4.5, 0.0]",0.5944747924816319,3.292560338973999,3.3092114483329533,-0.3636360168455588,-0.36790409684181213,22.17874145492245,2.64854621887091,2.406740188595502,17.67874145492245,-2.698085546492367,0.6066851019859314,2.736504077911377,14.605857849121094,False,-1,3.3431891798973083,3.292560338973999,1.9911551475524858,0.3488347302476867,1.9770053039583908,-1.9770053039583908,"StraightLane index=('>>>', '1S0_0_', 0)",True,108.48211669921875,5.5789947509765625e-05,0.00011444091794735956,"StraightLane index=('>>', '>>>', 0)",True,0.0,True,False,-0.06367302685976028,0.0,0.0,0.0,True,0.0,0.0,0.0,-0.0,0.0,-0.0
37.700314,"[158.50633239746094, 4.49994421005249, 0.0]","[180.79226684570312, 4.5, 0.0]",0.5872020721447306,3.333430767059326,3.35013463772742,-0.36363601684506475,-0.366023987531662,22.233367919766092,2.698085546492367,2.476966381072865,17.733367919766092,-2.7462286949145955,0.5995515584945679,2.736504077911377,14.605857849121094,False,-1,3.336055636405945,3.333430767059326,2.049872875213623,0.38569680785539484,2.170745459549882,-2.170745459549882,"StraightLane index=('>>>', '1S0_0_', 0)",True,108.49429321289062,5.5789947509765625e-05,0.00011444091794735956,"StraightLane index=('>>', '>>>', 0)",True,0.0,True,False,-0.06367302685976028,0.0,0.0,0.0,True,0.0,0.0,0.0,-0.0,0.0,-0.0
37.71965,"[158.51821899414062, 4.49994421005249, 0.0]","[180.85885620117188, 4.5, 0.0]",0.5799293518078706,3.3737990856170654,3.389845932248883,-0.36363601684299973,-0.36400341987609863,22.285934448086298,2.7462286949145955,2.4071574211114166,17.785934448086298,-2.7938697338091947,0.5924965739250183,2.736504077911377,14.605857849121094,False,-1,3.3290006518363953,3.3737990856170654,2.049872875213623,0.38569680785539484,2.170745459549882,-2.170745459549882,"StraightLane index=('>>>', '1S0_0_', 0)",True,108.50633239746094,5.5789947509765625e-05,0.00011444091794735956,"StraightLane index=('>>', '>>>', 0)",True,0.0,True,False,-0.06367302685976028,0.0,0.0,0.0,True,0.0,0.0,0.0,-0.0,0.0,-0.0
37.739707,"[158.52996826171875, 4.49994421005249, 0.0]","[180.9277801513672, 4.5, 0.0]",0.5726566314709597,3.4148170948028564,3.430988258809281,-0.3636360168455477,-0.3658893406391144,22.34063720687525,2.7938697338091947,2.382051944729957,17.84063720687525,-2.8421604633318966,0.5850510001182556,2.736504077911377,14.605857849121094,False,-1,3.3215550780296326,3.4148170948028564,2.049872875213623,0.38569680785539484,2.170745459549882,-2.170745459549882,"StraightLane index=('>>>', '1S0_0_', 0)",True,108.51821899414062,5.5789947509765625e-05,0.00011444091794735956,"StraightLane index=('>>', '>>>', 0)",True,0.0,True,False,-0.06367302685976028,0.0,0.0,0.0,True,0.0,0.0,0.0,-0.0,0.0,-0.0
37.759176,"[158.54156494140625, 4.49994421005249, 0.0]","[180.99684143066406, 4.5, 0.0]",0.5653839111340867,3.455902576446534,3.471047488575593,-0.3636360168436492,-0.36582455039024353,22.397811889492324,2.8421604633318966,2.4145364761350985,17.897811889492324,-2.8905186653124475,0.5777575969696045,2.736504077911377,14.605857849121094,False,-1,3.3142616748809814,3.455902576446534,2.049872875213623,0.38569680785539484,2.170745459549882,-2.170745459549882,"StraightLane index=('>>>', '1S0_0_', 0)",True,108.52996826171875,5.5789947509765625e-05,0.00011444091794735956,"StraightLane index=('>>', '>>>', 0)",True,0.0,True,False,-0.06367302685976028,0.0,0.0,0.0,True,0.0,0.0,0.0,-0.0,0.0,-0.0
37.78053,"[158.5530242919922, 4.49994421005249, 0.0]","[181.06736755371094, 4.5, 0.0]",0.5581111907971112,3.4978694915771484,3.5147610390878667,-0.3636360168487729,-0.3651047646999359,22.455276489101585,2.8905186653124475,2.4179100990275426,17.955276489101585,-2.939758300780037,0.5705630779266357,2.736504077911377,14.605857849121094,False,-1,3.3070671558380127,3.4978694915771484,2.049872875213623,0.38569680785539484,2.170745459549882,-2.170745459549882,"StraightLane index=('>>>', '1S0_0_', 0)",True,108.54156494140625,5.5789947509765625e-05,0.00011444091794735956,"StraightLane index=('>>', '>>>', 0)",True,0.0,True,False,-0.06367302685976028,0.0,0.0,0.0,True,0.0,0.0,0.0,-0.0,0.0,-0.0
37.800622,"[158.5643310546875, 4.49994421005249, 0.0]","[181.13624572753906, 4.5, 0.0]",0.5508384704601513,3.5388455390930185,3.5561167958575357,-0.36363601684799574,-0.357957661151886,22.514343261562406,2.939758300780037,2.4619817733794847,18.014343261562406,-2.988007068632867,0.5604058504104614,2.736504077911377,14.605857849121094,False,-1,3.2969099283218384,3.5388455390930185,2.054147720336923,0.41902229728164764,2.3612268918930113,-2.3612268918930113,"StraightLane index=('>>>', '1S0_0_', 0)",True,108.55302429199219,5.5789947509765625e-05,0.00011444091794735956,"StraightLane index=('>>', '>>>', 0)",True,0.0,True,False,-0.06367302685976028,0.0,0.0,0.0,True,0.0,0.0,0.0,-0.0,0.0,-0.0
37.821019,"[158.57550048828125, 4.49994421005249, 0.0]","[181.20846557617188, 4.5, 0.0]",0.5435657501231885,3.579357862472534,3.5968900038452523,-0.36363601684814006,-0.3613964915275574,22.571914672695105,2.988007068632867,2.4124383926414916,18.071914672695105,-3.0357921123493457,0.5564655065536499,2.736504077911377,14.605857849121094,False,-1,3.292969584465027,3.579357862472534,2.054147720336923,0.41902229728164764,2.3612268918930113,-2.3612268918930113,"StraightLane index=('>>>', '1S0_0_', 0)",True,108.5643310546875,5.5789947509765625e-05,0.00011444091794735956,"StraightLane index=('>>', '>>>', 0)",True,0.0,True,False,-0.06367302685976028,0.0,0.0,0.0,True,0.0,0.0,0.0,-0.0,0.0,-0.0
37.840698,"[158.58651733398438, 4.49994421005249, 0.0]","[181.2816162109375, 4.5, 0.0]",0.5362930297863082,3.6193509101867676,3.6361899745591613,-0.3636360168440156,-0.36197662353515625,22.632965087734043,3.0357921123493457,2.3892521858239313,18.132965087734043,-3.0830578804004594,0.54557204246521,3.3884739875793457,14.855375289916992,False,-1,3.9340460300445557,3.6193509101867676,2.054147720336923,0.41902229728164764,2.3612268918930113,-2.3612268918930113,"StraightLane index=('>>>', '1S0_0_', 0)",True,108.57550048828125,5.5789947509765625e-05,0.00011444091794735956,"StraightLane index=('>>', '>>>', 0)",True,0.0,True,False,-0.017612308263778687,0.0,0.0,0.0,True,0.0,0.0,0.0,-0.0,0.0,-0.0
37.859517,"[158.59738159179688, 4.49994421005249, 0.0]","[181.3542938232422, 4.5, 0.0]",0.5290203094493404,3.6590781211853027,3.673798086756239,-0.36363601684838986,-0.36384761333465576,22.69509887679642,3.0830578804004594,2.3632884025556855,18.19509887679642,-3.1300578117359623,0.5417560338973999,3.3884739875793457,14.855375289916992,False,-1,3.9302300214767456,3.6590781211853027,2.054147720336923,0.41902229728164764,2.3612268918930113,-2.3612268918930113,"StraightLane index=('>>>', '1S0_0_', 0)",True,108.58651733398438,5.5789947509765625e-05,0.00011444091794735956,"StraightLane index=('>>', '>>>', 0)",True,0.0,True,False,-0.017612308263778687,0.0,0.0,0.0,True,0.0,0.0,0.0,-0.0,0.0,-0.0
37.880325,"[158.6081085205078, 4.49994421005249, 0.0]","[181.427734375, 4.5, 0.0]",0.5217475891123389,3.699231624603272,3.715363667570908,-0.3636360168500774,-0.3634924590587616,22.756912231288485,3.1300578117359623,2.3499965667751477,18.256912231288485,-3.177484035490933,0.5345609188079834,3.3884739875793457,14.855375289916992,False,-1,3.923034906387329,3.699231624603272,2.054147720336923,0.41902229728164764,2.3612268918930113,-2.3612268918930113,"StraightLane index=('>>>', '1S0_0_', 0)",True,108.59738159179688,5.5789947509765625e-05,0.00011444091794735956,"StraightLane index=('>>', '>>>', 0)",True,0.0,True,False,-0.017612308263778687,0.0,0.0,0.0,True,0.0,0.0,0.0,-0.0,0.0,-0.0
37.899781,"[158.61868286132812, 4.49994421005249, 0.0]","[181.5006103515625, 4.5, 0.0]",0.514474868775363,3.742405652999878,3.75424139492689,-0.3636360168487951,-0.36528733372688293,22.81962585434853,3.177484035490933,2.371311187748537,18.31962585434853,-3.227930784224515,0.5234625935554504,3.3884739875793457,14.855375289916992,False,-1,3.911936581134796,3.742405652999878,2.0356011390685946,0.4483661074208837,2.5465211171668187,-2.5465211171668187,"StraightLane index=('>>>', '1S0_0_', 0)",True,108.60810852050781,5.5789947509765625e-05,0.00010681152342432076,"StraightLane index=('>>', '>>>', 0)",True,0.0,True,False,-0.017612308263778687,0.0,0.0,0.0,True,0.0,0.0,0.0,-0.0,0.0,-0.0
37.920268,"[158.62911987304688, 4.49994421005249, 0.0]","[181.57476806640625, 4.5, 0.0]",0.5072021484384428,3.773402452468872,3.792900304528118,-0.36363601684600844,-0.3673454523086548,22.88192749009061,3.227930784224515,2.5223374366790896,18.38192749009061,-3.2662003040304293,0.5195938348770142,3.3884739875793457,14.855375289916992,False,-1,3.90806782245636,3.773402452468872,2.0356011390685946,0.4483661074208837,2.5465211171668187,-2.5465211171668187,"StraightLane index=('>>>', '1S0_0_', 0)",True,108.61868286132812,5.5789947509765625e-05,0.00010681152342432076,"StraightLane index=('>>', '>>>', 0)",True,0.0,True,False,-0.017612308263778687,0.0,0.0,0.0,True,0.0,0.0,0.0,-0.0,0.0,-0.0
37.940923,"[158.639404296875, 4.49994421005249, 0.0]","[181.65390014648438, 4.5, 0.0]",0.4999294281015328,3.818946599960327,3.8319408655858904,-0.3636360168455005,-0.36450228095054626,22.945648193215497,3.2662003040304293,1.913475990295721,18.445648193215497,-3.3190171718587944,0.5089176297187805,3.3884739875793457,14.855375289916992,False,-1,3.897391617298126,3.818946599960327,2.0356011390685946,0.4483661074208837,2.5465211171668187,-2.5465211171668187,"StraightLane index=('>>>', '1S0_0_', 0)",True,108.62911987304688,5.5789947509765625e-05,0.00010681152342432076,"StraightLane index=('>>', '>>>', 0)",True,0.0,True,False,-0.017612308263778687,0.0,0.0,0.0,True,0.0,0.0,0.0,-0.0,0.0,-0.0
37.95944,"[158.64955139160156, 4.49994421005249, 0.0]","[181.72824096679688, 4.5, 0.0]",0.4926567077646224,3.848801374435425,3.8670946860603186,-0.36363601684551994,-0.36547181010246277,23.01449584946538,3.3190171718587944,2.640843391418257,18.51449584946538,-3.3561446666708026,0.5051709413528442,3.3884739875793457,14.855375289916992,False,-1,3.89364492893219,3.848801374435425,2.0356011390685946,0.4483661074208837,2.5465211171668187,-2.5465211171668187,"StraightLane index=('>>>', '1S0_0_', 0)",True,108.639404296875,5.5789947509765625e-05,0.00010681152342432076,"StraightLane index=('>>', '>>>', 0)",True,0.0,True,False,-0.017612308263778687,0.0,0.0,0.0,True,0.0,0.0,0.0,-0.0,0.0,-0.0
37.980411,"[158.6595458984375, 4.49994421005249, 0.0]","[181.80758666992188, 4.5, 0.0]",0.48538398742774796,3.894453763961792,3.906726307553839,-0.3636360168437214,-0.36365363001823425,23.078689575051204,3.3561446666708026,1.8563747406004083,18.578689575051204,-3.409069776534044,0.49810469150543213,3.3884739875793457,14.855375289916992,False,-1,3.886578679084778,3.894453763961792,2.0356011390685946,0.4483661074208837,2.5465211171668187,-2.5465211171668187,"StraightLane index=('>>>', '1S0_0_', 0)",True,108.64955139160156,5.5789947509765625e-05,0.00010681152342432076,"StraightLane index=('>>', '>>>', 0)",True,0.0,True,False,-0.017612308263778687,0.0,0.0,0.0,True,0.0,0.0,0.0,-0.0,0.0,-0.0
37.999993,"[158.66940307617188, 4.49994421005249, 0.0]","[181.88438415527344, 4.5, 0.0]",0.4781112670908414,3.925513505935669,3.9437632415709554,-0.3636360168453284,-0.36570456624031067,23.148040771340145,3.409069776534044,2.646255493162064,18.648040771340145,-3.4474022388448278,0.49064791202545166,3.3884739875793457,14.855375289916992,False,-1,3.8791218996047974,3.925513505935669,1.8310785293579102,0.46761724520632214,2.7084287004554604,-2.7084287004554604,"StraightLane index=('>>>', '1S0_0_', 0)",True,108.6595458984375,5.5789947509765625e-05,0.00010681152342432076,"StraightLane index=('>>', '>>>', 0)",True,0.0,True,False,-0.017612308263778687,0.0,0.0,0.0,True,0.0,0.0,0.0,-0.0,0.0,-0.0
38.020615,"[158.67910766601562, 4.49994421005249, 0.0]","[181.9643096923828, 4.5, 0.0]",0.47083854675395514,3.968106269836426,3.9796831979610023,-0.36363601684431257,-0.3657681345939636,23.21498107895722,3.4474022388448278,1.9166231155391955,18.71498107895722,-3.4972677230824707,0.48334404826164246,5.022288799285889,16.76441192626953,False,-1,5.505632847547531,3.968106269836426,1.8310785293579102,0.46761724520632214,2.7084287004554604,-2.7084287004554604,"StraightLane index=('>>>', '1S0_0_', 0)",True,108.66940307617188,5.5789947509765625e-05,0.00010681152342432076,"StraightLane index=('>>', '>>>', 0)",True,0.0,True,False,-0.017612308263778687,0.0,0.0,0.0,True,0.0,0.0,0.0,-0.0,0.0,-0.0
38.040275,"[158.6886749267578, 4.49994421005249, 0.0]","[182.0448760986328, 4.5, 0.0]",0.46356582641707544,3.996258497238159,4.013928365915885,-0.36363601684398505,-0.36242571473121643,23.28520202622272,3.4972677230824707,2.493274211882146,18.78520202622272,-3.532692670821084,0.47277379035949707,5.022288799285889,16.76441192626953,False,-1,5.495062589645386,3.996258497238159,1.8310785293579102,0.46761724520632214,2.7084287004554604,-2.7084287004554604,"StraightLane index=('>>>', '1S0_0_', 0)",True,108.67910766601562,5.5789947509765625e-05,0.00010681152342432076,"StraightLane index=('>>', '>>>', 0)",True,0.0,True,False,0.03384220600128174,0.0,0.0,0.0,True,0.0,0.0,0.0,-0.0,0.0,-0.0
38.05958,"[158.69808959960938, 4.49994421005249, 0.0]","[182.12490844726562, 4.5, 0.0]",0.4562931060800849,4.037515163421631,4.047575210871627,-0.36363601684952784,-0.36334094405174255,23.35620117173041,3.532692670821084,1.7712473869306633,18.85620117173041,-3.581222057341546,0.4690535366535187,5.022288799285889,16.76441192626953,False,-1,5.491342335939407,4.037515163421631,1.8310785293579102,0.46761724520632214,2.7084287004554604,-2.7084287004554604,"StraightLane index=('>>>', '1S0_0_', 0)",True,108.68867492675781,5.5789947509765625e-05,0.00010681152342432076,"StraightLane index=('>>', '>>>', 0)",True,0.0,True,False,0.03384220600128174,0.0,0.0,0.0,True,0.0,0.0,0.0,-0.0,0.0,-0.0
38.082048,"[158.70736694335938, 4.49994421005249, 0.0]","[182.20497131347656, 4.5, 0.0]",0.4490203857431397,4.065445899963379,4.086626866943538,-0.3636360168472602,-0.36153915524482727,23.426818847511537,3.581222057341546,2.4264693260231063,18.926818847511537,-3.6164255142202393,0.46202829480171204,5.022288799285889,16.76441192626953,False,-1,5.484317094087601,4.065445899963379,1.8310785293579102,0.46761724520632214,2.7084287004554604,-2.7084287004554604,"StraightLane index=('>>>', '1S0_0_', 0)",True,108.69808959960938,5.5789947509765625e-05,0.00010681152342432076,"StraightLane index=('>>', '>>>', 0)",True,0.0,True,False,0.03384220600128174,0.0,0.0,0.0,True,0.0,0.0,0.0,-0.0,0.0,-0.0
38.099382,"[158.71649169921875, 4.49994421005249, 0.0]","[182.28421020507812, 4.5, 0.0]",0.44174766540617866,4.106359958648682,4.11690589631231,-0.36363601684805125,-0.36373043060302734,23.49760436997235,3.6164255142202393,1.7601728439346598,18.99760436997235,-3.664612293242503,0.4545985162258148,5.022288799285889,16.76441192626953,False,-1,5.4768873155117035,4.106359958648682,1.808464527130127,0.4841517791352444,2.8661497697428717,-2.8661497697428717,"StraightLane index=('>>>', '1S0_0_', 0)",True,108.70736694335938,5.5789947509765625e-05,0.00010681152342432076,"StraightLane index=('>>', '>>>', 0)",True,0.0,True,False,0.03384220600128174,0.0,0.0,0.0,True,0.0,0.0,0.0,-0.0,0.0,-0.0
38.119684,"[158.72547912597656, 4.49994421005249, 0.0]","[182.36729431152344, 4.5, 0.0]",0.43447494506915985,4.132223129272461,4.148686982493833,-0.3636360168509406,-0.36401379108428955,23.567718505700928,3.664612293242503,2.4093389511131935,19.067718505700928,-3.6977481842033013,0.44731006026268005,5.022288799285889,16.76441192626953,False,-1,5.469598859548569,4.132223129272461,1.808464527130127,0.4841517791352444,2.8661497697428717,-2.8661497697428717,"StraightLane index=('>>>', '1S0_0_', 0)",True,108.71649169921875,5.5789947509765625e-05,0.00011444091794735956,"StraightLane index=('>>', '>>>', 0)",True,0.0,True,False,0.03384220600128174,0.0,0.0,0.0,True,0.0,0.0,0.0,-0.0,0.0,-0.0
38.140108,"[158.73431396484375, 4.49994421005249, 0.0]","[182.45108032226562, 4.5, 0.0]",0.4272022247321922,4.170079231262207,4.180615480861204,-0.36363601684838154,-0.3636513352394104,23.641815185388282,3.6977481842033013,1.6567945480399082,19.141815185388282,-3.7428770065300148,0.440112441778183,5.022288799285889,16.76441192626953,False,-1,5.462401241064072,4.170079231262207,1.808464527130127,0.4841517791352444,2.8661497697428717,-2.8661497697428717,"StraightLane index=('>>>', '1S0_0_', 0)",True,108.72547912597656,5.5789947509765625e-05,0.00011444091794735956,"StraightLane index=('>>', '>>>', 0)",True,0.0,True,False,0.03384220600128174,0.0,0.0,0.0,True,0.0,0.0,0.0,-0.0,0.0,-0.0
38.159071,"[158.7429962158203, 4.49994421005249, 0.0]","[182.5347442626953, 4.5, 0.0]",0.4199295043952166,4.194558620452882,4.2102519644402046,-0.3636360168487812,-0.3667357265949249,23.716766357263133,3.7428770065300148,2.2564411163356723,19.216766357263133,-3.7746291160576653,0.4325416386127472,5.022288799285889,16.76441192626953,False,-1,5.454830437898636,4.194558620452882,1.808464527130127,0.4841517791352444,2.8661497697428717,-2.8661497697428717,"StraightLane index=('>>>', '1S0_0_', 0)",True,108.73431396484375,5.5789947509765625e-05,0.00011444091794735956,"StraightLane index=('>>', '>>>', 0)",True,0.0,True,False,0.03384220600128174,0.0,0.0,0.0,True,0.0,0.0,0.0,-0.0,0.0,-0.0
38.179725,"[158.7515411376953, 4.49994421005249, 0.0]","[182.61878967285156, 4.5, 0.0]",0.41265678405824346,4.232508182525635,4.242466624341191,-0.3636360168486563,-0.3750837743282318,23.79174804671611,3.7746291160576653,1.5876054763825254,19.29174804671611,-3.8198513984673914,0.42425215244293213,5.022288799285889,16.76441192626953,False,-1,5.446540951728821,4.232508182525635,1.808464527130127,0.4841517791352444,2.8661497697428717,-2.8661497697428717,"StraightLane index=('>>>', '1S0_0_', 0)",True,108.74299621582031,5.5789947509765625e-05,0.00011444091794735956,"StraightLane index=('>>', '>>>', 0)",True,0.0,True,False,0.03384220600128174,0.0,0.0,0.0,True,0.0,0.0,0.0,-0.0,0.0,-0.0
38.200564,"[158.7599334716797, 4.49994421005249, 0.0]","[182.7028045654297, 4.5, 0.0]",0.4053840637213396,4.257116794586182,4.274911562893827,-0.3636360168451924,-0.37200576066970825,23.867248534997206,3.8198513984673914,2.261114120486307,19.367248534997206,-3.851732730864842,0.41713187098503113,5.022288799285889,16.76441192626953,False,-1,5.43942067027092,4.257116794586182,1.507568359375,0.4885014937998449,2.9921277688619923,-2.9921277688619923,"StraightLane index=('>>>', '1S0_0_', 0)",True,108.75154113769531,5.5789947509765625e-05,0.00011444091794735956,"StraightLane index=('>>', '>>>', 0)",True,0.0,True,False,0.03384220600128174,0.0,0.0,0.0,True,0.0,0.0,0.0,-0.0,0.0,-0.0
38.220637,"[158.7681884765625, 4.49994421005249, 0.0]","[182.79022216796875, 4.5, 0.0]",0.3981113433844418,4.292841911315918,4.302257126570095,-0.3636360168448899,-0.3618338406085968,23.942871093590806,3.851732730864842,1.5940666198725362,19.442871093590806,-3.894730567931476,0.40711674094200134,5.515251636505127,18.180051803588867,False,-1,5.922368377447128,4.292841911315918,1.507568359375,0.4885014937998449,2.9921277688619923,-2.9921277688619923,"StraightLane index=('>>>', '1S0_0_', 0)",True,108.75993347167969,5.5789947509765625e-05,0.00011444091794735956,"StraightLane index=('>>', '>>>', 0)",True,0.0,True,False,0.03384220600128174,0.0,0.0,0.0,True,0.0,0.0,0.0,-0.0,0.0,-0.0
38.239809,"[158.7762908935547, 4.49994421005249, 0.0]","[182.8759307861328, 4.5, 0.0]",0.3908386230475391,4.313076972961426,4.3284109798466375,-0.3636360168451369,-0.3644242584705353,24.022033691246897,3.894730567931476,2.149891853331698,19.522033691246897,-3.922238349913887,0.4032266438007355,5.515251636505127,18.180051803588867,False,-1,5.918478280305862,4.313076972961426,1.507568359375,0.4885014937998449,2.9921277688619923,-2.9921277688619923,"StraightLane index=('>>>', '1S0_0_', 0)",True,108.7681884765625,5.5789947509765625e-05,0.00011444091794735956,"StraightLane index=('>>', '>>>', 0)",True,0.0,True,False,0.09594439715147018,0.0,0.0,0.0,True,0.0,0.0,0.0,-0.0,0.0,-0.0
38.260009,"[158.7842559814453, 4.49994421005249, 0.0]","[182.96453857421875, 4.5, 0.0]",0.3835659027106305,4.347559452056885,4.355947814697925,-0.36363601684542834,-0.3651488125324249,24.09963989241862,3.922238349913887,1.3753890991205386,19.59963989241862,-3.963993549346254,0.39590081572532654,5.515251636505127,18.180051803588867,False,-1,5.9111524522304535,4.347559452056885,1.507568359375,0.4885014937998449,2.9921277688619923,-2.9921277688619923,"StraightLane index=('>>>', '1S0_0_', 0)",True,108.77629089355469,5.5789947509765625e-05,0.00011444091794735956,"StraightLane index=('>>', '>>>', 0)",True,0.0,True,False,0.09594439715147018,0.0,0.0,0.0,True,0.0,0.0,0.0,-0.0,0.0,-0.0
38.280014,"[158.7920684814453, 4.49994421005249, 0.0]","[183.04991149902344, 4.5, 0.0]",0.3762931823737204,4.36768913269043,4.383213208095086,-0.36363601684550606,-0.36430466175079346,24.18028259261377,3.963993549346254,2.0877599716183637,19.68028259261377,-3.991395950316709,0.38870832324028015,5.515251636505127,18.180051803588867,False,-1,5.903959959745407,4.36768913269043,1.507568359375,0.4885014937998449,2.9921277688619923,-2.9921277688619923,"StraightLane index=('>>>', '1S0_0_', 0)",True,108.78425598144531,5.5789947509765625e-05,0.00011444091794735956,"StraightLane index=('>>', '>>>', 0)",True,0.0,True,False,0.09594439715147018,0.0,0.0,0.0,True,0.0,0.0,0.0,-0.0,0.0,-0.0
38.300025,"[158.79974365234375, 4.49994421005249, 0.0]","[183.13809204101562, 4.5, 0.0]",0.36902046203680433,4.40203332901001,4.410470874361371,-0.36363601684580305,-0.36024001240730286,24.257843017418303,3.991395950316709,1.3701200485227494,19.757843017418303,-4.0330128669732055,0.37826645374298096,5.515251636505127,18.180051803588867,False,-1,5.893518090248108,4.40203332901001,1.4491653442382812,0.49037213146820025,3.111830495000784,-3.111830495000784,"StraightLane index=('>>>', '1S0_0_', 0)",True,108.79206848144531,5.5789947509765625e-05,0.00011444091794735956,"StraightLane index=('>>', '>>>', 0)",True,0.0,True,False,0.09594439715147018,0.0,0.0,0.0,True,0.0,0.0,0.0,-0.0,0.0,-0.0
38.319904,"[158.80726623535156, 4.49994421005249, 0.0]","[183.2248992919922, 4.5, 0.0]",0.3617477416998767,4.419299602508545,4.433460751528995,-0.36363601684638036,-0.36415910720825195,24.338348388511893,4.0330128669732055,2.080845832824818,19.838348388511893,-4.057551860808668,0.37059634923934937,5.515251636505127,18.180051803588867,False,-1,5.885847985744476,4.419299602508545,1.4491653442382812,0.49037213146820025,3.111830495000784,-3.111830495000784,"StraightLane index=('>>>', '1S0_0_', 0)",True,108.79974365234375,5.5789947509765625e-05,0.00011444091794735956,"StraightLane index=('>>', '>>>', 0)",True,0.0,True,False,0.09594439715147018,0.0,0.0,0.0,True,0.0,0.0,0.0,-0.0,0.0,-0.0
38.340515,"[158.8146514892578, 4.49994421005249, 0.0]","[183.31642150878906, 4.5, 0.0]",0.35447502136294873,4.449641227722168,4.45726687682248,-0.3636360168463998,-0.366070419549942,24.417633056480483,4.057551860808668,1.226949691773127,19.917633056480483,-4.095166206359219,0.3667542338371277,5.515251636505127,18.180051803588867,False,-1,5.882005870342255,4.449641227722168,1.4491653442382812,0.49037213146820025,3.111830495000784,-3.111830495000784,"StraightLane index=('>>>', '1S0_0_', 0)",True,108.80726623535156,5.5789947509765625e-05,0.00011444091794735956,"StraightLane index=('>>', '>>>', 0)",True,0.0,True,False,0.09594439715147018,0.0,0.0,0.0,True,0.0,0.0,0.0,-0.0,0.0,-0.0
38.359984,"[158.82188415527344, 4.49994421005249, 0.0]","[183.4053497314453, 4.5, 0.0]",0.3472023010260179,4.465982437133789,4.479800358249599,-0.36363601684654134,-0.3656730353832245,24.50177001937094,4.095166206359219,1.880717277527566,20.00177001937094,-4.118780136107771,0.3595191538333893,5.515251636505127,18.180051803588867,False,-1,5.874770790338516,4.465982437133789,1.4491653442382812,0.49037213146820025,3.111830495000784,-3.111830495000784,"StraightLane index=('>>>', '1S0_0_', 0)",True,108.81465148925781,5.5789947509765625e-05,0.00011444091794735956,"StraightLane index=('>>', '>>>', 0)",True,0.0,True,False,0.09594439715147018,0.0,0.0,0.0,True,0.0,0.0,0.0,-0.0,0.0,-0.0
38.379717,"[158.8289794921875, 4.49994421005249, 0.0]","[183.49278259277344, 4.5, 0.0]",0.33992958068908286,4.495271682739258,4.502597541803752,-0.3636360168467523,-0.36400049924850464,24.583465576011402,4.118780136107771,1.1806964874276016,20.083465576011402,-4.155342102050175,0.3524075746536255,5.515251636505127,18.180051803588867,False,-1,5.867659211158752,4.495271682739258,1.4491653442382812,0.49037213146820025,3.111830495000784,-3.111830495000784,"StraightLane index=('>>>', '1S0_0_', 0)",True,108.82188415527344,5.5789947509765625e-05,0.00011444091794735956,"StraightLane index=('>>', '>>>', 0)",True,0.0,True,False,0.09594439715147018,0.0,0.0,0.0,True,0.0,0.0,0.0,-0.0,0.0,-0.0
38.399639,"[158.83592224121094, 4.49994421005249, 0.0]","[183.5822296142578, 4.5, 0.0]",0.3326568603521571,4.515077590942383,4.525634071664677,-0.36363601684628877,-0.3622504770755768,24.663803100425305,4.155342102050175,1.828098297120162,20.163803100425305,-4.182420730590226,0.3453633785247803,5.515251636505127,18.180051803588867,False,-1,5.860615015029907,4.515077590942383,1.1304426193237305,0.4809004099977108,3.1994738848813578,-3.1994738848813578,"StraightLane index=('>>>', '1S0_0_', 0)",True,108.8289794921875,5.5789947509765625e-05,0.00011444091794735956,"StraightLane index=('>>', '>>>', 0)",True,0.0,True,False,0.09594439715147018,0.0,0.0,0.0,True,0.0,0.0,0.0,-0.0,0.0,-0.0
38.419846,"[158.8427276611328, 4.49994421005249, 0.0]","[183.67315673828125, 4.5, 0.0]",0.32538414001529825,4.5355024337768555,4.544952966646682,-0.36363601684294145,-0.3628276288509369,24.74630737288608,4.182420730590226,1.3539314270025748,20.24630737288608,-4.210118293761557,0.3344443142414093,5.515251636505127,18.180051803588867,False,-1,5.849695950746536,4.5355024337768555,1.1304426193237305,0.4809004099977108,3.1994738848813578,-3.1994738848813578,"StraightLane index=('>>>', '1S0_0_', 0)",True,108.83592224121094,5.5789947509765625e-05,0.00011444091794735956,"StraightLane index=('>>', '>>>', 0)",True,0.0,True,False,0.09594439715147018,0.0,0.0,0.0,True,0.0,0.0,0.0,-0.0,0.0,-0.0
38.440074,"[158.84938049316406, 4.49994421005249, 0.0]","[183.76466369628906, 4.5, 0.0]",0.3298028707511574,4.554568767547607,4.564227028569422,0.22093653679295666,-0.364670991897583,24.83042907698747,4.210118293761557,1.3848781585665382,20.33042907698747,-4.22476589679645,0.3306226432323456,4.155342102050781,24.663803100585938,True,0,4.485964745283127,4.554568767547607,1.1304426193237305,0.4809004099977108,3.1994738848813578,-0.49850156623206576,"StraightLane index=('>>>', '1S0_0_', 0)",True,108.84272766113281,5.5789947509765625e-05,0.00011444091794735956,"StraightLane index=('>>', '>>>', 0)",True,0.0,True,False,0.15575504302978516,2.700972318649292,0.0,2.0,True,0.0,0.0,0.08,0.0,0.08,0.0
38.460166,"[158.8558807373047, 4.49994421005249, 0.0]","[183.85787963867188, 4.5, 0.0]",0.3386402130134298,4.573992252349854,4.583386596100504,0.4418671131136198,-0.3642347753047943,24.915283202963867,4.22476589679645,0.7323801517446604,20.415283202963867,-4.235352039336425,0.323419988155365,4.155342102050781,24.663803100585938,True,0,4.478762090206146,4.573992252349854,1.1304426193237305,0.4809004099977108,3.1994738848813578,-0.49850156623206576,"StraightLane index=('>>>', '1S0_0_', 0)",True,108.84938049316406,5.5789947509765625e-05,0.00011444091794735956,"StraightLane index=('>>', '>>>', 0)",True,0.0,True,False,0.15575504302978516,2.700972318649292,0.0,2.0,True,0.0,0.0,0.16,0.0,0.16,0.0
38.480278,"[158.8624725341797, 4.49994421005249, 0.0]","[183.9497528076172, 4.5, 0.0]",0.35189628601149026,4.5931339263916025,4.602528145248751,0.6628036499030238,-0.34418609738349915,25.00199890120588,4.235352039336425,0.5293071269987237,20.50199890120588,-4.241237640380112,0.3182646632194519,4.155342102050781,24.663803100585938,True,0,4.473606765270233,4.5931339263916025,1.1304426193237305,0.4809004099977108,3.1994738848813578,-0.49850156623206576,"StraightLane index=('>>>', '1S0_0_', 0)",True,108.85588073730469,5.5789947509765625e-05,0.00011444091794735956,"StraightLane index=('>>', '>>>', 0)",True,0.0,True,False,0.15575504302978516,2.700972318649292,0.0,2.0,True,0.0,0.0,0.24000000000000002,0.0,0.24000000000000002,0.0
38.499293,"[158.86924743652344, 4.49994421005249, 0.0]","[184.0387420654297, 4.5, 0.0]",0.36957108974532454,4.611677169799805,4.620670775072777,0.8837401866917144,-0.28741025924682617,25.087280273316324,4.241237640380112,0.29428005218439246,20.587280273316324,-4.24210608005448,0.3175407946109772,4.155342102050781,24.663803100585938,True,0,4.472882896661758,4.611677169799805,0.9659957885742188,0.46662022159803734,3.22398917363345,-0.5230168549841578,"StraightLane index=('>>>', '1S0_0_', 0)",True,108.86247253417969,5.5789947509765625e-05,9.155273437824319e-05,"StraightLane index=('>>', '>>>', 0)",True,0.0,True,False,0.15575504302978516,2.700972318649292,0.0,2.0,True,0.0,0.0,0.32,0.0,0.32,0.0
38.519488,"[158.87628173828125, 4.49994421005249, 0.0]","[184.1315460205078, 4.5, 0.0]",0.39166462421497694,4.628233909606934,4.63621778988135,1.1046767234826198,-0.19491784274578094,25.16949462874461,4.24210608005448,0.04342198371838357,20.66949462874461,-4.2365692853919565,0.321849524974823,4.155342102050781,24.663803100585938,True,0,4.477191627025604,4.628233909606934,0.9659957885742188,0.46662022159803734,3.22398917363345,-0.5230168549841578,"StraightLane index=('>>>', '1S0_0_', 0)",True,108.86924743652344,5.5789947509765625e-05,0.00011444091794735956,"StraightLane index=('>>', '>>>', 0)",True,0.0,True,False,0.15575504302978516,2.700972318649292,0.0,2.0,True,0.0,0.0,0.39999999999999997,0.0,0.39999999999999997,0.0
38.539557,"[158.8836669921875, 4.49994421005249, 0.0]","[184.22482299804688, 4.5, 0.0]",0.4181767702110793,4.643529415130615,4.651547420100378,1.3256072998051176,-0.007423466071486473,25.25526428206475,4.2365692853919565,-0.2768397331261774,20.75526428206475,-4.2253526449195355,0.3374297320842743,4.241237640380859,25.0872802734375,True,0,4.578667372465134,4.643529415130615,0.9659957885742188,0.46662022159803734,3.22398917363345,-0.5262231080359157,"StraightLane index=('>>>', '1S0_0_', 0)",True,108.87628173828125,5.5789947509765625e-05,0.00011444091794735956,"StraightLane index=('>>', '>>>', 0)",True,0.0,True,False,0.15575504302978516,2.697766065597534,0.0,2.0,True,0.0,0.0,0.4799999999999999,0.0,0.4799999999999999,0.0
38.559625,"[158.89149475097656, 4.49994421005249, 0.0]","[184.31800842285156, 4.5, 0.0]",0.4491076469430869,4.658807277679443,4.666888710457901,1.5465438366003808,0.08256952464580536,25.341156005711337,4.2253526449195355,-0.5608320236210496,20.841156005711337,-4.209699630736356,0.3467960059642792,4.241237640380859,25.0872802734375,True,0,4.5880336463451385,4.658807277679443,0.9659957885742188,0.46662022159803734,3.22398917363345,-0.5262231080359157,"StraightLane index=('>>>', '1S0_0_', 0)",True,108.8836669921875,5.5789947509765625e-05,0.00010681152342432076,"StraightLane index=('>>', '>>>', 0)",True,0.0,True,False,0.15575504302978516,2.697766065597534,0.0,2.0,True,0.0,0.0,0.5599999999999999,0.0,0.5599999999999999,0.0
38.580741,"[158.8998565673828, 4.49994421005249, 0.0]","[184.41160583496094, 4.5, 0.0]",0.48445725441082654,4.674154281616211,4.683007525933743,1.7674803733869815,0.2632346749305725,25.426513671712847,4.209699630736356,-0.7826507091589718,20.926513671712847,-4.189697027205384,0.3681441843509674,4.241237640380859,25.0872802734375,True,0,4.609381824731827,4.674154281616211,0.9659957885742188,0.46662022159803734,3.22398917363345,-0.5262231080359157,"StraightLane index=('>>>', '1S0_0_', 0)",True,108.89149475097656,5.5789947509765625e-05,0.00011444091794735956,"StraightLane index=('>>', '>>>', 0)",True,0.0,True,False,0.15575504302978516,2.697766065597534,0.0,2.0,True,0.0,0.0,0.64,0.0,0.64,0.0
38.599979,"[158.90884399414062, 4.49994421005249, 0.0]","[184.50633239746094, 4.5, 0.0]",0.5242254734050743,4.689686298370361,4.69770738207224,1.988410949712388,0.4649909734725952,25.5117492674158,4.189697027205384,-1.000130176548586,21.0117492674158,-4.165460824965287,0.39542484283447266,4.241237640380859,25.0872802734375,True,0,4.636662483215332,4.689686298370361,0.7800912857055664,0.44726139443792845,3.1548109306653647,-0.4570448650678305,"StraightLane index=('>>>', '1S0_0_', 0)",True,108.89985656738281,5.5789947509765625e-05,0.00011444091794735956,"StraightLane index=('>>', '>>>', 0)",True,0.0,True,False,0.15575504302978516,2.697766065597534,0.0,2.0,True,0.0,0.0,0.7200000000000001,0.0,0.7200000000000001,0.0
38.61976,"[158.9185333251953, 4.49994421005249, 0.0]","[184.59860229492188, 4.5, 0.0]",0.5684125423444448,4.702441215515137,4.709530953227728,2.209353446968526,0.7697955965995789,25.59748840315782,4.165460824965287,-1.2118101120048852,21.09748840315782,-4.1340286731706914,0.44438430666923523,4.241237640380859,25.0872802734375,True,0,4.685621947050095,4.702441215515137,0.7800912857055664,0.44726139443792845,3.1548109306653647,-0.4570448650678305,"StraightLane index=('>>>', '1S0_0_', 0)",True,108.90884399414062,5.5789947509765625e-05,0.00011444091794735956,"StraightLane index=('>>', '>>>', 0)",True,0.0,True,False,0.15575504302978516,2.697766065597534,0.0,2.0,True,0.0,0.0,0.8000000000000002,0.0,0.8000000000000002,0.0
38.639767,"[158.92901611328125, 4.49994421005249, 0.0]","[184.69317626953125, 4.5, 0.0]",0.6170182228102946,4.714424133300781,4.721513335450039,2.430284023292489,0.9035576581954956,25.680068969534474,4.1340286731706914,-1.5716075897297621,21.180068969534474,-4.097405910490487,0.46611425280570984,4.189696788787842,25.511749267578125,True,0,4.655811041593552,4.714424133300781,0.7800912857055664,0.44726139443792845,3.1548109306653647,-0.38068416255318205,"StraightLane index=('>>>', '1S0_0_', 0)",True,108.91853332519531,5.5789947509765625e-05,0.000129699707044326,"StraightLane index=('>>', '>>>', 0)",True,0.0,True,False,0.2229027897119522,2.7741267681121826,0.0,2.0,True,0.0,0.0,0.8800000000000002,0.0,0.8800000000000002,0.0
38.659737,"[158.9403839111328, 4.49994421005249, 0.0]","[184.78953552246094, 4.5, 0.0]",0.6700425148025748,4.726633548736572,4.733470421898015,2.65121459961401,1.2392816543579102,25.764160156057695,4.097405910490487,-1.831138134010235,21.264160156057695,-4.056591033933998,0.5317879915237427,4.189696788787842,25.511749267578125,True,0,4.7214847803115845,4.726633548736572,0.7800912857055664,0.44726139443792845,3.1548109306653647,-0.38068416255318205,"StraightLane index=('>>>', '1S0_0_', 0)",True,108.92901611328125,5.5789947509765625e-05,0.000129699707044326,"StraightLane index=('>>', '>>>', 0)",True,0.0,True,False,0.2229027897119522,2.7741267681121826,0.0,2.0,True,0.0,0.0,0.9600000000000003,0.0,0.9600000000000003,0.0
38.680111,"[158.95272827148438, 4.49994421005249, 0.0]","[184.88421630859375, 4.5, 0.0]",0.7252762317674573,4.73862886428833,4.745708858644047,2.761685848244122,1.3801171779632568,25.84915161116513,4.056591033933998,-2.0407438278244427,21.34915161116513,-4.013352632520872,0.5589548349380493,4.189696788787842,25.511749267578125,True,0,4.748651623725891,4.73862886428833,0.7800912857055664,0.44726139443792845,3.1548109306653647,-0.38068416255318205,"StraightLane index=('>>>', '1S0_0_', 0)",True,108.94038391113281,5.5789947509765625e-05,0.00011444091794735956,"StraightLane index=('>>', '>>>', 0)",True,0.0,True,False,0.2229027897119522,2.7741267681121826,0.0,2.0,True,0.0,0.0,1.0,0.0,1.0,0.0
38.700797,"[158.96612548828125, 4.49994421005249, 0.0]","[184.97853088378906, 4.5, 0.0]",0.780509948732236,4.7505784034729,4.757981920765286,2.7616858482389373,1.7138901948928833,25.931488036973946,4.013352632520872,-2.161920070656276,21.431488036973946,-3.970068454740664,0.6387248039245605,4.189696788787842,25.511749267578125,True,0,4.828421592712402,4.7505784034729,0.6089210510253906,0.4238474917800243,3.0043919873614557,-0.23026521924927312,"StraightLane index=('>>>', '1S0_0_', 0)",True,108.95272827148438,5.5789947509765625e-05,9.918212890128198e-05,"StraightLane index=('>>', '>>>', 0)",True,0.0,True,False,0.2229027897119522,2.7741267681121826,0.0,2.0,True,0.0,0.0,1.0,0.0,1.0,0.0
38.720159,"[158.9806365966797, 4.49994421005249, 0.0]","[185.07196044921875, 4.5, 0.0]",0.8357436656969648,4.760577201843262,4.767073141052253,2.7616858482364393,1.857042908668518,26.012405395358606,3.970068454740664,-2.1642088890104105,21.512405395358606,-3.9248335361462967,0.6708807945251465,4.189696788787842,25.511749267578125,True,0,4.860577583312988,4.760577201843262,0.6089210510253906,0.4238474917800243,3.0043919873614557,-0.23026521924927312,"StraightLane index=('>>>', '1S0_0_', 0)",True,108.96612548828125,5.5789947509765625e-05,0.00010681152342432076,"StraightLane index=('>>', '>>>', 0)",True,0.0,True,False,0.2229027897119522,2.7741267681121826,0.0,2.0,True,0.0,0.0,1.0,0.0,1.0,0.0
38.74121,"[158.99624633789062, 4.49994421005249, 0.0]","[185.16885375976562, 4.5, 0.0]",0.8909773826617514,4.77008056640625,4.776947060433257,2.761685848239331,2.0823757648468018,26.09132385238972,3.9248335361462967,-2.261745929718373,21.59132385238972,-3.8791031837444985,0.7325576543807983,4.013352394104004,25.931488037109375,True,0,4.745910048484802,4.77008056640625,0.6089210510253906,0.4238474917800243,3.0043919873614557,-0.3226216626544245,"StraightLane index=('>>>', '1S0_0_', 0)",True,108.98063659667969,5.5789947509765625e-05,0.00010681152342432076,"StraightLane index=('>>', '>>>', 0)",True,0.0,True,False,0.2229027897119522,2.6817703247070312,0.0,2.0,True,0.0,0.0,1.0,0.0,1.0,0.0
38.7595,"[159.01295471191406, 4.49994421005249, 0.0]","[185.26516723632812, 4.5, 0.0]",0.9462110996265466,4.779529571533203,4.785525943239202,2.761685848239759,2.351477861404419,26.172607421725516,3.8791031837444985,-2.2865176200899118,21.672607421725516,-3.8333184719066566,0.8260853290557861,4.013352394104004,25.931488037109375,True,0,4.83943772315979,4.779529571533203,0.6089210510253906,0.4238474917800243,3.0043919873614557,-0.3226216626544245,"StraightLane index=('>>>', '1S0_0_', 0)",True,108.99624633789062,5.5789947509765625e-05,0.00010681152342432076,"StraightLane index=('>>', '>>>', 0)",True,0.0,True,False,0.2229027897119522,2.6817703247070312,0.0,2.0,True,0.0,0.0,1.0,0.0,1.0,0.0
38.780309,"[159.03077697753906, 4.49994421005249, 0.0]","[185.36114501953125, 4.5, 0.0]",1.0014448165914098,4.788944244384766,4.795282805839741,2.7616858482431614,2.460294008255005,26.25221252426444,3.8333184719066566,-2.2892355918920915,21.75221252426444,-3.787499427793356,0.8610152006149292,4.013352394104004,25.931488037109375,True,0,4.874367594718933,4.788944244384766,0.6089210510253906,0.4238474917800243,3.0043919873614557,-0.3226216626544245,"StraightLane index=('>>>', '1S0_0_', 0)",True,109.01295471191406,5.5789947509765625e-05,0.00010681152342432076,"StraightLane index=('>>', '>>>', 0)",True,0.0,True,False,0.2229027897119522,2.6817703247070312,0.0,2.0,True,0.0,0.0,1.0,0.0,1.0,0.0
38.79989,"[159.04969787597656, 4.49994421005249, 0.0]","[185.4564666748047, 4.5, 0.0]",1.0566787719748374,4.798294544219971,4.804458339660354,2.7616977691713784,2.6045169830322266,26.33036804185616,3.787499427793356,-2.290952205665042,21.83036804185616,-3.741615772245133,0.9258590936660767,4.013352394104004,25.931488037109375,True,0,4.939211487770081,4.798294544219971,0.4771614074707031,0.3981633918634965,2.8302136438228334,-0.1484433191158021,"StraightLane index=('>>>', '1S0_0_', 0)",True,109.03077697753906,5.5789947509765625e-05,9.918212890128198e-05,"StraightLane index=('>>', '>>>', 0)",True,0.0,True,False,0.2229027897119522,2.6817703247070312,0.0,2.0,True,0.0,0.0,1.0,0.0,1.0,0.0
38.819991,"[159.06973266601562, 4.49994421005249, 0.0]","[185.55079650878906, 4.5, 0.0]",1.1119127273581404,4.809557914733887,4.812011085746229,2.76169776916515,2.7182064056396484,26.406768798678236,3.741615772245133,-2.2941827774111356,21.906768798678236,-3.6976451873757465,0.9902302026748657,4.013352394104004,25.931488037109375,True,0,5.00358259677887,4.809557914733887,0.4771614074707031,0.3981633918634965,2.8302136438228334,-0.1484433191158021,"StraightLane index=('>>>', '1S0_0_', 0)",True,109.04969787597656,5.5789947509765625e-05,0.00010681152342432076,"StraightLane index=('>>', '>>>', 0)",True,0.0,True,False,0.2229027897119522,2.6817703247070312,0.0,2.0,True,0.0,0.0,1.0,0.0,1.0,0.0
38.840509,"[159.0908660888672, 4.49994421005249, 0.0]","[185.649658203125, 4.5, 0.0]",1.1671466827413537,4.810578346252441,4.81970244224521,2.761697769160665,2.798691749572754,26.481063842623417,3.6976451873757465,-2.198529243469327,21.981063842623417,-3.6434316635110875,1.0532456636428833,3.78749942779541,26.330368041992188,True,0,4.8407450914382935,4.810578346252441,0.4771614074707031,0.3981633918634965,2.8302136438228334,-0.2693515794612611,"StraightLane index=('>>>', '1S0_0_', 0)",True,109.06973266601562,5.5789947509765625e-05,0.00010681152342432076,"StraightLane index=('>>', '>>>', 0)",True,0.0,True,False,0.2862517833709717,2.5608620643615723,0.0,2.0,True,0.0,0.0,1.0,0.0,1.0,0.0
38.86019,"[159.11309814453125, 4.49994421005249, 0.0]","[185.7457733154297, 4.5, 0.0]",1.2223806381244666,4.824716091156006,4.827088471124618,2.7616977691556466,2.8453285694122314,26.55879211415998,3.6434316635110875,-2.7106761932329526,22.05879211415998,-3.6023354530315395,1.1426644325256348,3.78749942779541,26.330368041992188,True,0,4.930163860321045,4.824716091156006,0.4771614074707031,0.3981633918634965,2.8302136438228334,-0.2693515794612611,"StraightLane index=('>>>', '1S0_0_', 0)",True,109.09086608886719,5.5789947509765625e-05,7.629394533216562e-05,"StraightLane index=('>>', '>>>', 0)",True,0.0,True,False,0.2862517833709717,2.5608620643615723,0.0,2.0,True,0.0,0.0,1.0,0.0,1.0,0.0
38.879795,"[159.13644409179688, 4.49994421005249, 0.0]","[185.83995056152344, 4.5, 0.0]",1.2776145935076262,4.825372219085693,4.834435952242522,2.761697769157978,2.8851542472839355,26.632675170812455,3.6023354530315395,-2.0548105239774017,22.132675170812455,-3.5477576255780674,1.1752955913543701,3.78749942779541,26.330368041992188,True,0,4.96279501914978,4.825372219085693,0.4771614074707031,0.3981633918634965,2.8302136438228334,-0.2693515794612611,"StraightLane index=('>>>', '1S0_0_', 0)",True,109.11309814453125,5.5789947509765625e-05,6.866455075823796e-05,"StraightLane index=('>>', '>>>', 0)",True,0.0,True,False,0.2862517833709717,2.5608620643615723,0.0,2.0,True,0.0,0.0,1.0,0.0,1.0,0.0
38.899845,"[159.160888671875, 4.49994421005249, 0.0]","[185.9386749267578, 4.5, 0.0]",1.3328485488909012,4.839714527130127,4.841958446625533,2.761697769163751,2.903320074081421,26.703506469628604,3.5477576255780674,-2.728891372673603,22.203506469628604,-3.506865978239226,1.234761118888855,3.78749942779541,26.330368041992188,True,0,5.022260546684265,4.839714527130127,0.4141998291015625,0.37284404669570154,2.6523069325511988,-0.0914448681896265,"StraightLane index=('>>>', '1S0_0_', 0)",True,109.13644409179688,5.5789947509765625e-05,7.629394533216562e-05,"StraightLane index=('>>', '>>>', 0)",True,0.0,True,False,0.2862517833709717,2.5608620643615723,0.0,2.0,True,0.0,0.0,1.0,0.0,1.0,0.0
38.919598,"[159.1864471435547, 4.49994421005249, 0.0]","[186.0333251953125, 4.5, 0.0]",1.3880825042741933,4.839685440063477,4.848363713802514,2.761697769164606,2.883664608001709,26.77778625475948,3.506865978239226,-2.0445823669420715,22.27778625475948,-3.4516029357892832,1.3196508884429932,3.78749942779541,26.330368041992188,True,0,5.107150316238403,4.839685440063477,0.4141998291015625,0.37284404669570154,2.6523069325511988,-0.0914448681896265,"StraightLane index=('>>>', '1S0_0_', 0)",True,109.160888671875,5.5789947509765625e-05,9.155273437824319e-05,"StraightLane index=('>>', '>>>', 0)",True,0.0,True,False,0.2862517833709717,2.5608620643615723,0.0,2.0,True,0.0,0.0,1.0,0.0,1.0,0.0
38.941919,"[159.21310424804688, 4.49994421005249, 0.0]","[186.13177490234375, 4.5, 0.0]",1.4433164596575532,4.8529181480407715,4.855594761352963,2.7616977691679923,2.906367301940918,26.84687805163439,3.4516029357892832,-2.7631521224971367,22.34687805163439,-3.4096016883832183,1.3508691787719727,3.547757625579834,26.703506469726562,True,0,4.898626804351807,4.8529181480407715,0.4141998291015625,0.37284404669570154,2.6523069325511988,0.003675323384470186,"StraightLane index=('>>>', '1S0_0_', 0)",True,109.18644714355469,5.5789947509765625e-05,9.155273437824319e-05,"StraightLane index=('>>', '>>>', 0)",True,0.0,True,False,0.2862517833709717,2.655982255935669,0.0,2.0,True,0.0,0.0,1.0,0.0,1.0,0.0
38.959801,"[159.24085998535156, 4.49994421005249, 0.0]","[186.22996520996094, 4.5, 0.0]",1.4985504150409314,4.852799892425537,4.861391643647547,2.7616977691689137,2.89719557762146,26.918670654186283,3.4096016883832183,-2.100062370303246,22.418670654186283,-3.354249477384606,1.4077434539794922,3.547757625579834,26.703506469726562,True,0,4.955501079559326,4.852799892425537,0.4141998291015625,0.37284404669570154,2.6523069325511988,0.003675323384470186,"StraightLane index=('>>>', '1S0_0_', 0)",True,109.21310424804688,5.5789947509765625e-05,8.39233398552044e-05,"StraightLane index=('>>', '>>>', 0)",True,0.0,True,False,0.2862517833709717,2.655982255935669,0.0,2.0,True,0.0,0.0,1.0,0.0,1.0,0.0
38.980174,"[159.2697296142578, 4.49994421005249, 0.0]","[186.32469177246094, 4.5, 0.0]",1.5537843704243481,4.86578369140625,4.867987641157326,2.7616977691708344,2.851717948913574,26.989105224498708,3.354249477384606,-2.7676105499306214,22.489105224498708,-3.3119993209819016,1.4894455671310425,3.547757625579834,26.703506469726562,True,0,5.0372031927108765,4.86578369140625,0.4141998291015625,0.37284404669570154,2.6523069325511988,0.003675323384470186,"StraightLane index=('>>>', '1S0_0_', 0)",True,109.24085998535156,5.5789947509765625e-05,8.39233398552044e-05,"StraightLane index=('>>', '>>>', 0)",True,0.0,True,False,0.2862517833709717,2.655982255935669,0.0,2.0,True,0.0,0.0,1.0,0.0,1.0,0.0
38.99997,"[159.29969787597656, 4.49994421005249, 0.0]","[186.42434692382812, 4.5, 0.0]",1.6090183258077235,4.8657636642456055,4.874402961607417,2.7616977691687694,2.86462140083313,27.054962158092387,3.3119993209819016,-2.112507820135212,22.554962158092387,-3.2567453384378817,1.51931631565094,3.547757625579834,26.703506469726562,True,0,5.067073941230774,4.8657636642456055,0.26049137115478516,0.34467684001654886,2.461561310001172,0.194420945934497,"StraightLane index=('>>>', '1S0_0_', 0)",True,109.26972961425781,5.5789947509765625e-05,8.39233398552044e-05,"StraightLane index=('>>', '>>>', 0)",True,0.0,True,False,0.2862517833709717,2.655982255935669,0.0,2.0,True,0.0,0.0,1.0,0.0,1.0,0.0
39.021031,"[159.33078002929688, 4.49994421005249, 0.0]","[186.52247619628906, 4.5, 0.0]",1.664252281191108,4.878789901733398,4.8809942968267475,2.7616977691692246,2.842332124710083,27.124649047714346,3.2567453384378817,-2.762699127200996,22.624649047714346,-3.2145376205422904,1.573904037475586,3.547757625579834,26.703506469726562,True,0,5.12166166305542,4.878789901733398,0.26049137115478516,0.34467684001654886,2.461561310001172,0.194420945934497,"StraightLane index=('>>>', '1S0_0_', 0)",True,109.29969787597656,5.5789947509765625e-05,9.918212890128198e-05,"StraightLane index=('>>', '>>>', 0)",True,0.0,True,False,0.2862517833709717,2.655982255935669,0.0,2.0,True,0.0,0.0,1.0,0.0,1.0,0.0
39.039631,"[159.3629608154297, 4.49994421005249, 0.0]","[186.61746215820312, 4.5, 0.0]",1.719486236574389,4.878203392028809,4.886810263762751,2.761697769164051,2.823345422744751,27.191696166868326,3.2145376205422904,-2.110385894779565,22.691696166868326,-3.1587171554544193,1.6284083127975464,3.3119993209838867,27.054962158203125,True,0,4.940407633781433,4.878203392028809,0.26049137115478516,0.34467684001654886,2.461561310001172,0.032918107799731366,"StraightLane index=('>>>', '1S0_0_', 0)",True,109.33078002929688,5.5789947509765625e-05,9.155273437824319e-05,"StraightLane index=('>>', '>>>', 0)",True,0.0,True,False,0.34973984956741333,2.4944794178009033,0.0,2.0,True,0.0,0.0,1.0,0.0,1.0,0.0
39.060196,"[159.396240234375, 4.49994421005249, 0.0]","[186.71728515625, 4.5, 0.0]",1.7747201919577174,4.89125919342041,4.893255183845851,2.7616977691664157,2.80785870552063,27.254501342687007,3.1587171554544193,-2.7910232543935543,22.754501342687007,-3.1165390014626926,1.6829174757003784,3.3119993209838867,27.054962158203125,True,0,4.994916796684265,4.89125919342041,0.26049137115478516,0.34467684001654886,2.461561310001172,0.032918107799731366,"StraightLane index=('>>>', '1S0_0_', 0)",True,109.36296081542969,5.5789947509765625e-05,6.866455075823796e-05,"StraightLane index=('>>', '>>>', 0)",True,0.0,True,False,0.34973984956741333,2.4944794178009033,0.0,2.0,True,0.0,0.0,1.0,0.0,1.0,0.0
39.081246,"[159.43063354492188, 4.49994421005249, 0.0]","[186.81556701660156, 4.5, 0.0]",1.8299541473410323,4.890883922576904,4.899839175779669,2.7616977691657496,2.7957987785339355,27.321044921763978,3.1165390014626926,-2.1089076995863376,22.821044921763978,-3.0609297752358717,1.737493872642517,3.3119993209838867,27.054962158203125,True,0,5.049493193626404,4.890883922576904,0.26049137115478516,0.34467684001654886,2.461561310001172,0.032918107799731366,"StraightLane index=('>>>', '1S0_0_', 0)",True,109.396240234375,5.5789947509765625e-05,8.39233398552044e-05,"StraightLane index=('>>', '>>>', 0)",True,0.0,True,False,0.34973984956741333,2.4944794178009033,0.0,2.0,True,0.0,0.0,1.0,0.0,1.0,0.0
39.099327,"[159.46612548828125, 4.49994421005249, 0.0]","[186.9107208251953, 4.5, 0.0]",1.8851881027244024,4.903640270233154,4.90550297557764,2.761697769168503,2.758404016494751,27.384933471568594,3.0609297752358717,-2.7804613113410426,22.884933471568594,-3.0184521675087517,1.8170565366744995,3.3119993209838867,27.054962158203125,True,0,5.129055857658386,4.903640270233154,0.3787660598754883,0.3234659681105361,2.285459876991225,0.20901954080967844,"StraightLane index=('>>>', '1S0_0_', 0)",True,109.43063354492188,5.5789947509765625e-05,8.39233398552044e-05,"StraightLane index=('>>', '>>>', 0)",True,0.0,True,False,0.34973984956741333,2.4944794178009033,0.0,2.0,True,0.0,0.0,1.0,0.0,1.0,0.0
39.120229,"[159.5027313232422, 4.49994421005249, 0.0]","[187.011474609375, 4.5, 0.0]",1.9404220581078178,4.903715133666993,4.912511479022354,2.761697769170768,2.753532886505127,27.444595336802905,3.0184521675087517,-2.123880386356003,22.944595336802905,-2.963293075559175,1.87193763256073,3.3119993209838867,27.054962158203125,True,0,5.183936953544617,4.903715133666993,0.3787660598754883,0.3234659681105361,2.285459876991225,0.20901954080967844,"StraightLane index=('>>>', '1S0_0_', 0)",True,109.46612548828125,5.5789947509765625e-05,8.39233398552044e-05,"StraightLane index=('>>', '>>>', 0)",True,0.0,True,False,0.34973984956741333,2.4944794178009033,0.0,2.0,True,0.0,0.0,1.0,0.0,1.0,0.0
39.139607,"[159.54043579101562, 4.49994421005249, 0.0]","[187.10763549804688, 4.5, 0.0]",1.9956560134913481,4.916944980621338,4.919021180992387,2.7616977691765188,2.777050256729126,27.508743286021588,2.963293075559175,-2.757954597478829,23.008743286021588,-2.92128896712999,1.9019399881362915,3.060929775238037,27.384933471679688,True,0,4.962869763374329,4.916944980621338,0.3787660598754883,0.3234659681105361,2.285459876991225,0.050068258308457736,"StraightLane index=('>>>', '1S0_0_', 0)",True,109.50273132324219,5.5789947509765625e-05,8.39233398552044e-05,"StraightLane index=('>>', '>>>', 0)",True,0.0,True,False,0.34973984956741333,2.3355281352996826,0.0,2.0,True,0.0,0.0,1.0,0.0,1.0,0.0
39.159211,"[159.57923889160156, 4.49994421005249, 0.0]","[187.20556640625, 4.5, 0.0]",2.0508899688749587,4.916963577270508,4.925611459114029,2.7616977691805267,2.775196075439453,27.56719970690691,2.92128896712999,-2.100205421459256,23.06719970690691,-2.866073608395549,1.9570238590240479,3.060929775238037,27.384933471679688,True,0,5.017953634262085,4.916963577270508,0.3787660598754883,0.3234659681105361,2.285459876991225,0.050068258308457736,"StraightLane index=('>>>', '1S0_0_', 0)",True,109.54043579101562,5.5789947509765625e-05,9.155273437824319e-05,"StraightLane index=('>>', '>>>', 0)",True,0.0,True,False,0.34973984956741333,2.3355281352996826,0.0,2.0,True,0.0,0.0,1.0,0.0,1.0,0.0
39.180182,"[159.61915588378906, 4.49994421005249, 0.0]","[187.30429077148438, 4.5, 0.0]",2.1061239242587004,4.930367946624756,4.9326537388883525,2.761697769187088,2.7701926231384277,27.626327514466873,2.866073608395549,-2.7607679367220417,23.126327514466873,-2.8242440223660554,2.0117480754852295,3.060929775238037,27.384933471679688,True,0,5.072677850723267,4.930367946624756,0.3787660598754883,0.3234659681105361,2.285459876991225,0.050068258308457736,"StraightLane index=('>>>', '1S0_0_', 0)",True,109.57923889160156,5.5789947509765625e-05,0.00012207031247039834,"StraightLane index=('>>', '>>>', 0)",True,0.0,True,False,0.34973984956741333,2.3355281352996826,0.0,2.0,True,0.0,0.0,1.0,0.0,1.0,0.0
39.199983,"[159.66017150878906, 4.49994421005249, 0.0]","[187.40493774414062, 4.5, 0.0]",2.1613578796422748,4.930572032928468,4.939308855325029,2.761697769178717,2.763983964920044,27.685134887513616,2.8242440223660554,-2.0914793014746857,23.185134887513616,-2.769214153286193,2.066213607788086,3.060929775238037,27.384933471679688,True,0,5.127143383026123,4.930572032928468,0.2693176269531339,0.30054548824284216,2.1005346878788678,0.23499344742081485,"StraightLane index=('>>>', '1S0_0_', 0)",True,109.61915588378906,5.5789947509765625e-05,0.00012207031247039834,"StraightLane index=('>>', '>>>', 0)",True,0.0,True,False,0.34973984956741333,2.3355281352996826,0.0,2.0,True,0.0,0.0,1.0,0.0,1.0,0.0
39.219951,"[159.70230102539062, 4.49994421005249, 0.0]","[187.5019989013672, 4.5, 0.0]",2.2165918350258376,4.944530963897705,4.947056370648369,2.7616977691781397,2.761180877685547,27.744766235199346,2.769214153286193,-2.7514934539931257,23.244766235199346,-2.7279391288718675,2.1209301948547363,6.0935468673706055,17.438302993774414,False,-1,8.214477062225342,4.944530963897705,0.2693176269531339,0.30054548824284216,2.1005346878788678,0.23499344742081485,"StraightLane index=('>>>', '1S0_0_', 0)",True,109.66017150878906,5.5789947509765625e-05,0.00010681152342432076,"StraightLane index=('>>', '>>>', 0)",True,0.0,True,False,0.41357332468032837,2.3355281352996826,0.0,2.0,True,0.0,0.0,1.0,0.0,1.0,0.0
39.240197,"[159.7455291748047, 4.49994421005249, 0.0]","[187.6036834716797, 4.5, 0.0]",2.262988090519178,4.945821285247803,4.95491070391906,2.3198127746670183,2.7609663009643555,27.79969787582425,2.7279391288718675,-2.06375122071627,23.29969787582425,-2.682833194728625,2.1758761405944824,6.0935468673706055,17.438302993774414,False,-1,8.269423007965088,4.945821285247803,0.2693176269531339,0.30054548824284216,2.1005346878788678,-2.1005346878788678,"StraightLane index=('>>>', '1S0_0_', 0)",True,109.70230102539062,5.5789947509765625e-05,0.00010681152342432076,"StraightLane index=('>>', '>>>', 0)",True,0.0,True,False,0.41357332468032837,0.0,0.0,0.0,True,0.0,0.0,0.8400000000000001,0.0,0.8400000000000001,0.0
39.259624,"[159.78985595703125, 4.49994421005249, 0.0]","[187.70237731933594, 4.5, 0.0]",2.300546646122333,4.960209369659424,4.962452254096093,1.877927780157762,2.7626020908355713,27.85815429672259,2.682833194728625,-2.2552967071621355,23.35815429672259,-2.6596627235370907,2.2310221195220947,6.0935468673706055,17.438302993774414,False,-1,8.3245689868927,4.960209369659424,0.2693176269531339,0.30054548824284216,2.1005346878788678,-2.1005346878788678,"StraightLane index=('>>>', '1S0_0_', 0)",True,109.74552917480469,5.5789947509765625e-05,0.00010681152342432076,"StraightLane index=('>>', '>>>', 0)",True,0.0,True,False,0.41357332468032837,0.0,0.0,0.0,True,0.0,0.0,0.6800000000000002,0.0,0.6800000000000002,0.0
39.280444,"[159.83511352539062, 4.49994421005249, 0.0]","[187.80184936523438, 4.5, 0.0]",2.3292684555096588,4.961326599121094,4.970525557500358,1.4360904693662802,2.751624584197998,27.91252136215218,2.6596627235370907,-1.1585235595767074,23.41252136215218,-2.632058143611435,2.284884452819824,6.0935468673706055,17.438302993774414,False,-1,8.37843132019043,4.961326599121094,0.2693176269531339,0.30054548824284216,2.1005346878788678,-2.1005346878788678,"StraightLane index=('>>>', '1S0_0_', 0)",True,109.78985595703125,5.5789947509765625e-05,0.00010681152342432076,"StraightLane index=('>>', '>>>', 0)",True,0.0,True,False,0.41357332468032837,0.0,0.0,0.0,True,0.0,0.0,0.5200000000000002,0.0,0.5200000000000002,0.0
39.299942,"[159.88111877441406, 4.49994421005249, 0.0]","[187.90098571777344, 4.5, 0.0]",2.349152565006978,4.975750923156738,4.978075147435117,0.9942054748659723,2.702275514602661,27.96673583969115,2.632058143611435,-1.380228996282784,23.46673583969115,-2.62659835814976,2.3343915939331055,6.0935468673706055,17.438302993774414,False,-1,8.427938461303711,4.975750923156738,0.45178890228270596,0.28630355099845267,1.9935924837957968,-1.9935924837957968,"StraightLane index=('>>>', '1S0_0_', 0)",True,109.83511352539062,5.5789947509765625e-05,0.00010681152342432076,"StraightLane index=('>>', '>>>', 0)",True,0.0,True,False,0.41357332468032837,0.0,0.0,0.0,True,0.0,0.0,0.3600000000000002,0.0,0.3600000000000002,0.0
39.320417,"[159.92770385742188, 4.49994421005249, 0.0]","[188.00076293945312, 4.5, 0.0]",2.360198974614034,4.981153964996338,4.987469197908057,0.5523204803527859,2.603940486907959,28.019866943206683,2.62659835814976,-0.27298927308374576,23.519866943206683,-2.620954990382304,2.3775508403778076,6.0935468673706055,17.438302993774414,False,-1,8.471097707748413,4.981153964996338,0.45178890228270596,0.28630355099845267,1.9935924837957968,-1.9935924837957968,"StraightLane index=('>>>', '1S0_0_', 0)",True,109.88111877441406,5.5789947509765625e-05,0.00010681152342432076,"StraightLane index=('>>', '>>>', 0)",True,0.0,True,False,0.41357332468032837,0.0,0.0,0.0,True,0.0,0.0,0.20000000000000018,0.0,0.20000000000000018,0.0
39.339939,"[159.9746856689453, 4.49994421005249, 0.0]","[188.09848022460938, 4.5, 0.0]",2.362408638005413,4.986770153045654,4.99640977101836,0.11048316956894233,2.450615644454956,28.073059081848672,2.620954990382304,-0.28216838837280545,23.573059081848672,-2.6243615150402415,2.4127657413482666,6.0935468673706055,17.438302993774414,False,-1,8.506312608718872,4.986770153045654,0.45178890228270596,0.28630355099845267,1.9935924837957968,-1.9935924837957968,"StraightLane index=('>>>', '1S0_0_', 0)",True,109.92770385742188,5.5789947509765625e-05,0.00012207031247039834,"StraightLane index=('>>', '>>>', 0)",True,0.0,True,False,0.41357332468032837,0.0,0.0,0.0,True,0.0,0.0,0.040000000000000174,0.0,0.040000000000000174,0.0
39.359445,"[160.0218963623047, 4.49994421005249, 0.0]","[188.20028686523438, 4.5, 0.0]",2.3551359176686004,5.00275993347168,5.005349734541484,-0.3636360168406183,2.2382283210754395,28.123794555481368,2.6243615150402415,0.17032623289687798,23.623794555481368,-2.6476240158030793,2.4384565353393555,6.0935468673706055,17.438302993774414,False,-1,8.532003402709961,5.00275993347168,0.45178890228270596,0.28630355099845267,1.9935924837957968,-1.9935924837957968,"StraightLane index=('>>>', '1S0_0_', 0)",True,109.97468566894531,5.5789947509765625e-05,0.00012207031247039834,"StraightLane index=('>>', '>>>', 0)",True,0.0,True,False,0.41357332468032837,0.0,0.0,0.0,True,0.0,0.0,0.0,-0.0,0.0,-0.0
39.379513,"[160.0691375732422, 4.49994421005249, 0.0]","[188.2980499267578, 4.5, 0.0]",2.347863197331604,5.005046844482422,5.014531179936825,-0.36363601684981095,1.9667565822601318,28.17839050274687,2.6476240158030793,1.1631250381418878,23.67839050274687,-2.6571836471508177,2.4534597396850586,6.0935468673706055,17.438302993774414,False,-1,8.547006607055664,5.005046844482422,0.45178890228270596,0.28630355099845267,1.9935924837957968,-1.9935924837957968,"StraightLane index=('>>>', '1S0_0_', 0)",True,110.02189636230469,5.5789947509765625e-05,0.00012207031247039834,"StraightLane index=('>>', '>>>', 0)",True,0.0,True,False,0.41357332468032837,0.0,0.0,0.0,True,0.0,0.0,0.0,-0.0,0.0,-0.0
39.399971,"[160.11624145507812, 4.49994421005249, 0.0]","[188.40054321289062, 4.5, 0.0]",2.340590476994616,5.021100044250488,5.0239085984150655,-0.36363601684941127,1.6451162099838257,28.228912353332692,2.6571836471508177,0.4779815673869203,23.728912353332692,-2.6805095672558723,2.457521677017212,6.0935468673706055,17.438302993774414,False,-1,8.551068544387817,5.021100044250488,0.4534912109375,0.2735453882814199,2.015876606997737,-2.015876606997737,"StraightLane index=('>>>', '1S0_0_', 0)",True,110.06913757324219,5.5789947509765625e-05,0.00012207031247039834,"StraightLane index=('>>', '>>>', 0)",True,0.0,True,False,0.41357332468032837,0.0,0.0,0.0,True,0.0,0.0,0.0,-0.0,0.0,-0.0
39.420523,"[160.16319274902344, 4.49994421005249, 0.0]","[188.5023193359375, 4.5, 0.0]",2.3333177566578347,5.02484655380249,5.035001337278728,-0.363636016839064,1.2950656414031982,28.284301757659346,2.6805095672558723,1.1662960052527316,23.784301757659346,-2.6915287971446555,2.4520108699798584,6.0935468673706055,17.438302993774414,False,-1,8.545557737350464,5.02484655380249,0.4534912109375,0.2735453882814199,2.015876606997737,-2.015876606997737,"StraightLane index=('>>>', '1S0_0_', 0)",True,110.11624145507812,5.5789947509765625e-05,0.00010681152342432076,"StraightLane index=('>>', '>>>', 0)",True,0.0,True,False,0.41357332468032837,0.0,0.0,0.0,True,0.0,0.0,0.0,-0.0,0.0,-0.0
39.440477,"[160.2100067138672, 4.49994421005249, 0.0]","[188.6027069091797, 4.5, 0.0]",2.335527420048759,5.042244911193848,5.045778262532759,0.11048316954620496,0.9468809962272644,28.33912658673088,2.6915287971446555,0.5509614944391616,23.83912658673088,-2.706717491145089,2.439647912979126,2.6571836471557617,28.228912353515625,True,0,5.096831560134888,5.042244911193848,0.4534912109375,0.2735453882814199,2.015876606997737,-0.28870721250463394,"StraightLane index=('>>>', '1S0_0_', 0)",True,110.16319274902344,5.5789947509765625e-05,0.00012207031247039834,"StraightLane index=('>>', '>>>', 0)",True,0.0,True,False,0.4772944450378418,1.727169394493103,0.0,1.727169394493103,True,0.0,0.0,0.04,0.0,0.04,0.0
39.459958,"[160.2566680908203, 4.49994421005249, 0.0]","[188.703125, 4.5, 0.0]",2.3421554565476943,5.0463151931762695,5.0563038474934645,0.3314018249467754,0.4721723198890686,28.392700195159158,2.706717491145089,0.7594347000216661,23.892700195159158,-2.7041597366285752,2.4133665561676025,2.6571836471557617,28.228912353515625,True,0,5.070550203323364,5.0463151931762695,0.4534912109375,0.2735453882814199,2.015876606997737,-0.28870721250463394,"StraightLane index=('>>>', '1S0_0_', 0)",True,110.21000671386719,5.5789947509765625e-05,0.00010681152342432076,"StraightLane index=('>>', '>>>', 0)",True,0.0,True,False,0.4772944450378418,1.727169394493103,0.0,1.727169394493103,True,0.0,0.0,0.12,0.0,0.12,0.0
39.480401,"[160.30337524414062, 4.49994421005249, 0.0]","[188.80477905273438, 4.5, 0.0]",2.3532018661546292,5.063849449157715,5.067334626213042,0.5523204803467463,0.34398573637008667,28.446456909026253,2.7041597366285752,-0.12788772582568164,23.946456909026253,-2.7106475830030856,2.4046411514282227,2.6571836471557617,28.228912353515625,True,0,5.061824798583984,5.063849449157715,0.4534912109375,0.2735453882814199,2.015876606997737,-0.28870721250463394,"StraightLane index=('>>>', '1S0_0_', 0)",True,110.25666809082031,5.5789947509765625e-05,0.00010681152342432076,"StraightLane index=('>>', '>>>', 0)",True,0.0,True,False,0.4772944450378418,1.727169394493103,0.0,1.727169394493103,True,0.0,0.0,0.2,0.0,0.2,0.0
39.499858,"[160.3502197265625, 4.49994421005249, 0.0]","[188.9053192138672, 4.5, 0.0]",2.3686676025442,5.067931175231934,5.077837485283007,0.7732868194785469,0.13987070322036743,28.5014038084102,2.7106475830030856,0.3243923187255193,24.0014038084102,-2.6992635726877334,2.3889715671539307,2.6571836471557617,28.228912353515625,True,0,5.046155214309692,5.067931175231934,0.4683113098144531,0.26258174529678374,2.0171030675438106,-0.2899336730507076,"StraightLane index=('>>>', '1S0_0_', 0)",True,110.30337524414062,5.5789947509765625e-05,0.00012207031247039834,"StraightLane index=('>>', '>>>', 0)",True,0.0,True,False,0.4772944450378418,1.727169394493103,0.0,1.727169394493103,True,0.0,0.0,0.28,0.0,0.28,0.0
39.520299,"[160.39727783203125, 4.49994421005249, 0.0]","[189.0074920654297, 4.5, 0.0]",2.388551712041803,5.086648941040039,5.090654111083748,0.9942054748801388,0.012666355818510056,28.55509948710523,2.6992635726877334,-0.5692005157676094,24.05509948710523,-2.698097228998236,2.3776400089263916,2.6571836471557617,28.228912353515625,True,0,5.034823656082153,5.086648941040039,0.4683113098144531,0.26258174529678374,2.0171030675438106,-0.2899336730507076,"StraightLane index=('>>>', '1S0_0_', 0)",True,110.3502197265625,5.5789947509765625e-05,0.000129699707044326,"StraightLane index=('>>', '>>>', 0)",True,0.0,True,False,0.4772944450378418,1.727169394493103,0.0,1.727169394493103,True,0.0,0.0,0.36,0.0,0.36,0.0
39.5417,"[160.4446563720703, 4.49994421005249, 0.0]","[189.10841369628906, 4.5, 0.0]",2.4128541946473363,5.092368125915527,5.104070450814533,1.215124130276668,-0.035214778035879135,28.610214233182536,2.698097228998236,-0.058317184474865336,24.110214233182536,-2.679513931268191,2.372457981109619,2.7106475830078125,28.50140380859375,True,0,5.083105564117432,5.092368125915527,0.4683113098144531,0.26258174529678374,2.0171030675438106,-0.259986272957629,"StraightLane index=('>>>', '1S0_0_', 0)",True,110.39727783203125,5.5789947509765625e-05,0.0001373291015673648,"StraightLane index=('>>', '>>>', 0)",True,0.0,True,False,0.4772944450378418,1.7571167945861816,0.0,1.7571167945861816,True,0.0,0.0,0.43999999999999995,0.0,0.43999999999999995,0.0
39.559642,"[160.492431640625, 4.49994421005249, 0.0]","[189.21131896972656, 4.5, 0.0]",2.441576004035245,5.111661434173584,5.115308995063597,1.4360904693954346,0.012889154255390167,28.663757323985863,2.679513931268191,-0.9291648865022539,24.163757323985863,-2.670085430138339,2.3766348361968994,2.7106475830078125,28.50140380859375,True,0,5.087282419204712,5.111661434173584,0.4683113098144531,0.26258174529678374,2.0171030675438106,-0.259986272957629,"StraightLane index=('>>>', '1S0_0_', 0)",True,110.44465637207031,5.5789947509765625e-05,0.00014495849609040358,"StraightLane index=('>>', '>>>', 0)",True,0.0,True,False,0.4772944450378418,1.7571167945861816,0.0,1.7571167945861816,True,0.0,0.0,0.5199999999999999,0.0,0.5199999999999999,0.0
39.580804,"[160.5406951904297, 4.49994421005249, 0.0]","[189.3138885498047, 4.5, 0.0]",2.474716186531219,5.11758279800415,5.128585373952903,1.6570091247986918,0.07470319420099258,28.718887328885348,2.670085430138339,-0.4714250564926026,24.218887328885348,-2.6428666114729316,2.3832483291625977,2.7106475830078125,28.50140380859375,True,0,5.09389591217041,5.11758279800415,0.4683113098144531,0.26258174529678374,2.0171030675438106,-0.259986272957629,"StraightLane index=('>>>', '1S0_0_', 0)",True,110.492431640625,5.5789947509765625e-05,0.0001373291015673648,"StraightLane index=('>>', '>>>', 0)",True,0.0,True,False,0.4772944450378418,1.7571167945861816,0.0,1.7571167945861816,True,0.0,0.0,0.6,0.0,0.6,0.0
39.599627,"[160.5895233154297, 4.49994421005249, 0.0]","[189.41590881347656, 4.5, 0.0]",2.5122747421348492,5.136767864227295,5.140391627831826,1.8779277801815208,0.28202947974205017,28.773193359124388,2.6428666114729316,-1.3609409332703715,24.273193359124388,-2.6244931220924457,2.409123659133911,2.7106475830078125,28.50140380859375,True,0,5.119771242141724,5.136767864227295,0.6883668899536133,0.2604164119154818,1.9663369412755713,-0.2092201466893897,"StraightLane index=('>>>', '1S0_0_', 0)",True,110.54069519042969,5.5789947509765625e-05,0.00015258789061344235,"StraightLane index=('>>', '>>>', 0)",True,0.0,True,False,0.4772944450378418,1.7571167945861816,0.0,1.7571167945861816,True,0.0,0.0,0.68,0.0,0.68,0.0
39.620594,"[160.63902282714844, 4.49994421005249, 0.0]","[189.51934814453125, 4.5, 0.0]",2.554252624520709,5.143826961517334,5.155230869405716,2.098894119292982,0.391335129737854,28.826385497796075,2.6244931220924457,-0.9186744690242943,24.326385497796075,-2.589574336996625,2.423410415649414,4.947079658508301,18.39286231994629,False,-1,7.370490074157715,5.143826961517334,0.6883668899536133,0.2604164119154818,1.9663369412755713,-0.2092201466893897,"StraightLane index=('>>>', '1S0_0_', 0)",True,110.58952331542969,5.5789947509765625e-05,0.00015258789061344235,"StraightLane index=('>>', '>>>', 0)",True,0.0,True,False,0.5403313040733337,1.7571167945861816,0.0,1.7571167945861816,True,0.0,0.0,0.7600000000000001,0.0,0.7600000000000001,0.0
39.639841,"[160.68927001953125, 4.49994421005249, 0.0]","[189.62039184570312, 4.5, 0.0]",2.5873928070162493,5.164333820343018,5.168859409910235,1.6570091247770202,0.6010603904724121,28.880325317113893,2.589574336996625,-1.745939254791029,24.380325317113893,-2.5769410133267683,2.4540936946868896,4.947079658508301,18.39286231994629,False,-1,7.40117335319519,5.164333820343018,0.6883668899536133,0.2604164119154818,1.9663369412755713,-1.9663369412755713,"StraightLane index=('>>>', '1S0_0_', 0)",True,110.63902282714844,5.5789947509765625e-05,0.00016021728513648115,"StraightLane index=('>>', '>>>', 0)",True,0.0,True,False,0.5403313040733337,0.0,0.0,0.0,True,0.0,0.0,0.6000000000000002,0.0,0.6000000000000002,0.0
39.659782,"[160.7403564453125, 4.49994421005249, 0.0]","[189.72613525390625, 4.5, 0.0]",2.611695289621248,5.172151565551758,5.183001817305792,1.2151241302499338,0.9432441592216492,28.931121825902757,2.5769410133267683,-0.6316661834928405,24.431121825902757,-2.56045627593051,2.5113327503204346,4.947079658508301,18.39286231994629,False,-1,7.458412408828735,5.172151565551758,0.6883668899536133,0.2604164119154818,1.9663369412755713,-1.9663369412755713,"StraightLane index=('>>>', '1S0_0_', 0)",True,110.68927001953125,5.5789947509765625e-05,0.00016021728513648115,"StraightLane index=('>>', '>>>', 0)",True,0.0,True,False,0.5403313040733337,0.0,0.0,0.0,True,0.0,0.0,0.4400000000000002,0.0,0.4400000000000002,0.0
39.680207,"[160.79209899902344, 4.49994421005249, 0.0]","[189.8297882080078, 4.5, 0.0]",2.6271610260105054,5.193016052246094,5.197491279501192,0.7732868194628706,1.0673203468322754,28.985778808342385,2.56045627593051,-0.8242368698129221,24.485778808342385,-2.5658550262355884,2.5337812900543213,4.947079658508301,18.39286231994629,False,-1,7.480860948562622,5.193016052246094,0.6883668899536133,0.2604164119154818,1.9663369412755713,-1.9663369412755713,"StraightLane index=('>>>', '1S0_0_', 0)",True,110.7403564453125,5.5789947509765625e-05,0.00015258789061344235,"StraightLane index=('>>', '>>>', 0)",True,0.0,True,False,0.5403313040733337,0.0,0.0,0.0,True,0.0,0.0,0.2800000000000002,0.0,0.2800000000000002,0.0
39.699965,"[160.84432983398438, 4.49994421005249, 0.0]","[189.9329071044922, 4.5, 0.0]",2.633789062509924,5.200473785400391,5.211505787204058,0.33140182497093384,1.2496362924575806,29.037689208767244,2.5658550262355884,0.2699375152539263,24.537689208767244,-2.5666847228904666,2.5751214027404785,4.947079658508301,18.39286231994629,False,-1,7.522201061248779,5.200473785400391,0.637059211730957,0.25667184313451713,1.9250169130133206,-1.9250169130133206,"StraightLane index=('>>>', '1S0_0_', 0)",True,110.79209899902344,5.5789947509765625e-05,0.0001373291015673648,"StraightLane index=('>>', '>>>', 0)",True,0.0,True,False,0.5403313040733337,0.0,0.0,0.0,True,0.0,0.0,0.12000000000000018,0.0,0.12000000000000018,0.0
39.720717,"[160.89686584472656, 4.49994421005249, 0.0]","[190.0380859375, 4.5, 0.0]",2.626516342173139,5.222411155700684,5.227709554250508,-0.36363601683926383,1.3903210163116455,29.08857727023808,2.5666847228904666,0.041484832743909905,24.58857727023808,-2.595894813527545,2.6291253566741943,4.947079658508301,18.39286231994629,False,-1,7.576205015182495,5.222411155700684,0.637059211730957,0.25667184313451713,1.9250169130133206,-1.9250169130133206,"StraightLane index=('>>>', '1S0_0_', 0)",True,110.84432983398438,5.5789947509765625e-05,0.00016021728513648115,"StraightLane index=('>>', '>>>', 0)",True,0.0,True,False,0.5403313040733337,0.0,0.0,0.0,True,0.0,0.0,0.0,-0.0,0.0,-0.0
39.739618,"[160.9495391845703, 4.49994421005249, 0.0]","[190.14051818847656, 4.5, 0.0]",2.619243621836455,5.234313488006592,5.242469588889664,-0.363636016834179,1.3973033428192139,29.14122009252152,2.595894813527545,1.4605045318539123,24.64122009252152,-2.6150698661701366,2.643760919570923,4.947079658508301,18.39286231994629,False,-1,7.590840578079224,5.234313488006592,0.637059211730957,0.25667184313451713,1.9250169130133206,-1.9250169130133206,"StraightLane index=('>>>', '1S0_0_', 0)",True,110.89686584472656,5.5789947509765625e-05,0.00015258789061344235,"StraightLane index=('>>', '>>>', 0)",True,0.0,True,False,0.5403313040733337,0.0,0.0,0.0,True,0.0,0.0,0.0,-0.0,0.0,-0.0
39.759634,"[161.0020751953125, 4.49994421005249, 0.0]","[190.24761962890625, 4.5, 0.0]",2.6119709014993333,5.250244617462158,5.258108752303478,-0.3636360168560948,1.3333078622817993,29.190979003654157,2.6150698661701366,0.9587526321295892,24.690979003654157,-2.638273715962825,2.664820671081543,4.947079658508301,18.39286231994629,False,-1,7.611900329589844,5.250244617462158,0.637059211730957,0.25667184313451713,1.9250169130133206,-1.9250169130133206,"StraightLane index=('>>>', '1S0_0_', 0)",True,110.94953918457031,5.5789947509765625e-05,0.00015258789061344235,"StraightLane index=('>>', '>>>', 0)",True,0.0,True,False,0.5403313040733337,0.0,0.0,0.0,True,0.0,0.0,0.0,-0.0,0.0,-0.0
39.780295,"[161.05445861816406, 4.49994421005249, 0.0]","[190.3529510498047, 4.5, 0.0]",2.6046981811622874,5.265912055969238,5.274218383062033,-0.36363601685229785,1.1851283311843872,29.245544433323403,2.638273715962825,1.1601924896344151,24.745544433323403,-2.661213874806951,2.675327777862549,4.947079658508301,18.39286231994629,False,-1,7.62240743637085,5.265912055969238,0.637059211730957,0.25667184313451713,1.9250169130133206,-1.9250169130133206,"StraightLane index=('>>>', '1S0_0_', 0)",True,111.0020751953125,5.5789947509765625e-05,0.00016021728513648115,"StraightLane index=('>>', '>>>', 0)",True,0.0,True,False,0.5403313040733337,0.0,0.0,0.0,True,0.0,0.0,0.0,-0.0,0.0,-0.0
39.79936,"[161.10670471191406, 4.49994421005249, 0.0]","[190.45509338378906, 4.5, 0.0]",2.5974254608250336,5.281105995178223,5.2891318881200995,-0.36363601686268954,0.9823267459869385,29.29849243138815,2.661213874806951,1.1470079422063018,24.79849243138815,-2.683680534353189,2.6768288612365723,4.947079658508301,18.39286231994629,False,-1,7.623908519744873,5.281105995178223,0.8063220977783203,0.25922593224330664,2.00361827957288,-2.00361827957288,"StraightLane index=('>>>', '1S0_0_', 0)",True,111.05445861816406,5.5789947509765625e-05,0.00015258789061344235,"StraightLane index=('>>', '>>>', 0)",True,0.0,True,False,0.5403313040733337,0.0,0.0,0.0,True,0.0,0.0,0.0,-0.0,0.0,-0.0
39.822001,"[161.15879821777344, 4.49994421005249, 0.0]","[190.5654296875, 4.5, 0.0]",2.5901527404881515,5.298112869262695,5.308002476486112,-0.3636360168441044,0.8732843995094299,29.34838867162235,2.683680534353189,1.1233329773119083,24.84838867162235,-2.707960128774544,2.675213098526001,4.947079658508301,18.39286231994629,False,-1,7.622292757034302,5.298112869262695,0.8063220977783203,0.25922593224330664,2.00361827957288,-2.00361827957288,"StraightLane index=('>>>', '1S0_0_', 0)",True,111.10670471191406,5.5789947509765625e-05,0.00015258789061344235,"StraightLane index=('>>', '>>>', 0)",True,0.0,True,False,0.5403313040733337,0.0,0.0,0.0,True,0.0,0.0,0.0,-0.0,0.0,-0.0
39.840521,"[161.2107391357422, 4.49994421005249, 0.0]","[190.6709442138672, 4.5, 0.0]",2.5828800201514817,5.314640522003174,5.323461222271838,-0.36363601683349067,0.42298072576522827,29.406631469455586,2.707960128774544,1.2139797210677372,24.906631469455586,-2.731760501851692,2.6560678482055664,3.4484987258911133,18.41191864013672,False,-1,6.10456657409668,5.314640522003174,0.8063220977783203,0.25922593224330664,2.00361827957288,-2.00361827957288,"StraightLane index=('>>>', '1S0_0_', 0)",True,111.15879821777344,5.5789947509765625e-05,0.00016021728513648115,"StraightLane index=('>>', '>>>', 0)",True,0.0,True,False,0.6021286845207214,0.0,0.0,0.0,True,0.0,0.0,0.0,-0.0,0.0,-0.0
39.85959,"[161.26254272460938, 4.49994421005249, 0.0]","[190.77687072753906, 4.5, 0.0]",2.575607299814683,5.331229209899902,5.339399800791692,-0.36363601683992997,0.31151339411735535,29.46020507787195,2.731760501851692,1.1900186538574165,24.96020507787195,-2.7556219100852193,2.64860463142395,3.4484987258911133,18.41191864013672,False,-1,6.0971033573150635,5.331229209899902,0.8063220977783203,0.25922593224330664,2.00361827957288,-2.00361827957288,"StraightLane index=('>>>', '1S0_0_', 0)",True,111.21073913574219,5.5789947509765625e-05,0.00015258789061344235,"StraightLane index=('>>', '>>>', 0)",True,0.0,True,False,0.6021286845207214,0.0,0.0,0.0,True,0.0,0.0,0.0,-0.0,0.0,-0.0
39.880169,"[161.31419372558594, 4.49994421005249, 0.0]","[190.88412475585938, 4.5, 0.0]",2.5683345794776438,5.348029136657715,5.356570886922675,-0.3636360168519648,0.11620569974184036,29.514328002676447,2.7556219100852193,1.1930704116763557,25.014328002676447,-2.779694557180071,2.6333556175231934,3.4484987258911133,18.41191864013672,False,-1,6.081854343414307,5.348029136657715,0.8063220977783203,0.25922593224330664,2.00361827957288,-2.00361827957288,"StraightLane index=('>>>', '1S0_0_', 0)",True,111.26254272460938,5.5789947509765625e-05,0.00015258789061344235,"StraightLane index=('>>', '>>>', 0)",True,0.0,True,False,0.6021286845207214,0.0,0.0,0.0,True,0.0,0.0,0.0,-0.0,0.0,-0.0
39.900092,"[161.36570739746094, 4.49994421005249, 0.0]","[190.9903564453125, 4.5, 0.0]",2.5610618591403957,5.364665508270264,5.373219352083381,-0.3636360168624009,-0.12128682434558868,29.56993103003765,2.779694557180071,1.2036323547425898,25.06993103003765,-2.803603649129868,2.6094250679016113,3.4484987258911133,18.41191864013672,False,-1,6.057923793792725,5.364665508270264,0.8355951309204102,0.2625491686011903,2.0848915405356045,-2.0848915405356045,"StraightLane index=('>>>', '1S0_0_', 0)",True,111.31419372558594,5.5789947509765625e-05,0.00014495849609040358,"StraightLane index=('>>', '>>>', 0)",True,0.0,True,False,0.6021286845207214,0.0,0.0,0.0,True,0.0,0.0,0.0,-0.0,0.0,-0.0
39.920443,"[161.4170684814453, 4.49994421005249, 0.0]","[191.09837341308594, 4.5, 0.0]",2.553789138803253,5.3818440437316895,5.390860342399055,-0.3636360168571384,-0.18762516975402832,29.62464904759793,2.803603649129868,1.1954545974898423,25.12464904759793,-2.8280549049284365,2.6012532711029053,3.4484987258911133,18.41191864013672,False,-1,6.0497519969940186,5.3818440437316895,0.8355951309204102,0.2625491686011903,2.0848915405356045,-2.0848915405356045,"StraightLane index=('>>>', '1S0_0_', 0)",True,111.36570739746094,5.5789947509765625e-05,0.00015258789061344235,"StraightLane index=('>>', '>>>', 0)",True,0.0,True,False,0.6021286845207214,0.0,0.0,0.0,True,0.0,0.0,0.0,-0.0,0.0,-0.0
39.940772,"[161.46829223632812, 4.49994421005249, 0.0]","[191.20693969726562, 4.5, 0.0]",2.546516418466423,5.399221420288086,5.408485028776702,-0.3636360168415065,-0.335574746131897,29.681304931368576,2.8280549049284365,1.2225627899284275,25.181304931368576,-2.852705001821663,2.578505516052246,3.4484987258911133,18.41191864013672,False,-1,6.027004241943359,5.399221420288086,0.8355951309204102,0.2625491686011903,2.0848915405356045,-2.0848915405356045,"StraightLane index=('>>>', '1S0_0_', 0)",True,111.41706848144531,5.5789947509765625e-05,0.00016021728513648115,"StraightLane index=('>>', '>>>', 0)",True,0.0,True,False,0.6021286845207214,0.0,0.0,0.0,True,0.0,0.0,0.0,-0.0,0.0,-0.0
39.959951,"[161.5193634033203, 4.49994421005249, 0.0]","[191.3147735595703, 4.5, 0.0]",2.5392436981295328,5.416482448577881,5.425118470594299,-0.3636360168445041,-0.3782637417316437,29.738647460683463,2.852705001821663,1.2325048446613307,25.238647460683463,-2.877238750448348,2.570671558380127,3.4484987258911133,18.41191864013672,False,-1,6.01917028427124,5.416482448577881,0.8355951309204102,0.2625491686011903,2.0848915405356045,-2.0848915405356045,"StraightLane index=('>>>', '1S0_0_', 0)",True,111.46829223632812,5.5789947509765625e-05,0.00015258789061344235,"StraightLane index=('>>', '>>>', 0)",True,0.0,True,False,0.6021286845207214,0.0,0.0,0.0,True,0.0,0.0,0.0,-0.0,0.0,-0.0
39.980278,"[161.57029724121094, 4.49994421005249, 0.0]","[191.42323303222656, 4.5, 0.0]",2.5319709777923323,5.43384313583374,5.442734548550199,-0.363636016860025,-0.45133355259895325,29.795410156013492,2.877238750448348,1.2266874313342502,25.295410156013492,-2.901872158041408,2.5507900714874268,3.4484987258911133,18.41191864013672,False,-1,5.99928879737854,5.43384313583374,0.8355951309204102,0.2625491686011903,2.0848915405356045,-2.0848915405356045,"StraightLane index=('>>>', '1S0_0_', 0)",True,111.51936340332031,5.5789947509765625e-05,0.00014495849609040358,"StraightLane index=('>>', '>>>', 0)",True,0.0,True,False,0.6021286845207214,0.0,0.0,0.0,True,0.0,0.0,0.0,-0.0,0.0,-0.0
39.999496,"[161.62107849121094, 4.49994421005249, 0.0]","[191.52880859375, 4.5, 0.0]",2.524698257454967,5.450742721557617,5.459394569974201,-0.36363601686826286,-0.4710805118083954,29.852935790812843,2.901872158041408,1.2316703796529938,25.352935790812843,-2.92604446410265,2.5442051887512207,3.4484987258911133,18.41191864013672,False,-1,5.992703914642334,5.450742721557617,0.8607721328735352,0.26642127639164503,2.168350178058368,-2.168350178058368,"StraightLane index=('>>>', '1S0_0_', 0)",True,111.57029724121094,5.5789947509765625e-05,0.000129699707044326,"StraightLane index=('>>', '>>>', 0)",True,0.0,True,False,0.6021286845207214,0.0,0.0,0.0,True,0.0,0.0,0.0,-0.0,0.0,-0.0
40.020413,"[161.67172241210938, 4.49994421005249, 0.0]","[191.64144897460938, 4.5, 0.0]",2.517425537117716,5.468634605407715,5.477615553330467,-0.3636360168625563,-0.48858898878097534,29.907730102336142,2.92604446410265,1.2086153030621105,25.407730102336142,-2.951209068289999,2.5328586101531982,3.652724504470825,19.802595138549805,False,-1,6.185583114624023,5.468634605407715,0.8607721328735352,0.26642127639164503,2.168350178058368,-2.168350178058368,"StraightLane index=('>>>', '1S0_0_', 0)",True,111.62107849121094,5.5789947509765625e-05,0.000129699707044326,"StraightLane index=('>>', '>>>', 0)",True,0.0,True,False,0.6593347191810608,0.0,0.0,0.0,True,0.0,0.0,0.0,-0.0,0.0,-0.0
40.039798,"[161.7222137451172, 4.49994421005249, 0.0]","[191.7488250732422, 4.5, 0.0]",2.5101528167808658,5.485629558563232,5.494501612034754,-0.3636360168425057,-0.4928710162639618,29.96972656229692,2.951209068289999,1.2582302093674391,25.46972656229692,-2.9754767417823667,2.5226454734802246,3.652724504470825,19.802595138549805,False,-1,6.17536997795105,5.485629558563232,0.8607721328735352,0.26642127639164503,2.168350178058368,-2.168350178058368,"StraightLane index=('>>>', '1S0_0_', 0)",True,111.67172241210938,5.5789947509765625e-05,0.000129699707044326,"StraightLane index=('>>', '>>>', 0)",True,0.0,True,False,0.6593347191810608,0.0,0.0,0.0,True,0.0,0.0,0.0,-0.0,0.0,-0.0
40.059694,"[161.77256774902344, 4.49994421005249, 0.0]","[191.86111450195312, 4.5, 0.0]",2.502880096443989,5.50339937210083,5.511836430847074,-0.36363601684383795,-0.49138686060905457,30.026611327887753,2.9754767417823667,1.2133836746183846,25.526611327887753,-3.000519275656841,2.5129828453063965,3.652724504470825,19.802595138549805,False,-1,6.165707349777222,5.50339937210083,0.8607721328735352,0.26642127639164503,2.168350178058368,-2.168350178058368,"StraightLane index=('>>>', '1S0_0_', 0)",True,111.72221374511719,5.5789947509765625e-05,0.00014495849609040358,"StraightLane index=('>>', '>>>', 0)",True,0.0,True,False,0.6593347191810608,0.0,0.0,0.0,True,0.0,0.0,0.0,-0.0,0.0,-0.0
40.080707,"[161.82276916503906, 4.49994421005249, 0.0]","[191.9715118408203, 4.5, 0.0]",2.4956073761068693,5.520873069763184,5.530128689428133,-0.3636360168559838,-0.48129111528396606,30.088546752726305,3.000519275656841,1.2521266937237208,25.588546752726305,-3.0252656936563143,2.504275321960449,3.652724504470825,19.802595138549805,False,-1,6.156999826431274,5.520873069763184,0.8607721328735352,0.26642127639164503,2.168350178058368,-2.168350178058368,"StraightLane index=('>>>', '1S0_0_', 0)",True,111.77256774902344,5.5789947509765625e-05,0.000129699707044326,"StraightLane index=('>>', '>>>', 0)",True,0.0,True,False,0.6593347191810608,0.0,0.0,0.0,True,0.0,0.0,0.0,-0.0,0.0,-0.0
40.10027,"[161.87283325195312, 4.49994421005249, 0.0]","[192.08106994628906, 4.5, 0.0]",2.4883346557700694,5.5382118225097665,5.547165066532883,-0.3636360168399966,-0.4664222300052643,30.14874267556093,3.0252656936563143,1.2373208999736596,25.64874267556093,-3.049877166739697,2.4963228702545166,3.652724504470825,19.802595138549805,False,-1,6.149047374725342,5.5382118225097665,0.8746910095214933,0.2703933340857328,2.252813492466536,-2.252813492466536,"StraightLane index=('>>>', '1S0_0_', 0)",True,111.82276916503906,5.5789947509765625e-05,0.0001373291015673648,"StraightLane index=('>>', '>>>', 0)",True,0.0,True,False,0.6593347191810608,0.0,0.0,0.0,True,0.0,0.0,0.0,-0.0,0.0,-0.0
40.120193,"[161.92274475097656, 4.49994421005249, 0.0]","[192.19276428222656, 4.5, 0.0]",2.4810619354331713,5.555408000946045,5.5641013004039745,-0.36363601684490376,-0.4529535174369812,30.208236694098108,3.049877166739697,1.2305736541691426,25.708236694098108,-3.0743460655128736,2.4885144233703613,3.652724504470825,19.802595138549805,False,-1,6.1412389278411865,5.555408000946045,0.8746910095214933,0.2703933340857328,2.252813492466536,-2.252813492466536,"StraightLane index=('>>>', '1S0_0_', 0)",True,111.87283325195312,5.5789947509765625e-05,0.00014495849609040358,"StraightLane index=('>>', '>>>', 0)",True,0.0,True,False,0.6593347191810608,0.0,0.0,0.0,True,0.0,0.0,0.0,-0.0,0.0,-0.0
40.139565,"[161.97251892089844, 4.49994421005249, 0.0]","[192.30126953125, 4.5, 0.0]",2.473789215096508,5.571908473968506,5.580565903236249,-0.3636360168331576,-0.4366894066333771,30.27001953101197,3.0743460655128736,1.2234449386588242,25.77001953101197,-3.0981192588719977,2.481259822845459,3.652724504470825,19.802595138549805,False,-1,6.133984327316284,5.571908473968506,0.8746910095214933,0.2703933340857328,2.252813492466536,-2.252813492466536,"StraightLane index=('>>>', '1S0_0_', 0)",True,111.92274475097656,5.5789947509765625e-05,0.00014495849609040358,"StraightLane index=('>>', '>>>', 0)",True,0.0,True,False,0.6593347191810608,0.0,0.0,0.0,True,0.0,0.0,0.0,-0.0,0.0,-0.0
40.159566,"[162.0221405029297, 4.49994421005249, 0.0]","[192.41598510742188, 4.5, 0.0]",2.466516494759565,5.592685699462891,5.597569366137879,-0.3636360168471686,-0.40992146730422974,30.32875061011335,3.0981192588719977,1.1886596679562045,25.82875061011335,-3.126169204703326,2.471259117126465,3.652724504470825,19.802595138549805,False,-1,6.12398362159729,5.592685699462891,0.8746910095214933,0.2703933340857328,2.252813492466536,-2.252813492466536,"StraightLane index=('>>>', '1S0_0_', 0)",True,111.97251892089844,5.5789947509765625e-05,0.00014495849609040358,"StraightLane index=('>>', '>>>', 0)",True,0.0,True,False,0.6593347191810608,0.0,0.0,0.0,True,0.0,0.0,0.0,-0.0,0.0,-0.0
40.180383,"[162.0716094970703, 4.49994421005249, 0.0]","[192.5253448486328, 4.5, 0.0]",2.4592437744223825,5.602651596069336,5.615256492535384,-0.3636360168591146,-0.40371444821357727,30.393844604253765,3.126169204703326,1.402497291566407,25.893844604253765,-3.1434078216469534,2.467810869216919,3.652724504470825,19.802595138549805,False,-1,6.120535373687744,5.602651596069336,0.8746910095214933,0.2703933340857328,2.252813492466536,-2.252813492466536,"StraightLane index=('>>>', '1S0_0_', 0)",True,112.02214050292969,5.5789947509765625e-05,0.00014495849609040358,"StraightLane index=('>>', '>>>', 0)",True,0.0,True,False,0.6593347191810608,0.0,0.0,0.0,True,0.0,0.0,0.0,-0.0,0.0,-0.0
40.199429,"[162.12094116210938, 4.49994421005249, 0.0]","[192.6370849609375, 4.5, 0.0]",2.451971054085535,5.6263108253479,5.6314515110899555,-0.36363601684237246,-0.38906240463256836,30.453735351323886,3.1434078216469534,0.8619308471813802,25.953735351323886,-3.1743397712623653,2.461393117904663,3.652724504470825,19.802595138549805,False,-1,6.114117622375488,5.6263108253479,0.8809900283813388,0.2741886516705064,2.337509502991044,-2.337509502991044,"StraightLane index=('>>>', '1S0_0_', 0)",True,112.07160949707031,5.5789947509765625e-05,0.00014495849609040358,"StraightLane index=('>>', '>>>', 0)",True,0.0,True,False,0.6593347191810608,0.0,0.0,0.0,True,0.0,0.0,0.0,-0.0,0.0,-0.0
40.220735,"[162.1701202392578, 4.49994421005249, 0.0]","[192.7531280517578, 4.5, 0.0]",2.444698333748702,5.636500835418701,5.6486445605278,-0.3636360168416619,-0.3742654323577881,30.51614379858931,3.1743397712623653,1.5465974807705951,26.01614379858931,-3.1918025016699993,2.451447010040283,4.748210906982422,20.02206802368164,False,-1,7.199657917022705,5.636500835418701,0.8809900283813388,0.2741886516705064,2.337509502991044,-2.337509502991044,"StraightLane index=('>>>', '1S0_0_', 0)",True,112.12094116210938,5.5789947509765625e-05,0.00014495849609040358,"StraightLane index=('>>', '>>>', 0)",True,0.0,True,False,0.7161790728569031,0.0,0.0,0.0,True,0.0,0.0,0.0,-0.0,0.0,-0.0
40.240087,"[162.2191619873047, 4.49994421005249, 0.0]","[192.86651611328125, 4.5, 0.0]",2.4374256134117966,5.65927791595459,5.664242841566784,-0.36363601684525904,-0.37205711007118225,30.58300781227843,3.1918025016699993,0.873136520381701,26.08300781227843,-3.221852302542793,2.4479360580444336,4.748210906982422,20.02206802368164,False,-1,7.1961469650268555,5.65927791595459,0.8809900283813388,0.2741886516705064,2.337509502991044,-2.337509502991044,"StraightLane index=('>>>', '1S0_0_', 0)",True,112.17012023925781,5.5789947509765625e-05,0.0001373291015673648,"StraightLane index=('>>', '>>>', 0)",True,0.0,True,False,0.7161790728569031,0.0,0.0,0.0,True,0.0,0.0,0.0,-0.0,0.0,-0.0
40.259917,"[162.26805114746094, 4.49994421005249, 0.0]","[192.97947692871094, 4.5, 0.0]",2.430152893074921,5.668663024902344,5.68021707243966,-0.36363601684377134,-0.3598425090312958,30.64735412573733,3.221852302542793,1.5024900436396926,26.14735412573733,-3.2385101318274225,2.4382059574127197,4.748210906982422,20.02206802368164,False,-1,7.186416864395142,5.668663024902344,0.8809900283813388,0.2741886516705064,2.337509502991044,-2.337509502991044,"StraightLane index=('>>>', '1S0_0_', 0)",True,112.21916198730469,5.5789947509765625e-05,0.00014495849609040358,"StraightLane index=('>>', '>>>', 0)",True,0.0,True,False,0.7161790728569031,0.0,0.0,0.0,True,0.0,0.0,0.0,-0.0,0.0,-0.0
40.281537,"[162.31680297851562, 4.49994421005249, 0.0]","[193.0911865234375, 4.5, 0.0]",2.4228801727374196,5.691202640533447,5.697639286324313,-0.3636360168750796,-0.36331841349601746,30.711425781028062,3.2385101318274225,0.8328914642314666,26.211425781028062,-3.2683224677960276,2.4342429637908936,4.748210906982422,20.02206802368164,False,-1,7.182453870773315,5.691202640533447,0.8809900283813388,0.2741886516705064,2.337509502991044,-2.337509502991044,"StraightLane index=('>>>', '1S0_0_', 0)",True,112.26805114746094,5.5789947509765625e-05,0.0001373291015673648,"StraightLane index=('>>', '>>>', 0)",True,0.0,True,False,0.7161790728569031,0.0,0.0,0.0,True,0.0,0.0,0.0,-0.0,0.0,-0.0
40.299938,"[162.3654022216797, 4.49994421005249, 0.0]","[193.20655822753906, 4.5, 0.0]",2.4156074524001254,5.700930118560792,5.7124865535047045,-0.36363601686471014,-0.36084815859794617,30.774383544716734,3.2683224677960276,1.4906167984302554,26.274383544716734,-3.2853226661606665,2.427266836166382,4.748210906982422,20.02206802368164,False,-1,7.175477743148804,5.700930118560792,0.7461929321289151,0.2728865391279678,2.408346272132401,-2.408346272132401,"StraightLane index=('>>>', '1S0_0_', 0)",True,112.31680297851562,5.5789947509765625e-05,0.000129699707044326,"StraightLane index=('>>', '>>>', 0)",True,0.0,True,False,0.7161790728569031,0.0,0.0,0.0,True,0.0,0.0,0.0,-0.0,0.0,-0.0
40.320441,"[162.4138641357422, 4.49994421005249, 0.0]","[193.32130432128906, 4.5, 0.0]",2.4083347320628343,5.722841739654541,5.727675213913133,-0.3636360168645547,-0.3587239980697632,30.841156005654064,3.2853226661606665,0.850009918231942,26.341156005654064,-3.3145070075917067,2.4203271865844727,4.748210906982422,20.02206802368164,False,-1,7.1685380935668945,5.722841739654541,0.7461929321289151,0.2728865391279678,2.408346272132401,-2.408346272132401,"StraightLane index=('>>>', '1S0_0_', 0)",True,112.36540222167969,5.5789947509765625e-05,0.000129699707044326,"StraightLane index=('>>', '>>>', 0)",True,0.0,True,False,0.7161790728569031,0.0,0.0,0.0,True,0.0,0.0,0.0,-0.0,0.0,-0.0
40.340957,"[162.46217346191406, 4.49994421005249, 0.0]","[193.43638610839844, 4.5, 0.0]",2.401062011725675,5.7310075759887695,5.742878558401765,-0.36363601685796,-0.3562486171722412,30.907440185341393,3.3145070075917067,1.4592170715520103,26.407440185341393,-3.3299455642630944,2.4134438037872314,4.748210906982422,20.02206802368164,False,-1,7.161654710769653,5.7310075759887695,0.7461929321289151,0.2728865391279678,2.408346272132401,-2.408346272132401,"StraightLane index=('>>>', '1S0_0_', 0)",True,112.41386413574219,5.5789947509765625e-05,0.000129699707044326,"StraightLane index=('>>', '>>>', 0)",True,0.0,True,False,0.7161790728569031,0.0,0.0,0.0,True,0.0,0.0,0.0,-0.0,0.0,-0.0
40.359464,"[162.51034545898438, 4.49994421005249, 0.0]","[193.55064392089844, 4.5, 0.0]",2.3937892913886243,5.752399444580078,5.7566009721454945,-0.3636360168525421,-0.3544004559516907,30.974212646278723,3.3299455642630944,0.7719278335693858,26.474212646278723,-3.358610153191454,2.4065661430358887,4.748210906982422,20.02206802368164,False,-1,7.1547770500183105,5.752399444580078,0.7461929321289151,0.2728865391279678,2.408346272132401,-2.408346272132401,"StraightLane index=('>>>', '1S0_0_', 0)",True,112.46217346191406,5.5789947509765625e-05,0.000129699707044326,"StraightLane index=('>>', '>>>', 0)",True,0.0,True,False,0.7161790728569031,0.0,0.0,0.0,True,0.0,0.0,0.0,-0.0,0.0,-0.0
40.379697,"[162.55836486816406, 4.49994421005249, 0.0]","[193.66294860839844, 4.5, 0.0]",2.3865165710516387,5.760206699371338,5.771584961387755,-0.36363601684927804,-0.35699328780174255,31.04029846170824,3.358610153191454,1.4332294464179718,26.54029846170824,-3.373690128319699,2.399235486984253,4.748210906982422,20.02206802368164,False,-1,7.147446393966675,5.760206699371338,0.7461929321289151,0.2728865391279678,2.408346272132401,-2.408346272132401,"StraightLane index=('>>>', '1S0_0_', 0)",True,112.51034545898438,5.5789947509765625e-05,0.000129699707044326,"StraightLane index=('>>', '>>>', 0)",True,0.0,True,False,0.7161790728569031,0.0,0.0,0.0,True,0.0,0.0,0.0,-0.0,0.0,-0.0
40.399673,"[162.6062469482422, 4.49994421005249, 0.0]","[193.7784423828125, 4.5, 0.0]",2.3792438507144977,5.781757354736328,5.7863868387456066,-0.3636360168570496,-0.357971727848053,31.10458374002839,3.373690128319699,0.7539987564122663,26.60458374002839,-3.4025135040218304,2.392005681991577,4.748210906982422,20.02206802368164,False,-1,7.140216588973999,5.781757354736328,0.8082723617553622,0.2738874178766087,2.4855211954907985,-2.4855211954907985,"StraightLane index=('>>>', '1S0_0_', 0)",True,112.55836486816406,5.5789947509765625e-05,0.000129699707044326,"StraightLane index=('>>', '>>>', 0)",True,0.0,True,False,0.7161790728569031,0.0,0.0,0.0,True,0.0,0.0,0.0,-0.0,0.0,-0.0
40.41988,"[162.6539764404297, 4.49994421005249, 0.0]","[193.89471435546875, 4.5, 0.0]",2.371971130377665,5.788939952850343,5.799865099617211,-0.3636360168416397,-0.35847073793411255,31.1721954343807,3.4025135040218304,1.4411687851065613,26.6721954343807,-3.4169688224726777,2.3848345279693604,4.748210906982422,20.02206802368164,False,-1,7.133045434951782,5.788939952850343,0.8082723617553622,0.2738874178766087,2.4855211954907985,-2.4855211954907985,"StraightLane index=('>>>', '1S0_0_', 0)",True,112.60624694824219,5.5789947509765625e-05,0.00012207031247039834,"StraightLane index=('>>', '>>>', 0)",True,0.0,True,False,0.7161790728569031,0.0,0.0,0.0,True,0.0,0.0,0.0,-0.0,0.0,-0.0
40.440628,"[162.70156860351562, 4.49994421005249, 0.0]","[194.01380920410156, 4.5, 0.0]",2.3646984100408295,5.809234142303467,5.813682090136154,-0.36363601684177294,-0.357872873544693,31.240737914849294,3.4169688224726777,0.7227659225423677,26.740737914849294,-3.4445357322626373,2.377748966217041,4.40864372253418,19.29586410522461,False,-1,6.786392688751221,5.809234142303467,0.8082723617553622,0.2738874178766087,2.4855211954907985,-2.4855211954907985,"StraightLane index=('>>>', '1S0_0_', 0)",True,112.65397644042969,5.5789947509765625e-05,0.00012207031247039834,"StraightLane index=('>>', '>>>', 0)",True,0.0,True,False,0.7740417122840881,0.0,0.0,0.0,True,0.0,0.0,0.0,-0.0,0.0,-0.0
40.459676,"[162.74900817871094, 4.49994421005249, 0.0]","[194.12942504882812, 4.5, 0.0]",2.3574256897039443,5.815799236297607,5.8263761793385385,-0.36363601684425984,-0.3572585880756378,31.31224060037942,3.4445357322626373,1.3783454894979785,26.81224060037942,-3.458373546593663,2.3707025051116943,4.40864372253418,19.29586410522461,False,-1,6.779346227645874,5.815799236297607,0.8082723617553622,0.2738874178766087,2.4855211954907985,-2.4855211954907985,"StraightLane index=('>>>', '1S0_0_', 0)",True,112.70156860351562,5.5789947509765625e-05,0.000129699707044326,"StraightLane index=('>>', '>>>', 0)",True,0.0,True,False,0.7740417122840881,0.0,0.0,0.0,True,0.0,0.0,0.0,-0.0,0.0,-0.0
40.480392,"[162.79629516601562, 4.49994421005249, 0.0]","[194.24624633789062, 4.5, 0.0]",2.3501529693669965,5.835832595825195,5.840165789916052,-0.36363601684739066,-0.35947132110595703,31.380416869910494,3.458373546593663,0.6918907165512911,26.880416869910494,-3.485679626458199,2.3597447872161865,4.40864372253418,19.29586410522461,False,-1,6.768388509750366,5.835832595825195,0.8082723617553622,0.2738874178766087,2.4855211954907985,-2.4855211954907985,"StraightLane index=('>>>', '1S0_0_', 0)",True,112.74900817871094,5.5789947509765625e-05,0.000129699707044326,"StraightLane index=('>>', '>>>', 0)",True,0.0,True,False,0.7740417122840881,0.0,0.0,0.0,True,0.0,0.0,0.0,-0.0,0.0,-0.0
40.50013,"[162.84344482421875, 4.49994421005249, 0.0]","[194.36265563964844, 4.5, 0.0]",2.3428802490301086,5.8424882888793945,5.85329918868891,-0.36363601684439306,-0.36181333661079407,31.44995117166813,3.485679626458199,1.3653039932267852,26.94995117166813,-3.499608039849286,2.3559043407440186,4.40864372253418,19.29586410522461,False,-1,6.764548063278198,5.8424882888793945,0.6073093414306641,0.26775450303902104,2.542499728941057,-2.542499728941057,"StraightLane index=('>>>', '1S0_0_', 0)",True,112.79629516601562,5.5789947509765625e-05,0.000129699707044326,"StraightLane index=('>>', '>>>', 0)",True,0.0,True,False,0.7740417122840881,0.0,0.0,0.0,True,0.0,0.0,0.0,-0.0,0.0,-0.0
40.520525,"[162.89044189453125, 4.49994421005249, 0.0]","[194.48060607910156, 4.5, 0.0]",2.335607528693181,5.861344337463379,5.865123667829251,-0.36363601684639146,-0.3600546419620514,31.51921081522264,3.499608039849286,0.696420669554354,27.01921081522264,-3.525736808770198,2.3452701568603516,4.40864372253418,19.29586410522461,False,-1,6.753913879394531,5.861344337463379,0.6073093414306641,0.26775450303902104,2.542499728941057,-2.542499728941057,"StraightLane index=('>>>', '1S0_0_', 0)",True,112.84344482421875,5.5789947509765625e-05,0.000129699707044326,"StraightLane index=('>>', '>>>', 0)",True,0.0,True,False,0.7740417122840881,0.0,0.0,0.0,True,0.0,0.0,0.0,-0.0,0.0,-0.0
40.540241,"[162.9373016357422, 4.49994421005249, 0.0]","[194.59786987304688, 4.5, 0.0]",2.328334808356648,5.866240501403809,5.876563424857962,-0.3636360168266295,-0.36603376269340515,31.59016418434585,3.525736808770198,1.3064384460456102,27.09016418434585,-3.5379056930471604,2.3410425186157227,4.40864372253418,19.29586410522461,False,-1,6.749686241149902,5.866240501403809,0.6073093414306641,0.26775450303902104,2.542499728941057,-2.542499728941057,"StraightLane index=('>>>', '1S0_0_', 0)",True,112.89044189453125,5.5789947509765625e-05,0.0001373291015673648,"StraightLane index=('>>', '>>>', 0)",True,0.0,True,False,0.7740417122840881,0.0,0.0,0.0,True,0.0,0.0,0.0,-0.0,0.0,-0.0
40.559926,"[162.9840087890625, 4.49994421005249, 0.0]","[194.7147216796875, 4.5, 0.0]",2.32106208801977,5.884428024291992,5.887985653700818,-0.36363601684390456,-0.36728712916374207,31.660568237043837,3.5379056930471604,0.6084442138481139,27.160568237043837,-3.563365936272222,2.3336005210876465,4.40864372253418,19.29586410522461,False,-1,6.742244243621826,5.884428024291992,0.6073093414306641,0.26775450303902104,2.542499728941057,-2.542499728941057,"StraightLane index=('>>>', '1S0_0_', 0)",True,112.93730163574219,5.5789947509765625e-05,0.00015258789061344235,"StraightLane index=('>>', '>>>', 0)",True,0.0,True,False,0.7740417122840881,0.0,0.0,0.0,True,0.0,0.0,0.0,-0.0,0.0,-0.0
40.580599,"[163.03057861328125, 4.49994421005249, 0.0]","[194.8327178955078, 4.5, 0.0]",2.3137893676826744,5.889397621154785,5.899968616093904,-0.36363601685478475,-0.36493390798568726,31.730712890417408,3.563365936272222,1.2730121612530843,27.230712890417408,-3.5756082534721108,2.322869300842285,4.40864372253418,19.29586410522461,False,-1,6.731513023376465,5.889397621154785,0.6073093414306641,0.26775450303902104,2.542499728941057,-2.542499728941057,"StraightLane index=('>>>', '1S0_0_', 0)",True,112.9840087890625,5.5789947509765625e-05,0.000129699707044326,"StraightLane index=('>>', '>>>', 0)",True,0.0,True,False,0.7740417122840881,0.0,0.0,0.0,True,0.0,0.0,0.0,-0.0,0.0,-0.0
40.599982,"[163.07699584960938, 4.49994421005249, 0.0]","[194.9502716064453, 4.5, 0.0]",2.3065166473456165,5.90765380859375,5.911212152882013,-0.36363601685289737,-0.3660074770450592,31.80213928201879,3.5756082534721108,0.6121158599944332,27.30213928201879,-3.6011371612481335,2.3191072940826416,4.40864372253418,19.29586410522461,False,-1,6.727751016616821,5.90765380859375,0.6516551971435547,0.26378698463514333,2.6045261394464303,-2.6045261394464303,"StraightLane index=('>>>', '1S0_0_', 0)",True,113.03057861328125,5.5789947509765625e-05,0.000129699707044326,"StraightLane index=('>>', '>>>', 0)",True,0.0,True,False,0.7740417122840881,0.0,0.0,0.0,True,0.0,0.0,0.0,-0.0,0.0,-0.0
40.621033,"[163.12327575683594, 4.49994421005249, 0.0]","[195.0696258544922, 4.5, 0.0]",2.2992439270084106,5.911445617675782,5.921540717250666,-0.36363601686029146,-0.3612159788608551,31.87327575662798,3.6011371612481335,1.2764453888011396,27.37327575662798,-3.6122016906673715,2.3086981773376465,4.45555305480957,23.47443389892578,False,-1,6.764251232147217,5.911445617675782,0.6516551971435547,0.26378698463514333,2.6045261394464303,-2.6045261394464303,"StraightLane index=('>>>', '1S0_0_', 0)",True,113.07699584960938,5.5789947509765625e-05,0.000129699707044326,"StraightLane index=('>>', '>>>', 0)",True,0.0,True,False,0.8269138932228088,0.0,0.0,0.0,True,0.0,0.0,0.0,-0.0,0.0,-0.0
40.63959,"[163.16940307617188, 4.49994421005249, 0.0]","[195.18502807617188, 4.5, 0.0]",2.2919712066713602,5.927678108215332,5.930698146458481,-0.3636360168525199,-0.3664304316043854,31.946350097448107,3.6122016906673715,0.5532264709618984,27.446350097448107,-3.635706901543972,2.3045389652252197,4.45555305480957,23.47443389892578,False,-1,6.76009202003479,5.927678108215332,0.6516551971435547,0.26378698463514333,2.6045261394464303,-2.6045261394464303,"StraightLane index=('>>>', '1S0_0_', 0)",True,113.12327575683594,5.5789947509765625e-05,0.000129699707044326,"StraightLane index=('>>', '>>>', 0)",True,0.0,True,False,0.8269138932228088,0.0,0.0,0.0,True,0.0,0.0,0.0,-0.0,0.0,-0.0
40.659321,"[163.21539306640625, 4.49994421005249, 0.0]","[195.30288696289062, 4.5, 0.0]",2.284698486334297,5.930779933929443,5.940410490668727,-0.3636360168531638,-0.36648884415626526,32.015624999791676,3.635706901543972,1.1752605438300145,27.515624999791676,-3.6460814475951464,2.2972211837768555,4.45555305480957,23.47443389892578,False,-1,6.752774238586426,5.930779933929443,0.6516551971435547,0.26378698463514333,2.6045261394464303,-2.6045261394464303,"StraightLane index=('>>>', '1S0_0_', 0)",True,113.16940307617188,5.5789947509765625e-05,0.000129699707044326,"StraightLane index=('>>', '>>>', 0)",True,0.0,True,False,0.8269138932228088,0.0,0.0,0.0,True,0.0,0.0,0.0,-0.0,0.0,-0.0
40.681102,"[163.26123046875, 4.49994421005249, 0.0]","[195.42507934570312, 4.5, 0.0]",2.2774257659972887,5.947575092315674,5.9511159968917475,-0.36363601685041047,-0.3630638122558594,32.087493896275866,3.6460814475951464,0.5187273025587302,27.587493896275866,-3.670149326318385,2.2866387367248535,4.45555305480957,23.47443389892578,False,-1,6.742191791534424,5.947575092315674,0.6516551971435547,0.26378698463514333,2.6045261394464303,-2.6045261394464303,"StraightLane index=('>>>', '1S0_0_', 0)",True,113.21539306640625,5.5789947509765625e-05,0.000129699707044326,"StraightLane index=('>>', '>>>', 0)",True,0.0,True,False,0.8269138932228088,0.0,0.0,0.0,True,0.0,0.0,0.0,-0.0,0.0,-0.0
40.700161,"[163.3069305419922, 4.49994421005249, 0.0]","[195.5433349609375, 4.5, 0.0]",2.270153045660187,5.954043865203857,5.960476167541468,-0.3636360168550956,-0.3685482144355774,32.163848876744424,3.670149326318385,1.203393936161934,27.663848876744424,-3.6838908195436706,2.282432794570923,4.45555305480957,23.47443389892578,False,-1,6.737985849380493,5.954043865203857,0.4639005661010742,0.2536448059851666,2.6481738386885527,-2.6481738386885527,"StraightLane index=('>>>', '1S0_0_', 0)",True,113.26123046875,5.5789947509765625e-05,0.000129699707044326,"StraightLane index=('>>', '>>>', 0)",True,0.0,True,False,0.8269138932228088,0.0,0.0,0.0,True,0.0,0.0,0.0,-0.0,0.0,-0.0
40.719691,"[163.35247802734375, 4.49994421005249, 0.0]","[195.66033935546875, 4.5, 0.0]",2.2628803253231555,5.962520122528076,5.968393824387289,-0.3636360168515651,-0.3643758296966553,32.23640441873643,3.6838908195436706,0.6870746612642753,27.736404418736427,-3.6996397972049206,2.271825075149536,4.45555305480957,23.47443389892578,False,-1,6.7273781299591064,5.962520122528076,0.4639005661010742,0.2536448059851666,2.6481738386885527,-2.6481738386885527,"StraightLane index=('>>>', '1S0_0_', 0)",True,113.30693054199219,5.5789947509765625e-05,0.000129699707044326,"StraightLane index=('>>', '>>>', 0)",True,0.0,True,False,0.8269138932228088,0.0,0.0,0.0,True,0.0,0.0,0.0,-0.0,0.0,-0.0
40.73967,"[163.39788818359375, 4.49994421005249, 0.0]","[195.78009033203125, 4.5, 0.0]",2.255607604986259,5.970629692077637,5.976485470051097,-0.36363601684483715,-0.36554259061813354,32.30786132791593,3.6996397972049206,0.7874488830625026,27.80786132791593,-3.715022087091378,2.264375686645508,4.45555305480957,23.47443389892578,False,-1,6.719928741455078,5.970629692077637,0.4639005661010742,0.2536448059851666,2.6481738386885527,-2.6481738386885527,"StraightLane index=('>>>', '1S0_0_', 0)",True,113.35247802734375,5.5789947509765625e-05,0.000129699707044326,"StraightLane index=('>>', '>>>', 0)",True,0.0,True,False,0.8269138932228088,0.0,0.0,0.0,True,0.0,0.0,0.0,-0.0,0.0,-0.0
40.759035,"[163.44314575195312, 4.49994421005249, 0.0]","[195.8990020751953, 4.5, 0.0]",2.248334884649327,5.978681564331055,5.98432873770796,-0.3636360168465913,-0.3609524071216583,32.38220214822824,3.715022087091378,0.7691144943228645,27.882202148228238,-3.7303466796817277,2.257538318634033,4.45555305480957,23.47443389892578,False,-1,6.7130913734436035,5.978681564331055,0.4639005661010742,0.2536448059851666,2.6481738386885527,-2.6481738386885527,"StraightLane index=('>>>', '1S0_0_', 0)",True,113.39788818359375,5.5789947509765625e-05,0.000129699707044326,"StraightLane index=('>>', '>>>', 0)",True,0.0,True,False,0.8269138932228088,0.0,0.0,0.0,True,0.0,0.0,0.0,-0.0,0.0,-0.0
40.780241,"[163.48825073242188, 4.49994421005249, 0.0]","[196.02175903320312, 4.5, 0.0]",2.2410621643123565,5.986995220184326,5.9929064198168405,-0.3636360168485231,-0.3609701991081238,32.45585632303274,3.7303466796817277,0.7662296295174897,27.95585632303274,-3.7459330558719697,2.250284433364868,4.45555305480957,23.47443389892578,False,-1,6.7058374881744385,5.986995220184326,0.4639005661010742,0.2536448059851666,2.6481738386885527,-2.6481738386885527,"StraightLane index=('>>>', '1S0_0_', 0)",True,113.44314575195312,5.5789947509765625e-05,0.000129699707044326,"StraightLane index=('>>', '>>>', 0)",True,0.0,True,False,0.8269138932228088,0.0,0.0,0.0,True,0.0,0.0,0.0,-0.0,0.0,-0.0
40.800058,"[163.53321838378906, 4.49994421005249, 0.0]","[196.13844299316406, 4.5, 0.0]",2.2337894439754304,5.994897365570068,6.000931324861246,-0.36363601684630265,-0.3660513460636139,32.533508300571604,3.7459330558719697,0.7793188095120973,28.033508300571604,-3.761107921594638,2.2461416721343994,4.45555305480957,23.47443389892578,False,-1,6.70169472694397,5.994897365570068,0.4085350036621094,0.24257905051482376,2.6872991995513384,-2.6872991995513384,"StraightLane index=('>>>', '1S0_0_', 0)",True,113.48825073242188,5.5789947509765625e-05,0.000129699707044326,"StraightLane index=('>>', '>>>', 0)",True,0.0,True,False,0.8269138932228088,0.0,0.0,0.0,True,0.0,0.0,0.0,-0.0,0.0,-0.0
40.82055,"[163.57803344726562, 4.49994421005249, 0.0]","[196.25985717773438, 4.5, 0.0]",2.2265167236384413,6.001967906951904,6.007532681610552,-0.3636360168494557,-0.36125272512435913,32.60522460916517,3.761107921594638,0.758743286133412,28.10522460916517,-3.775451183313463,2.235682725906372,4.767561912536621,23.145267486572266,False,-1,7.003244638442993,6.001967906951904,0.4085350036621094,0.24257905051482376,2.6872991995513384,-2.6872991995513384,"StraightLane index=('>>>', '1S0_0_', 0)",True,113.53321838378906,5.5789947509765625e-05,0.000129699707044326,"StraightLane index=('>>', '>>>', 0)",True,0.0,True,False,0.8777654767036438,0.0,0.0,0.0,True,0.0,0.0,0.0,-0.0,0.0,-0.0
40.840306,"[163.62271118164062, 4.49994421005249, 0.0]","[196.3824005126953, 4.5, 0.0]",2.2192440033015486,6.008545875549316,6.013913999777928,-0.3636360168446373,-0.3623768389225006,32.68182373025872,3.775451183313463,0.7171630859412526,28.18182373025872,-3.789301872247768,2.2283008098602295,4.767561912536621,23.145267486572266,False,-1,6.995862722396851,6.008545875549316,0.4085350036621094,0.24257905051482376,2.6872991995513384,-2.6872991995513384,"StraightLane index=('>>>', '1S0_0_', 0)",True,113.57803344726562,5.5789947509765625e-05,0.000129699707044326,"StraightLane index=('>>', '>>>', 0)",True,0.0,True,False,0.8777654767036438,0.0,0.0,0.0,True,0.0,0.0,0.0,-0.0,0.0,-0.0
40.859712,"[163.667236328125, 4.49994421005249, 0.0]","[196.50209045410156, 4.5, 0.0]",2.2119712829646434,6.014970779418945,6.020194459581282,-0.36363601684525904,-0.35794904828071594,32.75968933084446,3.789301872247768,0.6925344467152428,28.25968933084446,-3.802999496454302,2.2215092182159424,4.767561912536621,23.145267486572266,False,-1,6.9890711307525635,6.014970779418945,0.4085350036621094,0.24257905051482376,2.6872991995513384,-2.6872991995513384,"StraightLane index=('>>>', '1S0_0_', 0)",True,113.62271118164062,5.5789947509765625e-05,0.000129699707044326,"StraightLane index=('>>', '>>>', 0)",True,0.0,True,False,0.8777654767036438,0.0,0.0,0.0,True,0.0,0.0,0.0,-0.0,0.0,-0.0
40.879466,"[163.7116241455078, 4.49994421005249, 0.0]","[196.6194610595703, 4.5, 0.0]",2.204698562627732,6.021271228790283,6.026579331725167,-0.3636360168455699,-0.36137479543685913,32.83485412576614,3.802999496454302,0.6848812103267043,28.334854125766142,-3.816572666162551,2.2175703048706055,4.767561912536621,23.145267486572266,False,-1,6.985132217407227,6.021271228790283,0.4085350036621094,0.24257905051482376,2.6872991995513384,-2.6872991995513384,"StraightLane index=('>>>', '1S0_0_', 0)",True,113.667236328125,5.5789947509765625e-05,0.000129699707044326,"StraightLane index=('>>', '>>>', 0)",True,0.0,True,False,0.8777654767036438,0.0,0.0,0.0,True,0.0,0.0,0.0,-0.0,0.0,-0.0
40.899862,"[163.755859375, 4.49994421005249, 0.0]","[196.74288940429688, 4.5, 0.0]",2.1974258422908903,6.027897834777832,6.0331699170662905,-0.3636360168420838,-0.3635276257991791,32.907836913851895,3.816572666162551,0.6786584854124644,28.407836913851895,-3.8304719924869417,2.2101480960845947,4.767561912536621,23.145267486572266,False,-1,6.977710008621216,6.027897834777832,0.3300046920776367,0.22987130968605868,2.719678104802571,-2.719678104802571,"StraightLane index=('>>>', '1S0_0_', 0)",True,113.71162414550781,5.5789947509765625e-05,0.000129699707044326,"StraightLane index=('>>', '>>>', 0)",True,0.0,True,False,0.8777654767036438,0.0,0.0,0.0,True,0.0,0.0,0.0,-0.0,0.0,-0.0
40.919771,"[163.79995727539062, 4.49994421005249, 0.0]","[196.86082458496094, 4.5, 0.0]",2.1901531219539074,6.03325366973877,6.038183257158008,-0.3636360168491448,-0.3593326508998871,32.987030029086064,3.8304719924869417,0.6949663162195252,28.487030029086064,-3.843100547784863,2.199695587158203,4.767561912536621,23.145267486572266,False,-1,6.967257499694824,6.03325366973877,0.3300046920776367,0.22987130968605868,2.719678104802571,-2.719678104802571,"StraightLane index=('>>>', '1S0_0_', 0)",True,113.755859375,5.5789947509765625e-05,0.000129699707044326,"StraightLane index=('>>', '>>>', 0)",True,0.0,True,False,0.8777654767036438,0.0,0.0,0.0,True,0.0,0.0,0.0,-0.0,0.0,-0.0
40.939891,"[163.84390258789062, 4.49994421005249, 0.0]","[196.9818572998047, 4.5, 0.0]",2.1828804016169965,6.0382981300354,6.043256448331033,-0.3636360168455477,-0.3634365499019623,33.06086730935931,3.843100547784863,0.6314277648960642,28.56086730935931,-3.855417728418404,2.195671796798706,4.767561912536621,23.145267486572266,False,-1,6.963233709335327,6.0382981300354,0.3300046920776367,0.22987130968605868,2.719678104802571,-2.719678104802571,"StraightLane index=('>>>', '1S0_0_', 0)",True,113.79995727539062,5.5789947509765625e-05,0.000129699707044326,"StraightLane index=('>>', '>>>', 0)",True,0.0,True,False,0.8777654767036438,0.0,0.0,0.0,True,0.0,0.0,0.0,-0.0,0.0,-0.0
40.960156,"[163.88771057128906, 4.49994421005249, 0.0]","[197.10511779785156, 4.5, 0.0]",2.17560768128007,6.043435573577881,6.048371350794192,-0.36363601684632485,-0.3665359616279602,33.13795471170287,3.855417728418404,0.6158590316770463,28.637954711702868,-3.867827892297811,2.188103675842285,4.767561912536621,23.145267486572266,False,-1,6.955665588378906,6.043435573577881,0.3300046920776367,0.22987130968605868,2.719678104802571,-2.719678104802571,"StraightLane index=('>>>', '1S0_0_', 0)",True,113.84390258789062,5.5789947509765625e-05,0.000129699707044326,"StraightLane index=('>>', '>>>', 0)",True,0.0,True,False,0.8777654767036438,0.0,0.0,0.0,True,0.0,0.0,0.0,-0.0,0.0,-0.0
40.980327,"[163.93136596679688, 4.49994421005249, 0.0]","[197.2266082763672, 4.5, 0.0]",2.168334960943362,6.048500061035156,6.0534498062476985,-0.36363601683540026,-0.367293119430542,33.2174072263511,3.867827892297811,0.6205081939703483,28.7174072263511,-3.8801651000917943,2.18070650100708,4.767561912536621,23.145267486572266,False,-1,6.948268413543701,6.048500061035156,0.3300046920776367,0.22987130968605868,2.719678104802571,-2.719678104802571,"StraightLane index=('>>>', '1S0_0_', 0)",True,113.88771057128906,5.5789947509765625e-05,0.000129699707044326,"StraightLane index=('>>', '>>>', 0)",True,0.0,True,False,0.8777654767036438,0.0,0.0,0.0,True,0.0,0.0,0.0,-0.0,0.0,-0.0
40.999192,"[163.97488403320312, 4.49994421005249, 0.0]","[197.34385681152344, 4.5, 0.0]",2.161062240606589,6.05338716506958,6.058207496944326,-0.3636360168386421,-0.3670673072338104,33.29524230935871,3.8801651000917943,0.6168603896991698,28.795242309358713,-3.892324924462991,2.1734278202056885,4.767561912536621,23.145267486572266,False,-1,6.94098973274231,6.05338716506958,0.25489330291748047,0.21580544431956464,2.745816645220509,-2.745816645220509,"StraightLane index=('>>>', '1S0_0_', 0)",True,113.93136596679688,5.5789947509765625e-05,0.000129699707044326,"StraightLane index=('>>', '>>>', 0)",True,0.0,True,False,0.8777654767036438,0.0,0.0,0.0,True,0.0,0.0,0.0,-0.0,0.0,-0.0
41.021168,"[164.01824951171875, 4.49994421005249, 0.0]","[197.4691619873047, 4.5, 0.0]",2.1537895202696857,6.057840347290039,6.062598708800365,-0.3636360168451702,-0.360187828540802,33.36897277810852,3.892324924462991,0.6079912185598335,28.86897277810852,-3.9040508270203533,2.163179874420166,4.767561912536621,23.145267486572266,False,-1,6.930741786956787,6.057840347290039,0.25489330291748047,0.21580544431956464,2.745816645220509,-2.745816645220509,"StraightLane index=('>>>', '1S0_0_', 0)",True,113.97488403320312,5.5789947509765625e-05,0.000129699707044326,"StraightLane index=('>>', '>>>', 0)",True,0.0,True,False,0.8777654767036438,0.0,0.0,0.0,True,0.0,0.0,0.0,-0.0,0.0,-0.0
41.039831,"[164.0614776611328, 4.49994421005249, 0.0]","[197.5872802734375, 4.5, 0.0]",2.146516799932714,6.061694622039795,6.066293584024627,-0.3636360168485897,-0.3636206090450287,33.45091247537394,3.9040508270203533,0.5862951278681194,28.95091247537394,-3.915177822107081,2.1592180728912354,5.201384544372559,23.935171127319336,False,-1,7.360602617263794,6.061694622039795,0.25489330291748047,0.21580544431956464,2.745816645220509,-2.745816645220509,"StraightLane index=('>>>', '1S0_0_', 0)",True,114.01824951171875,5.5789947509765625e-05,0.000129699707044326,"StraightLane index=('>>', '>>>', 0)",True,0.0,True,False,0.9261423945426941,0.0,0.0,0.0,True,0.0,0.0,0.0,-0.0,0.0,-0.0
41.060485,"[164.10455322265625, 4.49994421005249, 0.0]","[197.7081298828125, 4.5, 0.0]",2.1392440795958128,6.065637588500977,6.070383202349976,-0.3636360168450592,-0.36567893624305725,33.5258026120925,3.915177822107081,0.5563497543363827,29.025802612092498,-3.926393508905164,2.151761054992676,5.201384544372559,23.935171127319336,False,-1,7.353145599365234,6.065637588500977,0.25489330291748047,0.21580544431956464,2.745816645220509,-2.745816645220509,"StraightLane index=('>>>', '1S0_0_', 0)",True,114.06147766113281,5.5789947509765625e-05,0.000129699707044326,"StraightLane index=('>>', '>>>', 0)",True,0.0,True,False,0.9261423945426941,0.0,0.0,0.0,True,0.0,0.0,0.0,-0.0,0.0,-0.0
41.080136,"[164.14747619628906, 4.49994421005249, 0.0]","[197.83273315429688, 4.5, 0.0]",2.131971359258836,6.069703102111816,6.074274247066618,-0.36363601684883395,-0.3657492399215698,33.60357665994386,3.926393508905164,0.5607843399041412,29.10357665994386,-3.9377317428529803,2.1444571018218994,5.201384544372559,23.935171127319336,False,-1,7.345841646194458,6.069703102111816,0.25489330291748047,0.21580544431956464,2.745816645220509,-2.745816645220509,"StraightLane index=('>>>', '1S0_0_', 0)",True,114.10455322265625,5.5789947509765625e-05,0.000129699707044326,"StraightLane index=('>>', '>>>', 0)",True,0.0,True,False,0.9261423945426941,0.0,0.0,0.0,True,0.0,0.0,0.0,-0.0,0.0,-0.0
41.099292,"[164.1902618408203, 4.49994421005249, 0.0]","[197.9508514404297, 4.5, 0.0]",2.1246986389218767,6.073556900024414,6.078068493346718,-0.363636016847968,-0.36512982845306396,33.68525695779521,3.9377317428529803,0.5669116973908261,29.18525695779521,-3.9488582611025373,2.1372528076171875,5.201384544372559,23.935171127319336,False,-1,7.338637351989746,6.073556900024414,0.20169734954833984,0.20128430712180007,2.7680421768384496,-2.7680421768384496,"StraightLane index=('>>>', '1S0_0_', 0)",True,114.14747619628906,5.5789947509765625e-05,0.000129699707044326,"StraightLane index=('>>', '>>>', 0)",True,0.0,True,False,0.9261423945426941,0.0,0.0,0.0,True,0.0,0.0,0.0,-0.0,0.0,-0.0
41.119517,"[164.23289489746094, 4.49994421005249, 0.0]","[198.0728302001953, 4.5, 0.0]",2.117425918585007,6.080431938171387,6.081446549478883,-0.3636360168434827,-0.36333268880844116,33.76058959939658,3.9488582611025373,0.5563259124778508,29.26058959939658,-3.9630060195863797,2.1301660537719727,5.201384544372559,23.935171127319336,False,-1,7.331550598144531,6.080431938171387,0.20169734954833984,0.20128430712180007,2.7680421768384496,-2.7680421768384496,"StraightLane index=('>>>', '1S0_0_', 0)",True,114.19026184082031,5.5789947509765625e-05,0.000129699707044326,"StraightLane index=('>>', '>>>', 0)",True,0.0,True,False,0.9261423945426941,0.0,0.0,0.0,True,0.0,0.0,0.0,-0.0,0.0,-0.0
41.140063,"[164.275390625, 4.49994421005249, 0.0]","[198.19776916503906, 4.5, 0.0]",2.110153198248154,6.077173233032227,6.084856889500422,-0.3636360168426611,-0.3584493100643158,33.83993530252138,3.9630060195863797,0.7073879241921155,29.339935302521383,-3.9670200347840727,2.1198487281799316,5.201384544372559,23.935171127319336,False,-1,7.32123327255249,6.077173233032227,0.20169734954833984,0.20128430712180007,2.7680421768384496,-2.7680421768384496,"StraightLane index=('>>>', '1S0_0_', 0)",True,114.23289489746094,5.5789947509765625e-05,0.000129699707044326,"StraightLane index=('>>', '>>>', 0)",True,0.0,True,False,0.9261423945426941,0.0,0.0,0.0,True,0.0,0.0,0.0,-0.0,0.0,-0.0
41.159025,"[164.31773376464844, 4.49994421005249, 0.0]","[198.31578063964844, 4.5, 0.0]",2.102880477911259,6.087058067321777,6.088006439540908,-0.36363601684474833,-0.3621428906917572,33.92237853982586,3.9670200347840727,0.2007007598846533,29.422378539825857,-3.9841775894105185,2.1122395992279053,5.201384544372559,23.935171127319336,False,-1,7.313624143600464,6.087058067321777,0.20169734954833984,0.20128430712180007,2.7680421768384496,-2.7680421768384496,"StraightLane index=('>>>', '1S0_0_', 0)",True,114.275390625,5.5789947509765625e-05,0.000129699707044326,"StraightLane index=('>>', '>>>', 0)",True,0.0,True,False,0.9261423945426941,0.0,0.0,0.0,True,0.0,0.0,0.0,-0.0,0.0,-0.0
41.181358,"[164.3599395751953, 4.49994421005249, 0.0]","[198.43902587890625, 4.5, 0.0]",2.095607757574382,6.0837531089782715,6.091708744677505,-0.36363601684383795,-0.364015132188797,33.9980468747866,3.9841775894105185,0.8578777313222874,29.498046874786603,-3.9881453514038894,2.108421802520752,5.201384544372559,23.935171127319336,False,-1,7.3098063468933105,6.0837531089782715,0.20169734954833984,0.20128430712180007,2.7680421768384496,-2.7680421768384496,"StraightLane index=('>>>', '1S0_0_', 0)",True,114.31773376464844,5.5789947509765625e-05,0.000129699707044326,"StraightLane index=('>>', '>>>', 0)",True,0.0,True,False,0.9261423945426941,0.0,0.0,0.0,True,0.0,0.0,0.0,-0.0,0.0,-0.0
41.200125,"[164.40199279785156, 4.49994421005249, 0.0]","[198.56236267089844, 4.5, 0.0]",2.088335037237471,6.093783378601074,6.094826815200224,-0.3636360168455477,-0.3636541962623596,34.07908630349733,3.9881453514038894,0.19838809966854498,29.579086303497327,-4.0054483413636035,2.101223945617676,5.201384544372559,23.935171127319336,False,-1,7.302608489990234,6.093783378601074,0.20226478576660156,0.1882351439114511,2.791776565797793,-2.791776565797793,"StraightLane index=('>>>', '1S0_0_', 0)",True,114.35993957519531,5.5789947509765625e-05,0.000129699707044326,"StraightLane index=('>>', '>>>', 0)",True,0.0,True,False,0.9261423945426941,0.0,0.0,0.0,True,0.0,0.0,0.0,-0.0,0.0,-0.0
41.219907,"[164.44390869140625, 4.49994421005249, 0.0]","[198.68209838867188, 4.5, 0.0]",2.081062316900587,6.090295791625977,6.097990181117504,-0.3636360168442154,-0.3667394816875458,34.16036987283306,4.0054483413636035,0.8651494979857066,29.66036987283306,-4.00923347472539,2.0936529636383057,3.988145351409912,34.07908630371094,True,0,6.081798315048218,6.090295791625977,0.20226478576660156,0.1882351439114511,2.791776565797793,-2.791776565797793,"StraightLane index=('>>>', '1S0_0_', 0)",True,114.40199279785156,5.5789947509765625e-05,0.000129699707044326,"StraightLane index=('>>', '>>>', 0)",True,0.0,True,False,0.9261423945426941,0.0,0.0,0.0,True,0.0,0.0,0.0,-0.0,0.0,-0.0
41.240312,"[164.4856719970703, 4.49994421005249, 0.0]","[198.80711364746094, 4.5, 0.0]",2.0854806900085125,6.100239276885986,6.101255542717129,0.22091865539628497,-0.367474228143692,34.23818969705161,4.00923347472539,0.1892566680893104,29.73818969705161,-4.014758586877473,2.086254119873047,3.988145351409912,34.07908630371094,True,0,6.074399471282959,6.100239276885986,0.20226478576660156,0.1882351439114511,2.791776565797793,-0.19948211122320814,"StraightLane index=('>>>', '1S0_0_', 0)",True,114.44390869140625,5.5789947509765625e-05,0.000129699707044326,"StraightLane index=('>>', '>>>', 0)",True,0.0,True,False,0.9716702103614807,2.592294454574585,0.0,2.0,True,0.0,0.0,0.08,0.0,0.08,0.0
41.259198,"[164.5272979736328, 4.49994421005249, 0.0]","[198.9255828857422, 4.5, 0.0]",2.0943183898986293,6.096679210662843,6.104279465598241,0.44188499450583674,-0.367221862077713,34.321441650176396,4.014758586877473,0.2762556076041811,29.821441650176396,-4.002360820764213,2.078974962234497,3.988145351409912,34.07908630371094,True,0,6.067120313644409,6.096679210662843,0.20226478576660156,0.1882351439114511,2.791776565797793,-0.19948211122320814,"StraightLane index=('>>>', '1S0_0_', 0)",True,114.48567199707031,5.5789947509765625e-05,0.000129699707044326,"StraightLane index=('>>', '>>>', 0)",True,0.0,True,False,0.9716702103614807,2.592294454574585,0.0,2.0,True,0.0,0.0,0.16,0.0,0.16,0.0
41.280001,"[164.56900024414062, 4.49994421005249, 0.0]","[199.0479736328125, 4.5, 0.0]",2.10757446289639,6.10655403137207,6.107603979517893,0.6628036498880441,-0.3471218943595886,34.39828491189495,4.002360820764213,-0.6198883056629967,29.898284911894947,-3.99897956847568,2.073765277862549,3.988145351409912,34.07908630371094,True,0,6.061910629272461,6.10655403137207,0.20226478576660156,0.1882351439114511,2.791776565797793,-0.19948211122320814,"StraightLane index=('>>>', '1S0_0_', 0)",True,114.52729797363281,5.5789947509765625e-05,0.000129699707044326,"StraightLane index=('>>', '>>>', 0)",True,0.0,True,False,0.9716702103614807,2.592294454574585,0.0,2.0,True,0.0,0.0,0.24000000000000002,0.0,0.24000000000000002,0.0
41.300101,"[164.6108856201172, 4.49994421005249, 0.0]","[199.16943359375, 4.5, 0.0]",2.1252489090021958,6.103072643280029,6.110825372616016,0.8837223052902798,-0.29013070464134216,34.47897338845724,3.99897956847568,-0.1690626144266627,29.97897338845724,-3.9778237342778335,2.0730061531066895,3.988145351409912,34.07908630371094,True,0,6.061151504516602,6.103072643280029,0.09289264678955078,0.17266287215794027,2.7582482994385322,-0.16595384486394726,"StraightLane index=('>>>', '1S0_0_', 0)",True,114.56900024414062,5.5789947509765625e-05,0.000129699707044326,"StraightLane index=('>>', '>>>', 0)",True,0.0,True,False,0.9716702103614807,2.592294454574585,0.0,2.0,True,0.0,0.0,0.32,0.0,0.32,0.0
41.320098,"[164.6530303955078, 4.49994421005249, 0.0]","[199.29229736328125, 4.5, 0.0]",2.1473426818905614,6.113223075866699,6.1144249407994335,1.1046886444182835,-0.19731971621513367,34.55854797341797,3.9778237342778335,-1.0577917098923306,30.058547973417973,-3.965880393976138,2.0772953033447266,3.988145351409912,34.07908630371094,True,0,6.065440654754639,6.113223075866699,0.09289264678955078,0.17266287215794027,2.7582482994385322,-0.16595384486394726,"StraightLane index=('>>>', '1S0_0_', 0)",True,114.61088562011719,5.5789947509765625e-05,0.000129699707044326,"StraightLane index=('>>', '>>>', 0)",True,0.0,True,False,0.9716702103614807,2.592294454574585,0.0,2.0,True,0.0,0.0,0.39999999999999997,0.0,0.39999999999999997,0.0
41.339998,"[164.69554138183594, 4.49994421005249, 0.0]","[199.4178924560547, 4.5, 0.0]",2.1738548278868137,6.110250949859619,6.1180067539588325,1.3256072998126145,-0.07235562801361084,34.63926696754022,3.965880393976138,-0.5971670150847874,30.139266967540223,-3.9363961219728054,2.086972951889038,3.9989795684814453,34.478973388671875,True,0,6.085952520370483,6.110250949859619,0.09289264678955078,0.17266287215794027,2.7582482994385322,-0.16924330599981152,"StraightLane index=('>>>', '1S0_0_', 0)",True,114.65303039550781,5.5789947509765625e-05,0.0001373291015673648,"StraightLane index=('>>', '>>>', 0)",True,0.0,True,False,0.9716702103614807,2.5890049934387207,0.0,2.0,True,0.0,0.0,0.4799999999999999,0.0,0.4799999999999999,0.0
41.359302,"[164.73849487304688, 4.49994421005249, 0.0]","[199.53956604003906, 4.5, 0.0]",2.2047853469911387,6.120495796203613,6.121483624957107,1.5465259552162491,0.08092773705720901,34.72235107396647,3.9363961219728054,-1.4742136001666184,30.222351073966472,-3.9157104492124746,2.102236747741699,3.9989795684814453,34.478973388671875,True,0,6.1012163162231445,6.120495796203613,0.09289264678955078,0.17266287215794027,2.7582482994385322,-0.16924330599981152,"StraightLane index=('>>>', '1S0_0_', 0)",True,114.69554138183594,5.5789947509765625e-05,0.00014495849609040358,"StraightLane index=('>>', '>>>', 0)",True,0.0,True,False,0.9716702103614807,2.5890049934387207,0.0,2.0,True,0.0,0.0,0.5599999999999999,0.0,0.5599999999999999,0.0
41.380101,"[164.78196716308594, 4.49994421005249, 0.0]","[199.66226196289062, 4.5, 0.0]",2.2401351928774327,6.117438316345215,6.12522561418016,1.7674922943146987,0.2619680166244507,34.80107116677673,3.9157104492124746,-1.034283638016542,30.30107116677673,-3.877303123467782,2.123593330383301,3.9989795684814453,34.478973388671875,True,0,6.122572898864746,6.117438316345215,0.09289264678955078,0.17266287215794027,2.7582482994385322,-0.16924330599981152,"StraightLane index=('>>>', '1S0_0_', 0)",True,114.73849487304688,5.5789947509765625e-05,0.000129699707044326,"StraightLane index=('>>', '>>>', 0)",True,0.0,True,False,0.9716702103614807,2.5890049934387207,0.0,2.0,True,0.0,0.0,0.64,0.0,0.64,0.0
41.399842,"[164.82606506347656, 4.49994421005249, 0.0]","[199.78440856933594, 4.5, 0.0]",2.2799034118718464,6.127696990966797,6.128779111358524,1.988410949720687,0.4640674889087677,34.880294799551905,3.877303123467782,-1.9203662872346206,30.380294799551905,-3.8477935790949505,2.150886297225952,3.9989795684814453,34.478973388671875,True,0,6.1498658657073975,6.127696990966797,0.24624347686767578,0.1640151066325149,2.6650809330442327,-0.07607593960551196,"StraightLane index=('>>>', '1S0_0_', 0)",True,114.78196716308594,5.5789947509765625e-05,0.00014495849609040358,"StraightLane index=('>>', '>>>', 0)",True,0.0,True,False,0.9716702103614807,2.5890049934387207,0.0,2.0,True,0.0,0.0,0.7200000000000001,0.0,0.7200000000000001,0.0
41.419742,"[164.87086486816406, 4.49994421005249, 0.0]","[199.90493774414062, 4.5, 0.0]",2.3240900039741463,6.125203609466554,6.133284928438836,2.2093296051149958,0.67730712890625,34.95834350564351,3.8477935790949505,-1.4754772186415854,30.458343505643512,-3.8011136054924073,2.1834442615509033,3.9989795684814453,34.478973388671875,True,0,6.182423830032349,6.125203609466554,0.24624347686767578,0.1640151066325149,2.6650809330442327,-0.07607593960551196,"StraightLane index=('>>>', '1S0_0_', 0)",True,114.82606506347656,5.5789947509765625e-05,0.000129699707044326,"StraightLane index=('>>', '>>>', 0)",True,0.0,True,False,0.9716702103614807,2.5890049934387207,0.0,2.0,True,0.0,0.0,0.8000000000000002,0.0,0.8000000000000002,0.0
41.440158,"[164.9164581298828, 4.49994421005249, 0.0]","[200.03050231933594, 4.5, 0.0]",2.372695922858752,6.13651180267334,6.137923887494661,2.4302959442302763,0.903185248374939,35.03407287574221,3.8011136054924073,-2.3339986801271584,30.53407287574221,-3.763815879814588,2.2216055393218994,3.877303123474121,34.88029479980469,True,0,6.0989086627960205,6.13651180267334,0.24624347686767578,0.1640151066325149,2.6650809330442327,-0.02321258015421801,"StraightLane index=('>>>', '1S0_0_', 0)",True,114.87086486816406,5.5789947509765625e-05,0.0001373291015673648,"StraightLane index=('>>', '>>>', 0)",True,0.0,True,False,1.0146760940551758,2.6418683528900146,0.0,2.0,True,0.0,0.0,0.8800000000000002,0.0,0.8800000000000002,0.0
41.459532,"[164.9629364013672, 4.49994421005249, 0.0]","[200.15293884277344, 4.5, 0.0]",2.425720214851179,6.134372234344482,6.142323405371718,2.6512145996213654,1.1405446529388428,35.114044189218546,3.763815879814588,-1.8648862838909652,30.614044189218546,-3.7086520194933033,2.265547037124634,3.877303123474121,34.88029479980469,True,0,6.142850160598755,6.134372234344482,0.24624347686767578,0.1640151066325149,2.6650809330442327,-0.02321258015421801,"StraightLane index=('>>>', '1S0_0_', 0)",True,114.91645812988281,5.5789947509765625e-05,0.0001373291015673648,"StraightLane index=('>>', '>>>', 0)",True,0.0,True,False,1.0146760940551758,2.6418683528900146,0.0,2.0,True,0.0,0.0,0.9600000000000003,0.0,0.9600000000000003,0.0
41.479571,"[165.01039123535156, 4.49994421005249, 0.0]","[200.2727508544922, 4.5, 0.0]",2.4809541702345297,6.145467758178711,6.146869202039496,2.761697769167526,1.380098581314087,35.1900024411898,3.7086520194933033,-2.7581930160642365,30.690002441189797,-3.6645135879441812,2.31447434425354,3.877303123474121,34.88029479980469,True,0,6.191777467727661,6.145467758178711,0.24624347686767578,0.1640151066325149,2.6650809330442327,-0.02321258015421801,"StraightLane index=('>>>', '1S0_0_', 0)",True,114.96293640136719,5.5789947509765625e-05,0.000129699707044326,"StraightLane index=('>>', '>>>', 0)",True,0.0,True,False,1.0146760940551758,2.6418683528900146,0.0,2.0,True,0.0,0.0,1.0,0.0,1.0,0.0
41.499903,"[165.05889892578125, 4.49994421005249, 0.0]","[200.3987579345703, 4.5, 0.0]",2.5361881256176524,6.143460273742676,6.151487603525457,2.761697769156135,1.619729995727539,35.26235961894173,3.6645135879441812,-2.2069215774561,30.76235961894173,-3.6072721481250234,2.3681724071502686,3.877303123474121,34.88029479980469,True,0,6.24547553062439,6.143460273742676,0.15763282775878906,0.15313074494082102,2.4978576412220863,0.14401071166792834,"StraightLane index=('>>>', '1S0_0_', 0)",True,115.01039123535156,5.5789947509765625e-05,0.00012207031247039834,"StraightLane index=('>>', '>>>', 0)",True,0.0,True,False,1.0146760940551758,2.6418683528900146,0.0,2.0,True,0.0,0.0,1.0,0.0,1.0,0.0
41.519877,"[165.1085205078125, 4.49994421005249, 0.0]","[200.5218505859375, 4.5, 0.0]",2.591422081000566,6.155611515045166,6.157375884335983,2.7616977691456768,1.857206106185913,35.339859008607135,3.6072721481250234,-2.862071990957893,30.839859008607135,-3.5641894340446,2.426421880722046,3.877303123474121,34.88029479980469,True,0,6.303725004196167,6.155611515045166,0.15763282775878906,0.15313074494082102,2.4978576412220863,0.14401071166792834,"StraightLane index=('>>>', '1S0_0_', 0)",True,115.05889892578125,5.5789947509765625e-05,0.00011444091794735956,"StraightLane index=('>>', '>>>', 0)",True,0.0,True,False,1.0146760940551758,2.6418683528900146,0.0,2.0,True,0.0,0.0,1.0,0.0,1.0,0.0
41.540065,"[165.15924072265625, 4.49994421005249, 0.0]","[200.64541625976562, 4.5, 0.0]",2.6466560363832112,6.1548566818237305,6.163331132818915,2.7616977691322653,2.082580327987671,35.41333007797537,3.5641894340446,-2.154135704021165,30.913330077975367,-3.5082006454405192,2.4881064891815186,3.66451358795166,35.262359619140625,True,0,6.152620077133179,6.1548566818237305,0.15763282775878906,0.15313074494082102,2.4978576412220863,0.10717289542952502,"StraightLane index=('>>>', '1S0_0_', 0)",True,115.1085205078125,5.5789947509765625e-05,9.918212890128198e-05,"StraightLane index=('>>', '>>>', 0)",True,0.0,True,False,1.0146760940551758,2.6050305366516113,0.0,2.0,True,0.0,0.0,1.0,0.0,1.0,0.0
41.559413,"[165.21107482910156, 4.49994421005249, 0.0]","[200.76792907714844, 4.5, 0.0]",2.701889991766262,6.167383670806885,6.169042559970607,2.761697769152538,2.2856457233428955,35.48617553694371,3.5082006454405192,-2.7994394302040426,30.986175536943712,-3.4654936790406228,2.551856756210327,3.66451358795166,35.262359619140625,True,0,6.216370344161987,6.167383670806885,0.15763282775878906,0.15313074494082102,2.4978576412220863,0.10717289542952502,"StraightLane index=('>>>', '1S0_0_', 0)",True,115.15924072265625,5.5789947509765625e-05,0.00010681152342432076,"StraightLane index=('>>', '>>>', 0)",True,0.0,True,False,1.0146760940551758,2.6050305366516113,0.0,2.0,True,0.0,0.0,1.0,0.0,1.0,0.0
41.580293,"[165.26400756835938, 4.49994421005249, 0.0]","[200.89181518554688, 4.5, 0.0]",2.757123947149453,6.16664457321167,6.1751931854792055,2.7616977691595546,2.4605143070220947,35.55685424788109,3.4654936790406228,-2.135348319994823,31.05685424788109,-3.409520626062217,2.616574287414551,3.66451358795166,35.262359619140625,True,0,6.281087875366211,6.16664457321167,0.15763282775878906,0.15313074494082102,2.4978576412220863,0.10717289542952502,"StraightLane index=('>>>', '1S0_0_', 0)",True,115.21107482910156,5.5789947509765625e-05,0.00010681152342432076,"StraightLane index=('>>', '>>>', 0)",True,0.0,True,False,1.0146760940551758,2.6050305366516113,0.0,2.0,True,0.0,0.0,1.0,0.0,1.0,0.0
41.599694,"[165.3180389404297, 4.49994421005249, 0.0]","[201.01490783691406, 4.5, 0.0]",2.8123579025327774,6.179200172424316,6.18092341328031,2.761697769166216,2.6047232151031494,35.62780761703755,3.409520626062217,-2.7986526489202967,31.127807617037547,-3.366842269891539,2.6814210414886475,3.66451358795166,35.262359619140625,True,0,6.345934629440308,6.179200172424316,0.35739898681640625,0.15032663498531312,2.338774110414813,0.2662564262367981,"StraightLane index=('>>>', '1S0_0_', 0)",True,115.26400756835938,5.5789947509765625e-05,9.918212890128198e-05,"StraightLane index=('>>', '>>>', 0)",True,0.0,True,False,1.0146760940551758,2.6050305366516113,0.0,2.0,True,0.0,0.0,1.0,0.0,1.0,0.0
41.62033,"[165.37318420410156, 4.49994421005249, 0.0]","[201.13946533203125, 4.5, 0.0]",2.8675918579158997,6.183022975921631,6.188781241827074,2.761697769156113,2.7183899879455566,35.69686889631834,3.366842269891539,-2.1339178085338917,31.196868896318342,-3.315431118005731,2.7457938194274902,3.66451358795166,35.262359619140625,True,0,6.41030740737915,6.183022975921631,0.35739898681640625,0.15032663498531312,2.338774110414813,0.2662564262367981,"StraightLane index=('>>>', '1S0_0_', 0)",True,115.31803894042969,5.5789947509765625e-05,0.00010681152342432076,"StraightLane index=('>>', '>>>', 0)",True,0.0,True,False,1.0146760940551758,2.6050305366516113,0.0,2.0,True,0.0,0.0,1.0,0.0,1.0,0.0
41.639508,"[165.42942810058594, 4.49994421005249, 0.0]","[201.25991821289062, 4.5, 0.0]",2.918406486516644,6.190443992614746,6.196104265481768,2.540731430037213,2.7988479137420654,35.766281127763534,3.315431118005731,-2.57055759429039,31.266281127763534,-3.272037506098102,2.808809995651245,6.039600849151611,25.97093391418457,False,-1,8.848410844802856,6.190443992614746,0.35739898681640625,0.15032663498531312,2.338774110414813,-2.338774110414813,"StraightLane index=('>>>', '1S0_0_', 0)",True,115.37318420410156,5.5789947509765625e-05,0.00010681152342432076,"StraightLane index=('>>', '>>>', 0)",True,0.0,True,False,1.0555795431137085,0.0,0.0,0.0,True,0.0,0.0,0.92,0.0,0.92,0.0
41.660875,"[165.48678588867188, 4.49994421005249, 0.0]","[201.3844757080078, 4.5, 0.0]",2.9603843689012885,6.198118209838867,6.204272806414414,2.098894119232231,2.851560592651367,35.83049011219864,3.272037506098102,-2.1696805953814513,31.33049011219864,-3.2377338409375787,2.8703548908233643,6.039600849151611,25.97093391418457,False,-1,8.909955739974976,6.198118209838867,0.35739898681640625,0.15032663498531312,2.338774110414813,-2.338774110414813,"StraightLane index=('>>>', '1S0_0_', 0)",True,115.42942810058594,5.5789947509765625e-05,7.629394533216562e-05,"StraightLane index=('>>', '>>>', 0)",True,0.0,True,False,1.0555795431137085,0.0,0.0,0.0,True,0.0,0.0,0.7600000000000001,0.0,0.7600000000000001,0.0
41.680343,"[165.54515075683594, 4.49994421005249, 0.0]","[201.51077270507812, 4.5, 0.0]",2.9935245513957116,6.205899715423584,6.211704635126003,1.6570091247211538,2.86250638961792,35.8976898192433,3.2377338409375787,-1.715183258026176,31.397689819243297,-3.2123751640278724,2.9572794437408447,6.039600849151611,25.97093391418457,False,-1,8.996880292892456,6.205899715423584,0.35739898681640625,0.15032663498531312,2.338774110414813,-2.338774110414813,"StraightLane index=('>>>', '1S0_0_', 0)",True,115.48678588867188,5.5789947509765625e-05,6.866455075823796e-05,"StraightLane index=('>>', '>>>', 0)",True,0.0,True,False,1.0555795431137085,0.0,0.0,0.0,True,0.0,0.0,0.6000000000000002,0.0,0.6000000000000002,0.0
41.699094,"[165.60435485839844, 4.49994421005249, 0.0]","[201.63143920898438, 4.5, 0.0]",3.017827034000499,6.213334083557129,6.218870089140266,1.2151241302393645,2.8266186714172363,35.96562194813602,3.2123751640278724,-1.267933845485314,31.465621948136018,-3.19550704955663,3.0108284950256348,6.039600849151611,25.97093391418457,False,-1,9.050429344177246,6.213334083557129,0.341339111328125,0.14724084038326618,2.224320422595076,-2.224320422595076,"StraightLane index=('>>>', '1S0_0_', 0)",True,115.54515075683594,5.5789947509765625e-05,7.629394533216562e-05,"StraightLane index=('>>', '>>>', 0)",True,0.0,True,False,1.0555795431137085,0.0,0.0,0.0,True,0.0,0.0,0.4400000000000002,0.0,0.4400000000000002,0.0
41.719437,"[165.6642303466797, 4.49994421005249, 0.0]","[201.756591796875, 4.5, 0.0]",3.033292770389531,6.222301959991455,6.228512162736931,0.7732868194516129,2.7994332313537598,36.02708435046557,3.19550704955663,-0.8434057235621184,31.52708435046557,-3.189009189601924,3.036242723464966,6.039600849151611,25.97093391418457,False,-1,9.075843572616577,6.222301959991455,0.341339111328125,0.14724084038326618,2.224320422595076,-2.224320422595076,"StraightLane index=('>>>', '1S0_0_', 0)",True,115.60435485839844,5.5789947509765625e-05,8.39233398552044e-05,"StraightLane index=('>>', '>>>', 0)",True,0.0,True,False,1.0555795431137085,0.0,0.0,0.0,True,0.0,0.0,0.2800000000000002,0.0,0.2800000000000002,0.0
41.739795,"[165.72459411621094, 4.49994421005249, 0.0]","[201.88186645507812, 4.5, 0.0]",3.0399208068883827,6.231892585754396,6.2382432054694155,0.33140182494257875,2.6632189750671387,36.092361450074876,3.189009189601924,-0.32489299773530433,31.592361450074876,-3.1919717788660136,3.0772488117218018,6.039600849151611,25.97093391418457,False,-1,9.116849660873413,6.231892585754396,0.341339111328125,0.14724084038326618,2.224320422595076,-2.224320422595076,"StraightLane index=('>>>', '1S0_0_', 0)",True,115.66423034667969,5.5789947509765625e-05,8.39233398552044e-05,"StraightLane index=('>>', '>>>', 0)",True,0.0,True,False,1.0555795431137085,0.0,0.0,0.0,True,0.0,0.0,0.12000000000000018,0.0,0.12000000000000018,0.0
41.758913,"[165.78526306152344, 4.49994421005249, 0.0]","[202.0056915283203, 4.5, 0.0]",3.0326480865512044,6.241373538970947,6.247384538172128,-0.3636360168589148,2.4631381034851074,36.15727233874668,3.1919717788660136,0.14812946320448273,31.65727233874668,-3.208725452419743,3.1085188388824463,6.039600849151611,25.97093391418457,False,-1,9.148119688034058,6.241373538970947,0.341339111328125,0.14724084038326618,2.224320422595076,-2.224320422595076,"StraightLane index=('>>>', '1S0_0_', 0)",True,115.72459411621094,5.5789947509765625e-05,8.39233398552044e-05,"StraightLane index=('>>', '>>>', 0)",True,0.0,True,False,1.0555795431137085,0.0,0.0,0.0,True,0.0,0.0,0.0,-0.0,0.0,-0.0
41.780592,"[165.84605407714844, 4.49994421005249, 0.0]","[202.13388061523438, 4.5, 0.0]",3.0253753662140626,6.251188278198243,6.257738384798543,-0.363636016857094,2.211310386657715,36.220428466704,3.208725452419743,0.8376836776864627,31.720428466704,-3.2258129119841805,3.130208969116211,6.039600849151611,25.97093391418457,False,-1,9.169809818267822,6.251188278198243,0.341339111328125,0.14724084038326618,2.224320422595076,-2.224320422595076,"StraightLane index=('>>>', '1S0_0_', 0)",True,115.78526306152344,5.5789947509765625e-05,6.866455075823796e-05,"StraightLane index=('>>', '>>>', 0)",True,0.0,True,False,1.0555795431137085,0.0,0.0,0.0,True,0.0,0.0,0.0,-0.0,0.0,-0.0
41.799717,"[165.90670776367188, 4.49994421005249, 0.0]","[202.25579833984375, 4.5, 0.0]",3.0181026458766573,6.260522365570068,6.2668862551191955,-0.36363601687026126,1.8887284994125366,36.28782653799302,3.2258129119841805,0.8543729782218845,31.78782653799302,-3.242419719693411,3.139080286026001,6.039600849151611,25.97093391418457,False,-1,9.178681135177612,6.260522365570068,0.47188282012939453,0.14903265504946836,2.2566054728501856,-2.2566054728501856,"StraightLane index=('>>>', '1S0_0_', 0)",True,115.84605407714844,5.5789947509765625e-05,6.866455075823796e-05,"StraightLane index=('>>', '>>>', 0)",True,0.0,True,False,1.0555795431137085,0.0,0.0,0.0,True,0.0,0.0,0.0,-0.0,0.0,-0.0
41.820244,"[165.9672088623047, 4.49994421005249, 0.0]","[202.38491821289062, 4.5, 0.0]",3.0108299255393334,6.271806716918945,6.278806497396123,-0.36363601686619784,1.5231812000274658,36.34909057612667,3.242419719693411,0.8303403854615254,31.84909057612667,-3.260976791379612,3.1367533206939697,5.943980693817139,20.55936622619629,False,-1,9.080734014511108,6.271806716918945,0.47188282012939453,0.14903265504946836,2.2566054728501856,-2.2566054728501856,"StraightLane index=('>>>', '1S0_0_', 0)",True,115.90670776367188,5.5789947509765625e-05,3.814697266608281e-05,"StraightLane index=('>>', '>>>', 0)",True,0.0,True,False,1.0944653749465942,0.0,0.0,0.0,True,0.0,0.0,0.0,-0.0,0.0,-0.0
41.839363,"[166.02757263183594, 4.49994421005249, 0.0]","[202.50729370117188, 4.5, 0.0]",3.0035572052023127,6.283118724822998,6.289935097481102,-0.3636360168510322,0.9729319214820862,36.41770935051811,3.260976791379612,0.9278535843100455,31.91770935051811,-3.2795615196206853,3.119141101837158,5.943980693817139,20.55936622619629,False,-1,9.063121795654297,6.283118724822998,0.47188282012939453,0.14903265504946836,2.2566054728501856,-2.2566054728501856,"StraightLane index=('>>>', '1S0_0_', 0)",True,115.96720886230469,5.5789947509765625e-05,5.340576171216038e-05,"StraightLane index=('>>', '>>>', 0)",True,0.0,True,False,1.0944653749465942,0.0,0.0,0.0,True,0.0,0.0,0.0,-0.0,0.0,-0.0
41.859634,"[166.08778381347656, 4.49994421005249, 0.0]","[202.63629150390625, 4.5, 0.0]",2.996284484865278,6.295043468475342,6.301734450830415,-0.36363601685174274,0.793682336807251,36.47972106926809,3.2795615196206853,0.9292364120536689,31.979721069268088,-3.298758983610064,3.1100666522979736,5.943980693817139,20.55936622619629,False,-1,9.054047346115112,6.295043468475342,0.47188282012939453,0.14903265504946836,2.2566054728501856,-2.2566054728501856,"StraightLane index=('>>>', '1S0_0_', 0)",True,116.02757263183594,5.5789947509765625e-05,5.340576171216038e-05,"StraightLane index=('>>', '>>>', 0)",True,0.0,True,False,1.0944653749465942,0.0,0.0,0.0,True,0.0,0.0,0.0,-0.0,0.0,-0.0
41.880134,"[166.14785766601562, 4.49994421005249, 0.0]","[202.7623291015625, 4.5, 0.0]",2.989011764528251,6.306694507598877,6.313656748178043,-0.36363601685134306,0.46688002347946167,36.5485076903618,3.298758983610064,0.9598731994689302,32.0485076903618,-3.317682743070626,3.0900158882141113,5.943980693817139,20.55936622619629,False,-1,9.03399658203125,6.306694507598877,0.47188282012939453,0.14903265504946836,2.2566054728501856,-2.2566054728501856,"StraightLane index=('>>>', '1S0_0_', 0)",True,116.08778381347656,5.5789947509765625e-05,5.340576171216038e-05,"StraightLane index=('>>', '>>>', 0)",True,0.0,True,False,1.0944653749465942,0.0,0.0,0.0,True,0.0,0.0,0.0,-0.0,0.0,-0.0
41.899908,"[166.20777893066406, 4.49994421005249, 0.0]","[202.8877716064453, 4.5, 0.0]",2.9817390441912384,6.318289279937744,6.3251429244176025,-0.3636360168506325,0.18560948967933655,36.61447143546667,3.317682743070626,0.9461879730281009,32.11447143546667,-3.3365502357465058,3.0684001445770264,5.943980693817139,20.55936622619629,False,-1,9.012380838394165,6.318289279937744,0.5776691436767578,0.15434780957320804,2.323105462808437,-2.323105462808437,"StraightLane index=('>>>', '1S0_0_', 0)",True,116.14785766601562,5.5789947509765625e-05,6.103515623519917e-05,"StraightLane index=('>>', '>>>', 0)",True,0.0,True,False,1.0944653749465942,0.0,0.0,0.0,True,0.0,0.0,0.0,-0.0,0.0,-0.0
41.92049,"[166.26756286621094, 4.49994421005249, 0.0]","[203.01507568359375, 4.5, 0.0]",2.974466323854408,6.3314385414123535,6.339300056011423,-0.3636360168415287,-0.04694485291838646,36.67999267568805,3.3365502357465058,0.9433746337939919,32.17999267568805,-3.3569722175579457,3.0465357303619385,5.943980693817139,20.55936622619629,False,-1,8.990516424179077,6.3314385414123535,0.5776691436767578,0.15434780957320804,2.323105462808437,-2.323105462808437,"StraightLane index=('>>>', '1S0_0_', 0)",True,116.20777893066406,5.5789947509765625e-05,6.866455075823796e-05,"StraightLane index=('>>', '>>>', 0)",True,0.0,True,False,1.0944653749465942,0.0,0.0,0.0,True,0.0,0.0,0.0,-0.0,0.0,-0.0
41.939513,"[166.3271942138672, 4.49994421005249, 0.0]","[203.13934326171875, 4.5, 0.0]",2.9671936035174924,6.344862937927246,6.352363506648783,-0.36363601684576974,-0.23464542627334595,36.74751281731484,3.3569722175579457,1.0210990905719974,32.24751281731484,-3.3776693344097537,3.0249500274658203,5.943980693817139,20.55936622619629,False,-1,8.968930721282959,6.344862937927246,0.5776691436767578,0.15434780957320804,2.323105462808437,-2.323105462808437,"StraightLane index=('>>>', '1S0_0_', 0)",True,116.26756286621094,5.5789947509765625e-05,5.340576171216038e-05,"StraightLane index=('>>', '>>>', 0)",True,0.0,True,False,1.0944653749465942,0.0,0.0,0.0,True,0.0,0.0,0.0,-0.0,0.0,-0.0
41.958817,"[166.38668823242188, 4.49994421005249, 0.0]","[203.26588439941406, 4.5, 0.0]",2.9599208831804735,6.358531951904297,6.365640498886211,-0.3636360168509434,-0.37447211146354675,36.812149047783564,3.3776693344097537,1.0348558425903986,32.312149047783564,-3.3986110687238233,3.004852294921875,5.943980693817139,20.55936622619629,False,-1,8.948832988739014,6.358531951904297,0.5776691436767578,0.15434780957320804,2.323105462808437,-2.323105462808437,"StraightLane index=('>>>', '1S0_0_', 0)",True,116.32719421386719,5.5789947509765625e-05,5.340576171216038e-05,"StraightLane index=('>>', '>>>', 0)",True,0.0,True,False,1.0944653749465942,0.0,0.0,0.0,True,0.0,0.0,0.0,-0.0,0.0,-0.0
41.979993,"[166.44602966308594, 4.49994421005249, 0.0]","[203.39639282226562, 4.5, 0.0]",2.952648162843451,6.372631549835205,6.380179671550234,-0.363636016851121,-0.47252923250198364,36.87919616692416,3.3986110687238233,1.0470867157034824,32.37919616692416,-3.419983386991754,2.9865810871124268,5.943980693817139,20.55936622619629,False,-1,8.930561780929565,6.372631549835205,0.5776691436767578,0.15434780957320804,2.323105462808437,-2.323105462808437,"StraightLane index=('>>>', '1S0_0_', 0)",True,116.38668823242188,5.5789947509765625e-05,5.340576171216038e-05,"StraightLane index=('>>', '>>>', 0)",True,0.0,True,False,1.0944653749465942,0.0,0.0,0.0,True,0.0,0.0,0.0,-0.0,0.0,-0.0
41.999629,"[166.50523376464844, 4.49994421005249, 0.0]","[203.52346801757812, 4.5, 0.0]",2.94537544250649,6.386359214782715,6.393676714002511,-0.3636360168480568,-0.5342414379119873,36.95036315909929,3.419983386991754,1.0686159133965312,32.45036315909929,-3.440983772276225,2.9703261852264404,5.943980693817139,20.55936622619629,False,-1,8.914306879043579,6.386359214782715,0.680699348449707,0.162737505811627,2.399376957791173,-2.399376957791173,"StraightLane index=('>>>', '1S0_0_', 0)",True,116.44602966308594,5.5789947509765625e-05,6.103515623519917e-05,"StraightLane index=('>>', '>>>', 0)",True,0.0,True,False,1.0944653749465942,0.0,0.0,0.0,True,0.0,0.0,0.0,-0.0,0.0,-0.0
42.020624,"[166.5642852783203, 4.49994421005249, 0.0]","[203.6521759033203, 4.5, 0.0]",2.9381027221695772,6.401575088500977,6.410200873330009,-0.3636360168456365,-0.5671230554580688,37.018234252849254,3.440983772276225,1.050019264223545,32.518234252849254,-3.4634723663313993,2.9560391902923584,5.943980693817139,20.55936622619629,False,-1,8.900019884109497,6.401575088500977,0.680699348449707,0.162737505811627,2.399376957791173,-2.399376957791173,"StraightLane index=('>>>', '1S0_0_', 0)",True,116.50523376464844,5.5789947509765625e-05,6.103515623519917e-05,"StraightLane index=('>>', '>>>', 0)",True,0.0,True,False,1.0944653749465942,0.0,0.0,0.0,True,0.0,0.0,0.0,-0.0,0.0,-0.0
42.040088,"[166.62319946289062, 4.49994421005249, 0.0]","[203.7777557373047, 4.5, 0.0]",2.930830001832643,6.4203081130981445,6.4255599891809165,-0.3636360168467023,-0.5814210176467896,37.087890624919524,3.4634723663313993,1.1244297027587224,32.587890624919524,-3.4894781112655013,2.9431426525115967,5.817505836486816,27.66574478149414,False,-1,8.760648488998413,6.4203081130981445,0.680699348449707,0.162737505811627,2.399376957791173,-2.399376957791173,"StraightLane index=('>>>', '1S0_0_', 0)",True,116.56428527832031,5.5789947509765625e-05,6.103515623519917e-05,"StraightLane index=('>>', '>>>', 0)",True,0.0,True,False,1.131404161453247,0.0,0.0,0.0,True,0.0,0.0,0.0,-0.0,0.0,-0.0
42.060129,"[166.6819610595703, 4.49994421005249, 0.0]","[203.906494140625, 4.5, 0.0]",2.92355728149584,6.429431915283204,6.441382098900917,-0.363636016840152,-0.5770480036735535,37.154556274306834,3.4894781112655013,1.3002872467051008,32.654556274306834,-3.505874633787364,2.931994676589966,5.817505836486816,27.66574478149414,False,-1,8.749500513076782,6.429431915283204,0.680699348449707,0.162737505811627,2.399376957791173,-2.399376957791173,"StraightLane index=('>>>', '1S0_0_', 0)",True,116.62319946289062,5.5789947509765625e-05,7.629394533216562e-05,"StraightLane index=('>>', '>>>', 0)",True,0.0,True,False,1.131404161453247,0.0,0.0,0.0,True,0.0,0.0,0.0,-0.0,0.0,-0.0
42.083542,"[166.74057006835938, 4.49994421005249, 0.0]","[204.03834533691406, 4.5, 0.0]",2.9162845611591455,6.452267169952393,6.459838595199782,-0.3636360168347341,-0.5604128241539001,37.224533080961095,3.505874633787364,0.8198261260931261,32.724533080961095,-3.535982608793247,2.9223129749298096,5.817505836486816,27.66574478149414,False,-1,8.739818811416626,6.452267169952393,0.680699348449707,0.162737505811627,2.399376957791173,-2.399376957791173,"StraightLane index=('>>>', '1S0_0_', 0)",True,116.68196105957031,5.5789947509765625e-05,6.866455075823796e-05,"StraightLane index=('>>', '>>>', 0)",True,0.0,True,False,1.131404161453247,0.0,0.0,0.0,True,0.0,0.0,0.0,-0.0,0.0,-0.0
42.099234,"[166.79904174804688, 4.49994421005249, 0.0]","[204.16343688964844, 4.5, 0.0]",2.9090118408223824,6.460943222045898,6.472233084560581,-0.3636360168381536,-0.5399691462516785,37.29777526844734,3.535982608793247,1.5053987502941624,32.79777526844734,-3.551931381223516,2.913386106491089,5.817505836486816,27.66574478149414,False,-1,8.730891942977905,6.460943222045898,0.7458400726318359,0.17256815777257856,2.4813235555678643,-2.4813235555678643,"StraightLane index=('>>>', '1S0_0_', 0)",True,116.74057006835938,5.5789947509765625e-05,7.629394533216562e-05,"StraightLane index=('>>', '>>>', 0)",True,0.0,True,False,1.131404161453247,0.0,0.0,0.0,True,0.0,0.0,0.0,-0.0,0.0,-0.0
42.119445,"[166.85736083984375, 4.49994421005249, 0.0]","[204.2933807373047, 4.5, 0.0]",2.9017391204855483,6.484699249267578,6.490048480066539,-0.3636360168417063,-0.513457179069519,37.36439514150787,3.551931381223516,0.7974386215134466,32.86439514150787,-3.58296012878203,2.9055144786834717,5.817505836486816,27.66574478149414,False,-1,8.723020315170288,6.484699249267578,0.7458400726318359,0.17256815777257856,2.4813235555678643,-2.4813235555678643,"StraightLane index=('>>>', '1S0_0_', 0)",True,116.79904174804688,5.5789947509765625e-05,6.866455075823796e-05,"StraightLane index=('>>', '>>>', 0)",True,0.0,True,False,1.131404161453247,0.0,0.0,0.0,True,0.0,0.0,0.0,-0.0,0.0,-0.0
42.140086,"[166.91554260253906, 4.49994421005249, 0.0]","[204.42713928222656, 4.5, 0.0]",2.8944664001487608,6.496197700500488,6.508313939324067,-0.36363601683937485,-0.46852537989616394,37.436019897367196,3.58296012878203,1.5514373779256907,32.936019897367196,-3.6017313003517275,2.895294189453125,5.817505836486816,27.66574478149414,False,-1,8.712800025939941,6.496197700500488,0.7458400726318359,0.17256815777257856,2.4813235555678643,-2.4813235555678643,"StraightLane index=('>>>', '1S0_0_', 0)",True,116.85736083984375,5.5789947509765625e-05,6.866455075823796e-05,"StraightLane index=('>>', '>>>', 0)",True,0.0,True,False,1.131404161453247,0.0,0.0,0.0,True,0.0,0.0,0.0,-0.0,0.0,-0.0
42.15951,"[166.97357177734375, 4.49994421005249, 0.0]","[204.55360412597656, 4.5, 0.0]",2.8871936798120914,6.520035743713379,6.52549636831383,-0.36363601683346847,-0.45610836148262024,37.5115966795937,3.6017313003517275,0.9385585784848827,33.0115966795937,-3.6328420639012875,2.891911506652832,5.817505836486816,27.66574478149414,False,-1,8.709417343139648,6.520035743713379,0.7458400726318359,0.17256815777257856,2.4813235555678643,-2.4813235555678643,"StraightLane index=('>>>', '1S0_0_', 0)",True,116.91554260253906,5.5789947509765625e-05,6.866455075823796e-05,"StraightLane index=('>>', '>>>', 0)",True,0.0,True,False,1.131404161453247,0.0,0.0,0.0,True,0.0,0.0,0.0,-0.0,0.0,-0.0
42.183053,"[167.03146362304688, 4.49994421005249, 0.0]","[204.68666076660156, 4.5, 0.0]",2.8799209594754993,6.531438827514648,6.546268081168596,-0.3636360168296049,-0.4294460117816925,37.58003234852521,3.6328420639012875,1.5555381774779997,33.08003234852521,-3.651517868039149,2.8857665061950684,5.817505836486816,27.66574478149414,False,-1,8.703272342681885,6.531438827514648,0.7458400726318359,0.17256815777257856,2.4813235555678643,-2.4813235555678643,"StraightLane index=('>>>', '1S0_0_', 0)",True,116.97357177734375,5.5789947509765625e-05,7.629394533216562e-05,"StraightLane index=('>>', '>>>', 0)",True,0.0,True,False,1.131404161453247,0.0,0.0,0.0,True,0.0,0.0,0.0,-0.0,0.0,-0.0
42.199563,"[167.08920288085938, 4.49994421005249, 0.0]","[204.8176727294922, 4.5, 0.0]",2.872648239138788,6.555897235870361,6.560917871151537,-0.3636360168355557,-0.3986823260784149,37.65519714341747,3.651517868039149,0.9337902068930815,33.15519714341747,-3.683248996731573,2.876450300216675,5.817505836486816,27.66574478149414,False,-1,8.693956136703491,6.555897235870361,0.9495401382446289,0.1885452468338827,2.5826570947094054,-2.5826570947094054,"StraightLane index=('>>>', '1S0_0_', 0)",True,117.03146362304688,5.5789947509765625e-05,9.155273437824319e-05,"StraightLane index=('>>', '>>>', 0)",True,0.0,True,False,1.131404161453247,0.0,0.0,0.0,True,0.0,0.0,0.0,-0.0,0.0,-0.0
42.220522,"[167.1468048095703, 4.49994421005249, 0.0]","[204.9497833251953, 4.5, 0.0]",2.865375518801984,6.568127155303955,6.5811559184467985,-0.3636360168402186,-0.39187049865722656,37.72846984853886,3.683248996731573,1.5865564346212002,33.22846984853886,-3.7027516365019713,2.873178005218506,1.953239917755127,21.952688217163086,False,-1,4.826417922973633,6.568127155303955,0.9495401382446289,0.1885452468338827,2.5826570947094054,-2.5826570947094054,"StraightLane index=('>>>', '1S0_0_', 0)",True,117.08920288085938,5.5789947509765625e-05,6.866455075823796e-05,"StraightLane index=('>>', '>>>', 0)",True,0.0,True,False,1.1664531230926514,0.0,0.0,0.0,True,0.0,0.0,0.0,-0.0,0.0,-0.0
42.239276,"[167.20425415039062, 4.49994421005249, 0.0]","[205.07879638671875, 4.5, 0.0]",2.8581027984652105,6.593647003173828,6.59928173089408,-0.3636360168386643,-0.37684378027915955,37.802978515530995,3.7027516365019713,0.9751319885199061,33.302978515530995,-3.7355442047086176,2.867039442062378,1.953239917755127,21.952688217163086,False,-1,4.820279359817505,6.593647003173828,0.9495401382446289,0.1885452468338827,2.5826570947094054,-2.5826570947094054,"StraightLane index=('>>>', '1S0_0_', 0)",True,117.14680480957031,5.5789947509765625e-05,6.866455075823796e-05,"StraightLane index=('>>', '>>>', 0)",True,0.0,True,False,1.1664531230926514,0.0,0.0,0.0,True,0.0,0.0,0.0,-0.0,0.0,-0.0
42.259538,"[167.26156616210938, 4.49994421005249, 0.0]","[205.21356201171875, 4.5, 0.0]",2.8508300781282223,6.606677532196046,6.618852359580599,-0.36363601684941127,-0.3641068637371063,37.87454223623406,3.7355442047086176,1.6396284103323167,33.37454223623406,-3.7558474540678235,2.86092472076416,1.953239917755127,21.952688217163086,False,-1,4.814164638519287,6.606677532196046,0.9495401382446289,0.1885452468338827,2.5826570947094054,-2.5826570947094054,"StraightLane index=('>>>', '1S0_0_', 0)",True,117.20425415039062,5.5789947509765625e-05,6.866455075823796e-05,"StraightLane index=('>>', '>>>', 0)",True,0.0,True,False,1.1664531230926514,0.0,0.0,0.0,True,0.0,0.0,0.0,-0.0,0.0,-0.0
42.27981,"[167.3187255859375, 4.49994421005249, 0.0]","[205.3459014892578, 4.5, 0.0]",2.843557357791217,6.632685661315918,6.638433219201538,-0.36363601685025504,-0.354496031999588,37.95199584951526,3.7558474540678235,1.0151624679602955,33.45199584951526,-3.7891283035247008,2.854745864868164,1.953239917755127,21.952688217163086,False,-1,4.807985782623291,6.632685661315918,0.9495401382446289,0.1885452468338827,2.5826570947094054,-2.5826570947094054,"StraightLane index=('>>>', '1S0_0_', 0)",True,117.26156616210938,5.5789947509765625e-05,6.866455075823796e-05,"StraightLane index=('>>', '>>>', 0)",True,0.0,True,False,1.1664531230926514,0.0,0.0,0.0,True,0.0,0.0,0.0,-0.0,0.0,-0.0
42.299843,"[167.37574768066406, 4.49994421005249, 0.0]","[205.47451782226562, 4.5, 0.0]",2.836284637454593,6.644817352294922,6.657790582140526,-0.3636360168312036,-0.3482912480831146,38.02717590318262,3.7891283035247008,1.664042472843863,33.52717590318262,-3.8085327148403287,2.844850778579712,1.953239917755127,21.952688217163086,False,-1,4.798090696334839,6.644817352294922,0.8892011642456055,0.20081276289909064,2.6763590275453044,-2.6763590275453044,"StraightLane index=('>>>', '1S0_0_', 0)",True,117.3187255859375,5.5789947509765625e-05,9.155273437824319e-05,"StraightLane index=('>>', '>>>', 0)",True,0.0,True,False,1.1664531230926514,0.0,0.0,0.0,True,0.0,0.0,0.0,-0.0,0.0,-0.0
42.322534,"[167.4326171875, 4.49994421005249, 0.0]","[205.60955810546875, 4.5, 0.0]",2.829011917117882,6.671891212463379,6.680949977561694,-0.3636360168355557,-0.3437429964542389,38.09877014144791,3.8085327148403287,0.9702205657813989,33.59877014144791,-3.842879295345497,2.838355302810669,1.953239917755127,21.952688217163086,False,-1,4.791595220565796,6.671891212463379,0.8892011642456055,0.20081276289909064,2.6763590275453044,-2.6763590275453044,"StraightLane index=('>>>', '1S0_0_', 0)",True,117.37574768066406,5.5789947509765625e-05,9.918212890128198e-05,"StraightLane index=('>>', '>>>', 0)",True,0.0,True,False,1.1664531230926514,0.0,0.0,0.0,True,0.0,0.0,0.0,-0.0,0.0,-0.0
42.339135,"[167.48934936523438, 4.49994421005249, 0.0]","[205.7420654296875, 4.5, 0.0]",2.8217391967812215,6.68556547164917,6.6982568183094635,-0.3636360168330244,-0.34483879804611206,38.176940917814974,3.842879295345497,1.7173290252584072,33.676940917814974,-3.8638262748679484,2.8313281536102295,1.953239917755127,21.952688217163086,False,-1,4.7845680713653564,6.68556547164917,0.8892011642456055,0.20081276289909064,2.6763590275453044,-2.6763590275453044,"StraightLane index=('>>>', '1S0_0_', 0)",True,117.4326171875,5.5789947509765625e-05,9.918212890128198e-05,"StraightLane index=('>>', '>>>', 0)",True,0.0,True,False,1.1664531230926514,0.0,0.0,0.0,True,0.0,0.0,0.0,-0.0,0.0,-0.0
42.359169,"[167.54592895507812, 4.49994421005249, 0.0]","[205.8797607421875, 4.5, 0.0]",2.8144664764445,6.713369846343994,6.718896758621421,-0.3636360168360664,-0.34987369179725647,38.252716064299236,3.8638262748679484,1.0473489761225752,33.752716064299236,-3.898903369899494,2.8238444328308105,1.953239917755127,21.952688217163086,False,-1,4.7770843505859375,6.713369846343994,0.8892011642456055,0.20081276289909064,2.6763590275453044,-2.6763590275453044,"StraightLane index=('>>>', '1S0_0_', 0)",True,117.48934936523438,5.5789947509765625e-05,9.918212890128198e-05,"StraightLane index=('>>', '>>>', 0)",True,0.0,True,False,1.1664531230926514,0.0,0.0,0.0,True,0.0,0.0,0.0,-0.0,0.0,-0.0
42.379967,"[167.6023712158203, 4.49994421005249, 0.0]","[206.01426696777344, 4.5, 0.0]",2.8071937561077243,6.7273526191711435,6.740266225250242,-0.36363601683879754,-0.35256528854370117,38.333831786955365,3.898903369899494,1.7538547515772773,33.833831786955365,-3.920158863063419,2.820063352584839,1.953239917755127,21.952688217163086,False,-1,4.773303270339966,6.7273526191711435,0.8892011642456055,0.20081276289909064,2.6763590275453044,-2.6763590275453044,"StraightLane index=('>>>', '1S0_0_', 0)",True,117.54592895507812,5.5789947509765625e-05,9.918212890128198e-05,"StraightLane index=('>>', '>>>', 0)",True,0.0,True,False,1.1664531230926514,0.0,0.0,0.0,True,0.0,0.0,0.0,-0.0,0.0,-0.0
42.400032,"[167.65866088867188, 4.49994421005249, 0.0]","[206.1480712890625, 4.5, 0.0]",2.7999210357709106,6.754560470581055,6.760980887720573,-0.3636360168406849,-0.3540017604827881,38.411895751798994,3.920158863063419,1.0627746581962638,33.911895751798994,-3.954639434810144,2.812897205352783,1.953239917755127,21.952688217163086,False,-1,4.76613712310791,6.754560470581055,1.0974311828613281,0.21914157800932807,2.7896572106359216,-2.7896572106359216,"StraightLane index=('>>>', '1S0_0_', 0)",True,117.60237121582031,5.5789947509765625e-05,9.918212890128198e-05,"StraightLane index=('>>', '>>>', 0)",True,0.0,True,False,1.1664531230926514,0.0,0.0,0.0,True,0.0,0.0,0.0,-0.0,0.0,-0.0
42.420581,"[167.7147979736328, 4.49994421005249, 0.0]","[206.28099060058594, 4.5, 0.0]",2.792648315433832,6.768621444702148,6.782950103113755,-0.3636360168539188,-0.3543413579463959,38.48941040023638,3.954639434810144,1.724028587336246,33.98941040023638,-3.9759731292683163,2.805797815322876,1.953239917755127,21.952688217163086,False,-1,4.759037733078003,6.768621444702148,1.0974311828613281,0.21914157800932807,2.7896572106359216,-2.7896572106359216,"StraightLane index=('>>>', '1S0_0_', 0)",True,117.65866088867188,5.5789947509765625e-05,9.918212890128198e-05,"StraightLane index=('>>', '>>>', 0)",True,0.0,True,False,1.1664531230926514,0.0,0.0,0.0,True,0.0,0.0,0.0,-0.0,0.0,-0.0
42.440011,"[167.7707977294922, 4.49994421005249, 0.0]","[206.41697692871094, 4.5, 0.0]",2.7948579788248877,6.796640396118164,6.8037517312840565,0.11048316955277748,-0.35460755228996277,38.56619262681475,3.9759731292683163,1.0666847229086063,34.06619262681475,-4.001782417293276,2.7987253665924072,3.920158863067627,38.411895751953125,True,0,6.718884229660034,6.796640396118164,1.0974311828613281,0.21914157800932807,2.7896572106359216,-0.2415538781163904,"StraightLane index=('>>>', '1S0_0_', 0)",True,117.71479797363281,5.5789947509765625e-05,9.155273437824319e-05,"StraightLane index=('>>', '>>>', 0)",True,0.0,True,False,1.1865932941436768,2.5481033325195312,0.0,2.0,True,0.0,0.0,0.04,0.0,0.04,0.0
42.459915,"[167.82664489746094, 4.49994421005249, 0.0]","[206.55628967285156, 4.5, 0.0]",2.8014860153239045,6.811848640441895,6.825060890414962,0.3314018249508388,-0.3586886525154114,38.6461791991102,4.001782417293276,1.2904644012479816,34.1461791991102,-4.010362625117991,2.7912261486053467,3.920158863067627,38.411895751953125,True,0,6.711385011672974,6.811848640441895,1.0974311828613281,0.21914157800932807,2.7896572106359216,-0.2415538781163904,"StraightLane index=('>>>', '1S0_0_', 0)",True,117.77079772949219,5.5789947509765625e-05,7.629394533216562e-05,"StraightLane index=('>>', '>>>', 0)",True,0.0,True,False,1.1865932941436768,2.5481033325195312,0.0,2.0,True,0.0,0.0,0.12,0.0,0.12,0.0
42.479821,"[167.88253784179688, 4.49994421005249, 0.0]","[206.6930694580078, 4.5, 0.0]",2.812532424930851,6.839991092681885,6.846349142844765,0.5523204803473236,-0.3467930555343628,38.729644775252034,4.010362625117991,0.42901039123575124,34.229644775252034,-4.027458667751034,2.7853076457977295,3.920158863067627,38.411895751953125,True,0,6.7054665088653564,6.839991092681885,1.0974311828613281,0.21914157800932807,2.7896572106359216,-0.2415538781163904,"StraightLane index=('>>>', '1S0_0_', 0)",True,117.82664489746094,5.5789947509765625e-05,9.155273437824319e-05,"StraightLane index=('>>', '>>>', 0)",True,0.0,True,False,1.1865932941436768,2.5481033325195312,0.0,2.0,True,0.0,0.0,0.2,0.0,0.2,0.0
42.499713,"[167.93856811523438, 4.49994421005249, 0.0]","[206.8290252685547, 4.5, 0.0]",2.827998161319958,6.854674339294434,6.8676416463459375,0.7732868194553433,-0.299529492855072,38.81053161608759,4.027458667751034,0.8548021316521659,34.31053161608759,-4.026676177974476,2.7834813594818115,3.920158863067627,38.411895751953125,True,0,6.7036402225494385,6.854674339294434,1.001138687133789,0.2322672742580779,2.8496067899414874,-0.30150345742195617,"StraightLane index=('>>>', '1S0_0_', 0)",True,117.88253784179688,5.5789947509765625e-05,8.39233398552044e-05,"StraightLane index=('>>', '>>>', 0)",True,0.0,True,False,1.1865932941436768,2.5481033325195312,0.0,2.0,True,0.0,0.0,0.28,0.0,0.28,0.0
42.519724,"[167.99481201171875, 4.49994421005249, 0.0]","[206.96734619140625, 4.5, 0.0]",2.8478822708169673,6.883060455322266,6.889386496371362,0.9942054748504736,-0.17204882204532623,38.89045715316547,4.026676177974476,-0.03912448882790187,34.39045715316547,-4.035178184505298,2.7890074253082275,3.920158863067627,38.411895751953125,True,0,6.7091662883758545,6.883060455322266,1.001138687133789,0.2322672742580779,2.8496067899414874,-0.30150345742195617,"StraightLane index=('>>>', '1S0_0_', 0)",True,117.93856811523438,5.5789947509765625e-05,9.918212890128198e-05,"StraightLane index=('>>', '>>>', 0)",True,0.0,True,False,1.1865932941436768,2.5481033325195312,0.0,2.0,True,0.0,0.0,0.36,0.0,0.36,0.0
42.539389,"[168.05137634277344, 4.49994421005249, 0.0]","[207.10247802734375, 4.5, 0.0]",2.8721847534221245,6.900946617126465,6.9107328567176065,1.2151241302578608,-0.10771867632865906,38.972534179515776,4.035178184505298,0.42510032654110574,34.472534179515776,-4.02876186370434,2.7940351963043213,4.027458667755127,38.81053161621094,True,0,6.821493864059448,6.900946617126465,1.001138687133789,0.2322672742580779,2.8496067899414874,-0.19584540307014953,"StraightLane index=('>>>', '1S0_0_', 0)",True,117.99481201171875,5.5789947509765625e-05,0.00010681152342432076,"StraightLane index=('>>', '>>>', 0)",True,0.0,True,False,1.1865932941436768,2.653761386871338,0.0,2.0,True,0.0,0.0,0.43999999999999995,0.0,0.43999999999999995,0.0
42.559571,"[168.10833740234375, 4.49994421005249, 0.0]","[207.24349975585938, 4.5, 0.0]",2.9009065628094954,6.923091888427734,6.932673545166447,1.436090469368545,0.028561867773532867,39.05110168441523,4.02876186370434,-0.3208160400478999,34.55110168441523,-4.0221853256182385,2.806736946105957,4.027458667755127,38.81053161621094,True,0,6.834195613861084,6.923091888427734,1.001138687133789,0.2322672742580779,2.8496067899414874,-0.19584540307014953,"StraightLane index=('>>>', '1S0_0_', 0)",True,118.05137634277344,5.5789947509765625e-05,9.918212890128198e-05,"StraightLane index=('>>', '>>>', 0)",True,0.0,True,False,1.1865932941436768,2.653761386871338,0.0,2.0,True,0.0,0.0,0.5199999999999999,0.0,0.5199999999999999,0.0
42.579835,"[168.16578674316406, 4.49994421005249, 0.0]","[207.38235473632812, 4.5, 0.0]",2.934046745304792,6.944894790649414,6.954708863506797,1.65700912476483,0.1922275871038437,39.13516235337652,4.0221853256182385,-0.32882690430509065,34.63516235337652,-4.010848045344622,2.8251490592956543,4.027458667755127,38.81053161621094,True,0,6.852607727050781,6.944894790649414,1.001138687133789,0.2322672742580779,2.8496067899414874,-0.19584540307014953,"StraightLane index=('>>>', '1S0_0_', 0)",True,118.10833740234375,5.5789947509765625e-05,9.155273437824319e-05,"StraightLane index=('>>', '>>>', 0)",True,0.0,True,False,1.1865932941436768,2.653761386871338,0.0,2.0,True,0.0,0.0,0.6,0.0,0.6,0.0
42.599143,"[168.2238006591797, 4.49994421005249, 0.0]","[207.517578125, 4.5, 0.0]",2.971605300907957,6.96613073348999,6.975691347357793,1.8779277801582506,0.3777465224266052,39.21656799300873,4.010848045344622,-0.5668640136808456,34.71656799300873,-3.994525432582033,2.849236011505127,4.027458667755127,38.81053161621094,True,0,6.876694679260254,6.96613073348999,1.1145639419555664,0.24805028480071492,2.844491815979037,-0.190730429107699,"StraightLane index=('>>>', '1S0_0_', 0)",True,118.16578674316406,5.5789947509765625e-05,9.918212890128198e-05,"StraightLane index=('>>', '>>>', 0)",True,0.0,True,False,1.1865932941436768,2.653761386871338,0.0,2.0,True,0.0,0.0,0.68,0.0,0.68,0.0
42.61964,"[168.28248596191406, 4.49994421005249, 0.0]","[207.65762329101562, 4.5, 0.0]",3.01358318329362,6.987758159637451,6.99776935473795,2.0988941192831456,0.5805872678756714,39.29377746566487,3.994525432582033,-0.8161306381294198,34.79377746566487,-3.974174976343831,2.8789117336273193,4.027458667755127,38.81053161621094,True,0,6.906370401382446,6.987758159637451,1.1145639419555664,0.24805028480071492,2.844491815979037,-0.190730429107699,"StraightLane index=('>>>', '1S0_0_', 0)",True,118.22380065917969,5.5789947509765625e-05,9.918212890128198e-05,"StraightLane index=('>>', '>>>', 0)",True,0.0,True,False,1.1865932941436768,2.653761386871338,0.0,2.0,True,0.0,0.0,0.7600000000000001,0.0,0.7600000000000001,0.0
42.639443,"[168.3419189453125, 4.49994421005249, 0.0]","[207.798583984375, 4.5, 0.0]",3.0599794387871024,7.009350299835205,7.019123700422879,2.3198127746741237,0.8003618121147156,39.37513732894599,3.974174976343831,-1.0175228119100987,34.87513732894599,-3.9493708610481026,2.9144814014434814,4.010848045349121,39.21656799316406,True,0,6.9253294467926025,7.009350299835205,1.1145639419555664,0.24805028480071492,2.844491815979037,-0.16877613108828982,"StraightLane index=('>>>', '1S0_0_', 0)",True,118.28248596191406,5.5789947509765625e-05,9.918212890128198e-05,"StraightLane index=('>>', '>>>', 0)",True,0.0,True,False,1.223045825958252,2.675715684890747,0.0,2.0,True,0.0,0.0,0.8400000000000002,0.0,0.8400000000000002,0.0
42.659146,"[168.40219116210938, 4.49994421005249, 0.0]","[207.94151306152344, 4.5, 0.0]",3.110794067388395,7.031246662139894,7.040320002802477,2.5407314300646355,1.0311548709869385,39.45666503888994,3.9493708610481026,-1.2402057647864284,34.95666503888994,-3.920452594751499,2.955657482147217,4.010848045349121,39.21656799316406,True,0,6.966505527496338,7.031246662139894,1.1145639419555664,0.24805028480071492,2.844491815979037,-0.16877613108828982,"StraightLane index=('>>>', '1S0_0_', 0)",True,118.3419189453125,5.5789947509765625e-05,0.00010681152342432076,"StraightLane index=('>>', '>>>', 0)",True,0.0,True,False,1.223045825958252,2.675715684890747,0.0,2.0,True,0.0,0.0,0.9200000000000003,0.0,0.9200000000000003,0.0
42.680194,"[168.46339416503906, 4.49994421005249, 0.0]","[208.0801239013672, 4.5, 0.0]",3.1660280227713518,7.052480697631836,7.063005827396412,2.7616977691478306,1.2688227891921997,39.53932189927444,3.920452594751499,-1.4459133148301717,35.03932189927444,-3.886452674860484,3.002178907394409,4.010848045349121,39.21656799316406,True,0,7.01302695274353,7.052480697631836,1.1145639419555664,0.24805028480071492,2.844491815979037,-0.16877613108828982,"StraightLane index=('>>>', '1S0_0_', 0)",True,118.40219116210938,5.5789947509765625e-05,9.155273437824319e-05,"StraightLane index=('>>', '>>>', 0)",True,0.0,True,False,1.223045825958252,2.675715684890747,0.0,2.0,True,0.0,0.0,1.0,0.0,1.0,0.0
42.699555,"[168.52560424804688, 4.49994421005249, 0.0]","[208.2230987548828, 4.5, 0.0]",3.2212619781544625,7.074382781982423,7.083860495690783,2.7616977691555356,1.5092799663543701,39.616729736218716,3.886452674860484,-1.6999959945507515,35.116729736218716,-3.8531208038279603,3.053757667541504,4.010848045349121,39.21656799316406,True,0,7.064605712890625,7.074382781982423,1.0825204849243253,0.2611334732929948,2.765661995781169,-0.08994631089042171,"StraightLane index=('>>>', '1S0_0_', 0)",True,118.46339416503906,5.5789947509765625e-05,7.629394533216562e-05,"StraightLane index=('>>', '>>>', 0)",True,0.0,True,False,1.223045825958252,2.675715684890747,0.0,2.0,True,0.0,0.0,1.0,0.0,1.0,0.0
42.720323,"[168.58892822265625, 4.49994421005249, 0.0]","[208.36398315429688, 4.5, 0.0]",3.276495933537669,7.09528923034668,7.105559790495316,2.7616977691603317,1.843930721282959,39.697494506711635,3.8531208038279603,-1.6665935516261943,35.197494506711635,-3.8187932968090106,3.137502670288086,4.010848045349121,39.21656799316406,True,0,7.148350715637207,7.09528923034668,1.0825204849243253,0.2611334732929948,2.765661995781169,-0.08994631089042171,"StraightLane index=('>>>', '1S0_0_', 0)",True,118.52560424804688,5.5789947509765625e-05,8.39233398552044e-05,"StraightLane index=('>>', '>>>', 0)",True,0.0,True,False,1.223045825958252,2.675715684890747,0.0,2.0,True,0.0,0.0,1.0,0.0,1.0,0.0
42.740006,"[168.65335083007812, 4.49994421005249, 0.0]","[208.5090789794922, 4.5, 0.0]",3.331729888920755,7.116515636444092,7.126108289155992,2.761697769154292,1.9845025539398193,39.775054931484455,3.8187932968090106,-1.7163753509474855,35.275054931484455,-3.784785747523337,3.1706881523132324,3.8864526748657227,39.616729736328125,True,0,7.057140827178955,7.116515636444092,1.0825204849243253,0.2611334732929948,2.765661995781169,-0.13153580941031917,"StraightLane index=('>>>', '1S0_0_', 0)",True,118.58892822265625,5.5789947509765625e-05,9.918212890128198e-05,"StraightLane index=('>>', '>>>', 0)",True,0.0,True,False,1.223045825958252,2.6341261863708496,0.0,2.0,True,0.0,0.0,1.0,0.0,1.0,0.0
42.758684,"[168.71888732910156, 4.49994421005249, 0.0]","[208.6468505859375, 4.5, 0.0]",3.386963844304175,7.13667106628418,7.145619373403257,2.761697769171012,2.199887990951538,39.85572814928959,3.784785747523337,-1.7003774642836866,35.35572814928959,-3.7497072219800045,3.233827829360962,3.8864526748657227,39.616729736328125,True,0,7.120280504226685,7.13667106628418,1.0825204849243253,0.2611334732929948,2.765661995781169,-0.13153580941031917,"StraightLane index=('>>>', '1S0_0_', 0)",True,118.65335083007812,5.5789947509765625e-05,8.39233398552044e-05,"StraightLane index=('>>', '>>>', 0)",True,0.0,True,False,1.223045825958252,2.6341261863708496,0.0,2.0,True,0.0,0.0,1.0,0.0,1.0,0.0
42.780173,"[168.7855224609375, 4.49994421005249, 0.0]","[208.79342651367188, 4.5, 0.0]",3.442197799687542,7.1581130027771005,7.167995205102955,2.7616977691683475,2.384113073348999,39.92796325671139,3.7497072219800045,-1.7539262771666175,35.42796325671139,-3.7159152030895584,3.2978806495666504,3.8864526748657227,39.616729736328125,True,0,7.184333324432373,7.1581130027771005,1.0825204849243253,0.2611334732929948,2.765661995781169,-0.13153580941031917,"StraightLane index=('>>>', '1S0_0_', 0)",True,118.71888732910156,5.5789947509765625e-05,8.39233398552044e-05,"StraightLane index=('>>', '>>>', 0)",True,0.0,True,False,1.223045825958252,2.6341261863708496,0.0,2.0,True,0.0,0.0,1.0,0.0,1.0,0.0
42.800195,"[168.85325622558594, 4.49994421005249, 0.0]","[208.93582153320312, 4.5, 0.0]",3.497431755071349,7.178945064544678,7.18893952930663,2.761697769190352,2.5357306003570557,40.00790405257786,3.7159152030895584,-1.689600944522307,35.50790405257786,-3.6815133094733286,3.3620100021362305,3.8864526748657227,39.616729736328125,True,0,7.248462677001953,7.178945064544678,1.0456228256225497,0.27161692486048455,2.664600576018148,-0.030474389647298317,"StraightLane index=('>>>', '1S0_0_', 0)",True,118.7855224609375,5.5789947509765625e-05,9.918212890128198e-05,"StraightLane index=('>>', '>>>', 0)",True,0.0,True,False,1.223045825958252,2.6341261863708496,0.0,2.0,True,0.0,0.0,1.0,0.0,1.0,0.0
42.819907,"[168.92210388183594, 4.49994421005249, 0.0]","[209.0773468017578, 4.5, 0.0]",3.5526657104549946,7.198745727539063,7.208486428019034,2.7616977691822697,2.65885591506958,40.08256530744354,3.6815133094733286,-1.7200946808114903,35.58256530744354,-3.646080017084069,3.4260406494140625,3.8864526748657227,39.616729736328125,True,0,7.312493324279785,7.198745727539063,1.0456228256225497,0.27161692486048455,2.664600576018148,-0.030474389647298317,"StraightLane index=('>>>', '1S0_0_', 0)",True,118.85325622558594,5.5789947509765625e-05,0.00010681152342432076,"StraightLane index=('>>', '>>>', 0)",True,0.0,True,False,1.223045825958252,2.6341261863708496,0.0,2.0,True,0.0,0.0,1.0,0.0,1.0,0.0
42.839436,"[168.99205017089844, 4.49994421005249, 0.0]","[209.22203063964844, 4.5, 0.0]",3.607899665838299,7.218574047088623,7.227861240530761,2.7616977691652167,2.7542614936828613,40.15524291973034,3.646080017084069,-1.771664619462987,35.65524291973034,-3.610674381250324,3.489485502243042,3.7159152030944824,40.007904052734375,True,0,7.205400705337524,7.218574047088623,1.0456228256225497,0.27161692486048455,2.664600576018148,-0.10022589073067234,"StraightLane index=('>>>', '1S0_0_', 0)",True,118.92210388183594,5.5789947509765625e-05,0.00011444091794735956,"StraightLane index=('>>', '>>>', 0)",True,0.0,True,False,1.252181887626648,2.5643746852874756,0.0,2.0,True,0.0,0.0,1.0,0.0,1.0,0.0
42.859256,"[169.0631103515625, 4.49994421005249, 0.0]","[209.36965942382812, 4.5, 0.0]",3.663133621221127,7.238807201385498,7.247532294012049,2.7616977691414135,2.8241822719573975,40.22998046864005,3.610674381250324,-1.7702817916872338,35.72998046864005,-3.575673580164371,3.5520339012145996,3.7159152030944824,40.007904052734375,True,0,7.267949104309082,7.238807201385498,1.0456228256225497,0.27161692486048455,2.664600576018148,-0.10022589073067234,"StraightLane index=('>>>', '1S0_0_', 0)",True,118.99205017089844,5.5789947509765625e-05,7.629394533216562e-05,"StraightLane index=('>>', '>>>', 0)",True,0.0,True,False,1.252181887626648,2.5643746852874756,0.0,2.0,True,0.0,0.0,1.0,0.0,1.0,0.0
42.881493,"[169.13526916503906, 4.49994421005249, 0.0]","[209.51246643066406, 4.5, 0.0]",3.7183675766039643,7.258378028869629,7.269569131568448,2.7616977691418576,2.8717565536499023,40.30654907216982,3.575673580164371,-1.7500400542976635,35.80654907216982,-3.5400104522656646,3.613520622253418,3.7159152030944824,40.007904052734375,True,0,7.3294358253479,7.258378028869629,1.0456228256225497,0.27161692486048455,2.664600576018148,-0.10022589073067234,"StraightLane index=('>>>', '1S0_0_', 0)",True,119.0631103515625,5.5789947509765625e-05,6.866455075823796e-05,"StraightLane index=('>>', '>>>', 0)",True,0.0,True,False,1.252181887626648,2.5643746852874756,0.0,2.0,True,0.0,0.0,1.0,0.0,1.0,0.0
42.899759,"[169.20852661132812, 4.49994421005249, 0.0]","[209.65931701660156, 4.5, 0.0]",3.773601531987206,7.278505325317383,7.2876797353126115,2.761697769162086,2.900571823120117,40.37719726552914,3.5400104522656646,-1.7831563949353146,35.87719726552914,-3.5049037933301768,3.6738924980163574,3.7159152030944824,40.007904052734375,True,0,7.38980770111084,7.278505325317383,0.9956026077270508,0.27930132364488286,2.5574887893094975,0.006885895977978063,"StraightLane index=('>>>', '1S0_0_', 0)",True,119.13526916503906,5.5789947509765625e-05,6.866455075823796e-05,"StraightLane index=('>>', '>>>', 0)",True,0.0,True,False,1.252181887626648,2.5643746852874756,0.0,2.0,True,0.0,0.0,1.0,0.0,1.0,0.0
42.920119,"[169.28289794921875, 4.49994421005249, 0.0]","[209.8057098388672, 4.5, 0.0]",3.8288354873702612,7.297478199005127,7.306588447916753,2.76169776915276,2.891526937484741,40.45079040516329,3.5049037933301768,-1.7553329467743906,35.95079040516329,-3.4686427116348657,3.759932279586792,3.7159152030944824,40.007904052734375,True,0,7.475847482681274,7.297478199005127,0.9956026077270508,0.27930132364488286,2.5574887893094975,0.006885895977978063,"StraightLane index=('>>>', '1S0_0_', 0)",True,119.20852661132812,5.5789947509765625e-05,7.629394533216562e-05,"StraightLane index=('>>', '>>>', 0)",True,0.0,True,False,1.252181887626648,2.5643746852874756,0.0,2.0,True,0.0,0.0,1.0,0.0,1.0,0.0
42.940404,"[169.35836791992188, 4.49994421005249, 0.0]","[209.95245361328125, 4.5, 0.0]",3.88406944275335,7.316026210784913,7.325394303171425,2.7616977691544475,2.911919355392456,40.52281188952325,3.4686427116348657,-1.813054084765553,36.02281188952325,-3.431956768031563,3.7909867763519287,3.540010452270508,40.377197265625,True,0,7.3309972286224365,7.316026210784913,0.9956026077270508,0.27930132364488286,2.5574887893094975,-0.07839642976665084,"StraightLane index=('>>>', '1S0_0_', 0)",True,119.28289794921875,5.5789947509765625e-05,8.39233398552044e-05,"StraightLane index=('>>', '>>>', 0)",True,0.0,True,False,1.252181887626648,2.4790923595428467,0.0,2.0,True,0.0,0.0,1.0,0.0,1.0,0.0
42.959206,"[169.43495178222656, 4.49994421005249, 0.0]","[210.09857177734375, 4.5, 0.0]",3.939303398136576,7.337826728820801,7.342833241300914,2.7616977691612865,2.8989334106445312,40.5940856932491,3.431956768031563,-1.8342971801651453,36.0940856932491,-3.398523330684225,3.8475515842437744,3.540010452270508,40.377197265625,True,0,7.387562036514282,7.337826728820801,0.9956026077270508,0.27930132364488286,2.5574887893094975,-0.07839642976665084,"StraightLane index=('>>>', '1S0_0_', 0)",True,119.35836791992188,5.5789947509765625e-05,7.629394533216562e-05,"StraightLane index=('>>', '>>>', 0)",True,0.0,True,False,1.252181887626648,2.4790923595428467,0.0,2.0,True,0.0,0.0,1.0,0.0,1.0,0.0
42.98199,"[169.51263427734375, 4.49994421005249, 0.0]","[210.24305725097656, 4.5, 0.0]",3.99453735352007,7.349423885345459,7.363938068611192,2.761697769174698,2.883105516433716,40.663619995006854,3.398523330684225,-1.6716718673668973,36.163619995006854,-3.354886531825389,3.9035415649414062,3.540010452270508,40.377197265625,True,0,7.443552017211914,7.349423885345459,0.9956026077270508,0.27930132364488286,2.5574887893094975,-0.07839642976665084,"StraightLane index=('>>>', '1S0_0_', 0)",True,119.43495178222656,5.5789947509765625e-05,7.629394533216562e-05,"StraightLane index=('>>', '>>>', 0)",True,0.0,True,False,1.252181887626648,2.4790923595428467,0.0,2.0,True,0.0,0.0,1.0,0.0,1.0,0.0
42.999683,"[169.59141540527344, 4.49994421005249, 0.0]","[210.39231872558594, 4.5, 0.0]",4.049770355229473,7.374955654144287,7.380343774412637,2.7616500854701576,2.8326916694641113,40.7304229735074,3.354886531825389,-2.181839942941788,36.2304229735074,-3.325185298914814,3.9842422008514404,3.540010452270508,40.377197265625,True,0,7.524252653121948,7.374955654144287,0.964503288269043,0.2851288063698111,2.4464992506644405,0.03259310887840616,"StraightLane index=('>>>', '1S0_0_', 0)",True,119.51263427734375,5.5789947509765625e-05,8.39233398552044e-05,"StraightLane index=('>>', '>>>', 0)",True,0.0,True,False,1.252181887626648,2.4790923595428467,0.0,2.0,True,0.0,0.0,1.0,0.0,1.0,0.0
43.019822,"[169.6713104248047, 4.49994421005249, 0.0]","[210.5406951904297, 4.5, 0.0]",4.1050033569387425,7.385838031768799,7.397523060439294,2.761650085463474,2.8496198654174805,40.8009033201376,3.325185298914814,-1.4850616455287513,36.3009033201376,-3.2808346748300563,4.014344692230225,3.540010452270508,40.377197265625,True,0,7.554355144500732,7.385838031768799,0.964503288269043,0.2851288063698111,2.4464992506644405,0.03259310887840616,"StraightLane index=('>>>', '1S0_0_', 0)",True,119.59141540527344,5.5789947509765625e-05,0.00010681152342432076,"StraightLane index=('>>', '>>>', 0)",True,0.0,True,False,1.252181887626648,2.4790923595428467,0.0,2.0,True,0.0,0.0,1.0,0.0,1.0,0.0
43.040302,"[169.75230407714844, 4.49994421005249, 0.0]","[210.68923950195312, 4.5, 0.0]",4.15139961243214,7.409552574157715,7.4149716182957865,2.3198127746698827,2.834226131439209,40.86938476546719,3.2808346748300563,-2.217531204237888,36.36938476546719,-3.2581529617255747,4.069392204284668,5.397591590881348,28.226119995117188,False,-1,9.466983795166016,7.409552574157715,0.964503288269043,0.2851288063698111,2.4464992506644405,-2.4464992506644405,"StraightLane index=('>>>', '1S0_0_', 0)",True,119.67131042480469,5.5789947509765625e-05,9.918212890128198e-05,"StraightLane index=('>>', '>>>', 0)",True,0.0,True,False,1.2782598733901978,0.0,0.0,0.0,True,0.0,0.0,0.8400000000000001,0.0,0.8400000000000001,0.0
43.059333,"[169.83441162109375, 4.49994421005249, 0.0]","[210.83290100097656, 4.5, 0.0]",4.188959121709349,7.419375896453859,7.431192434778925,1.8779754638604373,2.820627450942993,40.93693542466328,3.2581529617255747,-1.134085655224082,36.43693542466328,-3.2304167747445103,4.12432861328125,5.397591590881348,28.226119995117188,False,-1,9.521920204162598,7.419375896453859,0.964503288269043,0.2851288063698111,2.4464992506644405,-2.4464992506644405,"StraightLane index=('>>>', '1S0_0_', 0)",True,119.75230407714844,5.5789947509765625e-05,9.155273437824319e-05,"StraightLane index=('>>', '>>>', 0)",True,0.0,True,False,1.2782598733901978,0.0,0.0,0.0,True,0.0,0.0,0.6800000000000002,0.0,0.6800000000000002,0.0
43.081509,"[169.9174346923828, 4.49994421005249, 0.0]","[210.9830322265625, 4.5, 0.0]",4.217679977422193,7.443273067474365,7.450070092277624,1.436042785642222,2.7953033447265625,40.99848937978651,3.2304167747445103,-1.3868093490532196,36.49848937978651,-3.225593090052172,4.1777729988098145,5.397591590881348,28.226119995117188,False,-1,9.575364589691162,7.443273067474365,0.964503288269043,0.2851288063698111,2.4464992506644405,-2.4464992506644405,"StraightLane index=('>>>', '1S0_0_', 0)",True,119.83441162109375,5.5789947509765625e-05,6.866455075823796e-05,"StraightLane index=('>>', '>>>', 0)",True,0.0,True,False,1.2782598733901978,0.0,0.0,0.0,True,0.0,0.0,0.5200000000000002,0.0,0.5200000000000002,0.0
43.099428,"[170.001220703125, 4.49994421005249, 0.0]","[211.13436889648438, 4.5, 0.0]",4.23756408691925,7.453976154327393,7.465349257056739,0.9942054748528495,2.73311185836792,41.065597534053914,3.225593090052172,-0.24118423461692018,36.565597534053914,-3.2164120674081422,4.22674036026001,5.397591590881348,28.226119995117188,False,-1,9.624331951141357,7.453976154327393,0.7902050018310547,0.28427310079691687,2.3749409446122094,-2.3749409446122094,"StraightLane index=('>>>', '1S0_0_', 0)",True,119.91743469238281,5.5789947509765625e-05,8.39233398552044e-05,"StraightLane index=('>>', '>>>', 0)",True,0.0,True,False,1.2782598733901978,0.0,0.0,0.0,True,0.0,0.0,0.3600000000000002,0.0,0.3600000000000002,0.0
43.119592,"[170.0855712890625, 4.49994421005249, 0.0]","[211.28402709960938, 4.5, 0.0]",4.248611450200503,7.476602077484131,7.48099904187155,0.5523681640626332,2.6191749572753906,41.13314819323353,3.2164120674081422,-0.4590511322014823,36.63314819323353,-3.227990627283628,4.268822193145752,5.397591590881348,28.226119995117188,False,-1,9.6664137840271,7.476602077484131,0.7902050018310547,0.28427310079691687,2.3749409446122094,-2.3749409446122094,"StraightLane index=('>>>', '1S0_0_', 0)",True,120.001220703125,5.5789947509765625e-05,8.39233398552044e-05,"StraightLane index=('>>', '>>>', 0)",True,0.0,True,False,1.2782598733901978,0.0,0.0,0.0,True,0.0,0.0,0.20000000000000018,0.0,0.20000000000000018,0.0
43.139621,"[170.17031860351562, 4.49994421005249, 0.0]","[211.43399047851562, 4.5, 0.0]",4.250820159916997,7.485402584075928,7.496499252540442,0.11043548582470031,2.4545726776123047,41.19845581042096,3.227990627283628,0.5789279937742808,36.69845581042096,-3.2345824241589307,4.303072929382324,5.397591590881348,28.226119995117188,False,-1,9.700664520263672,7.485402584075928,0.7902050018310547,0.28427310079691687,2.3749409446122094,-2.3749409446122094,"StraightLane index=('>>>', '1S0_0_', 0)",True,120.0855712890625,5.5789947509765625e-05,8.39233398552044e-05,"StraightLane index=('>>', '>>>', 0)",True,0.0,True,False,1.2782598733901978,0.0,0.0,0.0,True,0.0,0.0,0.040000000000000174,0.0,0.040000000000000174,0.0
43.159188,"[170.2552947998047, 4.49994421005249, 0.0]","[211.58335876464844, 4.5, 0.0]",4.243547439579859,7.507473945617676,7.51165080254569,-0.3636360168568942,2.2378222942352295,41.263671874889134,3.2345824241589307,0.32958984376514344,36.763671874889134,-3.2639265060378166,4.328361988067627,5.397591590881348,28.226119995117188,False,-1,9.725953578948975,7.507473945617676,0.7902050018310547,0.28427310079691687,2.3749409446122094,-2.3749409446122094,"StraightLane index=('>>>', '1S0_0_', 0)",True,120.17031860351562,5.5789947509765625e-05,7.629394533216562e-05,"StraightLane index=('>>', '>>>', 0)",True,0.0,True,False,1.2782598733901978,0.0,0.0,0.0,True,0.0,0.0,0.0,-0.0,0.0,-0.0
43.181732,"[170.34031677246094, 4.49994421005249, 0.0]","[211.73121643066406, 4.5, 0.0]",4.2362747192428465,7.516057968139648,7.52908828029226,-0.3636360168506325,1.9632781744003296,41.32806396473283,3.2639265060378166,1.4672040939442965,36.82806396473283,-3.279783248896802,4.343017578125,5.397591590881348,28.226119995117188,False,-1,9.740609169006348,7.516057968139648,0.7902050018310547,0.28427310079691687,2.3749409446122094,-2.3749409446122094,"StraightLane index=('>>>', '1S0_0_', 0)",True,120.25529479980469,5.5789947509765625e-05,7.629394533216562e-05,"StraightLane index=('>>', '>>>', 0)",True,0.0,True,False,1.2782598733901978,0.0,0.0,0.0,True,0.0,0.0,0.0,-0.0,0.0,-0.0
43.199169,"[170.42518615722656, 4.49994421005249, 0.0]","[211.88046264648438, 4.5, 0.0]",4.229001998906109,7.538117408752441,7.542587948653879,-0.36363601683686575,1.6396684646606445,41.390899658092145,3.279783248896802,0.7928371429492653,36.890899658092145,-3.3091154098463322,4.346792221069336,5.397591590881348,28.226119995117188,False,-1,9.744383811950684,7.538117408752441,0.8414125442504883,0.28529522976599225,2.436220246166108,-2.436220246166108,"StraightLane index=('>>>', '1S0_0_', 0)",True,120.34031677246094,5.5789947509765625e-05,7.629394533216562e-05,"StraightLane index=('>>', '>>>', 0)",True,0.0,True,False,1.2782598733901978,0.0,0.0,0.0,True,0.0,0.0,0.0,-0.0,0.0,-0.0
43.219277,"[170.50991821289062, 4.49994421005249, 0.0]","[212.03170776367188, 4.5, 0.0]",4.221729278569279,7.545858383178711,7.556589644955842,-0.3636360168415287,1.1144239902496338,41.455276489146776,3.3091154098463322,1.4666080474765142,36.955276489146776,-3.3241291046094323,4.3356733322143555,5.397591590881348,28.226119995117188,False,-1,9.733264923095703,7.545858383178711,0.8414125442504883,0.28529522976599225,2.436220246166108,-2.436220246166108,"StraightLane index=('>>>', '1S0_0_', 0)",True,120.42518615722656,5.5789947509765625e-05,7.629394533216562e-05,"StraightLane index=('>>', '>>>', 0)",True,0.0,True,False,1.2782598733901978,0.0,0.0,0.0,True,0.0,0.0,0.0,-0.0,0.0,-0.0
43.239438,"[170.59449768066406, 4.49994421005249, 0.0]","[212.1833953857422, 4.5, 0.0]",4.214456558232407,7.566396236419678,7.570557669102499,-0.3636360168435715,0.935397744178772,41.5217895506391,3.3241291046094323,0.7506847381550052,37.0217895506391,-3.3519396781872706,4.328037261962891,4.675056457519531,29.291101455688477,False,-1,9.003093719482422,7.566396236419678,0.8414125442504883,0.28529522976599225,2.436220246166108,-2.436220246166108,"StraightLane index=('>>>', '1S0_0_', 0)",True,120.50991821289062,5.5789947509765625e-05,9.155273437824319e-05,"StraightLane index=('>>', '>>>', 0)",True,0.0,True,False,1.3023732900619507,0.0,0.0,0.0,True,0.0,0.0,0.0,-0.0,0.0,-0.0
43.259821,"[170.67893981933594, 4.49994421005249, 0.0]","[212.33543395996094, 4.5, 0.0]",4.207183837895519,7.573633670806885,7.584685350047622,-0.36363601684441527,0.6069028973579407,41.58889770493589,3.3519396781872706,1.3905286788919113,37.08889770493589,-3.366449832911366,4.310621738433838,4.675056457519531,29.291101455688477,False,-1,8.98567819595337,7.573633670806885,0.8414125442504883,0.28529522976599225,2.436220246166108,-2.436220246166108,"StraightLane index=('>>>', '1S0_0_', 0)",True,120.59449768066406,5.5789947509765625e-05,9.155273437824319e-05,"StraightLane index=('>>', '>>>', 0)",True,0.0,True,False,1.3023732900619507,0.0,0.0,0.0,True,0.0,0.0,0.0,-0.0,0.0,-0.0
43.280322,"[170.7632293701172, 4.49994421005249, 0.0]","[212.49000549316406, 4.5, 0.0]",4.199911117559119,7.594435691833496,7.598886516033929,-0.36363601681999036,0.31518206000328064,41.65649414048267,3.366449832911366,0.7255077362047668,37.15649414048267,-3.394524574274377,4.290690898895264,4.675056457519531,29.291101455688477,False,-1,8.965747356414795,7.594435691833496,0.8414125442504883,0.28529522976599225,2.436220246166108,-2.436220246166108,"StraightLane index=('>>>', '1S0_0_', 0)",True,120.67893981933594,5.5789947509765625e-05,9.155273437824319e-05,"StraightLane index=('>>', '>>>', 0)",True,0.0,True,False,1.3023732900619507,0.0,0.0,0.0,True,0.0,0.0,0.0,-0.0,0.0,-0.0
43.299819,"[170.8473663330078, 4.49994421005249, 0.0]","[212.64097595214844, 4.5, 0.0]",4.19263839722287,7.601576328277588,7.612406074925496,-0.36363601681244084,-0.03393228352069855,41.72677612287037,3.394524574274377,1.4037370681505568,37.22677612287037,-3.4089379310547177,4.259777545928955,4.675056457519531,29.291101455688477,False,-1,8.934834003448486,7.601576328277588,0.6345891952514648,0.27897632862319427,2.4947859838087605,-2.4947859838087605,"StraightLane index=('>>>', '1S0_0_', 0)",True,120.76322937011719,5.5789947509765625e-05,0.00010681152342432076,"StraightLane index=('>>', '>>>', 0)",True,0.0,True,False,1.3023732900619507,0.0,0.0,0.0,True,0.0,0.0,0.0,-0.0,0.0,-0.0
43.319718,"[170.93136596679688, 4.49994421005249, 0.0]","[212.7942352294922, 4.5, 0.0]",4.1853656768864855,7.6210856437683105,7.6246521460053645,-0.3636360168192354,-0.21447783708572388,41.793609618998126,3.4089379310547177,0.7206678390170307,37.293609618998126,-3.435719966881825,4.239167213439941,4.675056457519531,29.291101455688477,False,-1,8.914223670959473,7.6210856437683105,0.6345891952514648,0.27897632862319427,2.4947859838087605,-2.4947859838087605,"StraightLane index=('>>>', '1S0_0_', 0)",True,120.84736633300781,5.5789947509765625e-05,9.155273437824319e-05,"StraightLane index=('>>', '>>>', 0)",True,0.0,True,False,1.3023732900619507,0.0,0.0,0.0,True,0.0,0.0,0.0,-0.0,0.0,-0.0
43.33966,"[171.0152130126953, 4.49994421005249, 0.0]","[212.947265625, 4.5, 0.0]",4.178092956549929,7.626732349395752,7.63691796614713,-0.36363601682780633,-0.29329365491867065,41.86286926251857,3.435719966881825,1.3391017913553682,37.36286926251857,-3.4486393928458225,4.22875452041626,4.675056457519531,29.291101455688477,False,-1,8.903810977935791,7.626732349395752,0.6345891952514648,0.27897632862319427,2.4947859838087605,-2.4947859838087605,"StraightLane index=('>>>', '1S0_0_', 0)",True,120.93136596679688,5.5789947509765625e-05,0.00010681152342432076,"StraightLane index=('>>', '>>>', 0)",True,0.0,True,False,1.3023732900619507,0.0,0.0,0.0,True,0.0,0.0,0.0,-0.0,0.0,-0.0
43.359841,"[171.0989227294922, 4.49994421005249, 0.0]","[213.09930419921875, 4.5, 0.0]",4.1708202362132,7.645632266998291,7.6493320148213835,-0.36363601683646607,-0.4100106954574585,41.932052612127826,3.4486393928458225,0.6459712981998766,37.432052612127826,-3.474812030785091,4.210029125213623,4.675056457519531,29.291101455688477,False,-1,8.885085582733154,7.645632266998291,0.6345891952514648,0.27897632862319427,2.4947859838087605,-2.4947859838087605,"StraightLane index=('>>>', '1S0_0_', 0)",True,121.01521301269531,5.5789947509765625e-05,0.00010681152342432076,"StraightLane index=('>>', '>>>', 0)",True,0.0,True,False,1.3023732900619507,0.0,0.0,0.0,True,0.0,0.0,0.0,-0.0,0.0,-0.0
43.379819,"[171.18247985839844, 4.49994421005249, 0.0]","[213.25228881835938, 4.5, 0.0]",4.163547515876095,7.651275634765631,7.661614843404504,-0.36363601685525104,-0.4894999861717224,42.00038146954958,3.474812030785091,1.3086318969634192,37.50038146954958,-3.487728118889536,4.193093776702881,4.675056457519531,29.291101455688477,False,-1,8.868150234222412,7.651275634765631,0.6345891952514648,0.27897632862319427,2.4947859838087605,-2.4947859838087605,"StraightLane index=('>>>', '1S0_0_', 0)",True,121.09892272949219,5.5789947509765625e-05,0.00010681152342432076,"StraightLane index=('>>', '>>>', 0)",True,0.0,True,False,1.3023732900619507,0.0,0.0,0.0,True,0.0,0.0,0.0,-0.0,0.0,-0.0
43.40004,"[171.26589965820312, 4.49994421005249, 0.0]","[213.40492248535156, 4.5, 0.0]",4.1562747955384935,7.6668901443481445,7.674042025829992,-0.36363601688007563,-0.5416073203086853,42.06980895983409,3.487728118889536,0.6458044052222611,37.56980895983409,-3.510615348809651,4.17758321762085,4.675056457519531,29.291101455688477,False,-1,8.85263967514038,7.6668901443481445,0.6531381607055664,0.2739385313855697,2.555838508111843,-2.555838508111843,"StraightLane index=('>>>', '1S0_0_', 0)",True,121.18247985839844,5.5789947509765625e-05,8.39233398552044e-05,"StraightLane index=('>>', '>>>', 0)",True,0.0,True,False,1.3023732900619507,0.0,0.0,0.0,True,0.0,0.0,0.0,-0.0,0.0,-0.0
43.420226,"[171.3491668701172, 4.49994421005249, 0.0]","[213.5594940185547, 4.5, 0.0]",4.149002075200886,7.6815338134765625,7.684922518606043,-0.3636360168803865,-0.5664967894554138,42.13902282702151,3.510615348809651,1.1443614960057413,37.63902282702151,-3.5325317382756767,4.164005279541016,4.675056457519531,29.291101455688477,False,-1,8.839061737060547,7.6815338134765625,0.6531381607055664,0.2739385313855697,2.555838508111843,-2.555838508111843,"StraightLane index=('>>>', '1S0_0_', 0)",True,121.26589965820312,5.5789947509765625e-05,8.39233398552044e-05,"StraightLane index=('>>', '>>>', 0)",True,0.0,True,False,1.3023732900619507,0.0,0.0,0.0,True,0.0,0.0,0.0,-0.0,0.0,-0.0
43.439717,"[171.4322967529297, 4.49994421005249, 0.0]","[213.70973205566406, 4.5, 0.0]",4.151210784917299,7.68538236618042,7.6954286424578235,0.1104354858206591,-0.5712761282920837,42.210327148310505,3.5325317382756767,1.095819473301285,37.710327148310505,-3.534171581263121,4.152172088623047,3.4877281188964844,42.06980895996094,True,0,7.639900207519531,7.68538236618042,0.6531381607055664,0.2739385313855697,2.555838508111843,-0.2888151831454122,"StraightLane index=('>>>', '1S0_0_', 0)",True,121.34916687011719,5.5789947509765625e-05,8.39233398552044e-05,"StraightLane index=('>>', '>>>', 0)",True,0.0,True,False,1.325018286705017,2.2670233249664307,0.0,2.0,True,0.0,0.0,0.04,0.0,0.04,0.0
43.459249,"[171.51527404785156, 4.49994421005249, 0.0]","[213.86666870117188, 4.5, 0.0]",4.1578388214161155,7.703032493591309,7.705961943238514,0.3314018249408246,-0.560763418674469,42.27743530262261,3.534171581263121,0.081992149372212,37.77743530262261,-3.545193672175193,4.141905307769775,3.4877281188964844,42.06980895996094,True,0,7.62963342666626,7.703032493591309,0.6531381607055664,0.2739385313855697,2.555838508111843,-0.2888151831454122,"StraightLane index=('>>>', '1S0_0_', 0)",True,121.43229675292969,5.5789947509765625e-05,7.629394533216562e-05,"StraightLane index=('>>', '>>>', 0)",True,0.0,True,False,1.325018286705017,2.2670233249664307,0.0,2.0,True,0.0,0.0,0.12,0.0,0.12,0.0
43.480978,"[171.59829711914062, 4.49994421005249, 0.0]","[214.0221405029297, 4.5, 0.0]",4.168886184697484,7.707249164581299,7.717655416720669,0.5523681640684064,-0.5269342064857483,42.35139465320848,3.545193672175193,0.551104545603609,37.85139465320848,-3.538362979883815,4.134373188018799,3.4877281188964844,42.06980895996094,True,0,7.622101306915283,7.707249164581299,0.6531381607055664,0.2739385313855697,2.555838508111843,-0.2888151831454122,"StraightLane index=('>>>', '1S0_0_', 0)",True,121.51527404785156,5.5789947509765625e-05,7.629394533216562e-05,"StraightLane index=('>>', '>>>', 0)",True,0.0,True,False,1.325018286705017,2.2670233249664307,0.0,2.0,True,0.0,0.0,0.2,0.0,0.2,0.0
43.499443,"[171.68145751953125, 4.49994421005249, 0.0]","[214.17481994628906, 4.5, 0.0]",4.184350967412594,7.724600791931152,7.727624799532501,0.7732391357555102,-0.4570191204547882,42.42384338364576,3.538362979883815,-0.34153461456889467,37.92384338364576,-3.5402498245185585,4.131428241729736,3.4877281188964844,42.06980895996094,True,0,7.619156360626221,7.724600791931152,0.5771064758300781,0.26674340490106546,2.5679057908381284,-0.30088246587169776,"StraightLane index=('>>>', '1S0_0_', 0)",True,121.59829711914062,5.5789947509765625e-05,9.155273437824319e-05,"StraightLane index=('>>', '>>>', 0)",True,0.0,True,False,1.325018286705017,2.2670233249664307,0.0,2.0,True,0.0,0.0,0.28,0.0,0.28,0.0
43.51986,"[171.76483154296875, 4.49994421005249, 0.0]","[214.330078125, 4.5, 0.0]",4.204235076909865,7.727761745452881,7.7372153219041415,0.994205474863552,-0.3494846224784851,42.49336242663051,3.5402498245185585,0.0943422317371656,37.99336242663051,-3.523526668543016,4.13401460647583,3.4877281188964844,42.06980895996094,True,0,7.6217427253723145,7.727761745452881,0.5771064758300781,0.26674340490106546,2.5679057908381284,-0.30088246587169776,"StraightLane index=('>>>', '1S0_0_', 0)",True,121.68145751953125,5.5789947509765625e-05,8.39233398552044e-05,"StraightLane index=('>>', '>>>', 0)",True,0.0,True,False,1.325018286705017,2.2670233249664307,0.0,2.0,True,0.0,0.0,0.36,0.0,0.36,0.0
43.539511,"[171.84852600097656, 4.49994421005249, 0.0]","[214.48147583007812, 4.5, 0.0]",4.228538513189239,7.7435688972473145,7.746407627205574,1.2151718139687073,-0.21329882740974426,42.56524658188776,3.523526668543016,-0.8361577987771263,38.06524658188776,-3.5150303840580754,4.141899108886719,3.538362979888916,42.42384338378906,True,0,7.680262088775635,7.7435688972473145,0.5771064758300781,0.26674340490106546,2.5679057908381284,-0.2538431954706968,"StraightLane index=('>>>', '1S0_0_', 0)",True,121.76483154296875,5.5789947509765625e-05,9.155273437824319e-05,"StraightLane index=('>>', '>>>', 0)",True,0.0,True,False,1.325018286705017,2.3140625953674316,0.0,2.0,True,0.0,0.0,0.43999999999999995,0.0,0.43999999999999995,0.0
43.558662,"[171.9326171875, 4.49994421005249, 0.0]","[214.63536071777344, 4.5, 0.0]",4.257259368902162,7.746193885803223,7.755376472818758,1.43604278564613,0.03532109037041664,42.63294982895799,3.5150303840580754,-0.42481422424702764,38.13294982895799,-3.488934516901061,4.163928031921387,3.538362979888916,42.42384338378906,True,0,7.702291011810303,7.746193885803223,0.5771064758300781,0.26674340490106546,2.5679057908381284,-0.2538431954706968,"StraightLane index=('>>>', '1S0_0_', 0)",True,121.84852600097656,5.5789947509765625e-05,9.155273437824319e-05,"StraightLane index=('>>', '>>>', 0)",True,0.0,True,False,1.325018286705017,2.3140625953674316,0.0,2.0,True,0.0,0.0,0.5199999999999999,0.0,0.5199999999999999,0.0
43.579743,"[172.01718139648438, 4.49994421005249, 0.0]","[214.79478454589844, 4.5, 0.0]",4.290399551397334,7.762485980987549,7.7652362654513905,1.6570091247586127,0.14126448333263397,42.70274353011288,3.488934516901061,-1.3047933578507198,38.20274353011288,-3.472086429590215,4.1753950119018555,3.538362979888916,42.42384338378906,True,0,7.7137579917907715,7.762485980987549,0.5771064758300781,0.26674340490106546,2.5679057908381284,-0.2538431954706968,"StraightLane index=('>>>', '1S0_0_', 0)",True,121.9326171875,5.5789947509765625e-05,9.918212890128198e-05,"StraightLane index=('>>', '>>>', 0)",True,0.0,True,False,1.325018286705017,2.3140625953674316,0.0,2.0,True,0.0,0.0,0.6,0.0,0.6,0.0
43.599802,"[172.10232543945312, 4.49994421005249, 0.0]","[214.9497528076172, 4.5, 0.0]",4.327959060675064,7.765176296234131,7.77462786949831,1.8779754638865054,0.34832432866096497,42.777603149270305,3.472086429590215,-0.8424043655423041,38.277603149270305,-3.437217235559067,4.200810432434082,3.538362979888916,42.42384338378906,True,0,7.739173412322998,7.765176296234131,0.40575504302978516,0.2542704909170014,2.488461694030395,-0.17439909866296333,"StraightLane index=('>>>', '1S0_0_', 0)",True,122.01718139648438,5.5789947509765625e-05,9.155273437824319e-05,"StraightLane index=('>>', '>>>', 0)",True,0.0,True,False,1.325018286705017,2.3140625953674316,0.0,2.0,True,0.0,0.0,0.68,0.0,0.68,0.0
43.619284,"[172.18814086914062, 4.49994421005249, 0.0]","[215.10205078125, 4.5, 0.0]",4.369935989386553,7.780140399932861,7.782507832061685,2.098846435574453,0.5721296668052673,42.84742736796716,3.437217235559067,-1.7434597015574038,38.34742736796716,-3.4102044105463083,4.232209205627441,1.929490566253662,30.445587158203125,False,-1,6.1616997718811035,7.780140399932861,0.40575504302978516,0.2542704909170014,2.488461694030395,-0.17439909866296333,"StraightLane index=('>>>', '1S0_0_', 0)",True,122.10232543945312,5.5789947509765625e-05,0.00011444091794735956,"StraightLane index=('>>', '>>>', 0)",True,0.0,True,False,1.325018286705017,2.3140625953674316,0.0,2.0,True,0.0,0.0,0.7600000000000001,0.0,0.7600000000000001,0.0
43.639354,"[172.2747039794922, 4.49994421005249, 0.0]","[215.2587890625, 4.5, 0.0]",4.4030761718821,7.78159761428833,7.790615540813025,1.6570091247773533,0.9005100727081299,42.91390991193081,3.4102044105463083,-1.3506412506379295,38.41390991193081,-3.37852144240623,4.287113189697266,1.929490566253662,30.445587158203125,False,-1,6.216603755950928,7.78159761428833,0.40575504302978516,0.2542704909170014,2.488461694030395,-2.488461694030395,"StraightLane index=('>>>', '1S0_0_', 0)",True,122.18814086914062,5.5789947509765625e-05,0.00010681152342432076,"StraightLane index=('>>', '>>>', 0)",True,0.0,True,False,1.34648597240448,0.0,0.0,0.0,True,0.0,0.0,0.6000000000000002,0.0,0.6000000000000002,0.0
43.659549,"[172.3621063232422, 4.49994421005249, 0.0]","[215.41677856445312, 4.5, 0.0]",4.427379608161735,7.796452045440674,7.798774148707929,1.2151718139817635,1.0371184349060059,42.98408508281064,3.37852144240623,-1.5841484070039158,38.48408508281064,-3.3690724372789385,4.310449123382568,1.929490566253662,30.445587158203125,False,-1,6.2399396896362305,7.796452045440674,0.40575504302978516,0.2542704909170014,2.488461694030395,-2.488461694030395,"StraightLane index=('>>>', '1S0_0_', 0)",True,122.27470397949219,5.5789947509765625e-05,0.00011444091794735956,"StraightLane index=('>>', '>>>', 0)",True,0.0,True,False,1.34648597240448,0.0,0.0,0.0,True,0.0,0.0,0.4400000000000002,0.0,0.4400000000000002,0.0
43.680439,"[172.45016479492188, 4.49994421005249, 0.0]","[215.5712432861328, 4.5, 0.0]",4.4428443908764415,7.797791481018068,7.807202691622729,0.7732391357353041,1.253956913948059,43.054672241066825,3.3690724372789385,-0.47245025636457605,38.554672241066825,-3.3549470901416267,4.354917049407959,1.929490566253662,30.445587158203125,False,-1,6.284407615661621,7.797791481018068,0.40575504302978516,0.2542704909170014,2.488461694030395,-2.488461694030395,"StraightLane index=('>>>', '1S0_0_', 0)",True,122.36210632324219,5.5789947509765625e-05,9.155273437824319e-05,"StraightLane index=('>>', '>>>', 0)",True,0.0,True,False,1.34648597240448,0.0,0.0,0.0,True,0.0,0.0,0.2800000000000002,0.0,0.2800000000000002,0.0
43.699157,"[172.53871154785156, 4.49994421005249, 0.0]","[215.72535705566406, 4.5, 0.0]",4.449472427375468,7.812445640563965,7.814776383064291,0.3314018249513495,1.4687610864639282,43.12107849104976,3.3549470901416267,-0.7062673568655864,38.62107849104976,-3.3629732131884964,4.417520523071289,1.929490566253662,30.445587158203125,False,-1,6.347011089324951,7.812445640563965,0.47269344329833984,0.24538771234074314,2.4313203009132662,-2.4313203009132662,"StraightLane index=('>>>', '1S0_0_', 0)",True,122.45016479492188,5.5789947509765625e-05,9.918212890128198e-05,"StraightLane index=('>>', '>>>', 0)",True,0.0,True,False,1.34648597240448,0.0,0.0,0.0,True,0.0,0.0,0.12000000000000018,0.0,0.12000000000000018,0.0
43.719613,"[172.6275634765625, 4.49994421005249, 0.0]","[215.88194274902344, 4.5, 0.0]",4.442199707038529,7.81312894821167,7.821958646413386,-0.363636016846991,1.5088260173797607,43.18664550765122,3.3629732131884964,0.40130615234348355,38.68664550765122,-3.3709292411731413,4.436410903930664,1.929490566253662,30.445587158203125,False,-1,6.365901470184326,7.81312894821167,0.47269344329833984,0.24538771234074314,2.4313203009132662,-2.4313203009132662,"StraightLane index=('>>>', '1S0_0_', 0)",True,122.53871154785156,5.5789947509765625e-05,9.918212890128198e-05,"StraightLane index=('>>', '>>>', 0)",True,0.0,True,False,1.34648597240448,0.0,0.0,0.0,True,0.0,0.0,0.0,-0.0,0.0,-0.0
43.739727,"[172.716552734375, 4.49994421005249, 0.0]","[216.04254150390625, 4.5, 0.0]",4.434926986701884,7.826950550079346,7.8289796525155655,-0.3636360168322472,1.5135409832000732,43.25437927229955,3.3709292411731413,0.3978013992322449,38.75437927229955,-3.392023563377462,4.467169284820557,1.929490566253662,30.445587158203125,False,-1,6.396659851074219,7.826950550079346,0.47269344329833984,0.24538771234074314,2.4313203009132662,-2.4313203009132662,"StraightLane index=('>>>', '1S0_0_', 0)",True,122.6275634765625,5.5789947509765625e-05,9.918212890128198e-05,"StraightLane index=('>>', '>>>', 0)",True,0.0,True,False,1.34648597240448,0.0,0.0,0.0,True,0.0,0.0,0.0,-0.0,0.0,-0.0
43.75959,"[172.80538940429688, 4.49994421005249, 0.0]","[216.19851684570312, 4.5, 0.0]",4.427654266365167,7.827234745025635,7.835911420720467,-0.36363601683584434,1.4225823879241943,43.32598876933339,3.392023563377462,1.0547161102160363,38.82598876933339,-3.399580478660468,4.487613201141357,1.929490566253662,30.445587158203125,False,-1,6.4171037673950195,7.827234745025635,0.47269344329833984,0.24538771234074314,2.4313203009132662,-2.4313203009132662,"StraightLane index=('>>>', '1S0_0_', 0)",True,122.716552734375,5.5789947509765625e-05,0.00011444091794735956,"StraightLane index=('>>', '>>>', 0)",True,0.0,True,False,1.34648597240448,0.0,0.0,0.0,True,0.0,0.0,0.0,-0.0,0.0,-0.0
43.77998,"[172.8940887451172, 4.49994421005249, 0.0]","[216.3554229736328, 4.5, 0.0]",4.420381546028668,7.840892314910889,7.843026669038151,-0.36363601682491975,1.2505550384521484,43.3931274411889,3.399580478660468,0.37784576415029747,38.8931274411889,-3.4205107688822203,4.497256278991699,1.929490566253662,30.445587158203125,False,-1,6.426746845245361,7.840892314910889,0.47269344329833984,0.24538771234074314,2.4313203009132662,-2.4313203009132662,"StraightLane index=('>>>', '1S0_0_', 0)",True,122.80538940429688,5.5789947509765625e-05,0.00012207031247039834,"StraightLane index=('>>', '>>>', 0)",True,0.0,True,False,1.34648597240448,0.0,0.0,0.0,True,0.0,0.0,0.0,-0.0,0.0,-0.0
43.800073,"[172.98263549804688, 4.49994421005249, 0.0]","[216.51181030273438, 4.5, 0.0]",4.413108825692024,7.841194152832031,7.850035034982162,-0.3636360168322028,0.9138897657394409,43.46133422829812,3.4205107688822203,1.046514511087615,38.96133422829812,-3.428085327140007,4.496243000030518,1.929490566253662,30.445587158203125,False,-1,6.42573356628418,7.841194152832031,0.28748512268066406,0.23091092040049208,2.4591663830414965,-2.4591663830414965,"StraightLane index=('>>>', '1S0_0_', 0)",True,122.89408874511719,5.5789947509765625e-05,0.00012207031247039834,"StraightLane index=('>>', '>>>', 0)",True,0.0,True,False,1.34648597240448,0.0,0.0,0.0,True,0.0,0.0,0.0,-0.0,0.0,-0.0
43.820806,"[173.071044921875, 4.49994421005249, 0.0]","[216.66976928710938, 4.5, 0.0]",4.405836105355357,7.854235649108887,7.8563151366045005,-0.36363601683335744,0.7864611148834229,43.52917480446985,3.428085327140007,0.3787279128893317,39.02917480446985,-3.4483995437535295,4.492014408111572,1.929490566253662,30.445587158203125,False,-1,6.421504974365234,7.854235649108887,0.28748512268066406,0.23091092040049208,2.4591663830414965,-2.4591663830414965,"StraightLane index=('>>>', '1S0_0_', 0)",True,122.98263549804688,5.5789947509765625e-05,0.00012207031247039834,"StraightLane index=('>>', '>>>', 0)",True,0.0,True,False,1.34648597240448,0.0,0.0,0.0,True,0.0,0.0,0.0,-0.0,0.0,-0.0
43.840067,"[173.1593017578125, 4.49994421005249, 0.0]","[216.8272705078125, 4.5, 0.0]",4.408044815072198,7.853637218475342,7.8621513165660675,0.11043548584201979,0.43274277448654175,43.59872436503597,3.4483995437535295,1.0157108306761309,39.09872436503597,-3.445592403403144,4.474876880645752,3.420510768890381,43.461334228515625,True,0,7.895387649536133,7.853637218475342,0.28748512268066406,0.23091092040049208,2.4591663830414965,-0.23583445478832266,"StraightLane index=('>>>', '1S0_0_', 0)",True,123.071044921875,5.5789947509765625e-05,0.00011444091794735956,"StraightLane index=('>>', '>>>', 0)",True,0.0,True,False,1.3624505996704102,2.223331928253174,0.0,2.0,True,0.0,0.0,0.04,0.0,0.04,0.0
43.859379,"[173.24742126464844, 4.49994421005249, 0.0]","[216.98020935058594, 4.5, 0.0]",4.41467285157138,7.866194725036621,7.8680032446404455,0.33140182495912107,0.3177212178707123,43.66796874980146,3.445592403403144,-0.14035701751926588,39.16796874980146,-3.451521873465241,4.467138290405273,3.420510768890381,43.461334228515625,True,0,7.887649059295654,7.866194725036621,0.28748512268066406,0.23091092040049208,2.4591663830414965,-0.23583445478832266,"StraightLane index=('>>>', '1S0_0_', 0)",True,123.1593017578125,5.5789947509765625e-05,0.00011444091794735956,"StraightLane index=('>>', '>>>', 0)",True,0.0,True,False,1.3624505996704102,2.223331928253174,0.0,2.0,True,0.0,0.0,0.12,0.0,0.12,0.0
43.879143,"[173.33558654785156, 4.49994421005249, 0.0]","[217.1370391845703, 4.5, 0.0]",4.425720214852771,7.868903160095215,7.873991929349339,0.552368164069561,0.13048143684864044,43.73278808573883,3.451521873465241,0.29647350310484377,39.23278808573883,-3.4431829452424436,4.452828884124756,3.420510768890381,43.461334228515625,True,0,7.873339653015137,7.868903160095215,0.28748512268066406,0.23091092040049208,2.4591663830414965,-0.23583445478832266,"StraightLane index=('>>>', '1S0_0_', 0)",True,123.24742126464844,5.5789947509765625e-05,0.00011444091794735956,"StraightLane index=('>>', '>>>', 0)",True,0.0,True,False,1.3624505996704102,2.223331928253174,0.0,2.0,True,0.0,0.0,0.2,0.0,0.2,0.0
43.899238,"[173.4238739013672, 4.49994421005249, 0.0]","[217.29457092285156, 4.5, 0.0]",4.441184997567685,7.874972343444824,7.880081080372731,0.7732391357456958,-0.04275310039520264,43.801452636538635,3.4431829452424436,-0.4169464111398735,39.301452636538635,-3.433787345877139,4.436554908752441,3.420510768890381,43.461334228515625,True,0,7.857065677642822,7.874972343444824,0.3377819061279297,0.21964219507492042,2.451603969895061,-0.2282720416418873,"StraightLane index=('>>>', '1S0_0_', 0)",True,123.33558654785156,5.5789947509765625e-05,0.00010681152342432076,"StraightLane index=('>>', '>>>', 0)",True,0.0,True,False,1.3624505996704102,2.223331928253174,0.0,2.0,True,0.0,0.0,0.28,0.0,0.28,0.0
43.920257,"[173.51239013671875, 4.49994421005249, 0.0]","[217.45654296875, 4.5, 0.0]",4.4610691070647945,7.8807220458984375,7.885760205038812,0.9942054748554696,-0.07705055922269821,43.87069702128543,3.433787345877139,-0.46977996826522705,39.37069702128543,-3.419652938833643,4.431910037994385,3.420510768890381,43.461334228515625,True,0,7.852420806884766,7.8807220458984375,0.3377819061279297,0.21964219507492042,2.451603969895061,-0.2282720416418873,"StraightLane index=('>>>', '1S0_0_', 0)",True,123.42387390136719,5.5789947509765625e-05,0.00011444091794735956,"StraightLane index=('>>', '>>>', 0)",True,0.0,True,False,1.3624505996704102,2.223331928253174,0.0,2.0,True,0.0,0.0,0.36,0.0,0.36,0.0
43.94037,"[173.60121154785156, 4.49994421005249, 0.0]","[217.61448669433594, 4.5, 0.0]",4.485372543344473,7.886104583740234,7.891170465926629,1.2151718139839396,-0.06086196377873421,43.944152831832156,3.419652938833643,-0.7067203521748056,39.444152831832156,-3.400732040395761,4.432837963104248,3.443182945251465,43.80145263671875,True,0,7.876020908355713,7.886104583740234,0.3377819061279297,0.21964219507492042,2.451603969895061,-0.2225051730505787,"StraightLane index=('>>>', '1S0_0_', 0)",True,123.51239013671875,5.5789947509765625e-05,0.00011444091794735956,"StraightLane index=('>>', '>>>', 0)",True,0.0,True,False,1.3624505996704102,2.2290987968444824,0.0,2.0,True,0.0,0.0,0.43999999999999995,0.0,0.43999999999999995,0.0
43.959405,"[173.6904296875, 4.49994421005249, 0.0]","[217.771728515625, 4.5, 0.0]",4.514093399058027,7.891463279724121,7.8962931615031735,1.4360427856777047,-0.0008400685619562864,44.01327514624531,3.400732040395761,-0.9460449218940958,39.51327514624531,-3.3773698806660937,4.438063621520996,3.443182945251465,43.80145263671875,True,0,7.881246566772461,7.891463279724121,0.3377819061279297,0.21964219507492042,2.451603969895061,-0.2225051730505787,"StraightLane index=('>>>', '1S0_0_', 0)",True,123.60121154785156,5.5789947509765625e-05,0.000129699707044326,"StraightLane index=('>>', '>>>', 0)",True,0.0,True,False,1.3624505996704102,2.2290987968444824,0.0,2.0,True,0.0,0.0,0.5199999999999999,0.0,0.5199999999999999,0.0
43.980323,"[173.78013610839844, 4.49994421005249, 0.0]","[217.92984008789062, 4.5, 0.0]",4.54723358155446,7.896851062774658,7.901916803952062,1.657009124821629,0.11048271507024765,44.08129882784277,3.3773698806660937,-1.1681079864833688,39.58129882784277,-3.349617481220198,4.450107097625732,3.443182945251465,43.80145263671875,True,0,7.893290042877197,7.896851062774658,0.3377819061279297,0.21964219507492042,2.451603969895061,-0.2225051730505787,"StraightLane index=('>>>', '1S0_0_', 0)",True,123.6904296875,5.5789947509765625e-05,0.00014495849609040358,"StraightLane index=('>>', '>>>', 0)",True,0.0,True,False,1.3624505996704102,2.2290987968444824,0.0,2.0,True,0.0,0.0,0.6,0.0,0.6,0.0
43.999763,"[173.87042236328125, 4.49994421005249, 0.0]","[218.08741760253906, 4.5, 0.0]",4.584793090833267,7.902221202850343,7.907146633892425,1.877975463940329,0.26382118463516235,44.14970397916357,3.349617481220198,-1.3876199722947735,39.64970397916357,-3.317428112017076,4.468999862670898,3.443182945251465,43.80145263671875,True,0,7.912182807922363,7.902221202850343,0.27248859405518466,0.20721507635935985,2.3635433491704596,-0.13444455232597718,"StraightLane index=('>>>', '1S0_0_', 0)",True,123.78013610839844,5.5789947509765625e-05,0.00016021728513648115,"StraightLane index=('>>', '>>>', 0)",True,0.0,True,False,1.3624505996704102,2.2290987968444824,0.0,2.0,True,0.0,0.0,0.68,0.0,0.68,0.0
44.02026,"[173.96136474609375, 4.49994421005249, 0.0]","[218.24630737304688, 4.5, 0.0]",4.6267700195457095,7.907301902770998,7.9121931234957765,2.098846435622148,0.5380152463912964,44.21699523897515,3.317428112017076,-1.609468460156105,39.71699523897515,-3.2805318832252883,4.508292198181152,3.443182945251465,43.80145263671875,True,0,7.951475143432617,7.907301902770998,0.27248859405518466,0.20721507635935985,2.3635433491704596,-0.13444455232597718,"StraightLane index=('>>>', '1S0_0_', 0)",True,123.87042236328125,5.5789947509765625e-05,0.00014495849609040358,"StraightLane index=('>>', '>>>', 0)",True,0.0,True,False,1.3624505996704102,2.2290987968444824,0.0,2.0,True,0.0,0.0,0.7600000000000001,0.0,0.7600000000000001,0.0
44.04017,"[174.0530548095703, 4.49994421005249, 0.0]","[218.40098571777344, 4.5, 0.0]",4.673166275040406,7.912106990814209,7.917086938025709,2.3198127747348085,0.667136549949646,44.28494262662398,3.2805318832252883,-1.8448114395893889,39.78494262662398,-3.2389407157738033,4.527217388153076,3.3496174812316895,44.14970397949219,True,0,7.876834869384766,7.912106990814209,0.27248859405518466,0.20721507635935985,2.3635433491704596,-0.194080191516651,"StraightLane index=('>>>', '1S0_0_', 0)",True,123.96136474609375,5.5789947509765625e-05,0.00016021728513648115,"StraightLane index=('>>', '>>>', 0)",True,0.0,True,False,1.3837883472442627,2.1694631576538086,0.0,2.0,True,0.0,0.0,0.8400000000000002,0.0,0.8400000000000002,0.0
44.059075,"[174.1455841064453, 4.49994421005249, 0.0]","[218.56224060058594, 4.5, 0.0]",4.723981857317078,7.917115688323975,7.921744540654926,2.5407791138336133,0.9036321043968201,44.347930907897286,3.2389407157738033,-2.079558372574253,39.847930907897286,-3.1931338310068966,4.566346645355225,3.3496174812316895,44.14970397949219,True,0,7.915964126586914,7.917115688323975,0.27248859405518466,0.20721507635935985,2.3635433491704596,-0.194080191516651,"StraightLane index=('>>>', '1S0_0_', 0)",True,124.05305480957031,5.5789947509765625e-05,0.00015258789061344235,"StraightLane index=('>>', '>>>', 0)",True,0.0,True,False,1.3837883472442627,2.1694631576538086,0.0,2.0,True,0.0,0.0,0.9200000000000003,0.0,0.9200000000000003,0.0
44.081731,"[174.23904418945312, 4.499943733215332, 0.0]","[218.7198944091797, 4.5, 0.0]",4.779214859027522,7.922013282775879,7.927314451740984,2.7616500855221826,1.1485011577606201,44.416656493786604,3.1931338310068966,-2.290344238345332,39.916656493786604,-3.1427984237483573,4.611125946044922,3.3496174812316895,44.14970397949219,True,0,7.960743427276611,7.922013282775879,0.27248859405518466,0.20721507635935985,2.3635433491704596,-0.194080191516651,"StraightLane index=('>>>', '1S0_0_', 0)",True,124.14558410644531,5.5789947509765625e-05,0.0001678466797104088,"StraightLane index=('>>', '>>>', 0)",True,0.0,True,False,1.3837883472442627,2.1694631576538086,0.0,2.0,True,0.0,0.0,1.0,0.0,1.0,0.0
44.099181,"[174.33352661132812, 4.499943256378174, 0.0]","[218.87562561035156, 4.5, 0.0]",4.834447860737648,7.926850318908691,7.931609568934759,2.7616500855063286,1.4021198749542236,44.4808502193196,3.1427984237483573,-2.5167703629269678,39.9808502193196,-3.092402458171043,4.661715030670166,3.3496174812316895,44.14970397949219,True,0,8.011332511901855,7.926850318908691,0.2462911605834872,0.19511375934384592,2.2051753571550243,-0.035712199501215736,"StraightLane index=('>>>', '1S0_0_', 0)",True,124.23904418945312,5.626678466796875e-05,0.00018310546875648638,"StraightLane index=('>>', '>>>', 0)",True,0.0,True,False,1.3837883472442627,2.1694631576538086,0.0,2.0,True,0.0,0.0,1.0,0.0,1.0,0.0
44.119488,"[174.42910766601562, 4.499942779541016, 0.0]","[219.03439331054688, 4.5, 0.0]",4.889680862447013,7.931650638580322,7.936427793770702,2.7616500854682258,1.6627711057662964,44.54209899869062,3.092402458171043,-2.5197982788657036,40.04209899869062,-3.0419697761333095,4.718150615692139,3.3496174812316895,44.14970397949219,True,0,8.067768096923828,7.931650638580322,0.2462911605834872,0.19511375934384592,2.2051753571550243,-0.035712199501215736,"StraightLane index=('>>>', '1S0_0_', 0)",True,124.33352661132812,5.6743621826171875e-05,0.00016021728513648115,"StraightLane index=('>>', '>>>', 0)",True,0.0,True,False,1.3837883472442627,2.1694631576538086,0.0,2.0,True,0.0,0.0,1.0,0.0,1.0,0.0
44.139498,"[174.5258026123047, 4.499942302703857, 0.0]","[219.19384765625, 4.5, 0.0]",4.944913864155789,7.936408042907716,7.941170144100492,2.761650085438827,1.91182279586792,44.605285644196854,3.0419697761333095,-2.521634101886683,40.105285644196854,-2.9914941787519265,4.778567314147949,3.092402458190918,44.54209899902344,True,0,7.870969772338867,7.936408042907716,0.2462911605834872,0.19511375934384592,2.2051753571550243,-0.20417590647143058,"StraightLane index=('>>>', '1S0_0_', 0)",True,124.42910766601562,5.7220458984375e-05,0.00016021728513648115,"StraightLane index=('>>', '>>>', 0)",True,0.0,True,False,1.3837883472442627,2.0009994506835938,0.0,2.0,True,0.0,0.0,1.0,0.0,1.0,0.0
44.159166,"[174.62359619140625, 4.499941825866699, 0.0]","[219.35145568847656, 4.5, 0.0]",5.000146865866014,7.941110610961914,7.9458326372792,2.761650085511258,2.2169013023376465,44.668045043656385,2.9914941787519265,-2.5237798690691537,40.168045043656385,-2.9409637450958996,4.871098041534424,3.092402458190918,44.54209899902344,True,0,7.963500499725342,7.941110610961914,0.2462911605834872,0.19511375934384592,2.2051753571550243,-0.20417590647143058,"StraightLane index=('>>>', '1S0_0_', 0)",True,124.52580261230469,5.7697296142578125e-05,0.00014495849609040358,"StraightLane index=('>>', '>>>', 0)",True,0.0,True,False,1.3837883472442627,2.0009994506835938,0.0,2.0,True,0.0,0.0,1.0,0.0,1.0,0.0
44.17961,"[174.7224884033203, 4.499941349029541, 0.0]","[219.510986328125, 4.5, 0.0]",5.055379867576998,7.945870399475098,7.95067606004973,2.7616500855491832,2.33860182762146,44.72785949660085,2.9409637450958996,-2.5265216828013415,40.22785949660085,-2.8904905318980996,4.906033992767334,3.092402458190918,44.54209899902344,True,0,7.998436450958252,7.945870399475098,0.2462911605834872,0.19511375934384592,2.2051753571550243,-0.20417590647143058,"StraightLane index=('>>>', '1S0_0_', 0)",True,124.62359619140625,5.817413330078125e-05,0.00019836425780256396,"StraightLane index=('>>', '>>>', 0)",True,0.0,True,False,1.3837883472442627,2.0009994506835938,0.0,2.0,True,0.0,0.0,1.0,0.0,1.0,0.0
44.199044,"[174.82249450683594, 4.499940872192383, 0.0]","[219.66952514648438, 4.5, 0.0]",5.110612869287247,7.9506001472473145,7.955284675310214,2.761650085512457,2.5560545921325684,44.78849792433321,2.8904905318980996,-2.5236606598900035,40.28849792433321,-2.8399872779600672,5.001338005065918,3.092402458190918,44.54209899902344,True,0,8.093740463256836,7.9506001472473145,0.23749828338623047,0.1839148233279794,2.029906554002023,-0.02890710331842916,"StraightLane index=('>>>', '1S0_0_', 0)",True,124.72248840332031,5.8650970458984375e-05,0.00019836425780256396,"StraightLane index=('>>', '>>>', 0)",True,0.0,True,False,1.3837883472442627,2.0009994506835938,0.0,2.0,True,0.0,0.0,1.0,0.0,1.0,0.0
44.219323,"[174.92359924316406, 4.499940395355225, 0.0]","[219.82940673828125, 4.5, 0.0]",5.165845870997122,7.955401420593262,7.960147703920956,2.7616500854937165,2.64601469039917,44.84703063917496,2.8399872779600672,-2.525162696901617,40.34703063917496,-2.78955554959614,5.0363359451293945,3.092402458190918,44.54209899902344,True,0,8.128738403320312,7.955401420593262,0.23749828338623047,0.1839148233279794,2.029906554002023,-0.02890710331842916,"StraightLane index=('>>>', '1S0_0_', 0)",True,124.82249450683594,5.91278076171875e-05,0.00019836425780256396,"StraightLane index=('>>', '>>>', 0)",True,0.0,True,False,1.3837883472442627,2.0009994506835938,0.0,2.0,True,0.0,0.0,1.0,0.0,1.0,0.0
44.239856,"[175.02581787109375, 4.499939918518066, 0.0]","[219.9927978515625, 4.5, 0.0]",5.221078872706171,7.960323333740234,7.965075298955198,2.7616500854524606,2.752521276473999,44.90580749472404,2.78955554959614,-2.521586418196353,40.40580749472404,-2.7392444610340636,5.100748062133789,2.8904905319213867,44.78849792480469,True,0,7.991238594055176,7.960323333740234,0.23749828338623047,0.1839148233279794,2.029906554002023,-0.11714963414118307,"StraightLane index=('>>>', '1S0_0_', 0)",True,124.92359924316406,5.9604644775390625e-05,0.00017547607418255874,"StraightLane index=('>>', '>>>', 0)",True,0.0,True,False,1.3973543643951416,1.9127569198608398,0.0,1.9127569198608398,True,0.0,0.0,1.0,0.0,1.0,0.0
44.259646,"[175.12913513183594, 4.499939441680908, 0.0]","[220.15142822265625, 4.5, 0.0]",5.276311874414646,7.965101242065431,7.969825562799815,2.7616500854237724,2.8304283618927,44.96697998014928,2.7392444610340636,-2.515554428103828,40.46697998014928,-2.6887893676507844,5.164143085479736,2.8904905319213867,44.78849792480469,True,0,8.054633617401123,7.965101242065431,0.23749828338623047,0.1839148233279794,2.029906554002023,-0.11714963414118307,"StraightLane index=('>>>', '1S0_0_', 0)",True,125.02581787109375,6.008148193359375e-05,0.00015258789061344235,"StraightLane index=('>>', '>>>', 0)",True,0.0,True,False,1.3973543643951416,1.9127569198608398,0.0,1.9127569198608398,True,0.0,0.0,1.0,0.0,1.0,0.0
44.280134,"[175.23355102539062, 4.49993896484375, 0.0]","[220.31109619140625, 4.5, 0.0]",5.331544876122802,7.969910621643068,7.974739885600284,2.7616500854077852,2.883291482925415,45.022293090499375,2.6887893676507844,-2.5227546691639624,40.522293090499375,-2.6383657455202663,5.226338863372803,2.8904905319213867,44.78849792480469,True,0,8.11682939529419,7.969910621643068,0.23749828338623047,0.1839148233279794,2.029906554002023,-0.11714963414118307,"StraightLane index=('>>>', '1S0_0_', 0)",True,125.12913513183594,6.0558319091796875e-05,0.00015258789061344235,"StraightLane index=('>>', '>>>', 0)",True,0.0,True,False,1.3973543643951416,1.9127569198608398,0.0,1.9127569198608398,True,0.0,0.0,1.0,0.0,1.0,0.0
44.299909,"[175.33908081054688, 4.499938488006592, 0.0]","[220.46987915039062, 4.5, 0.0]",5.386777877831367,7.978026866912842,7.979488472079393,2.7616500854282577,2.910550594329834,45.07754516566872,2.6383657455202663,-2.521181106525905,40.57754516566872,-2.5912489890814747,5.2867960929870605,2.8904905319213867,44.78849792480469,True,0,8.177286624908447,7.978026866912842,0.27426719665527344,0.17512269287811602,1.8594345357810746,0.053322384079765195,"StraightLane index=('>>>', '1S0_0_', 0)",True,125.23355102539062,6.103515625e-05,0.00016021728513648115,"StraightLane index=('>>', '>>>', 0)",True,0.0,True,False,1.3973543643951416,1.9127569198608398,0.0,1.9127569198608398,True,0.0,0.0,1.0,0.0,1.0,0.0
44.319299,"[175.44570922851562, 4.499938011169434, 0.0]","[220.62730407714844, 4.5, 0.0]",5.4420108795399935,7.976282596588135,7.984413654127752,2.761650085431322,2.9186999797821045,45.13079833951989,2.5912489890814747,-2.355837821939577,40.63079833951989,-2.5342717170481412,5.34566593170166,2.8904905319213867,44.78849792480469,True,0,8.236156463623047,7.976282596588135,0.27426719665527344,0.17512269287811602,1.8594345357810746,0.053322384079765195,"StraightLane index=('>>>', '1S0_0_', 0)",True,125.33908081054688,6.151199340820312e-05,0.00015258789061344235,"StraightLane index=('>>', '>>>', 0)",True,0.0,True,False,1.3973543643951416,1.9127569198608398,0.0,1.9127569198608398,True,0.0,0.0,1.0,0.0,1.0,0.0
44.339574,"[175.55345153808594, 4.499937534332275, 0.0]","[220.7905731201172, 4.5, 0.0]",5.497243881248273,7.988137722015381,7.989561729940423,2.761650085413958,2.9166719913482666,45.18159484828283,2.5342717170481412,-2.8488636016666735,40.68159484828283,-2.490893840767108,5.403576374053955,2.6383657455444336,45.077545166015625,True,0,8.041942119598389,7.988137722015381,0.27426719665527344,0.17512269287811602,1.8594345357810746,-0.0962062385474931,"StraightLane index=('>>>', '1S0_0_', 0)",True,125.44570922851562,6.198883056640625e-05,0.00016021728513648115,"StraightLane index=('>>', '>>>', 0)",True,0.0,True,False,1.3973543643951416,1.7632282972335815,0.0,1.7632282972335815,True,0.0,0.0,1.0,0.0,1.0,0.0
44.359208,"[175.66229248046875, 4.499937057495117, 0.0]","[220.94955444335938, 4.5, 0.0]",5.552476882956909,7.986524105072023,7.994551371470106,2.7616500854318105,2.9075427055358887,45.23712158177394,2.490893840767108,-2.1688938140516534,40.73712158177394,-2.4340472221151144,5.460662364959717,2.6383657455444336,45.077545166015625,True,0,8.09902811050415,7.986524105072023,0.27426719665527344,0.17512269287811602,1.8594345357810746,-0.0962062385474931,"StraightLane index=('>>>', '1S0_0_', 0)",True,125.55345153808594,6.246566772460938e-05,0.000129699707044326,"StraightLane index=('>>', '>>>', 0)",True,0.0,True,False,1.3973543643951416,1.7632282972335815,0.0,1.7632282972335815,True,0.0,0.0,1.0,0.0,1.0,0.0
44.380009,"[175.77223205566406, 4.499936580657959, 0.0]","[221.10958862304688, 4.5, 0.0]",5.607709884665715,7.998276233673096,7.999831408155046,2.7616500854402926,2.8939285278320312,45.28726196258644,2.4340472221151144,-2.8423309325996904,40.78726196258644,-2.390566349007381,5.5170698165893555,2.6383657455444336,45.077545166015625,True,0,8.155435562133789,7.998276233673096,0.27426719665527344,0.17512269287811602,1.8594345357810746,-0.0962062385474931,"StraightLane index=('>>>', '1S0_0_', 0)",True,125.66229248046875,6.29425048828125e-05,0.00014495849609040358,"StraightLane index=('>>', '>>>', 0)",True,0.0,True,False,1.3973543643951416,1.7632282972335815,0.0,1.7632282972335815,True,0.0,0.0,1.0,0.0,1.0,0.0
44.399378,"[175.88328552246094, 4.499936103820801, 0.0]","[221.2688446044922, 4.5, 0.0]",5.662942886374622,7.996670722961426,8.004753349032322,2.761650085445355,2.8779590129852295,45.33735656702822,2.390566349007381,-2.1740436553866704,40.83735656702822,-2.333727836586804,5.572944164276123,2.6383657455444336,45.077545166015625,True,0,8.211309909820557,7.996670722961426,0.18643856048583984,0.16413577320730882,1.6810588669887314,0.08216943024485013,"StraightLane index=('>>>', '1S0_0_', 0)",True,125.77223205566406,6.341934204101562e-05,0.00016021728513648115,"StraightLane index=('>>', '>>>', 0)",True,0.0,True,False,1.3973543643951416,1.7632282972335815,0.0,1.7632282972335815,True,0.0,0.0,1.0,0.0,1.0,0.0
44.4202,"[175.9954376220703, 4.499935626983643, 0.0]","[221.42999267578125, 4.5, 0.0]",5.718175888084201,8.008782386779785,8.010523233874748,2.7616500854789727,2.8612890243530273,45.38555908170014,2.333727836586804,-2.8419256210288513,40.88555908170014,-2.290606498695584,5.628419876098633,2.390566349029541,45.33735656738281,True,0,8.018986225128174,8.008782386779785,0.18643856048583984,0.16413577320730882,1.6810588669887314,0.08216943024485013,"StraightLane index=('>>>', '1S0_0_', 0)",True,125.88328552246094,6.389617919921875e-05,0.00015258789061344235,"StraightLane index=('>>', '>>>', 0)",True,0.0,True,False,1.3973543643951416,1.7632282972335815,0.0,1.7632282972335815,True,0.0,0.0,1.0,0.0,1.0,0.0
44.439813,"[176.10870361328125, 4.499935150146484, 0.0]","[221.58633422851562, 4.5, 0.0]",5.773408889794297,8.007534980773926,8.015978773435624,2.7616500855047743,2.845137357711792,45.43455505340266,2.290606498695584,-2.156066894561004,40.93455505340266,-2.234126090979629,5.683618068695068,2.390566349029541,45.33735656738281,True,0,8.07418441772461,8.007534980773926,0.18643856048583984,0.16413577320730882,1.6810588669887314,-0.0724444222560654,"StraightLane index=('>>>', '1S0_0_', 0)",True,125.99543762207031,6.437301635742188e-05,0.00014495849609040358,"StraightLane index=('>>', '>>>', 0)",True,0.0,True,False,1.3748631477355957,1.608614444732666,0.0,1.608614444732666,True,0.0,0.0,1.0,0.0,1.0,0.0
44.45921,"[176.2230682373047, 4.499934673309326, 0.0]","[221.74989318847656, 4.5, 0.0]",5.828641891503422,8.019872665405273,8.021374747313082,2.7616500854562798,2.830336570739746,45.47763061482248,2.234126090979629,-2.824020385797743,40.97763061482248,-2.191230773901851,5.738640785217285,2.390566349029541,45.33735656738281,True,0,8.129207134246826,8.019872665405273,0.18643856048583984,0.16413577320730882,1.6810588669887314,-0.0724444222560654,"StraightLane index=('>>>', '1S0_0_', 0)",True,126.10870361328125,6.4849853515625e-05,0.00017547607418255874,"StraightLane index=('>>', '>>>', 0)",True,0.0,True,False,1.3748631477355957,1.608614444732666,0.0,1.608614444732666,True,0.0,0.0,1.0,0.0,1.0,0.0
44.479918,"[176.33853149414062, 4.499934196472168, 0.0]","[221.91070556640625, 4.5, 0.0]",5.8838748932119485,8.018779754638672,8.02712328580527,2.7616500854263037,2.812786102294922,45.52682495086089,2.191230773901851,-2.144765853888897,41.02682495086089,-2.1349048614267234,5.793087959289551,2.390566349029541,45.33735656738281,True,0,8.183654308319092,8.018779754638672,0.18643856048583984,0.16413577320730882,1.6810588669887314,-0.0724444222560654,"StraightLane index=('>>>', '1S0_0_', 0)",True,126.22306823730469,6.532669067382812e-05,0.00014495849609040358,"StraightLane index=('>>', '>>>', 0)",True,0.0,True,False,1.3748631477355957,1.608614444732666,0.0,1.608614444732666,True,0.0,0.0,1.0,0.0,1.0,0.0
44.498909,"[176.45510864257812, 4.49993371963501, 0.0]","[222.06695556640625, 4.5, 0.0]",5.939107894920743,8.030865669250488,8.032408789991273,2.7616500854397152,2.795078754425049,45.572174071977,2.1349048614267234,-2.816295623756382,41.072174071977,-2.0917577743297455,5.847139835357666,2.390566349029541,45.33735656738281,True,0,8.237706184387207,8.030865669250488,0.341949462890625,0.1596904270877498,1.5193329804020843,0.0892814643305817,"StraightLane index=('>>>', '1S0_0_', 0)",True,126.33853149414062,6.580352783203125e-05,0.0001373291015673648,"StraightLane index=('>>', '>>>', 0)",True,0.0,True,False,1.3748631477355957,1.608614444732666,0.0,1.608614444732666,True,0.0,0.0,1.0,0.0,1.0,0.0
44.519218,"[176.57278442382812, 4.499933242797852, 0.0]","[222.22804260253906, 4.5, 0.0]",5.9943408966296206,8.030198097229004,8.038659642734087,2.7616500854438897,2.7822208404541016,45.611846923489864,2.0917577743297455,-2.157354354848895,41.111846923489864,-2.0358572005993834,5.901371479034424,2.390566349029541,45.33735656738281,True,0,8.291937828063965,8.030198097229004,0.341949462890625,0.1596904270877498,1.5193329804020843,0.0892814643305817,"StraightLane index=('>>>', '1S0_0_', 0)",True,126.45510864257812,6.628036499023438e-05,0.00015258789061344235,"StraightLane index=('>>', '>>>', 0)",True,0.0,True,False,1.3748631477355957,1.608614444732666,0.0,1.608614444732666,True,0.0,0.0,1.0,0.0,1.0,0.0
44.540988,"[176.6915740966797, 4.499932765960693, 0.0]","[222.39324951171875, 4.5, 0.0]",6.045156478904445,8.043230056762695,8.045418565294053,2.5407791137412428,2.773587942123413,45.65525817837125,2.0358572005993834,-2.7950286865181084,41.15525817837125,-1.99807357785825,5.955811023712158,2.1349048614501953,45.572174072265625,True,0,8.090715885162354,8.043230056762695,0.341949462890625,0.1596904270877498,1.5193329804020843,-0.07658717561540218,"StraightLane index=('>>>', '1S0_0_', 0)",True,126.57278442382812,6.67572021484375e-05,0.00015258789061344235,"StraightLane index=('>>', '>>>', 0)",True,0.0,True,False,1.3748631477355957,1.4427458047866821,0.0,1.4427458047866821,True,0.0,0.0,0.92,0.0,0.92,0.0
44.55926,"[176.81146240234375, 4.499932289123535, 0.0]","[222.55325317382812, 4.5, 0.0]",6.094961166403442,8.042724609375,8.051085379248066,2.490234374949818,2.768479585647583,45.70167541474663,1.99807357785825,-1.8891811370566725,41.20167541474663,-1.9477634429715582,6.0104660987854,2.1349048614501953,45.572174072265625,True,0,8.145370960235596,8.042724609375,0.341949462890625,0.1596904270877498,1.5193329804020843,-0.07658717561540218,"StraightLane index=('>>>', '1S0_0_', 0)",True,126.69157409667969,6.723403930664062e-05,0.0001373291015673648,"StraightLane index=('>>', '>>>', 0)",True,0.0,True,False,1.3748631477355957,1.4427458047866821,0.0,1.4427458047866821,True,0.0,0.0,0.9017161279916763,0.0,0.9017161279916763,0.0
44.581542,"[176.932373046875, 4.499931812286377, 0.0]","[222.7126007080078, 4.5, 0.0]",6.144765853902185,8.055529594421387,8.057986751456443,2.4902343749371614,2.7569658756256104,45.7417907712139,1.9477634429715582,-2.5155067443345835,41.2417907712139,-1.9107637405192017,6.064362049102783,2.1349048614501953,45.572174072265625,True,0,8.199266910552979,8.055529594421387,0.341949462890625,0.1596904270877498,1.5193329804020843,-0.07658717561540218,"StraightLane index=('>>>', '1S0_0_', 0)",True,126.81146240234375,6.771087646484375e-05,0.000129699707044326,"StraightLane index=('>>', '>>>', 0)",True,0.0,True,False,1.3748631477355957,1.4427458047866821,0.0,1.4427458047866821,True,0.0,0.0,0.9017161279916763,0.0,0.9017161279916763,0.0
44.599512,"[177.0542755126953, 4.499931335449219, 0.0]","[222.87579345703125, 4.5, 0.0]",6.194570541401412,8.055148124694824,8.063560497829855,2.4902343749613642,2.733839511871338,45.78022766086116,1.9107637405192017,-1.8499851226178254,41.28022766086116,-1.860577583293412,6.116744518280029,2.1349048614501953,45.572174072265625,True,0,8.251649379730225,8.055148124694824,0.24282455444335938,0.1522202437844924,1.36159567292521,0.08115013186147202,"StraightLane index=('>>>', '1S0_0_', 0)",True,126.932373046875,6.818771362304688e-05,0.000129699707044326,"StraightLane index=('>>', '>>>', 0)",True,0.0,True,False,1.3748631477355957,1.4427458047866821,0.0,1.4427458047866821,True,0.0,0.0,0.9017161279916763,0.0,0.9017161279916763,0.0
44.62013,"[177.1771697998047, 4.4999308586120605, 0.0]","[223.03758239746094, 4.5, 0.0]",6.244375228900365,8.068560600280762,8.070717998721614,2.490234374947642,2.7038776874542236,45.821517944063096,1.860577583293412,-2.5093078612894892,41.321517944063096,-1.8241853713803966,6.167908191680908,2.1349048614501953,45.572174072265625,True,0,8.302813053131104,8.068560600280762,0.24282455444335938,0.1522202437844924,1.36159567292521,0.08115013186147202,"StraightLane index=('>>>', '1S0_0_', 0)",True,127.05427551269531,6.866455078125e-05,0.000129699707044326,"StraightLane index=('>>', '>>>', 0)",True,0.0,True,False,1.3748631477355957,1.4427458047866821,0.0,1.4427458047866821,True,0.0,0.0,0.9017161279916763,0.0,0.9017161279916763,0.0
44.640204,"[177.30105590820312, 4.499930381774902, 0.0]","[223.1991729736328, 4.5, 0.0]",6.289762496966006,8.068851470947266,8.077704216696764,2.269363403282032,2.6708879470825195,45.860412597382236,1.8241853713803966,-1.8196105956507669,41.360412597382236,-1.7790889739812599,6.218135833740234,1.9107637405395508,45.78022766113281,True,0,8.128899574279785,8.068851470947266,0.24282455444335938,0.1522202437844924,1.36159567292521,-0.056683105786538235,"StraightLane index=('>>>', '1S0_0_', 0)",True,127.17716979980469,6.914138793945312e-05,0.000129699707044326,"StraightLane index=('>>', '>>>', 0)",True,0.0,True,False,1.352365493774414,1.3049125671386719,0.0,1.3049125671386719,True,0.0,0.0,0.8217161279916764,0.0,0.8217161279916764,0.0
44.659612,"[177.4259490966797, 4.499929904937744, 0.0]","[223.3597869873047, 4.5, 0.0]",6.334810256975305,8.082435607910156,8.084462300825841,2.2523880004649666,2.637755870819092,45.89811706519908,1.7790889739812599,-2.2548198699568367,41.39811706519908,-1.7476253509348512,6.2676849365234375,1.9107637405395508,45.78022766113281,True,0,8.178448677062988,8.082435607910156,0.24282455444335938,0.1522202437844924,1.36159567292521,-0.056683105786538235,"StraightLane index=('>>>', '1S0_0_', 0)",True,127.30105590820312,6.961822509765625e-05,0.00011444091794735956,"StraightLane index=('>>', '>>>', 0)",True,0.0,True,False,1.352365493774414,1.3049125671386719,0.0,1.3049125671386719,True,0.0,0.0,0.8155703544616699,0.0,0.8155703544616699,0.0
44.681553,"[177.55174255371094, 4.499929428100586, 0.0]","[223.51922607421875, 4.5, 0.0]",6.37985801698532,8.082633972167969,8.092090049491706,2.25238800050076,2.5526483058929443,45.93383789030065,1.7476253509348512,-1.5731811523204353,41.43383789030065,-1.7027759551826485,6.337099552154541,1.9107637405395508,45.78022766113281,True,0,8.247863292694092,8.082633972167969,0.24282455444335938,0.1522202437844924,1.36159567292521,-0.056683105786538235,"StraightLane index=('>>>', '1S0_0_', 0)",True,127.42594909667969,7.009506225585938e-05,0.00014495849609040358,"StraightLane index=('>>', '>>>', 0)",True,0.0,True,False,1.352365493774414,1.3049125671386719,0.0,1.3049125671386719,True,0.0,0.0,0.8155703544616699,0.0,0.8155703544616699,0.0
44.699266,"[177.67843627929688, 4.499928951263428, 0.0]","[223.68362426757812, 4.5, 0.0]",6.424905776995236,8.096381187438965,8.098254193679987,2.2523880004957864,2.5510079860687256,45.96748352023028,1.7027759551826485,-2.242469787610135,41.46748352023028,-1.6714754104437288,6.362453937530518,1.9107637405395508,45.78022766113281,True,0,8.273217678070068,8.096381187438965,0.41233062744140625,0.15142979136649237,1.2378888081549162,0.06702375898375568,"StraightLane index=('>>>', '1S0_0_', 0)",True,127.55174255371094,7.05718994140625e-05,0.000129699707044326,"StraightLane index=('>>', '>>>', 0)",True,0.0,True,False,1.352365493774414,1.3049125671386719,0.0,1.3049125671386719,True,0.0,0.0,0.8155703544616699,0.0,0.8155703544616699,0.0
44.719753,"[177.8060302734375, 4.4999284744262695, 0.0]","[223.8463592529297, 4.5, 0.0]",6.469953537005741,8.09730052947998,8.106240309508411,2.2523880005252295,2.4571421146392822,46.00518798797881,1.6714754104437288,-1.5650272369459817,41.50518798797881,-1.6273469924742399,6.428216457366943,1.9107637405395508,45.78022766113281,True,0,8.338980197906494,8.09730052947998,0.41233062744140625,0.15142979136649237,1.2378888081549162,0.06702375898375568,"StraightLane index=('>>>', '1S0_0_', 0)",True,127.67843627929688,7.104873657226562e-05,0.0001373291015673648,"StraightLane index=('>>', '>>>', 0)",True,0.0,True,False,1.352365493774414,1.3049125671386719,0.0,1.3049125671386719,True,0.0,0.0,0.8155703544616699,0.0,0.8155703544616699,0.0
44.739698,"[177.9345245361328, 4.499927997589111, 0.0]","[224.00875854492188, 4.5, 0.0]",6.510581970235038,8.111790657043457,8.114038341953373,2.031421661464883,2.451805591583252,46.040328979112175,1.6273469924742399,-2.2064208984744482,41.540328979112175,-1.6012086868084188,6.45222806930542,1.7027759552001953,45.96748352050781,True,0,8.155004024505615,8.111790657043457,0.41233062744140625,0.15142979136649237,1.2378888081549162,-0.06532334794983807,"StraightLane index=('>>>', '1S0_0_', 0)",True,127.8060302734375,7.152557373046875e-05,0.00016021728513648115,"StraightLane index=('>>', '>>>', 0)",True,0.0,True,False,1.352365493774414,1.1725654602050781,0.0,1.1725654602050781,True,0.0,0.0,0.73557035446167,0.0,0.73557035446167,0.0
44.759177,"[178.0639190673828, 4.499927520751953, 0.0]","[224.17002868652344, 4.5, 0.0]",6.5510597229224885,8.112889289855957,8.121658189448366,2.023887634372512,2.4023756980895996,46.07423400832368,1.6012086868084188,-1.3069152832910547,41.57423400832368,-1.5618295669334685,6.495626926422119,1.7027759552001953,45.96748352050781,True,0,8.198402881622314,8.112889289855957,0.41233062744140625,0.15142979136649237,1.2378888081549162,-0.06532334794983807,"StraightLane index=('>>>', '1S0_0_', 0)",True,127.93452453613281,7.200241088867188e-05,0.00018310546875648638,"StraightLane index=('>>', '>>>', 0)",True,0.0,True,False,1.352365493774414,1.1725654602050781,0.0,1.1725654602050781,True,0.0,0.0,0.7328534126281738,0.0,0.7328534126281738,0.0
44.780052,"[178.1941375732422, 4.499927043914795, 0.0]","[224.3325653076172, 4.5, 0.0]",6.591537475608717,8.127386093139648,8.129816646867386,2.0238876343114054,2.409426689147949,46.10610961870241,1.5618295669334685,-1.968955993747512,41.60610961870241,-1.5358486175309318,6.544671058654785,1.7027759552001953,45.96748352050781,True,0,8.24744701385498,8.127386093139648,0.41233062744140625,0.15142979136649237,1.2378888081549162,-0.06532334794983807,"StraightLane index=('>>>', '1S0_0_', 0)",True,128.0639190673828,7.2479248046875e-05,0.00017547607418255874,"StraightLane index=('>>', '>>>', 0)",True,0.0,True,False,1.352365493774414,1.1725654602050781,0.0,1.1725654602050781,True,0.0,0.0,0.7328534126281738,0.0,0.7328534126281738,0.0
44.799556,"[178.32516479492188, 4.499926567077637, 0.0]","[224.49169921875, 4.5, 0.0]",6.632015228294847,8.128382682800293,8.137441113625579,2.0238876343065204,2.3322982788085938,46.13842773401709,1.5358486175309318,-1.299047470126835,41.63842773401709,-1.496367454505446,6.584211826324463,1.7027759552001953,45.96748352050781,True,0,8.286987781524658,8.128382682800293,0.32001495361328125,0.14748733560630797,1.1201261810348477,0.05243927917023039,"StraightLane index=('>>>', '1S0_0_', 0)",True,128.1941375732422,7.295608520507812e-05,0.00015258789061344235,"StraightLane index=('>>', '>>>', 0)",True,0.0,True,False,1.352365493774414,1.1725654602050781,0.0,1.1725654602050781,True,0.0,0.0,0.7328534126281738,0.0,0.7328534126281738,0.0
44.819308,"[178.45700073242188, 4.4999260902404785, 0.0]","[224.65452575683594, 4.5, 0.0]",6.672492980980341,8.14345932006836,8.146017449222647,2.023887634274679,2.2077410221099854,46.166534423468846,1.496367454505446,-1.9740581512742938,41.666534423468846,-1.4709663390880188,6.639814853668213,1.7027759552001953,45.96748352050781,True,0,8.342590808868408,8.14345932006836,0.32001495361328125,0.14748733560630797,1.1201261810348477,0.05243927917023039,"StraightLane index=('>>>', '1S0_0_', 0)",True,128.32516479492188,7.343292236328125e-05,0.00015258789061344235,"StraightLane index=('>>', '>>>', 0)",True,0.0,True,False,1.352365493774414,1.1725654602050781,0.0,1.1725654602050781,True,0.0,0.0,0.7328534126281738,0.0,0.7328534126281738,0.0
44.839194,"[178.5896453857422, 4.49992561340332, 0.0]","[224.8177032470703, 4.5, 0.0]",6.708553314232314,8.148824691772461,8.154668049325348,1.8030166625986777,2.196986675262451,46.19752502407922,1.4709663390880188,-1.270055770871359,41.69752502407922,-1.4402713775401468,6.660763740539551,4.390933036804199,33.13542175292969,False,-1,11.05169677734375,8.148824691772461,0.32001495361328125,0.14748733560630797,1.1201261810348477,-1.1201261810348477,"StraightLane index=('>>>', '1S0_0_', 0)",True,128.45700073242188,7.390975952148438e-05,0.00014495849609040358,"StraightLane index=('>>', '>>>', 0)",True,0.0,True,False,1.3344074487686157,0.0,0.0,0.0,True,0.0,0.0,0.6528534126281739,0.0,0.6528534126281739,0.0
44.858672,"[178.7230987548828, 4.499925136566162, 0.0]","[224.98016357421875, 4.5, 0.0]",6.735774993920616,8.157485961914062,8.163144034325606,1.3610839844151013,2.0983922481536865,46.228057860991974,1.4402713775401468,-1.5347480773935995,41.728057860991974,-1.4217109679934463,6.715325355529785,4.390933036804199,33.13542175292969,False,-1,11.106258392333984,8.157485961914062,0.32001495361328125,0.14748733560630797,1.1201261810348477,-1.1201261810348477,"StraightLane index=('>>>', '1S0_0_', 0)",True,128.5896453857422,7.43865966796875e-05,0.00014495849609040358,"StraightLane index=('>>', '>>>', 0)",True,0.0,True,False,1.3344074487686157,0.0,0.0,0.0,True,0.0,0.0,0.4928534126281739,0.0,0.4928534126281739,0.0
44.88139,"[178.85726928710938, 4.499924659729004, 0.0]","[225.14601135253906, 4.5, 0.0]",6.754159927393528,8.166327476501465,8.173020482257353,0.9192466736455795,2.0867912769317627,46.257064818918145,1.4217109679934463,-0.9280204773350231,41.757064818918145,-1.412167549107937,6.7350921630859375,4.390933036804199,33.13542175292969,False,-1,11.126025199890137,8.166327476501465,0.32001495361328125,0.14748733560630797,1.1201261810348477,-1.1201261810348477,"StraightLane index=('>>>', '1S0_0_', 0)",True,128.7230987548828,7.486343383789062e-05,0.0001678466797104088,"StraightLane index=('>>', '>>>', 0)",True,0.0,True,False,1.3344074487686157,0.0,0.0,0.0,True,0.0,0.0,0.33285341262817386,0.0,0.33285341262817386,0.0
44.899183,"[178.9919891357422, 4.499924182891846, 0.0]","[225.30929565429688, 4.5, 0.0]",6.763708114650135,8.175032615661621,8.180764151727573,0.47740936283036106,2.017185688018799,46.288742065038036,1.412167549107937,-0.47717094427546236,41.788742065038036,-1.411324501011486,6.769082069396973,4.390933036804199,33.13542175292969,False,-1,11.160015106201172,8.175032615661621,0.46649932861328125,0.14906607854714202,1.066427004204608,-1.066427004204608,"StraightLane index=('>>>', '1S0_0_', 0)",True,128.85726928710938,7.534027099609375e-05,0.00016021728513648115,"StraightLane index=('>>', '>>>', 0)",True,0.0,True,False,1.3344074487686157,0.0,0.0,0.0,True,0.0,0.0,0.17285341262817383,0.0,0.17285341262817383,0.0
44.920243,"[179.1270751953125, 4.4999237060546875, 0.0]","[225.47496032714844, 4.5, 0.0]",6.764417648342036,8.184444427490234,8.190809515371075,0.03547668459504827,1.9114768505096436,46.317306518161594,1.411324501011486,-0.04215240482254856,41.817306518161594,-1.4200267791481984,6.797789573669434,4.390933036804199,33.13542175292969,False,-1,11.188722610473633,8.184444427490234,0.46649932861328125,0.14906607854714202,1.066427004204608,-1.066427004204608,"StraightLane index=('>>>', '1S0_0_', 0)",True,128.9919891357422,7.581710815429688e-05,0.00016021728513648115,"StraightLane index=('>>', '>>>', 0)",True,0.0,True,False,1.3344074487686157,0.0,0.0,0.0,True,0.0,0.0,0.012853412628173827,0.0,0.012853412628173827,0.0
44.939437,"[179.26234436035156, 4.499923229217529, 0.0]","[225.63546752929688, 4.5, 0.0]",6.757144928006152,8.193815231323242,8.200011851171817,-0.3636360167941888,1.7618237733840942,46.3478851314684,1.4200267791481984,0.4351139068356158,41.8478851314684,-1.43667030331709,6.819573402404785,4.390933036804199,33.13542175292969,False,-1,11.210506439208984,8.193815231323242,0.46649932861328125,0.14906607854714202,1.066427004204608,-1.066427004204608,"StraightLane index=('>>>', '1S0_0_', 0)",True,129.1270751953125,7.62939453125e-05,0.00015258789061344235,"StraightLane index=('>>', '>>>', 0)",True,0.0,True,False,1.3344074487686157,0.0,0.0,0.0,True,0.0,0.0,0.0,-0.0,0.0,-0.0
44.958766,"[179.3976287841797, 4.499922752380371, 0.0]","[225.7984161376953, 4.5, 0.0]",6.74987220767091,8.203328132629395,8.209273738166987,-0.36363601676212554,1.5638831853866577,46.37312316852143,1.43667030331709,0.8321762084445794,41.87312316852143,-1.4534559249584849,6.833121299743652,4.390933036804199,33.13542175292969,False,-1,11.224054336547852,8.203328132629395,0.46649932861328125,0.14906607854714202,1.066427004204608,-1.066427004204608,"StraightLane index=('>>>', '1S0_0_', 0)",True,129.26234436035156,7.677078247070312e-05,0.0001678466797104088,"StraightLane index=('>>', '>>>', 0)",True,0.0,True,False,1.3344074487686157,0.0,0.0,0.0,True,0.0,0.0,0.0,-0.0,0.0,-0.0
44.979499,"[179.53277587890625, 4.499922275543213, 0.0]","[225.96273803710938, 4.5, 0.0]",6.7425994873350845,8.212920188903809,8.219194802936602,-0.3636360167912578,1.3189622163772583,46.40078735309023,1.4534559249584849,0.8392810820697427,41.90078735309023,-1.470320701568724,6.837557315826416,4.390933036804199,33.13542175292969,False,-1,11.228490352630615,8.212920188903809,0.46649932861328125,0.14906607854714202,1.066427004204608,-1.066427004204608,"StraightLane index=('>>>', '1S0_0_', 0)",True,129.3976287841797,7.724761962890625e-05,0.0001678466797104088,"StraightLane index=('>>', '>>>', 0)",True,0.0,True,False,1.3344074487686157,0.0,0.0,0.0,True,0.0,0.0,0.0,-0.0,0.0,-0.0
44.999269,"[179.6677703857422, 4.499921798706055, 0.0]","[226.1267547607422, 4.5, 0.0]",6.735326766999518,8.222496032714846,8.22867101130323,-0.3636360167783348,1.043224573135376,46.42996215771763,1.470320701568724,0.8432388305119609,41.92996215771763,-1.4871692657153277,6.833696365356445,4.390933036804199,33.13542175292969,False,-1,11.224629402160645,8.222496032714846,0.4746341705322443,0.15077166666105637,1.1174316893760194,-1.1174316893760194,"StraightLane index=('>>>', '1S0_0_', 0)",True,129.53277587890625,7.772445678710938e-05,0.00018310546875648638,"StraightLane index=('>>', '>>>', 0)",True,0.0,True,False,1.3344074487686157,0.0,0.0,0.0,True,0.0,0.0,0.0,-0.0,0.0,-0.0
45.019467,"[179.80262756347656, 4.4999213218688965, 0.0]","[226.2921905517578, 4.5, 0.0]",6.72805404666354,8.232612609863281,8.239058722876827,-0.3636360167988961,0.7585123181343079,46.458984374512845,1.4871692657153277,0.8424282073301814,41.958984374512845,-1.5045585631997414,6.823305130004883,3.510648727416992,33.486087799072266,False,-1,10.333953857421875,8.232612609863281,0.4746341705322443,0.15077166666105637,1.1174316893760194,-1.1174316893760194,"StraightLane index=('>>>', '1S0_0_', 0)",True,129.6677703857422,7.82012939453125e-05,0.00018310546875648638,"StraightLane index=('>>', '>>>', 0)",True,0.0,True,False,1.3344074487686157,0.0,0.0,0.0,True,0.0,0.0,0.0,-0.0,0.0,-0.0
45.040116,"[179.9373321533203, 4.499920845031738, 0.0]","[226.45750427246094, 4.5, 0.0]",6.720781326326611,8.24294662475586,8.24971918639366,-0.3636360168464581,0.48936834931373596,46.48956298779241,1.5045585631997414,0.8694648742206823,41.98956298779241,-1.5221652984292486,6.808887004852295,3.510648727416992,33.486087799072266,False,-1,10.319535732269287,8.24294662475586,0.4746341705322443,0.15077166666105637,1.1174316893760194,-1.1174316893760194,"StraightLane index=('>>>', '1S0_0_', 0)",True,129.80262756347656,7.867813110351562e-05,0.00018310546875648638,"StraightLane index=('>>', '>>>', 0)",True,0.0,True,False,1.3270678520202637,0.0,0.0,0.0,True,0.0,0.0,0.0,-0.0,0.0,-0.0
45.05903,"[180.0718994140625, 4.49992036819458, 0.0]","[226.6215362548828, 4.5, 0.0]",6.713508605989804,8.253199577331543,8.259485260900924,-0.36363601684032965,0.24693261086940765,46.52017211865011,1.5221652984292486,0.8803367614753643,42.02017211865011,-1.5396909713417388,6.79203462600708,3.510648727416992,33.486087799072266,False,-1,10.302683353424072,8.253199577331543,0.4746341705322443,0.15077166666105637,1.1174316893760194,-1.1174316893760194,"StraightLane index=('>>>', '1S0_0_', 0)",True,129.9373321533203,7.915496826171875e-05,0.00018310546875648638,"StraightLane index=('>>', '>>>', 0)",True,0.0,True,False,1.3270678520202637,0.0,0.0,0.0,True,0.0,0.0,0.0,-0.0,0.0,-0.0
45.079307,"[180.20631408691406, 4.499919891357422, 0.0]","[226.78713989257812, 4.5, 0.0]",6.706235885652228,8.263550758361816,8.269942257866262,-0.36363601687878777,0.03432907536625862,46.54963684044316,1.5396909713417388,0.8762836456245093,42.04963684044316,-1.557314872709588,6.773604393005371,3.510648727416992,33.486087799072266,False,-1,10.284253120422363,8.263550758361816,0.4746341705322443,0.15077166666105637,1.1174316893760194,-1.1174316893760194,"StraightLane index=('>>>', '1S0_0_', 0)",True,130.0718994140625,7.963180541992188e-05,0.00015258789061344235,"StraightLane index=('>>', '>>>', 0)",True,0.0,True,False,1.3270678520202637,0.0,0.0,0.0,True,0.0,0.0,0.0,-0.0,0.0,-0.0
45.099178,"[180.34059143066406, 4.499919414520264, 0.0]","[226.95216369628906, 4.5, 0.0]",6.6989631653148045,8.273866653442383,8.28019850401359,-0.36363601687119385,-0.13954707980155945,46.58082580525794,1.557314872709588,0.8811950683924596,42.08082580525794,-1.5749034881275783,6.755152225494385,3.510648727416992,33.486087799072266,False,-1,10.265800952911377,8.273866653442383,0.5137062072753729,0.1536742172495888,1.1773614845325149,-1.1773614845325149,"StraightLane index=('>>>', '1S0_0_', 0)",True,130.20631408691406,8.0108642578125e-05,0.00016021728513648115,"StraightLane index=('>>', '>>>', 0)",True,0.0,True,False,1.3270678520202637,0.0,0.0,0.0,True,0.0,0.0,0.0,-0.0,0.0,-0.0
45.119376,"[180.47471618652344, 4.4999189376831055, 0.0]","[227.118408203125, 4.5, 0.0]",6.691690444978233,8.284591674804688,8.29115951653365,-0.3636360168285613,-0.32883739471435547,46.611572265188926,1.5749034881275783,0.8794307708995142,42.111572265188926,-1.5929012298264542,6.729058742523193,3.510648727416992,33.486087799072266,False,-1,10.239707469940186,8.284591674804688,0.5137062072753729,0.1536742172495888,1.1773614845325149,-1.1773614845325149,"StraightLane index=('>>>', '1S0_0_', 0)",True,130.34059143066406,8.058547973632812e-05,0.0001678466797104088,"StraightLane index=('>>', '>>>', 0)",True,0.0,True,False,1.3270678520202637,0.0,0.0,0.0,True,0.0,0.0,0.0,-0.0,0.0,-0.0
45.139379,"[180.6086883544922, 4.499918460845947, 0.0]","[227.2847442626953, 4.5, 0.0]",6.684417724641628,8.295482635498047,8.302044814551993,-0.3636360168302488,-0.377053827047348,46.64369201610432,1.5929012298264542,0.8998870849437957,42.14369201610432,-1.6110649108564186,6.720712661743164,3.510648727416992,33.486087799072266,False,-1,10.231361389160156,8.295482635498047,0.5137062072753729,0.1536742172495888,1.1773614845325149,-1.1773614845325149,"StraightLane index=('>>>', '1S0_0_', 0)",True,130.47471618652344,8.106231689453125e-05,0.00018310546875648638,"StraightLane index=('>>', '>>>', 0)",True,0.0,True,False,1.3270678520202637,0.0,0.0,0.0,True,0.0,0.0,0.0,-0.0,0.0,-0.0
45.15891,"[180.74252319335938, 4.499917984008789, 0.0]","[227.44967651367188, 4.5, 0.0]",6.6771450043047595,8.306282997131348,8.312675471609271,-0.36363601684343827,-0.44737768173217773,46.676055907763974,1.6110649108564186,0.9081840514982176,42.176055907763974,-1.629137992826588,6.705450534820557,3.510648727416992,33.486087799072266,False,-1,10.216099262237549,8.306282997131348,0.5137062072753729,0.1536742172495888,1.1773614845325149,-1.1773614845325149,"StraightLane index=('>>>', '1S0_0_', 0)",True,130.6086883544922,8.153915405273438e-05,0.0001678466797104088,"StraightLane index=('>>', '>>>', 0)",True,0.0,True,False,1.3270678520202637,0.0,0.0,0.0,True,0.0,0.0,0.0,-0.0,0.0,-0.0
45.180162,"[180.87620544433594, 4.499917507171631, 0.0]","[227.62060546875, 4.5, 0.0]",6.669872283967771,8.317475318908691,8.324228883771038,-0.3636360168494335,-0.4955427646636963,46.70715331984226,1.629137992826588,0.9036540985084773,42.20715331984226,-1.6476030349409205,6.691221714019775,3.510648727416992,33.486087799072266,False,-1,10.201870441436768,8.317475318908691,0.5137062072753729,0.1536742172495888,1.1773614845325149,-1.1773614845325149,"StraightLane index=('>>>', '1S0_0_', 0)",True,130.74252319335938,8.20159912109375e-05,0.00017547607418255874,"StraightLane index=('>>', '>>>', 0)",True,0.0,True,False,1.3270678520202637,0.0,0.0,0.0,True,0.0,0.0,0.0,-0.0,0.0,-0.0
45.198891,"[181.00975036621094, 4.499917030334473, 0.0]","[227.78216552734375, 4.5, 0.0]",6.662599563630743,8.328054428100586,8.334421190523356,-0.36363601685138747,-0.5204377174377441,46.74440002394219,1.6476030349409205,0.923252105716621,42.24440002394219,-1.6654548644698428,6.678568363189697,3.510648727416992,33.486087799072266,False,-1,10.18921709060669,8.328054428100586,0.5418777465820312,0.157272516655001,1.239818178560399,-1.239818178560399,"StraightLane index=('>>>', '1S0_0_', 0)",True,130.87620544433594,8.249282836914062e-05,0.00017547607418255874,"StraightLane index=('>>', '>>>', 0)",True,0.0,True,False,1.3270678520202637,0.0,0.0,0.0,True,0.0,0.0,0.0,-0.0,0.0,-0.0
45.220168,"[181.1431427001953, 4.4999165534973145, 0.0]","[227.9503173828125, 4.5, 0.0]",6.655326843294597,8.339204788208008,8.346252587261645,-0.3636360168072894,-0.5280245542526245,46.77241516062881,1.6654548644698428,0.892591476446114,42.27241516062881,-1.6838779449134105,6.667350769042969,3.510648727416992,33.486087799072266,False,-1,10.177999496459961,8.339204788208008,0.5418777465820312,0.157272516655001,1.239818178560399,-1.239818178560399,"StraightLane index=('>>>', '1S0_0_', 0)",True,131.00975036621094,8.296966552734375e-05,0.00018310546875648638,"StraightLane index=('>>', '>>>', 0)",True,0.0,True,False,1.3270678520202637,0.0,0.0,0.0,True,0.0,0.0,0.0,-0.0,0.0,-0.0
45.239874,"[181.27639770507812, 4.499916076660156, 0.0]","[228.12152099609375, 4.5, 0.0]",6.648054122957318,8.350628852844238,8.357271366952604,-0.3636360168639552,-0.522137463092804,46.80717468217189,1.6838779449134105,0.9211540221783832,42.30717468217189,-1.70257472988692,6.657442569732666,2.7321901321411133,35.08808517456055,False,-1,9.38963270187378,8.350628852844238,0.5418777465820312,0.157272516655001,1.239818178560399,-1.239818178560399,"StraightLane index=('>>>', '1S0_0_', 0)",True,131.1431427001953,8.344650268554688e-05,0.0001678466797104088,"StraightLane index=('>>', '>>>', 0)",True,0.0,True,False,1.3335026502609253,0.0,0.0,0.0,True,0.0,0.0,0.0,-0.0,0.0,-0.0
45.259431,"[181.4095001220703, 4.499915599822998, 0.0]","[228.2845458984375, 4.5, 0.0]",6.64078140261934,8.364840507507324,8.368189103994204,-0.363636016898905,-0.5077698230743408,46.845123290568765,1.70257472988692,0.9348392486754786,42.345123290568765,-1.724059104887984,6.648613929748535,2.7321901321411133,35.08808517456055,False,-1,9.380804061889648,8.364840507507324,0.5418777465820312,0.157272516655001,1.239818178560399,-1.239818178560399,"StraightLane index=('>>>', '1S0_0_', 0)",True,131.27639770507812,8.392333984375e-05,0.0001678466797104088,"StraightLane index=('>>', '>>>', 0)",True,0.0,True,False,1.3335026502609253,0.0,0.0,0.0,True,0.0,0.0,0.0,-0.0,0.0,-0.0
45.280213,"[181.54246520996094, 4.49991512298584, 0.0]","[228.4555206298828, 4.5, 0.0]",6.6335086822809695,8.369580268859863,8.37977903741136,-0.36363601691853376,-0.4921405613422394,46.87504577597619,1.724059104887984,1.0742187500532019,42.37504577597619,-1.7360715865788938,6.6402130126953125,2.7321901321411133,35.08808517456055,False,-1,9.372403144836426,8.369580268859863,0.5418777465820312,0.157272516655001,1.239818178560399,-1.239818178560399,"StraightLane index=('>>>', '1S0_0_', 0)",True,131.4095001220703,8.440017700195312e-05,0.00015258789061344235,"StraightLane index=('>>', '>>>', 0)",True,0.0,True,False,1.3335026502609253,0.0,0.0,0.0,True,0.0,0.0,0.0,-0.0,0.0,-0.0
45.29939,"[181.67527770996094, 4.499914646148682, 0.0]","[228.62229919433594, 4.5, 0.0]",6.626235961943055,8.38737678527832,8.39048402300696,-0.36363601689570757,-0.47195738554000854,46.91305541947193,1.7360715865788938,0.6006240845454869,42.41305541947193,-1.761140823335265,6.632604122161865,2.7321901321411133,35.08808517456055,False,-1,9.364794254302979,8.38737678527832,0.5932235717773438,0.16230809000170793,1.3070496251696302,-1.3070496251696302,"StraightLane index=('>>>', '1S0_0_', 0)",True,131.54246520996094,8.487701416015625e-05,0.0001678466797104088,"StraightLane index=('>>', '>>>', 0)",True,0.0,True,False,1.3335026502609253,0.0,0.0,0.0,True,0.0,0.0,0.0,-0.0,0.0,-0.0
45.319627,"[181.80795288085938, 4.499914169311523, 0.0]","[228.786865234375, 4.5, 0.0]",6.618963241606313,8.391611099243166,8.401736095761999,-0.3636360168371322,-0.450496107339859,46.947021483952774,1.761140823335265,1.2534618378185591,42.447021483952774,-1.7726478576368532,6.625566482543945,2.7321901321411133,35.08808517456055,False,-1,9.357756614685059,8.391611099243166,0.5932235717773438,0.16230809000170793,1.3070496251696302,-1.3070496251696302,"StraightLane index=('>>>', '1S0_0_', 0)",True,131.67527770996094,8.535385131835938e-05,0.00016021728513648115,"StraightLane index=('>>', '>>>', 0)",True,0.0,True,False,1.3335026502609253,0.0,0.0,0.0,True,0.0,0.0,0.0,-0.0,0.0,-0.0
45.339163,"[181.9404754638672, 4.499913692474365, 0.0]","[228.95538330078125, 4.5, 0.0]",6.6116905212693995,8.409409523010254,8.4125992359916,-0.3636360168456587,-0.4333174228668213,46.978912353032435,1.7726478576368532,0.5753517150794085,42.478912353032435,-1.7977190017408544,6.618487358093262,2.7321901321411133,35.08808517456055,False,-1,9.350677490234375,8.409409523010254,0.5932235717773438,0.16230809000170793,1.3070496251696302,-1.3070496251696302,"StraightLane index=('>>>', '1S0_0_', 0)",True,131.80795288085938,8.58306884765625e-05,0.00017547607418255874,"StraightLane index=('>>', '>>>', 0)",True,0.0,True,False,1.3335026502609253,0.0,0.0,0.0,True,0.0,0.0,0.0,-0.0,0.0,-0.0
45.359205,"[182.07286071777344, 4.499913215637207, 0.0]","[229.1270294189453, 4.5, 0.0]",6.604417800932394,8.414077758789062,8.423745226222442,-0.36363601685027724,-0.4029083251953125,47.01490783645949,1.7977190017408544,1.253557205200062,42.51490783645949,-1.8096599578566686,6.6089630126953125,2.7321901321411133,35.08808517456055,False,-1,9.341153144836426,8.414077758789062,0.5932235717773438,0.16230809000170793,1.3070496251696302,-1.3070496251696302,"StraightLane index=('>>>', '1S0_0_', 0)",True,131.9404754638672,8.630752563476562e-05,0.0001678466797104088,"StraightLane index=('>>', '>>>', 0)",True,0.0,True,False,1.3335026502609253,0.0,0.0,0.0,True,0.0,0.0,0.0,-0.0,0.0,-0.0
45.380024,"[182.20509338378906, 4.499912738800049, 0.0]","[229.29580688476562, 4.5, 0.0]",6.597145080594633,8.431892395019531,8.435311069829856,-0.36363601688806924,-0.39934414625167847,47.05416870074523,1.8096599578566686,0.5970478057907069,42.55416870074523,-1.8347473144248987,6.6053080558776855,2.7321901321411133,35.08808517456055,False,-1,9.337498188018799,8.431892395019531,0.5932235717773438,0.16230809000170793,1.3070496251696302,-1.3070496251696302,"StraightLane index=('>>>', '1S0_0_', 0)",True,132.07286071777344,8.678436279296875e-05,0.00016021728513648115,"StraightLane index=('>>', '>>>', 0)",True,0.0,True,False,1.3335026502609253,0.0,0.0,0.0,True,0.0,0.0,0.0,-0.0,0.0,-0.0
45.40006,"[182.33718872070312, 4.499912261962891, 0.0]","[229.46363830566406, 4.5, 0.0]",6.589872360257268,8.436308860778809,8.446456421365218,-0.36363601686821845,-0.3843541443347931,47.090713500548446,1.8347473144248987,1.2543678284115067,42.590713500548446,-1.8464365005215404,6.598989963531494,2.7321901321411133,35.08808517456055,False,-1,9.331180095672607,8.436308860778809,0.4893207550048828,0.16320350742670803,1.3633872327657093,-1.3633872327657093,"StraightLane index=('>>>', '1S0_0_', 0)",True,132.20509338378906,8.726119995117188e-05,0.00016021728513648115,"StraightLane index=('>>', '>>>', 0)",True,0.0,True,False,1.3335026502609253,0.0,0.0,0.0,True,0.0,0.0,0.0,-0.0,0.0,-0.0
45.420107,"[182.46913146972656, 4.499911785125732, 0.0]","[229.63380432128906, 4.5, 0.0]",6.5825996399207165,8.453857421875,8.457161052654627,-0.3636360168275843,-0.37191149592399597,47.12644958453134,1.8464365005215404,0.5844593048320856,42.62644958453134,-1.8712577819542835,6.592717170715332,3.269245147705078,34.80374526977539,False,-1,9.86196231842041,8.453857421875,0.4893207550048828,0.16320350742670803,1.3633872327657093,-1.3633872327657093,"StraightLane index=('>>>', '1S0_0_', 0)",True,132.33718872070312,8.7738037109375e-05,0.00016021728513648115,"StraightLane index=('>>', '>>>', 0)",True,0.0,True,False,1.3362913131713867,0.0,0.0,0.0,True,0.0,0.0,0.0,-0.0,0.0,-0.0
45.439653,"[182.60092163085938, 4.499911308288574, 0.0]","[229.8033905029297, 4.5, 0.0]",6.575326919584779,8.457878112792969,8.467598294120819,-0.3636360167968533,-0.36591747403144836,47.16467285107113,1.8712577819542835,1.2410640716371546,42.66467285107113,-1.8825511932081893,6.585982322692871,3.269245147705078,34.80374526977539,False,-1,9.85522747039795,8.457878112792969,0.4893207550048828,0.16320350742670803,1.3633872327657093,-1.3633872327657093,"StraightLane index=('>>>', '1S0_0_', 0)",True,132.46913146972656,8.821487426757812e-05,0.00017547607418255874,"StraightLane index=('>>', '>>>', 0)",True,0.0,True,False,1.3362913131713867,0.0,0.0,0.0,True,0.0,0.0,0.0,-0.0,0.0,-0.0
45.459213,"[182.73257446289062, 4.499910831451416, 0.0]","[229.97227478027344, 4.5, 0.0]",6.5680541992477774,8.475189208984375,8.478046107173503,-0.3636360168500996,-0.3535744845867157,47.2024688715773,1.8825511932081893,0.5646705626952908,42.7024688715773,-1.9071350097365976,6.576404571533203,3.269245147705078,34.80374526977539,False,-1,9.845649719238281,8.475189208984375,0.4893207550048828,0.16320350742670803,1.3633872327657093,-1.3633872327657093,"StraightLane index=('>>>', '1S0_0_', 0)",True,132.60092163085938,8.869171142578125e-05,0.00017547607418255874,"StraightLane index=('>>', '>>>', 0)",True,0.0,True,False,1.3362913131713867,0.0,0.0,0.0,True,0.0,0.0,0.0,-0.0,0.0,-0.0
45.479912,"[182.86407470703125, 4.499910354614258, 0.0]","[230.141845703125, 4.5, 0.0]",6.56078147891085,8.479207992553711,8.489092218646093,-0.36363601684636926,-0.35590502619743347,47.239700316888175,1.9071350097365976,1.229190826420412,42.739700316888175,-1.9184265136428609,6.572624206542969,3.269245147705078,34.80374526977539,False,-1,9.841869354248047,8.479207992553711,0.4893207550048828,0.16320350742670803,1.3633872327657093,-1.3633872327657093,"StraightLane index=('>>>', '1S0_0_', 0)",True,132.73257446289062,8.916854858398438e-05,0.00017547607418255874,"StraightLane index=('>>', '>>>', 0)",True,0.0,True,False,1.3362913131713867,0.0,0.0,0.0,True,0.0,0.0,0.0,-0.0,0.0,-0.0
45.499464,"[182.9954376220703, 4.4999098777771, 0.0]","[230.3110809326172, 4.5, 0.0]",6.55350875857392,8.496541023254395,8.499535979717574,-0.3636360168465025,-0.35662907361984253,47.277770995628266,1.9184265136428609,0.5645751953131661,42.777770995628266,-1.9430322646804745,6.565469741821289,3.269245147705078,34.80374526977539,False,-1,9.834714889526367,8.496541023254395,0.6023216247558594,0.1679644135504923,1.4309353855928009,-1.4309353855928009,"StraightLane index=('>>>', '1S0_0_', 0)",True,132.86407470703125,8.96453857421875e-05,0.0001678466797104088,"StraightLane index=('>>', '>>>', 0)",True,0.0,True,False,1.3362913131713867,0.0,0.0,0.0,True,0.0,0.0,0.0,-0.0,0.0,-0.0
45.519732,"[183.12664794921875, 4.499909400939941, 0.0]","[230.4815673828125, 4.5, 0.0]",6.546236038236309,8.500029563903809,8.50956060007597,-0.36363601688056413,-0.3563030958175659,47.31564331010988,1.9430322646804745,1.2302875518806822,42.81564331010988,-1.9537935256674999,6.558391094207764,3.269245147705078,34.80374526977539,False,-1,9.827636241912842,8.500029563903809,0.6023216247558594,0.1679644135504923,1.4309353855928009,-1.4309353855928009,"StraightLane index=('>>>', '1S0_0_', 0)",True,132.9954376220703,9.012222290039062e-05,0.00016021728513648115,"StraightLane index=('>>', '>>>', 0)",True,0.0,True,False,1.3362913131713867,0.0,0.0,0.0,True,0.0,0.0,0.0,-0.0,0.0,-0.0
45.541695,"[183.25772094726562, 4.499908924102783, 0.0]","[230.64999389648438, 4.5, 0.0]",6.538963317898264,8.516477584838867,8.52045979569161,-0.3636360169022357,-0.355977326631546,47.35491943315527,1.9537935256674999,0.5380630493512673,42.85491943315527,-1.9775142669406032,6.551344394683838,3.269245147705078,34.80374526977539,False,-1,9.820589542388916,8.516477584838867,0.6023216247558594,0.1679644135504923,1.4309353855928009,-1.4309353855928009,"StraightLane index=('>>>', '1S0_0_', 0)",True,133.12664794921875,9.059906005859375e-05,0.00016021728513648115,"StraightLane index=('>>', '>>>', 0)",True,0.0,True,False,1.3362913131713867,0.0,0.0,0.0,True,0.0,0.0,0.0,-0.0,0.0,-0.0
45.559024,"[183.38864135742188, 4.499908447265625, 0.0]","[230.82183837890625, 4.5, 0.0]",6.531690597561236,8.519787788391113,8.52904112708206,-0.36363601685138747,-0.3549458086490631,47.39227294880814,1.9775142669406032,1.1860370636551654,42.89227294880814,-1.988097190829877,6.544356822967529,3.269245147705078,34.80374526977539,False,-1,9.813601970672607,8.519787788391113,0.6023216247558594,0.1679644135504923,1.4309353855928009,-1.4309353855928009,"StraightLane index=('>>>', '1S0_0_', 0)",True,133.25772094726562,9.107589721679688e-05,0.00015258789061344235,"StraightLane index=('>>', '>>>', 0)",True,0.0,True,False,1.3362913131713867,0.0,0.0,0.0,True,0.0,0.0,0.0,-0.0,0.0,-0.0
45.580155,"[183.51942443847656, 4.499907970428467, 0.0]","[230.9927520751953, 4.5, 0.0]",6.524417877224101,8.536380767822266,8.539495208292541,-0.36363601685676095,-0.3542018234729767,47.433197021072345,1.988097190829877,0.5291461944636922,42.933197021072345,-2.0119628905981646,6.537383556365967,3.269245147705078,34.80374526977539,False,-1,9.806628704071045,8.536380767822266,0.6023216247558594,0.1679644135504923,1.4309353855928009,-1.4309353855928009,"StraightLane index=('>>>', '1S0_0_', 0)",True,133.38864135742188,9.1552734375e-05,0.00015258789061344235,"StraightLane index=('>>', '>>>', 0)",True,0.0,True,False,1.3362913131713867,0.0,0.0,0.0,True,0.0,0.0,0.0,-0.0,0.0,-0.0
45.599452,"[183.65005493164062, 4.499907493591309, 0.0]","[231.1631317138672, 4.5, 0.0]",6.517145156887836,8.539607048034668,8.549040170536358,-0.3636360168132402,-0.3575902283191681,47.47332763624544,2.0119628905981646,1.1932849884143781,42.97332763624544,-2.0224618911468317,6.529968738555908,3.269245147705078,34.80374526977539,False,-1,9.799213886260986,8.539607048034668,0.4306602478027344,0.16624108086853878,1.4808413101139795,-1.4808413101139795,"StraightLane index=('>>>', '1S0_0_', 0)",True,133.51942443847656,9.202957153320312e-05,0.0001678466797104088,"StraightLane index=('>>', '>>>', 0)",True,0.0,True,False,1.3362913131713867,0.0,0.0,0.0,True,0.0,0.0,0.0,-0.0,0.0,-0.0
45.61991,"[183.78054809570312, 4.49990701675415, 0.0]","[231.3352813720703, 4.5, 0.0]",6.509872436551276,8.555503845214844,8.558114534468913,-0.3636360168280284,-0.3613642156124115,47.513076781720414,2.0224618911468317,0.5249500274333574,43.013076781720414,-2.045631408663568,6.51867151260376,3.27725887298584,34.809181213378906,False,-1,9.7959303855896,8.555503845214844,0.4306602478027344,0.16624108086853878,1.4808413101139795,-1.4808413101139795,"StraightLane index=('>>>', '1S0_0_', 0)",True,133.65005493164062,9.250640869140625e-05,0.00017547607418255874,"StraightLane index=('>>', '>>>', 0)",True,0.0,True,False,1.3362913131713867,0.0,0.0,0.0,True,0.0,0.0,0.0,-0.0,0.0,-0.0
45.639393,"[183.910888671875, 4.499906539916992, 0.0]","[231.50209045410156, 4.5, 0.0]",6.502599716213964,8.55745792388916,8.566769207068049,-0.3636360168655983,-0.3614419400691986,47.554733275950916,2.045631408663568,1.1584758758368174,43.054733275950916,-2.0548582076751964,6.5114030838012695,3.27725887298584,34.809181213378906,False,-1,9.78866195678711,8.55745792388916,0.4306602478027344,0.16624108086853878,1.4808413101139795,-1.4808413101139795,"StraightLane index=('>>>', '1S0_0_', 0)",True,133.78054809570312,9.298324584960938e-05,0.00015258789061344235,"StraightLane index=('>>', '>>>', 0)",True,0.0,True,False,1.339128851890564,0.0,0.0,0.0,True,0.0,0.0,0.0,-0.0,0.0,-0.0
45.659066,"[184.0410919189453, 4.499906063079834, 0.0]","[231.67234802246094, 4.5, 0.0]",6.49532699587684,8.572925567626953,8.5754888721944,-0.36363601685618363,-0.3619258403778076,47.591201781837796,2.0548582076751964,0.46133995058141863,43.091201781837796,-2.077598571750113,6.507737636566162,3.27725887298584,34.809181213378906,False,-1,9.784996509552002,8.572925567626953,0.4306602478027344,0.16624108086853878,1.4808413101139795,-1.4808413101139795,"StraightLane index=('>>>', '1S0_0_', 0)",True,133.910888671875,9.34600830078125e-05,0.00014495849609040358,"StraightLane index=('>>', '>>>', 0)",True,0.0,True,False,1.339128851890564,0.0,0.0,0.0,True,0.0,0.0,0.0,-0.0,0.0,-0.0
45.679971,"[184.171142578125, 4.499905586242676, 0.0]","[231.84912109375, 4.5, 0.0]",6.488054275540477,8.575392723083496,8.584737484199314,-0.3636360168181696,-0.35952743887901306,47.631256103066725,2.077598571750113,1.137018203745832,43.131256103066725,-2.0873384475430194,6.50080680847168,3.27725887298584,34.809181213378906,False,-1,9.77806568145752,8.575392723083496,0.4306602478027344,0.16624108086853878,1.4808413101139795,-1.4808413101139795,"StraightLane index=('>>>', '1S0_0_', 0)",True,134.0410919189453,9.393692016601562e-05,0.00016021728513648115,"StraightLane index=('>>', '>>>', 0)",True,0.0,True,False,1.339128851890564,0.0,0.0,0.0,True,0.0,0.0,0.0,-0.0,0.0,-0.0
45.699332,"[184.30105590820312, 4.499905109405518, 0.0]","[232.0202178955078, 4.5, 0.0]",6.4807815552046355,8.590904235839844,8.593323792159469,-0.36363601679205715,-0.3614179491996765,47.67797851511224,2.0873384475430194,0.48699378964531803,43.17797851511224,-2.1101226806352082,6.49345064163208,3.27725887298584,34.809181213378906,False,-1,9.77070951461792,8.590904235839844,0.5129718780517578,0.16757098851349642,1.5391507309263819,-1.5391507309263819,"StraightLane index=('>>>', '1S0_0_', 0)",True,134.171142578125,9.441375732421875e-05,0.00017547607418255874,"StraightLane index=('>>', '>>>', 0)",True,0.0,True,False,1.339128851890564,0.0,0.0,0.0,True,0.0,0.0,0.0,-0.0,0.0,-0.0
45.721108,"[184.43081665039062, 4.499904632568359, 0.0]","[232.19354248046875, 4.5, 0.0]",6.473508834867555,8.592305183410645,8.601678391219046,-0.3636360168540076,-0.3616285026073456,47.719161986852775,2.1101226806352082,1.13921165460944,43.219161986852775,-2.118796348543089,6.4862165451049805,3.27725887298584,34.809181213378906,False,-1,9.76347541809082,8.592305183410645,0.5129718780517578,0.16757098851349642,1.5391507309263819,-1.5391507309263819,"StraightLane index=('>>>', '1S0_0_', 0)",True,134.30105590820312,9.489059448242188e-05,0.00016021728513648115,"StraightLane index=('>>', '>>>', 0)",True,0.0,True,False,1.339128851890564,0.0,0.0,0.0,True,0.0,0.0,0.0,-0.0,0.0,-0.0
45.739328,"[184.5604248046875, 4.499904155731201, 0.0]","[232.36277770996094, 4.5, 0.0]",6.466236114531344,8.60647964477539,8.608638906431722,-0.36363601681057567,-0.36135944724082947,47.762725829562044,2.118796348543089,0.43368339539404666,43.262725829562044,-2.140243530244047,6.4790568351745605,3.27725887298584,34.809181213378906,False,-1,9.7563157081604,8.60647964477539,0.5129718780517578,0.16757098851349642,1.5391507309263819,-1.5391507309263819,"StraightLane index=('>>>', '1S0_0_', 0)",True,134.43081665039062,9.5367431640625e-05,0.00017547607418255874,"StraightLane index=('>>', '>>>', 0)",True,0.0,True,False,1.339128851890564,0.0,0.0,0.0,True,0.0,0.0,0.0,-0.0,0.0,-0.0
45.759573,"[184.6898956298828, 4.499903678894043, 0.0]","[232.5363311767578, 4.5, 0.0]",6.4589633941948446,8.610843658447266,8.616371761462348,-0.36363601682496416,-0.36464929580688477,47.80235290472303,2.140243530244047,1.0723590850478804,43.30235290472303,-2.151880264252421,6.471508979797363,3.27725887298584,34.809181213378906,False,-1,9.748767852783203,8.610843658447266,0.5129718780517578,0.16757098851349642,1.5391507309263819,-1.5391507309263819,"StraightLane index=('>>>', '1S0_0_', 0)",True,134.5604248046875,9.584426879882812e-05,0.00018310546875648638,"StraightLane index=('>>', '>>>', 0)",True,0.0,True,False,1.339128851890564,0.0,0.0,0.0,True,0.0,0.0,0.0,-0.0,0.0,-0.0
45.780025,"[184.8192138671875, 4.499903202056885, 0.0]","[232.70883178710938, 4.5, 0.0]",6.451690673858332,8.618494987487793,8.624182261808299,-0.3636360168256303,-0.3656564950942993,47.84643554635561,2.151880264252421,0.5818367004187142,43.34643554635561,-2.166804313629461,6.464122295379639,3.27725887298584,34.809181213378906,False,-1,9.741381168365479,8.618494987487793,0.5129718780517578,0.16757098851349642,1.5391507309263819,-1.5391507309263819,"StraightLane index=('>>>', '1S0_0_', 0)",True,134.6898956298828,9.632110595703125e-05,0.00017547607418255874,"StraightLane index=('>>', '>>>', 0)",True,0.0,True,False,1.339128851890564,0.0,0.0,0.0,True,0.0,0.0,0.0,-0.0,0.0,-0.0
45.799379,"[184.94839477539062, 4.499902725219727, 0.0]","[232.88101196289062, 4.5, 0.0]",6.44441795352247,8.626131057739258,8.63157909933139,-0.36363601679307855,-0.36570778489112854,47.88961791940082,2.166804313629461,0.7462024688519975,43.38961791940082,-2.1817131042167874,6.456846237182617,3.27725887298584,34.809181213378906,False,-1,9.734105110168457,8.626131057739258,0.3522682189941406,0.1631432773269417,1.5812567950678535,-1.5812567950678535,"StraightLane index=('>>>', '1S0_0_', 0)",True,134.8192138671875,9.679794311523438e-05,0.00017547607418255874,"StraightLane index=('>>', '>>>', 0)",True,0.0,True,False,1.339128851890564,0.0,0.0,0.0,True,0.0,0.0,0.0,-0.0,0.0,-0.0
45.81964,"[185.07742309570312, 4.499902248382568, 0.0]","[233.05447387695312, 4.5, 0.0]",6.437145233187015,8.632895469665527,8.638030011770828,-0.3636360167727837,-0.36435163021087646,47.93261718691058,2.1817131042167874,0.7454395293663207,43.43261718691058,-2.1957502364785126,6.4496989250183105,2.166804313659668,47.889617919921875,True,0,8.616503238677979,8.632895469665527,0.3522682189941406,0.1631432773269417,1.5812567950678535,-1.5812567950678535,"StraightLane index=('>>>', '1S0_0_', 0)",True,134.94839477539062,9.72747802734375e-05,0.00019073486327952517,"StraightLane index=('>>', '>>>', 0)",True,0.0,True,False,1.3420120477676392,0.0,0.0,0.0,True,0.0,0.0,0.0,-0.0,0.0,-0.0
45.839563,"[185.20631408691406, 4.49990177154541, 0.0]","[233.22755432128906, 4.5, 0.0]",6.441564559970944,8.639240264892578,8.644352189081769,0.22096633919646003,-0.362804651260376,47.97705078062405,2.1957502364785126,0.7018566130862602,43.47705078062405,-2.197675704921634,6.442625045776367,2.166804313659668,47.889617919921875,True,0,8.609429359436035,8.639240264892578,0.3522682189941406,0.1631432773269417,1.5812567950678535,-0.17283396734721146,"StraightLane index=('>>>', '1S0_0_', 0)",True,135.07742309570312,9.775161743164062e-05,0.00019836425780256396,"StraightLane index=('>>', '>>>', 0)",True,0.0,True,False,1.3420120477676392,1.408422827720642,0.0,1.408422827720642,True,0.0,0.0,0.08,0.0,0.08,0.0
45.859082,"[185.33505249023438, 4.499901294708252, 0.0]","[233.3994140625, 4.5, 0.0]",6.450401306189722,8.645539283752441,8.650544223312075,0.44183731093889733,-0.3651002049446106,48.02124023367499,2.197675704921634,0.09627342215607904,43.52124023367499,-2.1951379775627196,6.435158729553223,2.166804313659668,47.889617919921875,True,0,8.60196304321289,8.645539283752441,0.3522682189941406,0.1631432773269417,1.5812567950678535,-0.17283396734721146,"StraightLane index=('>>>', '1S0_0_', 0)",True,135.20631408691406,9.822845458984375e-05,0.00021362304684864153,"StraightLane index=('>>', '>>>', 0)",True,0.0,True,False,1.3420120477676392,1.408422827720642,0.0,1.408422827720642,True,0.0,0.0,0.16,0.0,0.16,0.0
45.879824,"[185.46388244628906, 4.499900817871094, 0.0]","[233.57254028320312, 4.5, 0.0]",6.463657379189893,8.651885986328125,8.65711626826377,0.6628036500085699,-0.3469383716583252,48.06436157148782,2.1951379775627196,-0.12688636794573327,43.56436157148782,-2.1882286071382318,6.4297776222229,2.166804313659668,47.889617919921875,True,0,8.596581935882568,8.651885986328125,0.3522682189941406,0.1631432773269417,1.5812567950678535,-0.17283396734721146,"StraightLane index=('>>>', '1S0_0_', 0)",True,135.33505249023438,9.870529174804688e-05,0.000228881835945608,"StraightLane index=('>>', '>>>', 0)",True,0.0,True,False,1.3420120477676392,1.408422827720642,0.0,1.408422827720642,True,0.0,0.0,0.24000000000000002,0.0,0.24000000000000002,0.0
45.89997,"[185.5928955078125, 4.4999003410339355, 0.0]","[233.7412872314453, 4.5, 0.0]",6.481332778971735,8.658071517944336,8.66350358211113,0.883769989092098,-0.2913345396518707,48.10865783624655,2.1882286071382318,-0.3454685212243902,43.60865783624655,-2.1767387389726007,6.428869247436523,2.166804313659668,47.889617919921875,True,0,8.595673561096191,8.658071517944336,0.31940460205078125,0.15800811066602488,1.5728882909982154,-0.16446546327757328,"StraightLane index=('>>>', '1S0_0_', 0)",True,135.46388244628906,9.918212890625e-05,0.00020599365232560273,"StraightLane index=('>>', '>>>', 0)",True,0.0,True,False,1.3420120477676392,1.408422827720642,0.0,1.408422827720642,True,0.0,0.0,0.32,0.0,0.32,0.0
45.92012,"[185.72216796875, 4.499899864196777, 0.0]","[233.91976928710938, 4.5, 0.0]",6.503425598187824,8.663648605346681,8.668511792813113,1.104640960804426,-0.19943465292453766,48.148391722850526,2.1767387389726007,-0.5744934082815512,43.648391722850526,-2.1602230071588577,6.433033466339111,2.166804313659668,47.889617919921875,True,0,8.59983777999878,8.663648605346681,0.31940460205078125,0.15800811066602488,1.5728882909982154,-0.16446546327757328,"StraightLane index=('>>>', '1S0_0_', 0)",True,135.5928955078125,9.965896606445312e-05,0.000228881835945608,"StraightLane index=('>>', '>>>', 0)",True,0.0,True,False,1.3420120477676392,1.408422827720642,0.0,1.408422827720642,True,0.0,0.0,0.39999999999999997,0.0,0.39999999999999997,0.0
45.939454,"[185.85179138183594, 4.499899387359619, 0.0]","[234.0887451171875, 4.5, 0.0]",6.529937744184665,8.668498992919922,8.67332081895593,1.3256072998420798,-0.012029485777020454,48.197601317723844,2.1602230071588577,-0.8257865906871498,43.697601317723844,-2.1385612487352565,6.4484663009643555,2.1882286071777344,48.10865783691406,True,0,8.63669490814209,8.668498992919922,0.31940460205078125,0.15800811066602488,1.5728882909982154,-0.14660469305204837,"StraightLane index=('>>>', '1S0_0_', 0)",True,135.72216796875,0.00010013580322265625,0.00019836425780256396,"StraightLane index=('>>', '>>>', 0)",True,0.0,True,False,1.3420120477676392,1.426283597946167,0.0,1.426283597946167,True,0.0,0.0,0.4799999999999999,0.0,0.4799999999999999,0.0
45.9585,"[185.9818572998047, 4.499898910522461, 0.0]","[234.26126098632812, 4.5, 0.0]",6.56086921696452,8.673449516296388,8.678077276718518,1.5465736389927542,0.07808702439069748,48.23695373467808,2.1385612487352565,-1.0830879211800593,43.73695373467808,-2.112580299331868,6.457799434661865,2.1882286071777344,48.10865783691406,True,0,8.6460280418396,8.673449516296388,0.31940460205078125,0.15800811066602488,1.5728882909982154,-0.14660469305204837,"StraightLane index=('>>>', '1S0_0_', 0)",True,135.85179138183594,0.00010061264038085938,0.00020599365232560273,"StraightLane index=('>>', '>>>', 0)",True,0.0,True,False,1.3420120477676392,1.426283597946167,0.0,1.426283597946167,True,0.0,0.0,0.5599999999999999,0.0,0.5599999999999999,0.0
45.979141,"[186.11245727539062, 4.499898433685303, 0.0]","[234.43505859375, 4.5, 0.0]",6.5962181091786,8.678437232971191,8.68321481727329,1.767444610703972,0.3445284366607666,48.279403685773104,2.112580299331868,-1.2990474701694232,43.779403685773104,-2.0822191237925916,6.490649223327637,2.1882286071777344,48.10865783691406,True,0,8.678877830505371,8.678437232971191,0.31940460205078125,0.15800811066602488,1.5728882909982154,-0.14660469305204837,"StraightLane index=('>>>', '1S0_0_', 0)",True,135.9818572998047,0.0001010894775390625,0.0002212524414225692,"StraightLane index=('>>', '>>>', 0)",True,0.0,True,False,1.3420120477676392,1.426283597946167,0.0,1.426283597946167,True,0.0,0.0,0.64,0.0,0.64,0.0
45.998998,"[186.24366760253906, 4.4998979568481445, 0.0]","[234.60841369628906, 4.5, 0.0]",6.635986328174437,8.683412551879883,8.688160635049869,1.9884109497918523,0.46144235134124756,48.32260131760688,2.0822191237925916,-1.5180587769638265,43.82260131760688,-2.047426223705446,6.506359100341797,2.1882286071777344,48.10865783691406,True,0,8.694587707519531,8.683412551879883,0.25341033935546875,0.1510766614768638,1.4819037068854035,-0.05562010893923652,"StraightLane index=('>>>', '1S0_0_', 0)",True,136.11245727539062,0.00010156631469726562,0.0002212524414225692,"StraightLane index=('>>', '>>>', 0)",True,0.0,True,False,1.3420120477676392,1.426283597946167,0.0,1.426283597946167,True,0.0,0.0,0.7200000000000001,0.0,0.7200000000000001,0.0
46.019558,"[186.37559509277344, 4.499897480010986, 0.0]","[234.78323364257812, 4.5, 0.0]",6.680173873952037,8.687532424926758,8.691985189049744,2.209377288879999,0.7755601406097412,48.364746092995354,2.047426223705446,-1.739645004357282,43.864746092995354,-2.007358550974721,6.556244373321533,2.082219123840332,48.322601318359375,True,0,8.638463497161865,8.687532424926758,0.25341033935546875,0.1510766614768638,1.4819037068854035,-0.05562010893923652,"StraightLane index=('>>>', '1S0_0_', 0)",True,136.24366760253906,0.00010204315185546875,0.0002212524414225692,"StraightLane index=('>>', '>>>', 0)",True,0.0,True,False,1.3420120477676392,1.426283597946167,0.0,1.426283597946167,True,0.0,0.0,0.8000000000000002,0.0,0.8000000000000002,0.0
46.040044,"[186.50831604003906, 4.499897003173828, 0.0]","[234.9570770263672, 4.5, 0.0]",6.727186203054508,8.691189765930176,8.695734879362258,2.3506164551235553,0.9080801010131836,48.40763854904788,2.007358550974721,-2.003383636536249,43.90763854904788,-1.9640035628756678,6.577901363372803,2.082219123840332,48.322601318359375,True,0,8.660120487213135,8.691189765930176,0.25341033935546875,0.1510766614768638,1.4819037068854035,-0.12008110175234687,"StraightLane index=('>>>', '1S0_0_', 0)",True,136.37559509277344,0.00010251998901367188,0.0002212524414225692,"StraightLane index=('>>', '>>>', 0)",True,0.0,True,False,1.338424801826477,1.3618226051330566,0.0,1.3618226051330566,True,0.0,0.0,0.8511391282081604,0.0,0.8511391282081604,0.0
46.05863,"[186.6419219970703, 4.49989652633667, 0.0]","[235.13003540039062, 4.5, 0.0]",6.774198532157878,8.694828987121582,8.699138681009883,2.350616455168497,1.1431151628494263,48.44876098553011,1.9640035628756678,-2.167749404952657,43.94876098553011,-1.920630454963704,6.621684551239014,2.082219123840332,48.322601318359375,True,0,8.703903675079346,8.694828987121582,0.25341033935546875,0.1510766614768638,1.4819037068854035,-0.12008110175234687,"StraightLane index=('>>>', '1S0_0_', 0)",True,136.50831604003906,0.000102996826171875,0.000228881835945608,"StraightLane index=('>>', '>>>', 0)",True,0.0,True,False,1.338424801826477,1.3618226051330566,0.0,1.3618226051330566,True,0.0,0.0,0.8511391282081604,0.0,0.8511391282081604,0.0
46.079506,"[186.77645874023438, 4.499896049499512, 0.0]","[235.30438232421875, 4.5, 0.0]",6.821210861261827,8.698497772216797,8.702950232823705,2.3506164551974518,1.445578932762146,48.48811340252008,1.920630454963704,-2.1686553955981847,43.98811340252008,-1.87728691095497,6.678036689758301,2.082219123840332,48.322601318359375,True,0,8.760255813598633,8.698497772216797,0.25341033935546875,0.1510766614768638,1.4819037068854035,-0.12008110175234687,"StraightLane index=('>>>', '1S0_0_', 0)",True,136.6419219970703,0.00010347366333007812,0.000228881835945608,"StraightLane index=('>>', '>>>', 0)",True,0.0,True,False,1.338424801826477,1.3618226051330566,0.0,1.3618226051330566,True,0.0,0.0,0.8511391282081604,0.0,0.8511391282081604,0.0
46.100215,"[186.9119415283203, 4.4998955726623535, 0.0]","[235.4879150390625, 4.5, 0.0]",6.868223190363915,8.702359199523926,8.706731094821698,2.350616455104415,1.6506481170654297,48.52792358318192,1.87728691095497,-2.1671772004367096,44.02792358318192,-1.8341360091600105,6.729285717010498,2.082219123840332,48.322601318359375,True,0,8.81150484085083,8.702359199523926,0.1894664764404297,0.14260032200459247,1.3347887279585993,0.027033877174457377,"StraightLane index=('>>>', '1S0_0_', 0)",True,136.77645874023438,0.00010395050048828125,0.000228881835945608,"StraightLane index=('>>', '>>>', 0)",True,0.0,True,False,1.338424801826477,1.3618226051330566,0.0,1.3618226051330566,True,0.0,0.0,0.8511391282081604,0.0,0.8511391282081604,0.0
46.119901,"[187.04837036132812, 4.499895095825195, 0.0]","[235.65750122070312, 4.5, 0.0]",6.915235519466113,8.705056190490723,8.709113151639578,2.3506164551098774,1.8401137590408325,48.57597350989727,1.8341360091600105,-2.1575450897479698,44.07597350989727,-1.7898206710246098,6.782932758331299,2.082219123840332,48.322601318359375,True,0,8.86515188217163,8.705056190490723,0.1894664764404297,0.14260032200459247,1.3347887279585993,0.027033877174457377,"StraightLane index=('>>>', '1S0_0_', 0)",True,136.9119415283203,0.00010442733764648438,0.00023651123046864676,"StraightLane index=('>>', '>>>', 0)",True,0.0,True,False,1.338424801826477,1.3618226051330566,0.0,1.3618226051330566,True,0.0,0.0,0.8511391282081604,0.0,0.8511391282081604,0.0
46.139416,"[187.18572998046875, 4.499894618988037, 0.0]","[235.82723999023438, 4.5, 0.0]",6.9653606415358915,8.707413673400879,8.711474536217743,2.5062561034889352,2.071686029434204,48.609130858683685,1.7898206710246098,-2.2157669067700336,44.109130858683685,-1.7420530318649874,6.845462799072266,1.8341360092163086,48.57597351074219,True,0,8.679598808288574,8.707413673400879,0.1894664764404297,0.14260032200459247,1.3347887279585993,0.11724753359993345,"StraightLane index=('>>>', '1S0_0_', 0)",True,137.04837036132812,0.0001049041748046875,0.00020599365232560273,"StraightLane index=('>>', '>>>', 0)",True,0.0,True,False,1.338424801826477,1.4520362615585327,0.0,1.4520362615585327,True,0.0,0.0,0.907522663474083,0.0,0.907522663474083,0.0
46.159245,"[187.32403564453125, 4.499894142150879, 0.0]","[236.00482177734375, 4.5, 0.0]",7.015485763604962,8.709879875183105,8.713872655059234,2.5062561034535413,2.1837127208709717,48.64151000903464,1.7420530318649874,-2.3883819579811227,44.14151000903464,-1.6943941115781431,6.899046421051025,1.8341360092163086,48.57597351074219,True,0,8.733182430267334,8.709879875183105,0.1894664764404297,0.14260032200459247,1.3347887279585993,0.11724753359993345,"StraightLane index=('>>>', '1S0_0_', 0)",True,137.18572998046875,0.00010538101196289062,0.00021362304684864153,"StraightLane index=('>>', '>>>', 0)",True,0.0,True,False,1.338424801826477,1.4520362615585327,0.0,1.4520362615585327,True,0.0,0.0,0.907522663474083,0.0,0.907522663474083,0.0
46.179629,"[187.46334838867188, 4.499893665313721, 0.0]","[236.1798858642578, 4.5, 0.0]",7.065610885673494,8.715645790100098,8.71633961757918,2.506256103426585,2.3523480892181396,48.68078613211729,1.6943941115781431,-2.382946014342213,44.18078613211729,-1.6500349044266036,6.961533069610596,1.8341360092163086,48.57597351074219,True,0,8.795669078826904,8.715645790100098,0.1894664764404297,0.14260032200459247,1.3347887279585993,0.11724753359993345,"StraightLane index=('>>>', '1S0_0_', 0)",True,137.32403564453125,0.00010585784912109375,0.00020599365232560273,"StraightLane index=('>>', '>>>', 0)",True,0.0,True,False,1.338424801826477,1.4520362615585327,0.0,1.4520362615585327,True,0.0,0.0,0.907522663474083,0.0,0.907522663474083,0.0
46.199693,"[187.60365295410156, 4.4998931884765625, 0.0]","[236.35394287109375, 4.5, 0.0]",7.1157360077427345,8.711394309997559,8.71876186418751,2.5062561034620234,2.4118330478668213,48.71653747488879,1.6500349044266036,-2.2179603575769757,44.21653747488879,-1.595658302254824,7.0149054527282715,1.8341360092163086,48.57597351074219,True,0,8.84904146194458,8.711394309997559,0.09035110473632812,0.1315025784699047,1.1686804749355404,0.2833557866229923,"StraightLane index=('>>>', '1S0_0_', 0)",True,137.46334838867188,0.00010633468627929688,0.00020599365232560273,"StraightLane index=('>>', '>>>', 0)",True,0.0,True,False,1.338424801826477,1.4520362615585327,0.0,1.4520362615585327,True,0.0,0.0,0.907522663474083,0.0,0.907522663474083,0.0
46.219217,"[187.74496459960938, 4.499892711639404, 0.0]","[236.5245361328125, 4.5, 0.0]",7.165861129813386,8.719608306884766,8.7199552371796,2.506256103532589,2.460113763809204,48.750289916293106,1.595658302254824,-2.7188301085889766,44.250289916293106,-1.5537471770713793,7.068235874176025,2.6176986694335938,37.56849670410156,False,-1,9.68593454360962,8.719608306884766,0.09035110473632812,0.1315025784699047,1.1686804749355404,0.2833557866229923,"StraightLane index=('>>>', '1S0_0_', 0)",True,137.60365295410156,0.0001068115234375,0.00020599365232560273,"StraightLane index=('>>', '>>>', 0)",True,0.0,True,False,1.3172705173492432,1.4520362615585327,0.0,1.4520362615585327,True,0.0,0.0,0.907522663474083,0.0,0.907522663474083,0.0
46.239917,"[187.8872833251953, 4.499892234802246, 0.0]","[236.70346069335938, 4.5, 0.0]",7.207149505671203,8.714171409606934,8.721197613739712,2.064418792890832,2.497502326965332,48.77957153234466,1.5537471770713793,-2.0955562591722376,44.27957153234466,-1.5070219039357307,7.121334552764893,2.6176986694335938,37.56849670410156,False,-1,9.739033222198486,8.714171409606934,0.09035110473632812,0.1315025784699047,1.1686804749355404,-1.1686804749355404,"StraightLane index=('>>>', '1S0_0_', 0)",True,137.74496459960938,0.00010728836059570312,0.00023651123046864676,"StraightLane index=('>>', '>>>', 0)",True,0.0,True,False,1.3172705173492432,0.0,0.0,0.0,True,0.0,0.0,0.747522663474083,0.0,0.747522663474083,0.0
46.259073,"[188.0305938720703, 4.499891757965088, 0.0]","[236.87672424316406, 4.5, 0.0]",7.239601135312134,8.722031593322754,8.722347463520197,1.62258148204657,2.524883270263672,48.8161773672617,1.5070219039357307,-2.3362636567824335,44.3161773672617,-1.4824304580106196,7.174079418182373,2.6176986694335938,37.56849670410156,False,-1,9.791778087615967,8.722031593322754,0.09035110473632812,0.1315025784699047,1.1686804749355404,-1.1686804749355404,"StraightLane index=('>>>', '1S0_0_', 0)",True,137.8872833251953,0.00010776519775390625,0.00024414062499168555,"StraightLane index=('>>', '>>>', 0)",True,0.0,True,False,1.3172705173492432,0.0,0.0,0.0,True,0.0,0.0,0.5875226634740831,0.0,0.5875226634740831,0.0
46.279965,"[188.17474365234375, 4.49989128112793, 0.0]","[237.04727172851562, 4.5, 0.0]",7.2632141113878665,8.716536521911621,8.723599997300258,1.1806488037866103,2.5296664237976074,48.84613037023078,1.4824304580106196,-1.2295722962555544,44.34613037023078,-1.4533224105237545,7.2249555587768555,2.6176986694335938,37.56849670410156,False,-1,9.84265422821045,8.716536521911621,0.09035110473632812,0.1315025784699047,1.1686804749355404,-1.1686804749355404,"StraightLane index=('>>>', '1S0_0_', 0)",True,138.0305938720703,0.00010824203491210938,0.00023651123046864676,"StraightLane index=('>>', '>>>', 0)",True,0.0,True,False,1.3172705173492432,0.0,0.0,0.0,True,0.0,0.0,0.42752266347408313,0.0,0.42752266347408313,0.0
46.299208,"[188.3195343017578, 4.4998908042907715, 0.0]","[237.22145080566406, 4.5, 0.0]",7.27799034124848,8.72440242767334,8.724755160379642,0.7388114930306777,2.4880311489105225,48.87252807530672,1.4533224105237545,-1.455402374343251,44.37252807530672,-1.4464120864248597,7.270905494689941,2.6176986694335938,37.56849670410156,False,-1,9.888604164123535,8.72440242767334,0.1300811767578125,0.12290516180943767,1.0630730179855965,-1.0630730179855965,"StraightLane index=('>>>', '1S0_0_', 0)",True,138.17474365234375,0.0001087188720703125,0.00023651123046864676,"StraightLane index=('>>', '>>>', 0)",True,0.0,True,False,1.3172705173492432,0.0,0.0,0.0,True,0.0,0.0,0.2675226634740831,0.0,0.2675226634740831,0.0
46.319238,"[188.4647979736328, 4.499890327453613, 0.0]","[237.39645385742188, 4.5, 0.0]",7.283929824893582,8.718212127685549,8.724915696133918,0.2969741822551164,2.391228199005127,48.90191650303887,1.4464120864248597,-0.3455162049447402,44.40191650303887,-1.4342823027919662,7.3099799156188965,2.6176986694335938,37.56849670410156,False,-1,9.92767858505249,8.718212127685549,0.1300811767578125,0.12290516180943767,1.0630730179855965,-1.0630730179855965,"StraightLane index=('>>>', '1S0_0_', 0)",True,138.3195343017578,0.00010919570922851562,0.00023651123046864676,"StraightLane index=('>>', '>>>', 0)",True,0.0,True,False,1.3172705173492432,0.0,0.0,0.0,True,0.0,0.0,0.10752266347408308,0.0,0.10752266347408308,0.0
46.339878,"[188.6103515625, 4.499889850616455, 0.0]","[237.5751953125, 4.5, 0.0]",7.276657104559552,8.725003242492676,8.725039539079997,-0.36363601670150736,2.130638360977173,48.93165588274652,1.4342823027919662,-0.606489181644676,44.43165588274652,-1.4483461379331235,7.352053165435791,2.6176986694335938,37.56849670410156,False,-1,9.969751834869385,8.725003242492676,0.1300811767578125,0.12290516180943767,1.0630730179855965,-1.0630730179855965,"StraightLane index=('>>>', '1S0_0_', 0)",True,138.4647979736328,0.00010967254638671875,0.0002670288085608019,"StraightLane index=('>>', '>>>', 0)",True,0.0,True,False,1.3172705173492432,0.0,0.0,0.0,True,0.0,0.0,0.0,-0.0,0.0,-0.0
46.35867,"[188.7560272216797, 4.499889373779297, 0.0]","[237.74485778808594, 4.5, 0.0]",7.269384384224724,8.718452453613281,8.725152309241938,-0.363636016741431,1.8870856761932373,48.96484374899949,1.4483461379331235,0.7031917570578639,44.46484374899949,-1.4490680693885576,7.367976188659668,2.6176986694335938,37.56849670410156,False,-1,9.985674858093262,8.718452453613281,0.1300811767578125,0.12290516180943767,1.0630730179855965,-1.0630730179855965,"StraightLane index=('>>>', '1S0_0_', 0)",True,138.6103515625,0.00011014938354492188,0.000259399414088652,"StraightLane index=('>>', '>>>', 0)",True,0.0,True,False,1.3172705173492432,0.0,0.0,0.0,True,0.0,0.0,0.0,-0.0,0.0,-0.0
46.380121,"[188.9015655517578, 4.499888896942139, 0.0]","[237.92404174804688, 4.5, 0.0]",7.262111663889537,8.72524356842041,8.725280955313997,-0.3636360167593278,1.737423300743103,48.98883056540334,1.4490680693885576,0.036096572771704416,44.48883056540334,-1.463131904530873,7.371147155761719,2.6176986694335938,37.56849670410156,False,-1,9.988845825195312,8.72524356842041,0.1300811767578125,0.12290516180943767,1.0630730179855965,-1.0630730179855965,"StraightLane index=('>>>', '1S0_0_', 0)",True,138.7560272216797,0.000110626220703125,0.000259399414088652,"StraightLane index=('>>', '>>>', 0)",True,0.0,True,False,1.3172705173492432,0.0,0.0,0.0,True,0.0,0.0,0.0,-0.0,0.0,-0.0
46.400296,"[189.0469512939453, 4.4998884201049805, 0.0]","[238.09814453125, 4.5, 0.0]",7.2548389435552325,8.718694686889648,8.725384469802735,-0.3636360167152297,1.2447131872177124,49.022476195283645,1.463131904530873,0.7031917571157731,44.522476195283645,-1.463855743334416,7.366778373718262,2.6176986694335938,37.56849670410156,False,-1,9.984477043151855,8.718694686889648,-0.05707740783691406,0.10861693635420192,1.0601231695215723,-1.0601231695215723,"StraightLane index=('>>>', '1S0_0_', 0)",True,138.9015655517578,0.00011110305786132812,0.000259399414088652,"StraightLane index=('>>', '>>>', 0)",True,0.0,True,False,1.3172705173492432,0.0,0.0,0.0,True,0.0,0.0,0.0,-0.0,0.0,-0.0
46.419701,"[189.19219970703125, 4.499887943267822, 0.0]","[238.27359008789062, 4.5, 0.0]",7.247566223222562,8.724757194519043,8.72449190236245,-0.3636360166335173,0.9039198756217957,49.051193236251954,1.463855743334416,0.03619194017714378,44.551193236251954,-1.4771909712964808,7.3541693687438965,2.6176986694335938,37.56849670410156,False,-1,9.97186803817749,8.724757194519043,-0.05707740783691406,0.10861693635420192,1.0601231695215723,-1.0601231695215723,"StraightLane index=('>>>', '1S0_0_', 0)",True,139.0469512939453,0.00011157989501953125,0.0002670288085608019,"StraightLane index=('>>', '>>>', 0)",True,0.0,True,False,1.3172705173492432,0.0,0.0,0.0,True,0.0,0.0,0.0,-0.0,0.0,-0.0
46.439679,"[189.33729553222656, 4.499887466430664, 0.0]","[238.4479522705078, 4.5, 0.0]",7.240293502890955,8.717169761657715,8.723573394004617,-0.3636360165803598,0.7402943968772888,49.08139037971159,1.4771909712964808,0.6667613981032439,44.58139037971159,-1.4768762587667599,7.346043586730957,3.262392044067383,35.19443130493164,False,-1,10.60843563079834,8.717169761657715,-0.05707740783691406,0.10861693635420192,1.0601231695215723,-1.0601231695215723,"StraightLane index=('>>>', '1S0_0_', 0)",True,139.19219970703125,0.00011205673217773438,0.00028228759765776837,"StraightLane index=('>>', '>>>', 0)",True,0.0,True,False,1.3058332204818726,0.0,0.0,0.0,True,0.0,0.0,0.0,-0.0,0.0,-0.0
46.458607,"[189.4822540283203, 4.499886989593506, 0.0]","[238.6172332763672, 4.5, 0.0]",7.2330207825578325,8.722945213317871,8.722701804128429,-0.36363601665612144,0.30625012516975403,49.11065673713076,1.4768762587667599,-0.015735626486046428,44.61065673713076,-1.4899244307600386,7.318216323852539,3.262392044067383,35.19443130493164,False,-1,10.580608367919922,8.722945213317871,-0.05707740783691406,0.10861693635420192,1.0601231695215723,-1.0601231695215723,"StraightLane index=('>>>', '1S0_0_', 0)",True,139.33729553222656,0.0001125335693359375,0.00028228759765776837,"StraightLane index=('>>', '>>>', 0)",True,0.0,True,False,1.3058332204818726,0.0,0.0,0.0,True,0.0,0.0,0.0,-0.0,0.0,-0.0
46.479823,"[189.62705993652344, 4.499886512756348, 0.0]","[238.79302978515625, 4.5, 0.0]",7.225748062223489,8.715350151062012,8.721726461896045,-0.3636360167171837,0.17923502624034882,49.13497924684602,1.4899244307600386,0.6524085996639339,44.63497924684602,-1.4896020888385229,7.30795431137085,3.262392044067383,35.19443130493164,False,-1,10.570346355438232,8.715350151062012,-0.05707740783691406,0.10861693635420192,1.0601231695215723,-1.0601231695215723,"StraightLane index=('>>>', '1S0_0_', 0)",True,139.4822540283203,0.00011301040649414062,0.00028991699218080717,"StraightLane index=('>>', '>>>', 0)",True,0.0,True,False,1.3058332204818726,0.0,0.0,0.0,True,0.0,0.0,0.0,-0.0,0.0,-0.0
46.499499,"[189.77171325683594, 4.4998860359191895, 0.0]","[238.97052001953125, 4.5, 0.0]",7.218475341888489,8.72108268737793,8.720821181206684,-0.3636360167500019,-0.03839860484004021,49.16596984752389,1.4896020888385229,-0.016117096075785042,44.66596984752389,-1.5026073454894409,7.287609100341797,3.262392044067383,35.19443130493164,False,-1,10.55000114440918,8.72108268737793,0.0238800048828125,0.09859104288968015,1.0752858174578168,-1.0752858174578168,"StraightLane index=('>>>', '1S0_0_', 0)",True,139.62705993652344,0.00011348724365234375,0.0002746582031347296,"StraightLane index=('>>', '>>>', 0)",True,0.0,True,False,1.3058332204818726,0.0,0.0,0.0,True,0.0,0.0,0.0,-0.0,0.0,-0.0
46.520132,"[189.91622924804688, 4.499885082244873, 0.0]","[239.1458282470703, 4.5, 0.0]",7.211202621552984,8.712860107421875,8.718964516259538,-0.36363601677522617,-0.28622570633888245,49.19880676148881,1.5026073454894409,0.6502628325459003,44.69880676148881,-1.5016574858688907,7.257782459259033,3.262392044067383,35.19443130493164,False,-1,10.520174503326416,8.712860107421875,0.0238800048828125,0.09859104288968015,1.0752858174578168,-1.0752858174578168,"StraightLane index=('>>>', '1S0_0_', 0)",True,139.77171325683594,0.00011396408081054688,0.00028991699218080717,"StraightLane index=('>>', '>>>', 0)",True,0.0,True,False,1.3058332204818726,0.0,0.0,0.0,True,0.0,0.0,0.0,-0.0,0.0,-0.0
46.539855,"[190.0605926513672, 4.499884128570557, 0.0]","[239.31768798828125, 4.5, 0.0]",7.203929901218517,8.717734336853027,8.71716929019008,-0.36363601672335655,-0.349838525056839,49.22959899776282,1.5016574858688907,-0.04749298102750821,44.72959899776282,-1.5138044356345102,7.248247146606445,3.262392044067383,35.19443130493164,False,-1,10.510639190673828,8.717734336853027,0.0238800048828125,0.09859104288968015,1.0752858174578168,-1.0752858174578168,"StraightLane index=('>>>', '1S0_0_', 0)",True,139.91622924804688,0.00011491775512695312,0.00029754638670384596,"StraightLane index=('>>', '>>>', 0)",True,0.0,True,False,1.3058332204818726,0.0,0.0,0.0,True,0.0,0.0,0.0,-0.0,0.0,-0.0
46.559177,"[190.20481872558594, 4.49988317489624, 0.0]","[239.4937286376953, 4.5, 0.0]",7.1966571808832125,8.709228515625,8.715410283487564,-0.36363601676523416,-0.47775453329086304,49.257095335648124,1.5138044356345102,0.6073474882809737,44.757095335648124,-1.5125713347417875,7.222902297973633,3.262392044067383,35.19443130493164,False,-1,10.485294342041016,8.709228515625,0.0238800048828125,0.09859104288968015,1.0752858174578168,-1.0752858174578168,"StraightLane index=('>>>', '1S0_0_', 0)",True,140.0605926513672,0.00011587142944335938,0.00029754638670384596,"StraightLane index=('>>', '>>>', 0)",True,0.0,True,False,1.3058332204818726,0.0,0.0,0.0,True,0.0,0.0,0.0,-0.0,0.0,-0.0
46.579429,"[190.34889221191406, 4.499882221221924, 0.0]","[239.66383361816406, 4.5, 0.0]",7.189384460547436,8.714119911193848,8.713568518561992,-0.3636360167888153,-0.5111461877822876,49.28890991083805,1.5125713347417875,-0.06165504463613303,44.78890991083805,-1.5247354506464115,7.2146220207214355,3.262392044067383,35.19443130493164,False,-1,10.477014064788818,8.714119911193848,0.0238800048828125,0.09859104288968015,1.0752858174578168,-1.0752858174578168,"StraightLane index=('>>>', '1S0_0_', 0)",True,140.20481872558594,0.00011682510375976562,0.00029754638670384596,"StraightLane index=('>>', '>>>', 0)",True,0.0,True,False,1.3058332204818726,0.0,0.0,0.0,True,0.0,0.0,0.0,-0.0,0.0,-0.0
46.599599,"[190.49282836914062, 4.499881267547607, 0.0]","[239.8423309326172, 4.5, 0.0]",7.182111740210953,8.705588340759277,8.711735625864979,-0.3636360168241648,-0.547767162322998,49.314941404973375,1.5247354506464115,0.6082057952311981,44.814941404973375,-1.5234766005483245,7.2003607749938965,3.262392044067383,35.19443130493164,False,-1,10.46275281906128,8.705588340759277,-0.15494346618652344,0.08330891728418381,1.0735687076405949,-1.0735687076405949,"StraightLane index=('>>>', '1S0_0_', 0)",True,140.34889221191406,0.00011777877807617188,0.00029754638670384596,"StraightLane index=('>>', '>>>', 0)",True,0.0,True,False,1.3058332204818726,0.0,0.0,0.0,True,0.0,0.0,0.0,-0.0,0.0,-0.0
46.619901,"[190.63661193847656, 4.499880313873291, 0.0]","[240.0174102783203, 4.5, 0.0]",7.174839019874407,8.709854125976562,8.709067058039807,-0.3636360168272734,-0.5620142817497253,49.34950256214414,1.5234766005483245,-0.06294250490435083,44.84950256214414,-1.535015106102155,7.187859058380127,3.262392044067383,35.19443130493164,False,-1,10.45025110244751,8.709854125976562,-0.15494346618652344,0.08330891728418381,1.0735687076405949,-1.0735687076405949,"StraightLane index=('>>>', '1S0_0_', 0)",True,140.49282836914062,0.00011873245239257812,0.0003051757812268847,"StraightLane index=('>>', '>>>', 0)",True,0.0,True,False,1.3058332204818726,0.0,0.0,0.0,True,0.0,0.0,0.0,-0.0,0.0,-0.0
46.640684,"[190.78025817871094, 4.499879360198975, 0.0]","[240.19187927246094, 4.5, 0.0]",7.167566299537659,8.700540542602546,8.706332937947684,-0.36363601683744307,-0.558786153793335,49.38079833855633,1.535015106102155,0.5769252776915312,44.88079833855633,-1.5329742430648876,7.176974296569824,1.755915641784668,38.4390983581543,False,-1,8.932889938354492,8.700540542602546,-0.15494346618652344,0.08330891728418381,1.0735687076405949,-1.0735687076405949,"StraightLane index=('>>>', '1S0_0_', 0)",True,140.63661193847656,0.00011968612670898438,0.00029754638670384596,"StraightLane index=('>>', '>>>', 0)",True,0.0,True,False,1.312703251838684,0.0,0.0,0.0,True,0.0,0.0,0.0,-0.0,0.0,-0.0
46.659733,"[190.9237518310547, 4.499878406524658, 0.0]","[240.36439514160156, 4.5, 0.0]",7.160293579199252,8.70459270477295,8.703808896252745,-0.3636360169203101,-0.5440752506256104,49.41162109255592,1.5329742430648876,-0.10204315186337354,44.91162109255592,-1.5442991255736969,7.167447090148926,1.755915641784668,38.4390983581543,False,-1,8.923362731933594,8.70459270477295,-0.15494346618652344,0.08330891728418381,1.0735687076405949,-1.0735687076405949,"StraightLane index=('>>>', '1S0_0_', 0)",True,140.78025817871094,0.00012063980102539062,0.00028228759765776837,"StraightLane index=('>>', '>>>', 0)",True,0.0,True,False,1.312703251838684,0.0,0.0,0.0,True,0.0,0.0,0.0,-0.0,0.0,-0.0
46.679706,"[191.06710815429688, 4.499877452850342, 0.0]","[240.53904724121094, 4.5, 0.0]",7.153020858861427,8.698610305786133,8.701173714648094,-0.3636360168912667,-0.5125882029533386,49.44064330929868,1.5442991255736969,0.5662441254404627,44.94064330929868,-1.5455894469247058,7.154734134674072,1.755915641784668,38.4390983581543,False,-1,8.91064977645874,8.698610305786133,-0.15494346618652344,0.08330891728418381,1.0735687076405949,-1.0735687076405949,"StraightLane index=('>>>', '1S0_0_', 0)",True,140.9237518310547,0.00012159347534179688,0.00028991699218080717,"StraightLane index=('>>', '>>>', 0)",True,0.0,True,False,1.312703251838684,0.0,0.0,0.0,True,0.0,0.0,0.0,-0.0,0.0,-0.0
46.699674,"[191.21031188964844, 4.499876499176025, 0.0]","[240.71315002441406, 4.5, 0.0]",7.145748138523941,8.692635536193848,8.698539987155911,-0.36363601687430247,-0.502007782459259,49.47193908566064,1.5455894469247058,0.06451606755044637,44.97193908566064,-1.5468873976699067,7.1507182121276855,1.755915641784668,38.4390983581543,False,-1,8.906633853912354,8.692635536193848,-0.12952804565429688,0.07044454395786504,1.0759213524433044,-1.0759213524433044,"StraightLane index=('>>>', '1S0_0_', 0)",True,141.06710815429688,0.00012254714965820312,0.00028991699218080717,"StraightLane index=('>>', '>>>', 0)",True,0.0,True,False,1.312703251838684,0.0,0.0,0.0,True,0.0,0.0,0.0,-0.0,0.0,-0.0
46.719607,"[191.35337829589844, 4.499875545501709, 0.0]","[240.88320922851562, 4.5, 0.0]",7.13847541818499,8.696196556091309,8.695149918654863,-0.3636360169475328,-0.4760187268257141,49.502838133604826,1.5468873976699067,0.06489753726004466,45.002838133604826,-1.5577211379063183,7.1435770988464355,1.755915641784668,38.4390983581543,False,-1,8.899492740631104,8.696196556091309,-0.12952804565429688,0.07044454395786504,1.0759213524433044,-1.0759213524433044,"StraightLane index=('>>>', '1S0_0_', 0)",True,141.21031188964844,0.00012350082397460938,0.0002746582031347296,"StraightLane index=('>>', '>>>', 0)",True,0.0,True,False,1.312703251838684,0.0,0.0,0.0,True,0.0,0.0,0.0,-0.0,0.0,-0.0
46.739606,"[191.4962921142578, 4.499874591827393, 0.0]","[241.05697631835938, 4.5, 0.0]",7.131202697846756,8.68610954284668,8.691733391660254,-0.3636360169116948,-0.4540717303752899,49.52983093140288,1.5577211379063183,0.5416870118205797,45.02983093140288,-1.5549068449999233,7.136511325836182,1.755915641784668,38.4390983581543,False,-1,8.89242696762085,8.68610954284668,-0.12952804565429688,0.07044454395786504,1.0759213524433044,-1.0759213524433044,"StraightLane index=('>>>', '1S0_0_', 0)",True,141.35337829589844,0.00012445449829101562,0.00028228759765776837,"StraightLane index=('>>', '>>>', 0)",True,0.0,True,False,1.312703251838684,0.0,0.0,0.0,True,0.0,0.0,0.0,-0.0,0.0,-0.0
46.759163,"[191.63906860351562, 4.499873638153076, 0.0]","[241.22958374023438, 4.5, 0.0]",7.12392997750877,8.68938159942627,8.688378586435999,-0.3636360168993047,-0.41681694984436035,49.56068420288218,1.5549068449999233,-0.14071464531975053,45.06068420288218,-1.5654516219174992,7.127152442932129,1.755915641784668,38.4390983581543,False,-1,8.883068084716797,8.68938159942627,-0.12952804565429688,0.07044454395786504,1.0759213524433044,-1.0759213524433044,"StraightLane index=('>>>', '1S0_0_', 0)",True,141.4962921142578,0.00012540817260742188,0.00028228759765776837,"StraightLane index=('>>', '>>>', 0)",True,0.0,True,False,1.312703251838684,0.0,0.0,0.0,True,0.0,0.0,0.0,-0.0,0.0,-0.0
46.781075,"[191.7816925048828, 4.49987268447876, 0.0]","[241.4091033935547, 4.5, 0.0]",7.116657257171125,8.679180145263672,8.684629881857388,-0.36363601688225167,-0.41117045283317566,49.59051513549431,1.5654516219174992,0.5272388458787969,45.09051513549431,-1.5625228880925466,7.123576641082764,1.755915641784668,38.4390983581543,False,-1,8.879492282867432,8.679180145263672,-0.12952804565429688,0.07044454395786504,1.0759213524433044,-1.0759213524433044,"StraightLane index=('>>>', '1S0_0_', 0)",True,141.63906860351562,0.00012636184692382812,0.00028228759765776837,"StraightLane index=('>>', '>>>', 0)",True,0.0,True,False,1.312703251838684,0.0,0.0,0.0,True,0.0,0.0,0.0,-0.0,0.0,-0.0
46.799987,"[191.92416381835938, 4.499871730804443, 0.0]","[241.57882690429688, 4.5, 0.0]",7.1093845368336135,8.68250846862793,8.68139387280395,-0.36363601687559033,-0.3798716366291046,49.62741088749136,1.5625228880925466,-0.14643669124763115,45.12741088749136,-1.5731239317943162,7.114828109741211,1.755915641784668,38.4390983581543,False,-1,8.870743751525879,8.68250846862793,-0.10127067565917969,0.059855615914007246,1.082386171580313,-1.082386171580313,"StraightLane index=('>>>', '1S0_0_', 0)",True,141.7816925048828,0.00012731552124023438,0.0002746582031347296,"StraightLane index=('>>', '>>>', 0)",True,0.0,True,False,1.312703251838684,0.0,0.0,0.0,True,0.0,0.0,0.0,-0.0,0.0,-0.0
46.819434,"[192.06649780273438, 4.499870777130127, 0.0]","[241.7520294189453, 4.5, 0.0]",7.102111816494801,8.671941757202148,8.677370909569465,-0.363636016940605,-0.37682104110717773,49.65466308470288,1.5731239317943162,0.530052185088481,45.15466308470288,-1.569829940707347,7.111349582672119,1.755915641784668,38.4390983581543,False,-1,8.867265224456787,8.671941757202148,-0.10127067565917969,0.059855615914007246,1.082386171580313,-1.082386171580313,"StraightLane index=('>>>', '1S0_0_', 0)",True,141.92416381835938,0.00012826919555664062,0.00028228759765776837,"StraightLane index=('>>', '>>>', 0)",True,0.0,True,False,1.312703251838684,0.0,0.0,0.0,True,0.0,0.0,0.0,-0.0,0.0,-0.0
46.839503,"[192.20867919921875, 4.4998698234558105, 0.0]","[241.92568969726562, 4.5, 0.0]",7.094839096155229,8.674464225769043,8.673215403816139,-0.363636016978619,-0.36828669905662537,49.685531615020615,1.569829940707347,-0.1646995543484575,45.185531615020615,-1.579625129613814,7.104796409606934,2.532114028930664,37.13836669921875,False,-1,9.636910438537598,8.674464225769043,-0.10127067565917969,0.059855615914007246,1.082386171580313,-1.082386171580313,"StraightLane index=('>>>', '1S0_0_', 0)",True,142.06649780273438,0.00012922286987304688,0.0002746582031347296,"StraightLane index=('>>', '>>>', 0)",True,0.0,True,False,1.315659761428833,0.0,0.0,0.0,True,0.0,0.0,0.0,-0.0,0.0,-0.0
46.859523,"[192.35072326660156, 4.499869346618652, 0.0]","[242.10223388671875, 4.5, 0.0]",7.087566375817902,8.663581848144531,8.66908076553265,-0.3636360168663533,-0.36067888140678406,49.717010496851614,1.579625129613814,0.4897594453233456,45.217010496851614,-1.5760154723266293,7.098287582397461,2.532114028930664,37.13836669921875,False,-1,9.630401611328125,8.663581848144531,-0.10127067565917969,0.059855615914007246,1.082386171580313,-1.082386171580313,"StraightLane index=('>>>', '1S0_0_', 0)",True,142.20867919921875,0.00013017654418945312,0.0002746582031347296,"StraightLane index=('>>', '>>>', 0)",True,0.0,True,False,1.315659761428833,0.0,0.0,0.0,True,0.0,0.0,0.0,-0.0,0.0,-0.0
46.880395,"[192.49261474609375, 4.499868869781494, 0.0]","[242.2758331298828, 4.5, 0.0]",7.080293655480652,8.666105270385742,8.664750512868224,-0.3636360168624897,-0.3549177646636963,49.75151061891924,1.5760154723266293,-0.18048286435923266,45.25151061891924,-1.58581161490509,7.091753005981445,2.532114028930664,37.13836669921875,False,-1,9.62386703491211,8.666105270385742,-0.10127067565917969,0.059855615914007246,1.082386171580313,-1.082386171580313,"StraightLane index=('>>>', '1S0_0_', 0)",True,142.35072326660156,0.00013065338134765625,0.0002746582031347296,"StraightLane index=('>>', '>>>', 0)",True,0.0,True,False,1.315659761428833,0.0,0.0,0.0,True,0.0,0.0,0.0,-0.0,0.0,-0.0
46.900128,"[192.63436889648438, 4.499868392944336, 0.0]","[242.4488983154297, 4.5, 0.0]",7.073020935142009,8.655305862426758,8.66066582040349,-0.3636360169321673,-0.34398016333580017,49.783218382685185,1.58581161490509,0.48980712892303657,45.283218382685185,-1.582284927284749,7.082345485687256,2.532114028930664,37.13836669921875,False,-1,9.61445951461792,8.655305862426758,-0.27202606201171875,0.04434914215219637,1.0728343448872832,-1.0728343448872832,"StraightLane index=('>>>', '1S0_0_', 0)",True,142.49261474609375,0.00013113021850585938,0.000259399414088652,"StraightLane index=('>>', '>>>', 0)",True,0.0,True,False,1.315659761428833,0.0,0.0,0.0,True,0.0,0.0,0.0,-0.0,0.0,-0.0
46.92005,"[192.77597045898438, 4.499867916107178, 0.0]","[242.62290954589844, 4.5, 0.0]",7.0657482148026425,8.65732479095459,8.655848093358333,-0.36363601696831616,-0.3469506800174713,49.814529417838955,1.582284927284749,-0.17633438101705146,45.314529417838955,-1.5915765761519474,7.078594207763672,2.532114028930664,37.13836669921875,False,-1,9.610708236694336,8.65732479095459,-0.27202606201171875,0.04434914215219637,1.0728343448872832,-1.0728343448872832,"StraightLane index=('>>>', '1S0_0_', 0)",True,142.63436889648438,0.0001316070556640625,0.000259399414088652,"StraightLane index=('>>', '>>>', 0)",True,0.0,True,False,1.315659761428833,0.0,0.0,0.0,True,0.0,0.0,0.0,-0.0,0.0,-0.0
46.93918,"[192.9174346923828, 4.4998674392700195, 0.0]","[242.79078674316406, 4.5, 0.0]",7.058475494464081,8.645958900451662,8.651207464332227,-0.3636360169280817,-0.3490791320800781,49.846939085852405,1.5915765761519474,0.4645824433599177,45.346939085852405,-1.587483405987581,7.071464538574219,2.532114028930664,37.13836669921875,False,-1,9.603578567504883,8.645958900451662,-0.27202606201171875,0.04434914215219637,1.0728343448872832,-1.0728343448872832,"StraightLane index=('>>>', '1S0_0_', 0)",True,142.77597045898438,0.00013208389282226562,0.0002517700195147243,"StraightLane index=('>>', '>>>', 0)",True,0.0,True,False,1.315659761428833,0.0,0.0,0.0,True,0.0,0.0,0.0,-0.0,0.0,-0.0
46.959011,"[193.05874633789062, 4.499866962432861, 0.0]","[242.96495056152344, 4.5, 0.0]",7.051202774125862,8.647753715515137,8.646407519689529,-0.36363601691093983,-0.35020965337753296,49.87335204966997,1.587483405987581,-0.20465850821831388,45.37335204966997,-1.5965509413892747,7.0643768310546875,2.532114028930664,37.13836669921875,False,-1,9.596490859985352,8.647753715515137,-0.27202606201171875,0.04434914215219637,1.0728343448872832,-1.0728343448872832,"StraightLane index=('>>>', '1S0_0_', 0)",True,142.9174346923828,0.00013256072998046875,0.000259399414088652,"StraightLane index=('>>', '>>>', 0)",True,0.0,True,False,1.315659761428833,0.0,0.0,0.0,True,0.0,0.0,0.0,-0.0,0.0,-0.0
46.979812,"[193.19992065429688, 4.499866485595703, 0.0]","[243.1411590576172, 4.5, 0.0]",7.043930053786556,8.636155128479004,8.641376213122218,-0.36363601696529635,-0.35128870606422424,49.90620422251903,1.5965509413892747,0.45337677008467914,45.40620422251903,-1.5922250746924478,7.057297706604004,2.532114028930664,37.13836669921875,False,-1,9.589411735534668,8.636155128479004,-0.27202606201171875,0.04434914215219637,1.0728343448872832,-1.0728343448872832,"StraightLane index=('>>>', '1S0_0_', 0)",True,143.05874633789062,0.00013303756713867188,0.000259399414088652,"StraightLane index=('>>', '>>>', 0)",True,0.0,True,False,1.315659761428833,0.0,0.0,0.0,True,0.0,0.0,0.0,-0.0,0.0,-0.0
46.999605,"[193.3409423828125, 4.499866008758545, 0.0]","[243.31419372558594, 4.5, 0.0]",7.036657333447102,8.637981414794922,8.636584986532513,-0.36363601697271264,-0.35614854097366333,49.941238402204014,1.5922250746924478,-0.21629333484134428,45.441238402204014,-1.60132408134782,7.049778938293457,2.532114028930664,37.13836669921875,False,-1,9.581892967224121,8.637981414794922,-0.17324447631835938,0.03385067126583415,1.0747113241419173,-1.0747113241419173,"StraightLane index=('>>>', '1S0_0_', 0)",True,143.19992065429688,0.000133514404296875,0.000259399414088652,"StraightLane index=('>>', '>>>', 0)",True,0.0,True,False,1.315659761428833,0.0,0.0,0.0,True,0.0,0.0,0.0,-0.0,0.0,-0.0
47.020184,"[193.48182678222656, 4.499865531921387, 0.0]","[243.48739624023438, 4.5, 0.0]",7.029384613109743,8.62592601776123,8.630837908324088,-0.363636016867952,-0.355366975069046,49.97325134165466,1.60132408134782,0.4549503327686111,45.47325134165466,-1.5965414046514876,7.039154052734375,2.532114028930664,37.13836669921875,False,-1,9.571268081665039,8.62592601776123,-0.17324447631835938,0.03385067126583415,1.0747113241419173,-1.0747113241419173,"StraightLane index=('>>>', '1S0_0_', 0)",True,143.3409423828125,0.00013399124145507812,0.000259399414088652,"StraightLane index=('>>', '>>>', 0)",True,0.0,True,False,1.315659761428833,0.0,0.0,0.0,True,0.0,0.0,0.0,-0.0,0.0,-0.0
47.040091,"[193.62255859375, 4.4998650550842285, 0.0]","[243.6601104736328, 4.5, 0.0]",7.022111892772351,8.626985549926758,8.625263877758757,-0.3636360168695951,-0.3604162037372589,50.00556945693415,1.5965414046514876,-0.23913383481661832,45.50556945693415,-1.6048736571544069,7.035070419311523,1.3093042373657227,39.100093841552734,False,-1,8.344374656677246,8.626985549926758,-0.17324447631835938,0.03385067126583415,1.0747113241419173,-1.0747113241419173,"StraightLane index=('>>>', '1S0_0_', 0)",True,143.48182678222656,0.00013446807861328125,0.0002517700195147243,"StraightLane index=('>>', '>>>', 0)",True,0.0,True,False,1.3184338808059692,0.0,0.0,0.0,True,0.0,0.0,0.0,-0.0,0.0,-0.0
47.059155,"[193.76315307617188, 4.49986457824707, 0.0]","[243.8308868408203, 4.5, 0.0]",7.014839172433892,8.61477279663086,8.619922537000152,-0.36363601692293024,-0.3560463488101959,50.037551878759054,1.6048736571544069,0.4166126251459623,45.537551878759054,-1.599933624196967,7.024733066558838,1.3093042373657227,39.100093841552734,False,-1,8.33403730392456,8.61477279663086,-0.17324447631835938,0.03385067126583415,1.0747113241419173,-1.0747113241419173,"StraightLane index=('>>>', '1S0_0_', 0)",True,143.62255859375,0.00013494491577148438,0.000259399414088652,"StraightLane index=('>>', '>>>', 0)",True,0.0,True,False,1.3184338808059692,0.0,0.0,0.0,True,0.0,0.0,0.0,-0.0,0.0,-0.0
47.079851,"[193.90359497070312, 4.499864101409912, 0.0]","[244.00465393066406, 4.5, 0.0]",7.00756645209593,8.615797996520996,8.614131053682417,-0.36363601689810565,-0.3602125644683838,50.06773376361687,1.599933624196967,-0.24700164787199164,45.56773376361687,-1.6082315444250659,7.020735263824463,1.3093042373657227,39.100093841552734,False,-1,8.330039501190186,8.615797996520996,-0.17324447631835938,0.03385067126583415,1.0747113241419173,-1.0747113241419173,"StraightLane index=('>>>', '1S0_0_', 0)",True,143.76315307617188,0.0001354217529296875,0.00024414062499168555,"StraightLane index=('>>', '>>>', 0)",True,0.0,True,False,1.3184338808059692,0.0,0.0,0.0,True,0.0,0.0,0.0,-0.0,0.0,-0.0
47.100342,"[194.04388427734375, 4.499863624572754, 0.0]","[244.17343139648438, 4.5, 0.0]",7.000293731758328,8.606983184814453,8.608378886123164,-0.36363601688012004,-0.36355865001678467,50.10105895888006,1.6082315444250659,0.4148960114049416,45.60105895888006,-1.6066894530561253,7.013205051422119,1.3093042373657227,39.100093841552734,False,-1,8.322509288787842,8.606983184814453,-0.3099822998046875,0.019616223646086672,1.0639643681325681,-1.0639643681325681,"StraightLane index=('>>>', '1S0_0_', 0)",True,143.90359497070312,0.00013589859008789062,0.0002517700195147243,"StraightLane index=('>>', '>>>', 0)",True,0.0,True,False,1.3184338808059692,0.0,0.0,0.0,True,0.0,0.0,0.0,-0.0,0.0,-0.0
47.119825,"[194.1840362548828, 4.499863147735596, 0.0]","[244.3491668701172, 4.5, 0.0]",6.993021011423515,8.600789070129395,8.602261547224165,-0.3636360167406316,-0.36467215418815613,50.12954711800945,1.6066894530561253,-0.0771045684470284,45.62954711800945,-1.6077680587058794,7.005828380584717,1.3093042373657227,39.100093841552734,False,-1,8.31513261795044,8.600789070129395,-0.3099822998046875,0.019616223646086672,1.0639643681325681,-1.0639643681325681,"StraightLane index=('>>>', '1S0_0_', 0)",True,144.04388427734375,0.00013637542724609375,0.000259399414088652,"StraightLane index=('>>', '>>>', 0)",True,0.0,True,False,1.3184338808059692,0.0,0.0,0.0,True,0.0,0.0,0.0,-0.0,0.0,-0.0
47.14043,"[194.32403564453125, 4.4998626708984375, 0.0]","[244.52146911621094, 4.5, 0.0]",6.985748291086351,8.59449291229248,8.595792378872202,-0.36363601685822644,-0.36485880613327026,50.16513061405176,1.6077680587058794,0.05393028248770193,45.66513061405176,-1.6087446212061298,6.998556613922119,1.3093042373657227,39.100093841552734,False,-1,8.307860851287842,8.59449291229248,-0.3099822998046875,0.019616223646086672,1.0639643681325681,-1.0639643681325681,"StraightLane index=('>>>', '1S0_0_', 0)",True,144.1840362548828,0.00013685226440429688,0.0002670288085608019,"StraightLane index=('>>', '>>>', 0)",True,0.0,True,False,1.3184338808059692,0.0,0.0,0.0,True,0.0,0.0,0.0,-0.0,0.0,-0.0
47.159134,"[194.46389770507812, 4.499862194061279, 0.0]","[244.692138671875, 4.5, 0.0]",6.978475570749383,8.588255882263184,8.589915812345897,-0.36363601684836766,-0.36825913190841675,50.19743347059159,1.6087446212061298,0.048828125012523316,45.69743347059159,-1.6097803115138003,6.990926742553711,1.3093042373657227,39.100093841552734,False,-1,8.300230979919434,8.588255882263184,-0.3099822998046875,0.019616223646086672,1.0639643681325681,-1.0639643681325681,"StraightLane index=('>>>', '1S0_0_', 0)",True,144.32403564453125,0.0001373291015625,0.0002517700195147243,"StraightLane index=('>>', '>>>', 0)",True,0.0,True,False,1.3184338808059692,0.0,0.0,0.0,True,0.0,0.0,0.0,-0.0,0.0,-0.0
47.179649,"[194.60360717773438, 4.499861717224121, 0.0]","[244.86447143554688, 4.5, 0.0]",6.9712028504113075,8.581958770751953,8.583478452189395,-0.36363601690379,-0.36912503838539124,50.22824096565821,1.6097803115138003,0.05178451538352391,45.72824096565821,-1.6107559203406456,6.983482837677002,1.3093042373657227,39.100093841552734,False,-1,8.292787075042725,8.581958770751953,-0.3099822998046875,0.019616223646086672,1.0639643681325681,-1.0639643681325681,"StraightLane index=('>>>', '1S0_0_', 0)",True,144.46389770507812,0.00013780593872070312,0.000259399414088652,"StraightLane index=('>>', '>>>', 0)",True,0.0,True,False,1.3184338808059692,0.0,0.0,0.0,True,0.0,0.0,0.0,-0.0,0.0,-0.0
47.199653,"[194.74317932128906, 4.499861240386963, 0.0]","[245.03636169433594, 4.5, 0.0]",6.963930130075032,8.575676918029785,8.577201922202402,-0.3636360168137731,-0.36886486411094666,50.260864256766986,1.6107559203406456,0.048780441342266556,45.760864256766986,-1.6117467879547531,6.976171493530273,1.3093042373657227,39.100093841552734,False,-1,8.285475730895996,8.575676918029785,-0.3130626678466797,0.006697407906844215,1.0543328200774338,-1.0543328200774338,"StraightLane index=('>>>', '1S0_0_', 0)",True,144.60360717773438,0.00013828277587890625,0.00024414062499168555,"StraightLane index=('>>', '>>>', 0)",True,0.0,True,False,1.3184338808059692,0.0,0.0,0.0,True,0.0,0.0,0.0,-0.0,0.0,-0.0
47.219379,"[194.88259887695312, 4.499860763549805, 0.0]","[245.20388793945312, 4.5, 0.0]",6.956657409739631,8.569082260131836,8.57034913825877,-0.3636360167700303,-0.3670954704284668,50.29318237190322,1.6117467879547531,0.04954338070537467,45.79318237190322,-1.6124248503922045,6.969006538391113,1.3093042373657227,39.100093841552734,False,-1,8.278310775756836,8.569082260131836,-0.3130626678466797,0.006697407906844215,1.0543328200774338,-1.0543328200774338,"StraightLane index=('>>>', '1S0_0_', 0)",True,144.74317932128906,0.00013875961303710938,0.000259399414088652,"StraightLane index=('>>', '>>>', 0)",True,0.0,True,False,1.3184338808059692,0.0,0.0,0.0,True,0.0,0.0,0.0,-0.0,0.0,-0.0
47.239637,"[195.02188110351562, 4.4998602867126465, 0.0]","[245.37509155273438, 4.5, 0.0]",6.949384689406086,8.562121391296387,8.563294123816,-0.3636360166772601,-0.36508816480636597,50.32128906120326,1.6124248503922045,0.033903121872569386,45.82128906120326,-1.6127367018903005,6.961928367614746,1.6117467880249023,50.293182373046875,True,0,8.573675155639648,8.562121391296387,-0.3130626678466797,0.006697407906844215,1.0543328200774338,-1.0543328200774338,"StraightLane index=('>>>', '1S0_0_', 0)",True,144.88259887695312,0.0001392364501953125,0.00028228759765776837,"StraightLane index=('>>', '>>>', 0)",True,0.0,True,False,1.321522831916809,0.0,0.0,0.0,True,0.0,0.0,0.0,-0.0,0.0,-0.0
47.258968,"[195.1610107421875, 4.499859809875488, 0.0]","[245.5453643798828, 4.5, 0.0]",6.953804016190909,8.555198669433594,8.556562727803527,0.2209663392411354,-0.3669179081916809,50.35321044797046,1.6127367018903005,0.01559257490479915,45.85321044797046,-1.6013946532426848,6.954467296600342,1.6117467880249023,50.293182373046875,True,0,8.566214084625244,8.555198669433594,-0.3130626678466797,0.006697407906844215,1.0543328200774338,-0.006697384019389352,"StraightLane index=('>>>', '1S0_0_', 0)",True,145.02188110351562,0.00013971328735351562,0.0002746582031347296,"StraightLane index=('>>', '>>>', 0)",True,0.0,True,False,1.321522831916809,1.0476354360580444,0.0,1.0476354360580444,True,0.0,0.0,0.08,0.0,0.08,0.0
47.280131,"[195.3000030517578, 4.49985933303833, 0.0]","[245.72140502929688, 4.5, 0.0]",6.962640762409849,8.548041343688965,8.549209415070525,0.44183731094702416,-0.36675122380256653,50.38435363644438,1.6013946532426848,-0.5671024323807838,45.88435363644438,-1.5854005812791154,6.947164535522461,1.6117467880249023,50.293182373046875,True,0,8.558911323547363,8.548041343688965,-0.3130626678466797,0.006697407906844215,1.0543328200774338,-0.006697384019389352,"StraightLane index=('>>>', '1S0_0_', 0)",True,145.1610107421875,0.00014019012451171875,0.0002746582031347296,"StraightLane index=('>>', '>>>', 0)",True,0.0,True,False,1.321522831916809,1.0476354360580444,0.0,1.0476354360580444,True,0.0,0.0,0.16,0.0,0.16,0.0
47.299046,"[195.43907165527344, 4.499858856201172, 0.0]","[245.8880157470703, 4.5, 0.0]",6.975896835411287,8.541267395019531,8.542616917337453,0.662803650071897,-0.3294162154197693,50.4214019761818,1.5854005812791154,-0.7997035981784695,45.9214019761818,-1.565370559608244,6.940318584442139,1.6117467880249023,50.293182373046875,True,0,8.552065372467041,8.541267395019531,-0.34409523010253906,-0.0060156659374290735,1.0114751978079295,0.03616023825011494,"StraightLane index=('>>>', '1S0_0_', 0)",True,145.3000030517578,0.00014066696166992188,0.00028991699218080717,"StraightLane index=('>>', '>>>', 0)",True,0.0,True,False,1.321522831916809,1.0476354360580444,0.0,1.0476354360580444,True,0.0,0.0,0.24000000000000002,0.0,0.24000000000000002,0.0
47.319142,"[195.5783233642578, 4.499858379364014, 0.0]","[246.059326171875, 4.5, 0.0]",6.993572235195392,8.533920288085938,8.535111683882608,0.883769989205252,-0.2525379955768585,50.448944090489185,1.565370559608244,-1.0015010835435767,45.948944090489185,-1.540348052890545,6.942185878753662,1.6117467880249023,50.293182373046875,True,0,8.553932666778564,8.533920288085938,-0.34409523010253906,-0.0060156659374290735,1.0114751978079295,0.03616023825011494,"StraightLane index=('>>>', '1S0_0_', 0)",True,145.43907165527344,0.000141143798828125,0.00028228759765776837,"StraightLane index=('>>', '>>>', 0)",True,0.0,True,False,1.321522831916809,1.0476354360580444,0.0,1.0476354360580444,True,0.0,0.0,0.32,0.0,0.32,0.0
47.339211,"[195.71783447265625, 4.4998579025268555, 0.0]","[246.22958374023438, 4.5, 0.0]",7.015665054413444,8.526429176330566,8.52757884888317,1.1046409609025698,-0.19809110462665558,50.481002806146805,1.540348052890545,-1.2511253358849395,45.981002806146805,-1.5107641219171226,6.945372104644775,1.5653705596923828,50.448944091796875,True,0,8.510742664337158,8.526429176330566,-0.34409523010253906,-0.0060156659374290735,1.0114751978079295,0.03616023825011494,"StraightLane index=('>>>', '1S0_0_', 0)",True,145.5783233642578,0.00014162063598632812,0.0003051757812268847,"StraightLane index=('>>', '>>>', 0)",True,0.0,True,False,1.321522831916809,1.0476354360580444,0.0,1.0476354360580444,True,0.0,0.0,0.39999999999999997,0.0,0.39999999999999997,0.0
47.359069,"[195.8577117919922, 4.499857425689697, 0.0]","[246.40370178222656, 4.5, 0.0]",7.0421772004113246,8.518769264221191,8.520129722499153,1.3256072998940382,-0.007408220320940018,50.51174926621247,1.5107641219171226,-1.4791965486711245,46.01174926621247,-1.4765920638098669,6.961177349090576,1.5653705596923828,50.448944091796875,True,0,8.526547908782959,8.518769264221191,-0.34409523010253906,-0.0060156659374290735,1.0114751978079295,-0.01374065114655254,"StraightLane index=('>>>', '1S0_0_', 0)",True,145.71783447265625,0.00014209747314453125,0.00028991699218080717,"StraightLane index=('>>', '>>>', 0)",True,0.0,True,False,1.321522831916809,0.997734546661377,0.0,0.997734546661377,True,0.0,0.0,0.4799999999999999,0.0,0.4799999999999999,0.0
47.379926,"[195.99803161621094, 4.499856472015381, 0.0]","[246.571533203125, 4.5, 0.0]",7.073108673191257,8.511384963989258,8.512313989754805,1.5465736389966178,0.08466330915689468,50.54598998891846,1.4765920638098669,-1.7086029053627882,46.04598998891846,-1.438276290798001,6.970761775970459,1.5653705596923828,50.448944091796875,True,0,8.536132335662842,8.511384963989258,-0.34409523010253906,-0.0060156659374290735,1.0114751978079295,-0.01374065114655254,"StraightLane index=('>>>', '1S0_0_', 0)",True,145.8577117919922,0.00014257431030273438,0.00028228759765776837,"StraightLane index=('>>', '>>>', 0)",True,0.0,True,False,1.321522831916809,0.997734546661377,0.0,0.997734546661377,True,0.0,0.0,0.5599999999999999,0.0,0.5599999999999999,0.0
47.399312,"[196.1388702392578, 4.4998555183410645, 0.0]","[246.7403106689453, 4.5, 0.0]",7.107551574803867,8.503959655761719,8.50504104475451,1.7221450806304883,0.3462103307247162,50.57350158554038,1.438276290798001,-1.9157886505932975,46.07350158554038,-1.396408080957852,7.003291606903076,1.5653705596923828,50.448944091796875,True,0,8.568662166595459,8.503959655761719,-0.373077392578125,-0.018471808083920543,0.8891934445386833,0.10854110212269363,"StraightLane index=('>>>', '1S0_0_', 0)",True,145.99803161621094,0.00014352798461914062,0.00028991699218080717,"StraightLane index=('>>', '>>>', 0)",True,0.0,True,False,1.321522831916809,0.997734546661377,0.0,0.997734546661377,True,0.0,0.0,0.6235840916633606,0.0,0.6235840916633606,0.0
47.420182,"[196.28033447265625, 4.499854564666748, 0.0]","[246.9154052734375, 4.5, 0.0]",7.141994476416394,8.495967864990234,8.496833194322685,1.7221450806263583,0.5493043661117554,50.60144042825485,1.396408080957852,-2.0934104920074414,46.10144042825485,-1.3539733885738405,7.032664775848389,1.4382762908935547,50.57350158691406,True,0,8.470941066741943,8.495967864990234,-0.373077392578125,-0.018471808083920543,0.8891934445386833,0.10854110212269363,"StraightLane index=('>>>', '1S0_0_', 0)",True,146.1388702392578,0.00014448165893554688,0.00029754638670384596,"StraightLane index=('>>', '>>>', 0)",True,0.0,True,False,1.3192498683929443,0.997734546661377,0.0,0.997734546661377,True,0.0,0.0,0.6235840916633606,0.0,0.6235840916633606,0.0
47.440253,"[196.4224853515625, 4.499853610992432, 0.0]","[247.08560180664062, 4.5, 0.0]",7.176437378028961,8.488064765930176,8.488924920093593,1.7221450806283567,0.6748573780059814,50.6350707993432,1.3539733885738405,-2.121734619200577,46.1350707993432,-1.3116273879012148,7.051328659057617,1.4382762908935547,50.57350158691406,True,0,8.489604949951172,8.488064765930176,-0.373077392578125,-0.018471808083920543,0.8891934445386833,0.10854110212269363,"StraightLane index=('>>>', '1S0_0_', 0)",True,146.28033447265625,0.00014543533325195312,0.00029754638670384596,"StraightLane index=('>>', '>>>', 0)",True,0.0,True,False,1.3192498683929443,0.997734546661377,0.0,0.997734546661377,True,0.0,0.0,0.6235840916633606,0.0,0.6235840916633606,0.0
47.458651,"[196.56532287597656, 4.499852657318115, 0.0]","[247.2498321533203, 4.5, 0.0]",7.2080039979027255,8.480439186096191,8.481672398978413,1.5783309936882262,0.979865312576294,50.663116453688815,1.3116273879012148,-2.1173000336312864,46.163116453688815,-1.272435188193466,7.106684684753418,1.4382762908935547,50.57350158691406,True,0,8.544960975646973,8.480439186096191,-0.373077392578125,-0.018471808083920543,0.8891934445386833,0.0252303788179451,"StraightLane index=('>>>', '1S0_0_', 0)",True,146.4224853515625,0.00014638900756835938,0.00028991699218080717,"StraightLane index=('>>', '>>>', 0)",True,0.0,True,False,1.3192498683929443,0.9144238233566284,0.0,0.9144238233566284,True,0.0,0.0,0.5715148895978928,0.0,0.5715148895978928,0.0
47.481526,"[196.70884704589844, 4.499851703643799, 0.0]","[247.42105102539062, 4.5, 0.0]",7.2395706177765,8.472487449645996,8.472684657724493,1.5783309936887147,1.0978270769119263,50.68450927594934,1.272435188193466,-1.959609985387445,46.18450927594934,-1.2329168318694963,7.128857612609863,1.4382762908935547,50.57350158691406,True,0,8.567133903503418,8.472487449645996,-0.373077392578125,-0.018471808083920543,0.8891934445386833,0.0252303788179451,"StraightLane index=('>>>', '1S0_0_', 0)",True,146.56532287597656,0.00014734268188476562,0.00028991699218080717,"StraightLane index=('>>', '>>>', 0)",True,0.0,True,False,1.3192498683929443,0.9144238233566284,0.0,0.9144238233566284,True,0.0,0.0,0.5715148895978928,0.0,0.5715148895978928,0.0
47.500149,"[196.85301208496094, 4.499850749969482, 0.0]","[247.59352111816406, 4.5, 0.0]",7.271137237650212,8.464479446411133,8.465321836504248,1.578330993685606,1.341163992881775,50.712203977926805,1.2329168318694963,-1.9759178161984803,46.212203977926805,-1.193342208760921,7.189938068389893,1.4382762908935547,50.57350158691406,True,0,8.628214359283447,8.464479446411133,-0.3948020935058594,-0.030442700548233566,0.745229735146365,0.16919408821026338,"StraightLane index=('>>>', '1S0_0_', 0)",True,146.70884704589844,0.00014829635620117188,0.00031280517580081237,"StraightLane index=('>>', '>>>', 0)",True,0.0,True,False,1.3192498683929443,0.9144238233566284,0.0,0.9144238233566284,True,0.0,0.0,0.5715148895978928,0.0,0.5715148895978928,0.0
47.520215,"[196.997802734375, 4.499849796295166, 0.0]","[247.75987243652344, 4.5, 0.0]",7.302703857522433,8.459928512573242,8.457223633477325,1.5783309936110435,1.422385811805725,50.740509031688426,1.193342208760921,-1.97873115542877,46.240509031688426,-1.1572246550508094,7.211870193481445,1.4382762908935547,50.57350158691406,True,0,8.650146484375,8.459928512573242,-0.3948020935058594,-0.030442700548233566,0.745229735146365,0.16919408821026338,"StraightLane index=('>>>', '1S0_0_', 0)",True,146.85301208496094,0.00014925003051757812,0.0003051757812268847,"StraightLane index=('>>', '>>>', 0)",True,0.0,True,False,1.3192498683929443,0.9144238233566284,0.0,0.9144238233566284,True,0.0,0.0,0.5715148895978928,0.0,0.5715148895978928,0.0
47.539932,"[197.14321899414062, 4.49984884262085, 0.0]","[247.92803955078125, 4.5, 0.0]",7.334270477394897,8.445215225219727,8.449278851876711,1.5783309936232115,1.535952091217041,50.76206970073856,1.1572246550508094,-1.8058776855055747,46.26206970073856,-1.1109447478248295,7.252679347991943,1.2329168319702148,50.71220397949219,True,0,8.485596179962158,8.445215225219727,-0.3948020935058594,-0.030442700548233566,0.745229735146365,0.16919408821026338,"StraightLane index=('>>>', '1S0_0_', 0)",True,146.997802734375,0.00015020370483398438,0.00028991699218080717,"StraightLane index=('>>', '>>>', 0)",True,0.0,True,False,1.3192498683929443,0.9144238233566284,0.0,0.9144238233566284,True,0.0,0.0,0.5715148895978928,0.0,0.5715148895978928,0.0
47.558766,"[197.28927612304688, 4.499847888946533, 0.0]","[248.09600830078125, 4.5, 0.0]",7.361276626684946,8.443848609924316,8.441638434177126,1.3503074645024427,1.63729727268219,50.78482055517083,1.1109447478248295,-2.3139953612989927,46.28482055517083,-1.0825719832393705,7.310557842254639,1.2329168319702148,50.71220397949219,True,0,8.543474674224854,8.443848609924316,-0.3948020935058594,-0.030442700548233566,0.745229735146365,0.03708456539074434,"StraightLane index=('>>>', '1S0_0_', 0)",True,147.14321899414062,0.00015115737915039062,0.00029754638670384596,"StraightLane index=('>>', '>>>', 0)",True,0.0,True,False,1.3192498683929443,0.7823143005371094,0.0,0.7823143005371094,True,0.0,0.0,0.48894643783569336,0.0,0.48894643783569336,0.0
47.580291,"[197.4359588623047, 4.499846935272217, 0.0]","[248.2698211669922, 4.5, 0.0]",7.388282775973767,8.428866386413574,8.432975789410506,1.3503074644410695,1.6750879287719727,50.80673217642145,1.0825719832393705,-1.4186382292729505,46.30673217642145,-1.040583610439807,7.330894947052002,1.2329168319702148,50.71220397949219,True,0,8.563811779022217,8.428866386413574,-0.3948020935058594,-0.030442700548233566,0.745229735146365,0.03708456539074434,"StraightLane index=('>>>', '1S0_0_', 0)",True,147.28927612304688,0.00015211105346679688,0.0002746582031347296,"StraightLane index=('>>', '>>>', 0)",True,0.0,True,False,1.3192498683929443,0.7823143005371094,0.0,0.7823143005371094,True,0.0,0.0,0.48894643783569336,0.0,0.48894643783569336,0.0
47.599422,"[197.58319091796875, 4.4998459815979, 0.0]","[248.43826293945312, 4.5, 0.0]",7.415288925263927,8.427475929260254,8.425233595223027,1.3503074645079938,1.6907819509506226,50.8338623033164,1.040583610439807,-2.099418639978179,46.3338623033164,-1.0121870039963268,7.383091449737549,1.2329168319702148,50.71220397949219,True,0,8.616008281707764,8.427475929260254,-0.37003517150878906,-0.040349661496217826,0.6175718911013945,0.16474240943571483,"StraightLane index=('>>>', '1S0_0_', 0)",True,147.4359588623047,0.00015306472778320312,0.00028228759765776837,"StraightLane index=('>>', '>>>', 0)",True,0.0,True,False,1.3192498683929443,0.7823143005371094,0.0,0.7823143005371094,True,0.0,0.0,0.48894643783569336,0.0,0.48894643783569336,0.0
47.619972,"[197.73095703125, 4.499845027923584, 0.0]","[248.60714721679688, 4.5, 0.0]",7.442295074553334,8.412729263305664,8.416953414042819,1.350307464470335,1.6802918910980225,50.85507202026589,1.0121870039963268,-1.4198303221740094,46.35507202026589,-0.9704341887523302,7.415902614593506,2.55059814453125,37.997581481933594,False,-1,9.966500759124756,8.412729263305664,-0.37003517150878906,-0.040349661496217826,0.6175718911013945,0.16474240943571483,"StraightLane index=('>>>', '1S0_0_', 0)",True,147.58319091796875,0.00015401840209960938,0.000259399414088652,"StraightLane index=('>>', '>>>', 0)",True,0.0,True,False,1.303959608078003,0.7823143005371094,0.0,0.7823143005371094,True,0.0,0.0,0.48894643783569336,0.0,0.48894643783569336,0.0
47.640026,"[197.87925720214844, 4.499844074249268, 0.0]","[248.77557373046875, 4.5, 0.0]",7.460464477627685,8.41134262084961,8.408894736711042,0.9084701537175555,1.6815590858459473,50.876190184323846,0.9704341887523302,-2.087640762199827,46.376190184323846,-0.9508781432219244,7.4328389167785645,2.55059814453125,37.997581481933594,False,-1,9.983437061309814,8.41134262084961,-0.37003517150878906,-0.040349661496217826,0.6175718911013945,-0.6175718911013945,"StraightLane index=('>>>', '1S0_0_', 0)",True,147.73095703125,0.00015497207641601562,0.000259399414088652,"StraightLane index=('>>', '>>>', 0)",True,0.0,True,False,1.303959608078003,0.0,0.0,0.0,True,0.0,0.0,0.32894643783569333,0.0,0.32894643783569333,0.0
47.658953,"[198.02810668945312, 4.499843120574951, 0.0]","[248.9388427734375, 4.5, 0.0]",7.469795227135413,8.396864891052246,8.401281792569604,0.4665374753864082,1.6461423635482788,50.896316527092765,0.9508781432219244,-0.9778022765202898,46.396316527092765,-0.927069663916833,7.462486267089844,2.55059814453125,37.997581481933594,False,-1,10.013084411621094,8.396864891052246,-0.37003517150878906,-0.040349661496217826,0.6175718911013945,-0.6175718911013945,"StraightLane index=('>>>', '1S0_0_', 0)",True,147.87925720214844,0.00015592575073242188,0.000259399414088652,"StraightLane index=('>>', '>>>', 0)",True,0.0,True,False,1.303959608078003,0.0,0.0,0.0,True,0.0,0.0,0.1689464378356933,0.0,0.1689464378356933,0.0
47.679157,"[198.1773223876953, 4.499842166900635, 0.0]","[249.10699462890625, 4.5, 0.0]",7.470289230428692,8.395490646362305,8.393163830702182,0.024700164663959967,1.5880147218704224,50.91073608275236,0.927069663916833,-1.1904239652545723,46.41073608275236,-0.9252014159336124,7.48896598815918,2.55059814453125,37.997581481933594,False,-1,10.03956413269043,8.395490646362305,-0.37003517150878906,-0.040349661496217826,0.6175718911013945,-0.6175718911013945,"StraightLane index=('>>>', '1S0_0_', 0)",True,148.02810668945312,0.00015687942504882812,0.000259399414088652,"StraightLane index=('>>', '>>>', 0)",True,0.0,True,False,1.303959608078003,0.0,0.0,0.0,True,0.0,0.0,0.008946437835693294,0.0,0.008946437835693294,0.0
47.700859,"[198.32672119140625, 4.499841690063477, 0.0]","[249.2759246826172, 4.5, 0.0]",7.463016510089841,8.380743026733398,8.384461635247776,-0.363636016942559,1.4236465692520142,50.92967223997441,0.9252014159336124,-0.09341239916103028,46.42967223997441,-0.9177265166435573,7.517932415008545,2.55059814453125,37.997581481933594,False,-1,10.068530559539795,8.380743026733398,-0.4673290252685547,-0.052671211230995454,0.5438510245873168,-0.5438510245873168,"StraightLane index=('>>>', '1S0_0_', 0)",True,148.1773223876953,0.00015783309936523438,0.000259399414088652,"StraightLane index=('>>', '>>>', 0)",True,0.0,True,False,1.303959608078003,0.0,0.0,0.0,True,0.0,0.0,0.0,-0.0,0.0,-0.0
47.719231,"[198.4761199951172, 4.499841213226318, 0.0]","[249.44400024414062, 4.5, 0.0]",7.455743789751364,8.379495620727539,8.377263682628081,-0.3636360169238628,1.343192458152771,50.94920349002339,0.9177265166435573,-0.3737449645027535,46.44920349002339,-0.9237518309761752,7.523728847503662,2.55059814453125,37.997581481933594,False,-1,10.074326992034912,8.379495620727539,-0.4673290252685547,-0.052671211230995454,0.5438510245873168,-0.5438510245873168,"StraightLane index=('>>>', '1S0_0_', 0)",True,148.32672119140625,0.0001583099365234375,0.0002517700195147243,"StraightLane index=('>>', '>>>', 0)",True,0.0,True,False,1.303959608078003,0.0,0.0,0.0,True,0.0,0.0,0.0,-0.0,0.0,-0.0
47.739606,"[198.62538146972656, 4.49984073638916, 0.0]","[249.61477661132812, 4.5, 0.0]",7.448471069413394,8.364845275878906,8.36929921398501,-0.36363601689850533,1.147221565246582,50.96788024788414,0.9237518309761752,0.3012657166308941,46.46788024788414,-0.9163742064655125,7.529134273529053,2.55059814453125,37.997581481933594,False,-1,10.079732418060303,8.364845275878906,-0.4673290252685547,-0.052671211230995454,0.5438510245873168,-0.5438510245873168,"StraightLane index=('>>>', '1S0_0_', 0)",True,148.4761199951172,0.00015878677368164062,0.00024414062499168555,"StraightLane index=('>>', '>>>', 0)",True,0.0,True,False,1.303959608078003,0.0,0.0,0.0,True,0.0,0.0,0.0,-0.0,0.0,-0.0
47.759019,"[198.7744903564453, 4.499840259552002, 0.0]","[249.7809295654297, 4.5, 0.0]",7.441198349074353,8.363746643066406,8.361703915434424,-0.3636360169520181,0.9166852831840515,50.98939514046003,0.9163742064655125,-0.3688812255331353,46.48939514046003,-0.9225482939920528,7.5268120765686035,2.55059814453125,37.997581481933594,False,-1,10.077410221099854,8.363746643066406,-0.4673290252685547,-0.052671211230995454,0.5438510245873168,-0.5438510245873168,"StraightLane index=('>>>', '1S0_0_', 0)",True,148.62538146972656,0.00015926361083984375,0.00024414062499168555,"StraightLane index=('>>', '>>>', 0)",True,0.0,True,False,1.303959608078003,0.0,0.0,0.0,True,0.0,0.0,0.0,-0.0,0.0,-0.0
47.77971,"[198.9234619140625, 4.499839782714844, 0.0]","[249.94610595703125, 4.5, 0.0]",7.433925628735945,8.349358558654785,8.353619350761727,-0.36363601692039893,0.5538742542266846,51.006439207789995,0.9225482939920528,0.3087043763270181,46.506439207789995,-0.9154329299188397,7.5126214027404785,2.55059814453125,37.997581481933594,False,-1,10.063219547271729,8.349358558654785,-0.4673290252685547,-0.052671211230995454,0.5438510245873168,-0.5438510245873168,"StraightLane index=('>>>', '1S0_0_', 0)",True,148.7744903564453,0.00015974044799804688,0.0002517700195147243,"StraightLane index=('>>', '>>>', 0)",True,0.0,True,False,1.303959608078003,0.0,0.0,0.0,True,0.0,0.0,0.0,-0.0,0.0,-0.0
47.799472,"[199.07228088378906, 4.4998393058776855, 0.0]","[250.11642456054688, 4.5, 0.0]",7.426652908398178,8.348065376281738,8.345889700299448,-0.3636360168883801,0.4361421465873718,51.02264404177212,0.9154329299188397,-0.35576820366065576,46.52264404177212,-0.9214124678835605,7.505809783935547,2.55059814453125,37.997581481933594,False,-1,10.056407928466797,8.348065376281738,-0.32677650451660156,-0.058841267765976965,0.5400768363583374,-0.5400768363583374,"StraightLane index=('>>>', '1S0_0_', 0)",True,148.9234619140625,0.00016021728515625,0.0002517700195147243,"StraightLane index=('>>', '>>>', 0)",True,0.0,True,False,1.303959608078003,0.0,0.0,0.0,True,0.0,0.0,0.0,-0.0,0.0,-0.0
47.82014,"[199.22096252441406, 4.499838829040527, 0.0]","[250.28329467773438, 4.5, 0.0]",7.419380188060702,8.33385181427002,8.338214054007723,-0.36363601687376956,0.12527209520339966,51.04414367555888,0.9214124678835605,0.29897689823603635,46.54414367555888,-0.9144716262093171,7.483064651489258,2.55059814453125,37.997581481933594,False,-1,10.033662796020508,8.33385181427002,-0.32677650451660156,-0.058841267765976965,0.5400768363583374,-0.5400768363583374,"StraightLane index=('>>>', '1S0_0_', 0)",True,149.07228088378906,0.00016069412231445312,0.0002517700195147243,"StraightLane index=('>>', '>>>', 0)",True,0.0,True,False,1.303959608078003,0.0,0.0,0.0,True,0.0,0.0,0.0,-0.0,0.0,-0.0
47.839357,"[199.36949157714844, 4.499838352203369, 0.0]","[250.44589233398438, 4.5, 0.0]",7.412107467723167,8.33327579498291,8.33108498330551,-0.36363601687678937,0.03353709354996681,51.062332152119104,0.9144716262093171,-0.34704208371216794,46.562332152119104,-0.9211683272597435,7.47469425201416,1.9106731414794922,39.39262771606445,False,-1,9.385367393493652,8.33327579498291,-0.32677650451660156,-0.058841267765976965,0.5400768363583374,-0.5400768363583374,"StraightLane index=('>>>', '1S0_0_', 0)",True,149.22096252441406,0.00016117095947265625,0.0002517700195147243,"StraightLane index=('>>', '>>>', 0)",True,0.0,True,False,1.3006774187088013,0.0,0.0,0.0,True,0.0,0.0,0.0,-0.0,0.0,-0.0
47.859146,"[199.51788330078125, 4.499837875366211, 0.0]","[250.61557006835938, 4.5, 0.0]",7.4048347473872775,8.319048881530762,8.323739153252623,-0.36363601679445523,-0.12298868596553802,51.0764007556325,0.9211683272597435,0.3348350525213206,46.5764007556325,-0.9142141341434842,7.458166599273682,1.9106731414794922,39.39262771606445,False,-1,9.368839740753174,8.319048881530762,-0.32677650451660156,-0.058841267765976965,0.5400768363583374,-0.5400768363583374,"StraightLane index=('>>>', '1S0_0_', 0)",True,149.36949157714844,0.00016164779663085938,0.0002517700195147243,"StraightLane index=('>>', '>>>', 0)",True,0.0,True,False,1.3006774187088013,0.0,0.0,0.0,True,0.0,0.0,0.0,-0.0,0.0,-0.0
47.880306,"[199.66612243652344, 4.499837398529053, 0.0]","[250.7827606201172, 4.5, 0.0]",7.3975620270498235,8.318267822265625,8.315898701553232,-0.36363601687270375,-0.30254927277565,51.097686766372384,0.9142141341434842,-0.34770965581296664,46.597686766372384,-0.9207057952158015,7.433706760406494,1.9106731414794922,39.39262771606445,False,-1,9.344379901885986,8.318267822265625,-0.32677650451660156,-0.058841267765976965,0.5400768363583374,-0.5400768363583374,"StraightLane index=('>>>', '1S0_0_', 0)",True,149.51788330078125,0.0001621246337890625,0.0002517700195147243,"StraightLane index=('>>', '>>>', 0)",True,0.0,True,False,1.3006774187088013,0.0,0.0,0.0,True,0.0,0.0,0.0,-0.0,0.0,-0.0
47.899902,"[199.81422424316406, 4.4998369216918945, 0.0]","[250.94863891601562, 4.5, 0.0]",7.3902893067125826,8.304208755493164,8.308622345698822,-0.3636360168620456,-0.3492591381072998,51.116638182333716,0.9207057952158015,0.3245830536158678,46.616638182333716,-0.9139194487805815,7.42578125,1.9106731414794922,39.39262771606445,False,-1,9.336454391479492,8.304208755493164,-0.4385662078857422,-0.06830695826538025,0.5257406834419978,-0.5257406834419978,"StraightLane index=('>>>', '1S0_0_', 0)",True,149.66612243652344,0.00016260147094726562,0.000259399414088652,"StraightLane index=('>>', '>>>', 0)",True,0.0,True,False,1.3006774187088013,0.0,0.0,0.0,True,0.0,0.0,0.0,-0.0,0.0,-0.0
47.919391,"[199.96217346191406, 4.499836444854736, 0.0]","[251.1114044189453, 4.5, 0.0]",7.383016586374265,8.303913116455078,8.301836809663287,-0.3636360169158692,-0.3828186094760895,51.13441467169246,0.9139194487805815,-0.33931732176100127,46.63441467169246,-0.920896530080813,7.418768405914307,1.9106731414794922,39.39262771606445,False,-1,9.329441547393799,8.303913116455078,-0.4385662078857422,-0.06830695826538025,0.5257406834419978,-0.5257406834419978,"StraightLane index=('>>>', '1S0_0_', 0)",True,149.81422424316406,0.00016307830810546875,0.00024414062499168555,"StraightLane index=('>>', '>>>', 0)",True,0.0,True,False,1.3006774187088013,0.0,0.0,0.0,True,0.0,0.0,0.0,-0.0,0.0,-0.0
47.939643,"[200.1099853515625, 4.499835968017578, 0.0]","[251.28138732910156, 4.5, 0.0]",7.375743866034048,8.29011058807373,8.294788743038731,-0.3636360170108599,-0.4631595313549042,51.14923095596978,0.920896530080813,0.34885406501157235,46.64923095596978,-0.9143667220396825,7.397909164428711,1.9106731414794922,39.39262771606445,False,-1,9.308582305908203,8.29011058807373,-0.4385662078857422,-0.06830695826538025,0.5257406834419978,-0.5257406834419978,"StraightLane index=('>>>', '1S0_0_', 0)",True,149.96217346191406,0.00016355514526367188,0.000228881835945608,"StraightLane index=('>>', '>>>', 0)",True,0.0,True,False,1.3006774187088013,0.0,0.0,0.0,True,0.0,0.0,0.0,-0.0,0.0,-0.0
47.959136,"[200.2576446533203, 4.49983549118042, 0.0]","[251.44638061523438, 4.5, 0.0]",7.368471145692626,8.289854049682617,8.288003309243662,-0.3636360170710784,-0.48821383714675903,51.17140197642599,0.9143667220396825,-0.3264904020565229,46.67140197642599,-0.9213829039899908,7.385913848876953,1.9106731414794922,39.39262771606445,False,-1,9.296586990356445,8.289854049682617,-0.4385662078857422,-0.06830695826538025,0.5257406834419978,-0.5257406834419978,"StraightLane index=('>>>', '1S0_0_', 0)",True,150.1099853515625,0.000164031982421875,0.00023651123046864676,"StraightLane index=('>>', '>>>', 0)",True,0.0,True,False,1.3006774187088013,0.0,0.0,0.0,True,0.0,0.0,0.0,-0.0,0.0,-0.0
47.980121,"[200.40516662597656, 4.499835014343262, 0.0]","[251.612548828125, 4.5, 0.0]",7.361198425351634,8.27621078491211,8.280708856530325,-0.3636360170496289,-0.501758873462677,51.18873596094491,0.9213829039899908,0.35080909751541434,46.68873596094491,-0.9150123595604756,7.374685764312744,1.9106731414794922,39.39262771606445,False,-1,9.285358905792236,8.27621078491211,-0.4385662078857422,-0.06830695826538025,0.5257406834419978,-0.5257406834419978,"StraightLane index=('>>>', '1S0_0_', 0)",True,150.2576446533203,0.00016450881958007812,0.00021362304684864153,"StraightLane index=('>>', '>>>', 0)",True,0.0,True,False,1.3006774187088013,0.0,0.0,0.0,True,0.0,0.0,0.0,-0.0,0.0,-0.0
47.999578,"[200.5525360107422, 4.4998345375061035, 0.0]","[251.77784729003906, 4.5, 0.0]",7.353925705013003,8.275941848754883,8.273934168623597,-0.36363601693154557,-0.5017000436782837,51.20738220122432,0.9150123595604756,-0.31852722147576173,46.70738220122432,-0.9220161437418799,7.364662170410156,1.9106731414794922,39.39262771606445,False,-1,9.275335311889648,8.275941848754883,-0.2826690673828125,-0.07136967979724065,0.5279408136349814,-0.5279408136349814,"StraightLane index=('>>>', '1S0_0_', 0)",True,150.40516662597656,0.00016498565673828125,0.00020599365232560273,"StraightLane index=('>>', '>>>', 0)",True,0.0,True,False,1.3006774187088013,0.0,0.0,0.0,True,0.0,0.0,0.0,-0.0,0.0,-0.0
48.019787,"[200.6997528076172, 4.499834060668945, 0.0]","[251.94009399414062, 4.5, 0.0]",7.346652984675904,8.262767791748047,8.267375302264536,-0.3636360168549402,-0.4836525022983551,51.225311278275996,0.9220161437418799,0.35018920907021744,46.725311278275996,-0.9161148070721428,7.351673603057861,0.9150123596191406,51.20738220214844,True,0,8.266685962677002,8.262767791748047,-0.2826690673828125,-0.07136967979724065,0.5279408136349814,-0.5279408136349814,"StraightLane index=('>>>', '1S0_0_', 0)",True,150.5525360107422,0.00016546249389648438,0.0002212524414225692,"StraightLane index=('>>', '>>>', 0)",True,0.0,True,False,1.3006774187088013,0.0,0.0,0.0,True,0.0,0.0,0.0,-0.0,0.0,-0.0
48.039835,"[200.84683227539062, 4.499833583831787, 0.0]","[252.10952758789062, 4.5, 0.0]",7.351072311459141,8.262787818908691,8.260882261262926,0.22096633916186548,-0.4818200469017029,51.240341185500604,0.9161148070721428,-0.2950668334868567,46.740341185500604,-0.91171550744955,7.347029209136963,0.9150123596191406,51.20738220214844,True,0,8.262041568756104,8.262787818908691,-0.2826690673828125,-0.07136967979724065,0.5279408136349814,0.06681722011746005,"StraightLane index=('>>>', '1S0_0_', 0)",True,150.6997528076172,0.0001659393310546875,0.0002212524414225692,"StraightLane index=('>>', '>>>', 0)",True,0.0,True,False,1.3057739734649658,0.5947580337524414,0.0,0.5947580337524414,True,0.0,0.0,0.08,0.0,0.08,0.0
48.059254,"[200.99375915527344, 4.499833106994629, 0.0]","[252.2736053466797, 4.5, 0.0]",7.359909057676683,8.253016471862793,8.254585777781857,0.4418373108770801,-0.45229411125183105,51.262695311325515,0.91171550744955,-0.21996498112963891,46.762695311325515,-0.89310741418611,7.3359293937683105,0.9150123596191406,51.20738220214844,True,0,8.250941753387451,8.253016471862793,-0.2826690673828125,-0.07136967979724065,0.5279408136349814,0.06681722011746005,"StraightLane index=('>>>', '1S0_0_', 0)",True,150.84683227539062,0.00016641616821289062,0.00024414062499168555,"StraightLane index=('>>', '>>>', 0)",True,0.0,True,False,1.3057739734649658,0.5947580337524414,0.0,0.5947580337524414,True,0.0,0.0,0.16,0.0,0.16,0.0
48.079718,"[201.14077758789062, 4.499832630157471, 0.0]","[252.4392852783203, 4.5, 0.0]",7.373165130675704,8.246515274047852,8.247959260446672,0.6628036499510603,-0.42894744873046875,51.27984619022958,0.89310741418611,-0.930404663172002,46.77984619022958,-0.8733501433721473,7.333855628967285,0.9150123596191406,51.20738220214844,True,0,8.248867988586426,8.246515274047852,-0.2826690673828125,-0.07136967979724065,0.5279408136349814,0.06681722011746005,"StraightLane index=('>>>', '1S0_0_', 0)",True,150.99375915527344,0.00016689300537109375,0.00024414062499168555,"StraightLane index=('>>', '>>>', 0)",True,0.0,True,False,1.3057739734649658,0.5947580337524414,0.0,0.5947580337524414,True,0.0,0.0,0.24000000000000002,0.0,0.24000000000000002,0.0
48.099456,"[201.28797912597656, 4.4998321533203125, 0.0]","[252.60438537597656, 4.5, 0.0]",7.39084053045574,8.240036964416504,8.241561926134002,0.8837699890017703,-0.354481041431427,51.29850768935178,0.8733501433721473,-0.9878635406981306,46.79850768935178,-0.8491964339607643,7.3333563804626465,0.9150123596191406,51.20738220214844,True,0,8.248368740081787,8.240036964416504,-0.35904884338378906,-0.0767994213359492,0.47517826073854763,0.11957977301389378,"StraightLane index=('>>>', '1S0_0_', 0)",True,151.14077758789062,0.00016736984252929688,0.000228881835945608,"StraightLane index=('>>', '>>>', 0)",True,0.0,True,False,1.3057739734649658,0.5947580337524414,0.0,0.5947580337524414,True,0.0,0.0,0.32,0.0,0.32,0.0
48.119733,"[201.43544006347656, 4.499831676483154, 0.0]","[252.76919555664062, 4.5, 0.0]",7.411373138487971,8.233818054199219,8.235368357208914,1.0266304016115502,-0.18945454061031342,51.31640624896923,0.8491964339607643,-1.207685470569153,46.81640624896923,-0.8224449157112481,7.341578006744385,0.9150123596191406,51.20738220214844,True,0,8.256590366363525,8.233818054199219,-0.35904884338378906,-0.0767994213359492,0.47517826073854763,0.11957977301389378,"StraightLane index=('>>>', '1S0_0_', 0)",True,151.28797912597656,0.0001678466796875,0.0002212524414225692,"StraightLane index=('>>', '>>>', 0)",True,0.0,True,False,1.3057739734649658,0.5947580337524414,0.0,0.5947580337524414,True,0.0,0.0,0.3717237710952759,0.0,0.3717237710952759,0.0
48.140629,"[201.583251953125, 4.499831199645996, 0.0]","[252.93402099609375, 4.5, 0.0]",7.43178367620783,8.227706909179688,8.228996469842219,1.0205268859929895,-0.10634433478116989,51.33375549208206,0.8224449157112481,-1.337575912475808,46.83375549208206,-0.7959232329718571,7.34840202331543,0.8733501434326172,51.29850769042969,True,0,8.221752166748047,8.227706909179688,-0.35904884338378906,-0.0767994213359492,0.47517826073854763,0.11604629046231907,"StraightLane index=('>>>', '1S0_0_', 0)",True,151.43544006347656,0.00016832351684570312,0.000228881835945608,"StraightLane index=('>>', '>>>', 0)",True,0.0,True,False,1.3057739734649658,0.5912245512008667,0.0,0.5912245512008667,True,0.0,0.0,0.3695153445005417,0.0,0.3695153445005417,0.0
48.159174,"[201.73147583007812, 4.499830722808838, 0.0]","[253.09750366210938, 4.5, 0.0]",7.452194213926608,8.221645355224611,8.223335997108203,1.0205268859388994,0.05876246839761734,51.35076904193404,0.7959232329718571,-1.326084136969552,46.85076904193404,-0.7694511412980027,7.364313125610352,0.8733501434326172,51.29850769042969,True,0,8.237663269042969,8.221645355224611,-0.35904884338378906,-0.0767994213359492,0.47517826073854763,0.11604629046231907,"StraightLane index=('>>>', '1S0_0_', 0)",True,151.583251953125,0.00016880035400390625,0.0002212524414225692,"StraightLane index=('>>', '>>>', 0)",True,0.0,True,False,1.3057739734649658,0.5912245512008667,0.0,0.5912245512008667,True,0.0,0.0,0.3695153445005417,0.0,0.3695153445005417,0.0
48.179675,"[201.88011169433594, 4.49983024597168, 0.0]","[253.26258850097656, 4.5, 0.0]",7.472604751647166,8.215524673461914,8.217090106156517,1.0205268860278949,0.3083834946155548,51.36602783099459,0.7694511412980027,-1.3236045836927168,46.86602783099459,-0.7429199218147478,7.394769191741943,0.8733501434326172,51.29850769042969,True,0,8.26811933517456,8.215524673461914,-0.35904884338378906,-0.0767994213359492,0.47517826073854763,0.11604629046231907,"StraightLane index=('>>>', '1S0_0_', 0)",True,151.73147583007812,0.00016927719116210938,0.0002212524414225692,"StraightLane index=('>>', '>>>', 0)",True,0.0,True,False,1.3057739734649658,0.5912245512008667,0.0,0.5912245512008667,True,0.0,0.0,0.3695153445005417,0.0,0.3695153445005417,0.0
48.199543,"[202.02915954589844, 4.4998297691345215, 0.0]","[253.42703247070312, 4.5, 0.0]",7.49301528936739,8.209427833557129,8.211038921097911,1.0205268860111971,0.40463486313819885,51.38247680550213,0.7429199218147478,-1.3265609741627493,46.88247680550213,-0.7164125441897387,7.407949924468994,0.8733501434326172,51.29850769042969,True,0,8.281300067901611,8.209427833557129,-0.30609130859375,-0.07983267500313554,0.38583547872019464,0.20538907248067206,"StraightLane index=('>>>', '1S0_0_', 0)",True,151.88011169433594,0.0001697540283203125,0.00023651123046864676,"StraightLane index=('>>', '>>>', 0)",True,0.0,True,False,1.3057739734649658,0.5912245512008667,0.0,0.5912245512008667,True,0.0,0.0,0.3695153445005417,0.0,0.3695153445005417,0.0
48.219192,"[202.17860412597656, 4.499829292297363, 0.0]","[253.58807373046875, 4.5, 0.0]",7.513425827086421,8.203563690185547,8.205206425200823,1.020526885951556,0.565999448299408,51.39787292371456,0.7164125441897387,-1.325368881250455,46.89787292371456,-0.6901378630991255,7.433713912963867,0.742919921875,51.382476806640625,True,0,8.176633834838867,8.203563690185547,-0.30609130859375,-0.07983267500313554,0.38583547872019464,0.20538907248067206,"StraightLane index=('>>>', '1S0_0_', 0)",True,152.02915954589844,0.00017023086547851562,0.000228881835945608,"StraightLane index=('>>', '>>>', 0)",True,0.0,True,False,1.3026514053344727,0.5912245512008667,0.0,0.5912245512008667,True,0.0,0.0,0.3695153445005417,0.0,0.3695153445005417,0.0
48.239325,"[202.32846069335938, 4.499828815460205, 0.0]","[253.75144958496094, 4.5, 0.0]",7.529169082700158,8.197663307189941,8.199246769197892,0.7871627806868453,0.7575669884681702,51.409469603400055,0.6901378630991255,-1.3137340545306575,46.909469603400055,-0.6684942244897831,7.472824573516846,0.742919921875,51.382476806640625,True,0,8.215744495391846,8.197663307189941,-0.30609130859375,-0.07983267500313554,0.38583547872019464,0.07022460300015754,"StraightLane index=('>>>', '1S0_0_', 0)",True,152.17860412597656,0.00017070770263671875,0.000228881835945608,"StraightLane index=('>>', '>>>', 0)",True,0.0,True,False,1.3026514053344727,0.4560600817203522,0.0,0.4560600817203522,True,0.0,0.0,0.2850375510752201,0.0,0.2850375510752201,0.0
48.259427,"[202.47872924804688, 4.499828338623047, 0.0]","[253.91856384277344, 4.5, 0.0]",7.5449123383144965,8.191627502441406,8.193294697890897,0.7871627807169101,0.825703501701355,51.42298889065377,0.6684942244897831,-1.0821819304671187,46.92298889065377,-0.6467151641269098,7.487547874450684,0.742919921875,51.382476806640625,True,0,8.230467796325684,8.191627502441406,-0.30609130859375,-0.07983267500313554,0.38583547872019464,0.07022460300015754,"StraightLane index=('>>>', '1S0_0_', 0)",True,152.32846069335938,0.00017118453979492188,0.00020599365232560273,"StraightLane index=('>>', '>>>', 0)",True,0.0,True,False,1.3026514053344727,0.4560600817203522,0.0,0.4560600817203522,True,0.0,0.0,0.2850375510752201,0.0,0.2850375510752201,0.0
48.279652,"[202.6293182373047, 4.499827861785889, 0.0]","[254.07876586914062, 4.5, 0.0]",7.5606555939292095,8.185842514038086,8.187311345606716,0.7871627807356507,0.9194633960723877,51.439834593728996,0.6467151641269098,-1.088953018143668,46.939834593728996,-0.6251869201088764,7.514334678649902,0.742919921875,51.382476806640625,True,0,8.257254600524902,8.185842514038086,-0.30609130859375,-0.07983267500313554,0.38583547872019464,0.07022460300015754,"StraightLane index=('>>>', '1S0_0_', 0)",True,152.47872924804688,0.000171661376953125,0.00021362304684864153,"StraightLane index=('>>', '>>>', 0)",True,0.0,True,False,1.3026514053344727,0.4560600817203522,0.0,0.4560600817203522,True,0.0,0.0,0.2850375510752201,0.0,0.2850375510752201,0.0
48.299463,"[202.78021240234375, 4.4998273849487305, 0.0]","[254.24658203125, 4.5, 0.0]",7.576398849542877,8.179781913757324,8.181444786628614,0.7871627806833814,0.9854888916015625,51.44944763093164,0.6251869201088764,-1.0764122009016663,46.94944763093164,-0.6033830642144471,7.549683094024658,0.742919921875,51.382476806640625,True,0,8.292603015899658,8.179781913757324,-0.2964591979980469,-0.08222547943275363,0.30997351230663694,0.14608656941371523,"StraightLane index=('>>>', '1S0_0_', 0)",True,152.6293182373047,0.00017213821411132812,0.00019836425780256396,"StraightLane index=('>>', '>>>', 0)",True,0.0,True,False,1.3026514053344727,0.4560600817203522,0.0,0.4560600817203522,True,0.0,0.0,0.2850375510752201,0.0,0.2850375510752201,0.0
48.319099,"[202.93142700195312, 4.499826908111572, 0.0]","[254.4067840576172, 4.5, 0.0]",7.592142105156981,8.173940658569336,8.175577164520305,0.7871627807051862,1.0044505596160889,51.46636962795303,0.6033830642144471,-1.0901927947214674,46.96636962795303,-0.5817985534123551,7.561527252197266,-0.29378223419189453,41.13706970214844,False,-1,7.267745018005371,8.173940658569336,-0.2964591979980469,-0.08222547943275363,0.30997351230663694,0.14608656941371523,"StraightLane index=('>>>', '1S0_0_', 0)",True,152.78021240234375,0.00017261505126953125,0.00020599365232560273,"StraightLane index=('>>', '>>>', 0)",True,0.0,True,False,1.3026514053344727,0.4560600817203522,0.0,0.4560600817203522,True,0.0,0.0,0.2850375510752201,0.0,0.2850375510752201,0.0
48.339164,"[203.0829620361328, 4.499826431274414, 0.0]","[254.570068359375, 4.5, 0.0]",7.599048614555526,8.167963027954102,8.169576486279576,0.3453254699272712,1.0061273574829102,51.475357054709065,0.5817985534123551,-1.0792255401046003,46.975357054709065,-0.5689144133985753,7.5919270515441895,-0.29378223419189453,41.13706970214844,False,-1,7.298144817352295,8.167963027954102,-0.2964591979980469,-0.08222547943275363,0.30997351230663694,-0.30997351230663694,"StraightLane index=('>>>', '1S0_0_', 0)",True,152.93142700195312,0.00017309188842773438,0.00020599365232560273,"StraightLane index=('>>', '>>>', 0)",True,0.0,True,False,1.3026514053344727,0.0,0.0,0.0,True,0.0,0.0,0.12503755107522008,0.0,0.12503755107522008,0.0
48.359649,"[203.23480224609375, 4.499825954437256, 0.0]","[254.7366485595703, 4.5, 0.0]",7.59177589421807,8.161863327026367,8.163467970396363,-0.36363601687279257,0.9886446595191956,51.4871063222854,0.5689144133985753,-0.64420700068899,46.9871063222854,-0.5700874328082968,7.610211372375488,-0.29378223419189453,41.13706970214844,False,-1,7.316429138183594,8.161863327026367,-0.2964591979980469,-0.08222547943275363,0.30997351230663694,-0.30997351230663694,"StraightLane index=('>>>', '1S0_0_', 0)",True,153.0829620361328,0.0001735687255859375,0.00020599365232560273,"StraightLane index=('>>', '>>>', 0)",True,0.0,True,False,1.3026514053344727,0.0,0.0,0.0,True,0.0,0.0,0.0,-0.0,0.0,-0.0
48.380138,"[203.38677978515625, 4.499825477600098, 0.0]","[254.89610290527344, 4.5, 0.0]",7.584503173879634,8.156024932861328,8.157327321288438,-0.36363601692182,0.9413033127784729,51.50184631251797,0.5700874328082968,0.05865097048607382,47.00184631251797,-0.5715217589816941,7.624848365783691,-0.29378223419189453,41.13706970214844,False,-1,7.331066131591797,8.156024932861328,-0.2964591979980469,-0.08222547943275363,0.30997351230663694,-0.30997351230663694,"StraightLane index=('>>>', '1S0_0_', 0)",True,153.23480224609375,0.00017404556274414062,0.00020599365232560273,"StraightLane index=('>>', '>>>', 0)",True,0.0,True,False,1.3026514053344727,0.0,0.0,0.0,True,0.0,0.0,0.0,-0.0,0.0,-0.0
48.399791,"[203.5386199951172, 4.4998250007629395, 0.0]","[255.06063842773438, 4.5, 0.0]",7.577230453541595,8.150001525878906,8.151449802938297,-0.36363601690196923,0.8862463235855103,51.50932311920427,0.5715217589816941,0.07171630866986689,47.00932311920427,-0.5727710723373116,7.628485679626465,-0.29378223419189453,41.13706970214844,False,-1,7.33470344543457,8.150001525878906,-0.2978038787841797,-0.08442606724692456,0.287875129772328,-0.287875129772328,"StraightLane index=('>>>', '1S0_0_', 0)",True,153.38677978515625,0.00017452239990234375,0.00019836425780256396,"StraightLane index=('>>', '>>>', 0)",True,0.0,True,False,1.3026514053344727,0.0,0.0,0.0,True,0.0,0.0,0.0,-0.0,0.0,-0.0
48.420582,"[203.6903076171875, 4.499824523925781, 0.0]","[255.22384643554688, 4.5, 0.0]",7.569957733204884,8.143766403198242,8.144872483722331,-0.3636360168355335,0.7461632490158081,51.52201843170255,0.5727710723373116,0.06246566778087548,47.02201843170255,-0.5738086699933582,7.630904674530029,-0.29378223419189453,41.13706970214844,False,-1,7.337122440338135,8.143766403198242,-0.2978038787841797,-0.08442606724692456,0.287875129772328,-0.287875129772328,"StraightLane index=('>>>', '1S0_0_', 0)",True,153.5386199951172,0.00017499923706054688,0.00019836425780256396,"StraightLane index=('>>', '>>>', 0)",True,0.0,True,False,1.3026514053344727,0.0,0.0,0.0,True,0.0,0.0,0.0,-0.0,0.0,-0.0
48.439244,"[203.84185791015625, 4.499824047088623, 0.0]","[255.3858642578125, 4.5, 0.0]",7.5721664429228275,8.137453079223633,8.138946489846788,0.11043548589717567,0.5804374814033508,51.53353881724721,0.5738086699933582,0.05187988280233036,47.03353881724721,-0.5652866363008053,7.6276535987854,0.5715217590332031,51.50932312011719,True,0,8.199175357818604,8.137453079223633,-0.2978038787841797,-0.08442606724692456,0.287875129772328,0.08361400763878957,"StraightLane index=('>>>', '1S0_0_', 0)",True,153.6903076171875,0.00017547607421875,0.000228881835945608,"StraightLane index=('>>', '>>>', 0)",True,0.0,True,False,1.2947965860366821,0.37148913741111755,0.0,0.37148913741111755,True,0.0,0.0,0.04,0.0,0.04,0.0
48.45858,"[203.99325561523438, 4.499823570251465, 0.0]","[255.5477294921875, 4.5, 0.0]",7.578794479422586,8.131146430969238,8.132814577522996,0.33140182498794246,0.4058709144592285,51.54400634659248,0.5652866363008053,-0.4261016846276444,47.04400634659248,-0.552351951546652,7.62012243270874,0.5715217590332031,51.50932312011719,True,0,8.191644191741943,8.131146430969238,-0.2978038787841797,-0.08442606724692456,0.287875129772328,0.08361400763878957,"StraightLane index=('>>>', '1S0_0_', 0)",True,153.84185791015625,0.00017595291137695312,0.0002212524414225692,"StraightLane index=('>>', '>>>', 0)",True,0.0,True,False,1.2947965860366821,0.37148913741111755,0.0,0.37148913741111755,True,0.0,0.0,0.12,0.0,0.12,0.0
48.479372,"[204.1446990966797, 4.499823093414307, 0.0]","[255.7106170654297, 4.5, 0.0]",7.589841842705679,8.128132820129395,8.126227737230936,0.5523681641546485,0.25020700693130493,51.55447387588744,0.552351951546652,-0.646734237707669,47.05447387588744,-0.5382909774237152,7.611069202423096,0.5715217590332031,51.50932312011719,True,0,8.182590961456299,8.128132820129395,-0.2978038787841797,-0.08442606724692456,0.287875129772328,0.08361400763878957,"StraightLane index=('>>>', '1S0_0_', 0)",True,153.99325561523438,0.00017642974853515625,0.0002212524414225692,"StraightLane index=('>>', '>>>', 0)",True,0.0,True,False,1.2947965860366821,0.37148913741111755,0.0,0.37148913741111755,True,0.0,0.0,0.2,0.0,0.2,0.0
48.50009,"[204.29627990722656, 4.499822616577148, 0.0]","[255.8772430419922, 4.5, 0.0]",7.602666854914055,8.114973068237305,8.11965296223834,0.6412506104187976,0.1375785917043686,51.565917967732005,0.5382909774237152,-0.703048706146836,47.065917967732005,-0.5123062133232494,7.60361385345459,0.5715217590332031,51.50932312011719,True,0,8.175135612487793,8.114973068237305,-0.3502845764160156,-0.08824342069679264,0.24475561796331952,0.12673351944779804,"StraightLane index=('>>>', '1S0_0_', 0)",True,154.1446990966797,0.00017690658569335938,0.00021362304684864153,"StraightLane index=('>>', '>>>', 0)",True,0.0,True,False,1.2947965860366821,0.37148913741111755,0.0,0.37148913741111755,True,0.0,0.0,0.23218071088194847,0.0,0.23218071088194847,0.0
48.519766,"[204.4480743408203, 4.49982213973999, 0.0]","[256.0400695800781, 4.5, 0.0]",7.615491867121989,8.114789962768555,8.11272777584549,0.641250610396682,0.05798345431685448,51.580963133696066,0.5123062133232494,-1.2992382050232898,47.080963133696066,-0.4992980956465658,7.598341464996338,0.5715217590332031,51.50932312011719,True,0,8.169863224029541,8.114789962768555,-0.3502845764160156,-0.08824342069679264,0.24475561796331952,0.12673351944779804,"StraightLane index=('>>>', '1S0_0_', 0)",True,154.29627990722656,0.0001773834228515625,0.0002212524414225692,"StraightLane index=('>>', '>>>', 0)",True,0.0,True,False,1.2947965860366821,0.37148913741111755,0.0,0.37148913741111755,True,0.0,0.0,0.23218071088194847,0.0,0.23218071088194847,0.0
48.539695,"[204.60012817382812, 4.499821662902832, 0.0]","[256.2012939453125, 4.5, 0.0]",7.626831054744788,8.101117134094238,8.105713143071904,0.5669593811399753,0.06534456461668015,51.59199523818632,0.4992980956465658,-0.650405883834182,47.09199523818632,-0.4742860793494499,7.599693775177002,0.5382909774780273,51.56591796875,True,0,8.13798475265503,8.101117134094238,-0.3502845764160156,-0.08824342069679264,0.24475561796331952,0.08371681751107624,"StraightLane index=('>>>', '1S0_0_', 0)",True,154.4480743408203,0.00017786026000976562,0.0002212524414225692,"StraightLane index=('>>', '>>>', 0)",True,0.0,True,False,1.2947965860366821,0.32847243547439575,0.0,0.32847243547439575,True,0.0,0.0,0.20529527217149734,0.0,0.20529527217149734,0.0
48.559156,"[204.75244140625, 4.499821186065674, 0.0]","[256.3634033203125, 4.5, 0.0]",7.638170242367441,8.10074234008789,8.09885911769867,0.5669593811326479,0.0966501533985138,51.60116577041097,0.4742860793494499,-1.2506008148557957,47.10116577041097,-0.46257209772044927,7.604335784912109,0.5382909774780273,51.56591796875,True,0,8.142626762390137,8.10074234008789,-0.3502845764160156,-0.08824342069679264,0.24475561796331952,0.08371681751107624,"StraightLane index=('>>>', '1S0_0_', 0)",True,154.60012817382812,0.00017833709716796875,0.0002212524414225692,"StraightLane index=('>>', '>>>', 0)",True,0.0,True,False,1.2947965860366821,0.32847243547439575,0.0,0.32847243547439575,True,0.0,0.0,0.20529527217149734,0.0,0.20529527217149734,0.0
48.581102,"[204.9049835205078, 4.499820709228516, 0.0]","[256.5229187011719, 4.5, 0.0]",7.649509429991152,8.087143898010254,8.091143338592538,0.5669593811855389,0.150841623544693,51.61096191303708,0.46257209772044927,-0.5856990814500307,47.11096191303708,-0.4376344680191018,7.612158298492432,0.5382909774780273,51.56591796875,True,0,8.150449275970459,8.087143898010254,-0.3502845764160156,-0.08824342069679264,0.24475561796331952,0.08371681751107624,"StraightLane index=('>>>', '1S0_0_', 0)",True,154.75244140625,0.00017881393432617188,0.00021362304684864153,"StraightLane index=('>>', '>>>', 0)",True,0.0,True,False,1.2947965860366821,0.32847243547439575,0.0,0.32847243547439575,True,0.0,0.0,0.20529527217149734,0.0,0.20529527217149734,0.0
48.599465,"[205.05775451660156, 4.499820232391357, 0.0]","[256.6876220703125, 4.5, 0.0]",7.6608486176156445,8.08665657043457,8.084679005029425,0.5669593812246188,0.24200445413589478,51.61793517953598,0.4376344680191018,-1.2468814850673748,47.11793517953598,-0.4258079528189258,7.627138137817383,0.5382909774780273,51.56591796875,True,0,8.16542911529541,8.08665657043457,-0.28316497802734375,-0.08932985285807041,0.18744531647423138,0.14102711900016437,"StraightLane index=('>>>', '1S0_0_', 0)",True,154.9049835205078,0.000179290771484375,0.000228881835945608,"StraightLane index=('>>', '>>>', 0)",True,0.0,True,False,1.2947965860366821,0.32847243547439575,0.0,0.32847243547439575,True,0.0,0.0,0.20529527217149734,0.0,0.20529527217149734,0.0
48.620329,"[205.2107391357422, 4.499819755554199, 0.0]","[256.8495178222656, 4.5, 0.0]",7.672187805240625,8.072250366210938,8.07633189867387,0.5669593812490437,0.30725327134132385,51.62986755247623,0.4258079528189258,-0.5913257600087984,47.12986755247623,-0.4000625609703121,7.63920259475708,0.5382909774780273,51.56591796875,True,0,8.177493572235107,8.072250366210938,-0.28316497802734375,-0.08932985285807041,0.18744531647423138,0.14102711900016437,"StraightLane index=('>>>', '1S0_0_', 0)",True,155.05775451660156,0.00017976760864257812,0.00024414062499168555,"StraightLane index=('>>', '>>>', 0)",True,0.0,True,False,1.2947965860366821,0.32847243547439575,0.0,0.32847243547439575,True,0.0,0.0,0.20529527217149734,0.0,0.20529527217149734,0.0
48.640234,"[205.36395263671875, 4.499819278717041, 0.0]","[257.0114440917969, 4.5, 0.0]",7.680686950751568,8.070865631103516,8.068351215521945,0.42495727554712204,0.34360483288764954,51.63877868533946,0.4000625609703121,-1.2872695924306843,47.13877868533946,-0.3901786803519478,7.646088600158691,0.4258079528808594,51.62986755371094,True,0,8.07189655303955,8.070865631103516,-0.28316497802734375,-0.08932985285807041,0.18744531647423138,0.0587504617764629,"StraightLane index=('>>>', '1S0_0_', 0)",True,155.2107391357422,0.00018024444580078125,0.00023651123046864676,"StraightLane index=('>>', '>>>', 0)",True,0.0,True,False,1.2941564321517944,0.24619577825069427,0.0,0.24619577825069427,True,0.0,0.0,0.15387236140668392,0.0,0.15387236140668392,0.0
48.658816,"[205.51739501953125, 4.499818801879883, 0.0]","[257.1676025390625, 4.5, 0.0]",7.689186096260289,8.056432723999023,8.060894899216185,0.4249572754360553,0.42326101660728455,51.64749145373062,0.3901786803519478,-0.4941940309182158,47.14749145373062,-0.3672466277387345,7.665584564208984,0.4258079528808594,51.62986755371094,True,0,8.091392517089844,8.056432723999023,-0.28316497802734375,-0.08932985285807041,0.18744531647423138,0.0587504617764629,"StraightLane index=('>>>', '1S0_0_', 0)",True,155.36395263671875,0.00018072128295898438,0.000259399414088652,"StraightLane index=('>>', '>>>', 0)",True,0.0,True,False,1.2941564321517944,0.24619577825069427,0.0,0.24619577825069427,True,0.0,0.0,0.15387236140668392,0.0,0.15387236140668392,0.0
48.679577,"[205.67100524902344, 4.499818325042725, 0.0]","[257.333251953125, 4.5, 0.0]",7.697685241768824,8.054864883422852,8.05257885735074,0.42495727542677386,0.4481015205383301,51.65020751823636,0.3672466277387345,-1.1466026306606647,47.15020751823636,-0.35717964165402716,7.672422885894775,0.4258079528808594,51.62986755371094,True,0,8.098230838775635,8.054864883422852,-0.28316497802734375,-0.08932985285807041,0.18744531647423138,0.0587504617764629,"StraightLane index=('>>>', '1S0_0_', 0)",True,155.51739501953125,0.0001811981201171875,0.0002517700195147243,"StraightLane index=('>>', '>>>', 0)",True,0.0,True,False,1.2941564321517944,0.24619577825069427,0.0,0.24619577825069427,True,0.0,0.0,0.15387236140668392,0.0,0.15387236140668392,0.0
48.699073,"[205.8247833251953, 4.499817848205566, 0.0]","[257.490478515625, 4.5, 0.0]",7.706184387276024,8.04037857055664,8.044753672784394,0.42495727535998284,0.47913289070129395,51.662246702858425,0.35717964165402716,-0.5033493042353676,47.162246702858425,-0.33419418328061656,7.684775352478027,0.4258079528808594,51.62986755371094,True,0,8.110583305358887,8.04037857055664,-0.4627799987792969,-0.09659416752953875,0.12063205160286203,0.12556372664783225,"StraightLane index=('>>>', '1S0_0_', 0)",True,155.67100524902344,0.00018167495727539062,0.00024414062499168555,"StraightLane index=('>>', '>>>', 0)",True,0.0,True,False,1.2941564321517944,0.24619577825069427,0.0,0.24619577825069427,True,0.0,0.0,0.15387236140668392,0.0,0.15387236140668392,0.0
48.719315,"[205.97874450683594, 4.499817371368408, 0.0]","[257.6518859863281, 4.5, 0.0]",7.714683532784988,8.038142204284668,8.035423493123893,0.42495727544817896,0.4974735379219055,51.6656951892376,0.33419418328061656,-1.1492729186705297,47.1656951892376,-0.32345867149968033,7.69635009765625,0.4258079528808594,51.62986755371094,True,0,8.12215805053711,8.038142204284668,-0.4627799987792969,-0.09659416752953875,0.12063205160286203,0.12556372664783225,"StraightLane index=('>>>', '1S0_0_', 0)",True,155.8247833251953,0.00018215179443359375,0.00023651123046864676,"StraightLane index=('>>', '>>>', 0)",True,0.0,True,False,1.2941564321517944,0.24619577825069427,0.0,0.24619577825069427,True,0.0,0.0,0.15387236140668392,0.0,0.15387236140668392,0.0
48.739645,"[206.13287353515625, 4.49981689453125, 0.0]","[257.81201171875, 4.5, 0.0]",7.723644256662595,8.022212028503418,8.026008886257467,0.4480361938803856,0.505688488483429,51.67314147824489,0.32345867149968033,-0.5367755890468118,47.17314147824489,-0.2985677718408226,7.7071757316589355,0.3341941833496094,51.66569519042969,True,0,8.041369915008545,8.022212028503418,-0.4627799987792969,-0.09659416752953875,0.12063205160286203,0.1389443584522985,"StraightLane index=('>>>', '1S0_0_', 0)",True,155.97874450683594,0.00018262863159179688,0.00024414062499168555,"StraightLane index=('>>', '>>>', 0)",True,0.0,True,False,1.2941564321517944,0.2595764100551605,0.0,0.2595764100551605,True,0.0,0.0,0.16223525628447533,0.0,0.16223525628447533,0.0
48.759241,"[206.28717041015625, 4.499816417694092, 0.0]","[257.9718933105469, 4.5, 0.0]",7.732604980538671,8.019631385803223,8.016889834868069,0.44803619380378024,0.5062164068222046,51.67913818244995,0.2985677718408226,-1.2445449829428856,47.17913818244995,-0.2870264052645517,7.717318058013916,0.3341941833496094,51.66569519042969,True,0,8.051512241363525,8.019631385803223,-0.4627799987792969,-0.09659416752953875,0.12063205160286203,0.1389443584522985,"StraightLane index=('>>>', '1S0_0_', 0)",True,156.13287353515625,0.00018310546875,0.000228881835945608,"StraightLane index=('>>', '>>>', 0)",True,0.0,True,False,1.2941564321517944,0.2595764100551605,0.0,0.2595764100551605,True,0.0,0.0,0.16223525628447533,0.0,0.16223525628447533,0.0
48.779854,"[206.441650390625, 4.499815940856934, 0.0]","[258.1325378417969, 4.5, 0.0]",7.741565704415201,8.003668785095215,8.007331162493955,0.4480361938265176,0.5058639645576477,51.68472289913916,0.2870264052645517,-0.5770683288135459,47.18472289913916,-0.26210308068001353,7.727348327636719,0.3341941833496094,51.66569519042969,True,0,8.061542510986328,8.003668785095215,-0.4627799987792969,-0.09659416752953875,0.12063205160286203,0.1389443584522985,"StraightLane index=('>>>', '1S0_0_', 0)",True,156.28717041015625,0.00018358230590820312,0.00024414062499168555,"StraightLane index=('>>', '>>>', 0)",True,0.0,True,False,1.2941564321517944,0.2595764100551605,0.0,0.2595764100551605,True,0.0,0.0,0.16223525628447533,0.0,0.16223525628447533,0.0
48.799444,"[206.59629821777344, 4.499815464019775, 0.0]","[258.2969970703125, 4.5, 0.0]",7.75052642829036,8.000824928283691,7.998236713311913,0.44803619375795023,0.4976820647716522,51.69088745007571,0.26210308068001353,-1.2461662292269082,47.19088745007571,-0.2502984999933311,7.741610527038574,0.3341941833496094,51.66569519042969,True,0,8.075804710388184,8.000824928283691,-0.3955364227294922,-0.10077852557211711,0.0619154994235481,0.19766091063161242,"StraightLane index=('>>>', '1S0_0_', 0)",True,156.441650390625,0.00018405914306640625,0.0002212524414225692,"StraightLane index=('>>', '>>>', 0)",True,0.0,True,False,1.2941564321517944,0.2595764100551605,0.0,0.2595764100551605,True,0.0,0.0,0.16223525628447533,0.0,0.16223525628447533,0.0
48.819386,"[206.75112915039062, 4.499814987182617, 0.0]","[258.4532775878906, 4.5, 0.0]",7.759487152167328,7.984067916870117,7.987528808734396,0.4480361938483668,0.48959532380104065,51.70069885138937,0.2502984999933311,-0.5902290343341221,47.20069885138937,-0.22458076470278954,7.750716686248779,0.3341941833496094,51.66569519042969,True,0,8.084910869598389,7.984067916870117,-0.3955364227294922,-0.10077852557211711,0.0619154994235481,0.19766091063161242,"StraightLane index=('>>>', '1S0_0_', 0)",True,156.59629821777344,0.00018453598022460938,0.000228881835945608,"StraightLane index=('>>', '>>>', 0)",True,0.0,True,False,1.2941564321517944,0.2595764100551605,0.0,0.2595764100551605,True,0.0,0.0,0.16223525628447533,0.0,0.16223525628447533,0.0
48.83927,"[206.90614318847656, 4.499814510345459, 0.0]","[258.612548828125, 4.5, 0.0]",7.76402854926332,7.979964256286621,7.976810886984737,0.22706985479961084,0.48840630054473877,51.702148436348395,0.22458076470278954,-1.2858867645270777,47.202148436348395,-0.21593570702330123,7.75548791885376,0.2621030807495117,51.690887451171875,True,0,8.017590999603271,7.979964256286621,-0.3955364227294922,-0.10077852557211711,0.0619154994235481,0.052585187102750425,"StraightLane index=('>>>', '1S0_0_', 0)",True,156.75112915039062,0.0001850128173828125,0.000228881835945608,"StraightLane index=('>>', '>>>', 0)",True,0.0,True,False,1.2899713516235352,0.11450068652629852,0.0,0.11450068652629852,True,0.0,0.0,0.08223525628447532,0.0,0.08223525628447532,0.0
48.86108,"[207.06134033203125, 4.499814033508301, 0.0]","[258.7720642089844, 4.5, 0.0]",7.767980575631184,7.962512016296387,7.965068607041745,0.1976013183932146,0.47750288248062134,51.70640563827874,0.21593570702330123,-0.4322528839744155,47.20640563827874,-0.19453144066520256,7.764020919799805,0.2621030807495117,51.690887451171875,True,0,8.026124000549316,7.962512016296387,-0.3955364227294922,-0.10077852557211711,0.0619154994235481,0.052585187102750425,"StraightLane index=('>>>', '1S0_0_', 0)",True,156.90614318847656,0.00018548965454101562,0.000259399414088652,"StraightLane index=('>>', '>>>', 0)",True,0.0,True,False,1.2899713516235352,0.11450068652629852,0.0,0.11450068652629852,True,0.0,0.0,0.07156292907893658,0.0,0.07156292907893658,0.0
48.88007,"[207.21661376953125, 4.499813556671143, 0.0]","[258.93511962890625, 4.5, 0.0]",7.771932601997613,7.958151817321777,7.954821783695241,0.19760131832144978,0.4615655243396759,51.7107238756367,0.19453144066520256,-1.0702133179049333,47.2107238756367,-0.1862192153241642,7.7718048095703125,0.2621030807495117,51.690887451171875,True,0,8.033907890319824,7.958151817321777,-0.3955364227294922,-0.10077852557211711,0.0619154994235481,0.052585187102750425,"StraightLane index=('>>>', '1S0_0_', 0)",True,157.06134033203125,0.00018596649169921875,0.0002517700195147243,"StraightLane index=('>>', '>>>', 0)",True,0.0,True,False,1.2899713516235352,0.11450068652629852,0.0,0.11450068652629852,True,0.0,0.0,0.07156292907893658,0.0,0.07156292907893658,0.0
48.899326,"[207.37197875976562, 4.499813079833984, 0.0]","[259.0941162109375, 4.5, 0.0]",7.7758846283658025,7.940735340118409,7.944437477061308,0.19760131840946826,0.43453317880630493,51.718505858164754,0.1862192153241642,-0.41561126705191853,47.218505858164754,-0.16485071175260657,7.778069019317627,0.2621030807495117,51.690887451171875,True,0,8.040172100067139,7.940735340118409,-0.6008958816528231,-0.11173202887275421,-0.004579066233559942,0.11907975275985846,"StraightLane index=('>>>', '1S0_0_', 0)",True,157.21661376953125,0.00018644332885742188,0.00023651123046864676,"StraightLane index=('>>', '>>>', 0)",True,0.0,True,False,1.2899713516235352,0.11450068652629852,0.0,0.11450068652629852,True,0.0,0.0,0.07156292907893658,0.0,0.07156292907893658,0.0
48.919134,"[207.5274200439453, 4.499812602996826, 0.0]","[259.25042724609375, 4.5, 0.0]",7.779836654733632,7.9356770515441895,7.932207909591751,0.19760131839148265,0.38385099172592163,51.72213744995963,0.16485071175260657,-1.0684251785778809,47.22213744995963,-0.15584039681055728,7.785274028778076,0.2621030807495117,51.690887451171875,True,0,8.047377109527588,7.9356770515441895,-0.6008958816528231,-0.11173202887275421,-0.004579066233559942,0.11907975275985846,"StraightLane index=('>>>', '1S0_0_', 0)",True,157.37197875976562,0.000186920166015625,0.00023651123046864676,"StraightLane index=('>>', '>>>', 0)",True,0.0,True,False,1.2899713516235352,0.11450068652629852,0.0,0.11450068652629852,True,0.0,0.0,0.07156292907893658,0.0,0.07156292907893658,0.0
48.93957,"[207.6829376220703, 4.499812126159668, 0.0]","[259.4117736816406, 4.5, 0.0]",7.781747818064162,7.9163689613342285,7.919540814830478,0.09555816652651039,0.36680424213409424,51.723007200880375,0.15584039681055728,-0.45051574710246456,47.223007200880375,-0.13462114327006613,7.787323951721191,0.1862192153930664,51.718505859375,True,0,7.973543167114258,7.9163689613342285,-0.6008958816528231,-0.11173202887275421,-0.004579066233559942,0.059925130503102636,"StraightLane index=('>>>', '1S0_0_', 0)",True,157.5274200439453,0.00018739700317382812,0.00024414062499168555,"StraightLane index=('>>', '>>>', 0)",True,0.0,True,False,1.2899713516235352,0.055346064269542694,0.0,0.055346064269542694,True,0.0,0.0,0.034591290168464184,0.0,0.034591290168464184,0.0
48.959169,"[207.83853149414062, 4.49981164932251, 0.0]","[259.5694885253906, 4.5, 0.0]",7.783658981395912,7.910678386688232,7.907384629203379,0.09555816658748384,0.3325982391834259,51.72883605830016,0.13462114327006613,-1.0609626770245573,47.22883605830016,-0.12701940529232036,7.790867328643799,0.1862192153930664,51.718505859375,True,0,7.977086544036865,7.910678386688232,-0.6008958816528231,-0.11173202887275421,-0.004579066233559942,0.059925130503102636,"StraightLane index=('>>>', '1S0_0_', 0)",True,157.6829376220703,0.00018787384033203125,0.00024414062499168555,"StraightLane index=('>>', '>>>', 0)",True,0.0,True,False,1.2899713516235352,0.055346064269542694,0.0,0.055346064269542694,True,0.0,0.0,0.034591290168464184,0.0,0.034591290168464184,0.0
48.979888,"[207.99417114257812, 4.499811172485352, 0.0]","[259.7276611328125, 4.5, 0.0]",7.785570144726997,7.894951820373535,7.894546508684079,0.09555816655426597,0.2958383560180664,51.73095702986709,0.12701940529232036,-0.3800868988872885,47.23095702986709,-0.10938167564653778,7.793491840362549,0.1862192153930664,51.718505859375,True,0,7.979711055755615,7.894951820373535,-0.6008958816528231,-0.11173202887275421,-0.004579066233559942,0.059925130503102636,"StraightLane index=('>>>', '1S0_0_', 0)",True,157.83853149414062,0.00018835067749023438,0.000259399414088652,"StraightLane index=('>>', '>>>', 0)",True,0.0,True,False,1.2899713516235352,0.055346064269542694,0.0,0.055346064269542694,True,0.0,0.0,0.034591290168464184,0.0,0.034591290168464184,0.0
48.999834,"[208.14984130859375, 4.499810695648193, 0.0]","[259.8825378417969, 4.5, 0.0]",7.787481308057813,7.88281774520874,7.88217683289412,0.09555816654076565,0.2563451826572418,51.733489988905156,0.10938167564653778,-0.8818864822891292,47.233489988905156,-0.09533643715092754,7.795051097869873,0.1862192153930664,51.718505859375,True,0,7.9812703132629395,7.88281774520874,-0.5791759490966886,-0.12082998420386289,-0.05886130005575998,0.11420736432530268,"StraightLane index=('>>>', '1S0_0_', 0)",True,157.99417114257812,0.0001888275146484375,0.0002517700195147243,"StraightLane index=('>>', '>>>', 0)",True,0.0,True,False,1.2899713516235352,0.055346064269542694,0.0,0.055346064269542694,True,0.0,0.0,0.034591290168464184,0.0,0.034591290168464184,0.0
49.01973,"[208.30555725097656, 4.499810218811035, 0.0]","[260.0437316894531, 4.5, 0.0]",7.789392471388383,7.868929386138916,7.868162723166397,0.09555816652850879,0.2211986631155014,51.73269653187182,0.09533643715092754,-0.7022619247805117,47.23269653187182,-0.07953691475053315,7.7962965965271,0.1862192153930664,51.718505859375,True,0,7.982515811920166,7.868929386138916,-0.5791759490966886,-0.12082998420386289,-0.05886130005575998,0.11420736432530268,"StraightLane index=('>>>', '1S0_0_', 0)",True,158.14984130859375,0.00018930435180664062,0.0002517700195147243,"StraightLane index=('>>', '>>>', 0)",True,0.0,True,False,1.2899713516235352,0.055346064269542694,0.0,0.055346064269542694,True,0.0,0.0,0.034591290168464184,0.0,0.034591290168464184,0.0
49.039658,"[208.4613037109375, 4.499809741973877, 0.0]","[260.2008056640625, 4.5, 0.0]",7.782119751051733,7.854816913604736,7.854109926442989,-0.3636360168325137,0.1866683065891266,51.73817443708711,0.07953691475053315,-0.7899761200197197,47.23817443708711,-0.07269716255300374,7.796929359436035,0.0953364372253418,51.732696533203125,True,0,7.892265796661377,7.854816913604736,-0.5791759490966886,-0.12082998420386289,-0.05886130005575998,0.047301360112505984,"StraightLane index=('>>>', '1S0_0_', 0)",True,158.30555725097656,0.00018978118896484375,0.000259399414088652,"StraightLane index=('>>', '>>>', 0)",True,0.0,True,False,1.2881227731704712,-0.011559939943253994,0.0,-0.011559939943253994,True,0.0,0.0,0.0,-0.0,0.0,-0.0
49.059226,"[208.61709594726562, 4.499809265136719, 0.0]","[260.35369873046875, 4.5, 0.0]",7.774847030716319,7.841080665588379,7.840309718534055,-0.36363601677069646,0.15540370345115662,51.739501951733374,0.07269716255300374,-0.3419876098764707,47.239501951733374,-0.06623363487206024,7.797203540802002,0.0953364372253418,51.732696533203125,True,0,7.892539978027344,7.841080665588379,-0.5791759490966886,-0.12082998420386289,-0.05886130005575998,0.047301360112505984,"StraightLane index=('>>>', '1S0_0_', 0)",True,158.4613037109375,0.00019025802612304688,0.000259399414088652,"StraightLane index=('>>', '>>>', 0)",True,0.0,True,False,1.2881227731704712,-0.011559939943253994,0.0,-0.011559939943253994,True,0.0,0.0,0.0,-0.0,0.0,-0.0
49.079799,"[208.77273559570312, 4.4998087882995605, 0.0]","[260.5146179199219, 4.5, 0.0]",7.767574310380392,7.82662343978882,7.825814708445042,-0.3636360167963204,0.09691198170185089,51.73660278180937,0.06623363487206024,-0.32317638404717464,47.23660278180937,-0.05904912940842788,7.79522180557251,0.0953364372253418,51.732696533203125,True,0,7.890558242797852,7.82662343978882,-0.5791759490966886,-0.12082998420386289,-0.05886130005575998,0.047301360112505984,"StraightLane index=('>>>', '1S0_0_', 0)",True,158.61709594726562,0.00019073486328125,0.000259399414088652,"StraightLane index=('>>', '>>>', 0)",True,0.0,True,False,1.2881227731704712,-0.011559939943253994,0.0,-0.011559939943253994,True,0.0,0.0,0.0,-0.0,0.0,-0.0
49.099344,"[208.92823791503906, 4.499808311462402, 0.0]","[260.6708679199219, 4.5, 0.0]",7.760301590042782,7.8125834465026855,7.812029407049787,-0.3636360168805197,0.06335894018411636,51.74188232282278,0.05904912940842788,-0.3592252731816181,47.24188232282278,-0.052281856459903686,7.792671203613281,0.0953364372253418,51.732696533203125,True,0,7.888007640838623,7.8125834465026855,-0.7023429870605469,-0.13332899033059573,-0.09934578363165833,0.08778584368840434,"StraightLane index=('>>>', '1S0_0_', 0)",True,158.77273559570312,0.00019121170043945312,0.000259399414088652,"StraightLane index=('>>', '>>>', 0)",True,0.0,True,False,1.2881227731704712,-0.011559939943253994,0.0,-0.011559939943253994,True,0.0,0.0,0.0,-0.0,0.0,-0.0
49.11943,"[209.08358764648438, 4.499807834625244, 0.0]","[260.8233642578125, 4.5, 0.0]",7.753028869704414,7.797663688659668,7.796236689048238,-0.36363601691840053,-0.0050572906620800495,51.74263000359628,0.052281856459903686,-0.3383636474262097,47.24263000359628,-0.04463481895525412,7.786468029022217,0.0953364372253418,51.732696533203125,True,0,7.881804466247559,7.797663688659668,-0.7023429870605469,-0.13332899033059573,-0.09934578363165833,0.08778584368840434,"StraightLane index=('>>>', '1S0_0_', 0)",True,158.92823791503906,0.00019168853759765625,0.00024414062499168555,"StraightLane index=('>>', '>>>', 0)",True,0.0,True,False,1.2881227731704712,-0.011559939943253994,0.0,-0.011559939943253994,True,0.0,0.0,0.0,-0.0,0.0,-0.0
49.140325,"[209.23880004882812, 4.499807357788086, 0.0]","[260.9799499511719, 4.5, 0.0]",7.745756149365143,7.781768798828125,7.7797531756155385,-0.3636360169635644,-0.07418327778577805,51.739776610094076,0.04463481895525412,-0.3823518752324784,47.239776610094076,-0.03601264946298244,7.778786659240723,0.052281856536865234,51.74263000488281,True,0,7.831068515777588,7.781768798828125,-0.7023429870605469,-0.13332899033059573,-0.09934578363165833,0.07565646332070805,"StraightLane index=('>>>', '1S0_0_', 0)",True,159.08358764648438,0.00019216537475585938,0.00023651123046864676,"StraightLane index=('>>', '>>>', 0)",True,0.0,True,False,1.2881227731704712,-0.02368932031095028,0.0,-0.02368932031095028,True,0.0,0.0,0.0,-0.0,0.0,-0.0
49.159866,"[209.39385986328125, 4.499806880950928, 0.0]","[261.1377868652344, 4.5, 0.0]",7.738483429026676,7.765746116638184,7.764328893126893,-0.3636360169233299,-0.1403319537639618,51.74114990105317,0.03601264946298244,-0.43110847461358404,47.24114990105317,-0.02726268761150763,7.770070552825928,0.052281856536865234,51.74263000488281,True,0,7.822352409362793,7.765746116638184,-0.7023429870605469,-0.13332899033059573,-0.09934578363165833,0.07565646332070805,"StraightLane index=('>>>', '1S0_0_', 0)",True,159.23880004882812,0.0001926422119140625,0.00024414062499168555,"StraightLane index=('>>', '>>>', 0)",True,0.0,True,False,1.2881227731704712,-0.02368932031095028,0.0,-0.02368932031095028,True,0.0,0.0,0.0,-0.0,0.0,-0.0
49.179797,"[209.5487823486328, 4.4998064041137695, 0.0]","[261.2934265136719, 4.5, 0.0]",7.731210708688465,7.749946594238281,7.748622594402203,-0.36363601691054015,-0.20422358810901642,51.743927000715104,0.02726268761150763,-0.4374980925737404,47.243927000715104,-0.01873588554981609,7.760274887084961,0.052281856536865234,51.74263000488281,True,0,7.812556743621826,7.749946594238281,-0.7023429870605469,-0.13332899033059573,-0.09934578363165833,0.07565646332070805,"StraightLane index=('>>>', '1S0_0_', 0)",True,159.39385986328125,0.00019311904907226562,0.00023651123046864676,"StraightLane index=('>>', '>>>', 0)",True,0.0,True,False,1.2881227731704712,-0.02368932031095028,0.0,-0.02368932031095028,True,0.0,0.0,0.0,-0.0,0.0,-0.0
49.199453,"[209.70355224609375, 4.499805927276611, 0.0]","[261.44879150390625, 4.5, 0.0]",7.723937988350466,7.7341742515563965,7.733096591656215,-0.3636360168999708,-0.27692362666130066,51.744644163852826,0.01873588554981609,-0.42634010308457704,47.244644163852826,-0.01023626320593074,7.745720863342285,0.052281856536865234,51.74263000488281,True,0,7.79800271987915,7.7341742515563965,-0.7840919494628906,-0.14743930952873732,-0.14078573844488235,0.11709641813393207,"StraightLane index=('>>>', '1S0_0_', 0)",True,159.5487823486328,0.00019359588623046875,0.000228881835945608,"StraightLane index=('>>', '>>>', 0)",True,0.0,True,False,1.2881227731704712,-0.02368932031095028,0.0,-0.02368932031095028,True,0.0,0.0,0.0,-0.0,0.0,-0.0
49.22128,"[209.85816955566406, 4.499805450439453, 0.0]","[261.6044006347656, 4.5, 0.0]",7.7166652680126795,7.717188358306885,7.714261391854311,-0.3636360168893127,-0.3182758092880249,51.74523925651578,0.01023626320593074,-0.42498111719426745,47.24523925651578,-0.0005230902942052751,7.735592842102051,0.052281856536865234,51.74263000488281,True,0,7.787874698638916,7.717188358306885,-0.7840919494628906,-0.14743930952873732,-0.14078573844488235,0.11709641813393207,"StraightLane index=('>>>', '1S0_0_', 0)",True,159.70355224609375,0.00019407272338867188,0.00024414062499168555,"StraightLane index=('>>', '>>>', 0)",True,0.0,True,False,1.2881227731704712,-0.02368932031095028,0.0,-0.02368932031095028,True,0.0,0.0,0.0,-0.0,0.0,-0.0
49.239399,"[210.0126495361328, 4.499804973602295, 0.0]","[261.7543640136719, 4.5, 0.0]",7.6906394959172335,7.700317859649658,7.698586719930394,-1.3012886047722994,-0.3358524739742279,51.746231077857615,0.0005230902942052751,-0.48565864558627325,47.246231077857615,-0.0096783637324247,7.730566501617432,0.018735885620117188,51.74464416503906,True,0,7.749302387237549,7.700317859649658,-0.7840919494628906,-0.14743930952873732,-0.14078573844488235,0.032184607899743034,"StraightLane index=('>>>', '1S0_0_', 0)",True,159.85816955566406,0.000194549560546875,0.00023651123046864676,"StraightLane index=('>>', '>>>', 0)",True,0.0,True,False,1.2905763387680054,-0.10860113054513931,0.0,-0.10860113054513931,True,0.0,0.0,0.0,0.08,0.0,0.08
49.259992,"[210.16697692871094, 4.499804496765137, 0.0]","[261.9070129394531, 4.5, 0.0]",7.6553096771920845,7.68314790725708,7.680763814470486,-1.7664909362574477,-0.3609715700149536,51.741714476347134,0.0096783637324247,0.4577636719109712,47.241714476347134,-0.02783823006499553,7.721121788024902,0.018735885620117188,51.74464416503906,True,0,7.7398576736450195,7.68314790725708,-0.7840919494628906,-0.14743930952873732,-0.14078573844488235,0.032184607899743034,"StraightLane index=('>>>', '1S0_0_', 0)",True,160.0126495361328,0.00019502639770507812,0.000228881835945608,"StraightLane index=('>>', '>>>', 0)",True,0.0,True,False,1.2905763387680054,-0.10860113054513931,0.0,-0.10860113054513931,True,0.0,0.0,0.0,0.10860113054513931,0.0,0.10860113054513931
49.279831,"[210.32078552246094, 4.4998040199279785, 0.0]","[262.06500244140625, 4.5, 0.0]",7.619979858466651,7.6653733253479,7.663630955805203,-1.7664909362716585,-0.4099617302417755,51.74003600938357,0.02783823006499553,0.9079933166285414,47.24003600938357,-0.04539346688124901,7.708689212799072,0.018735885620117188,51.74464416503906,True,0,7.7274250984191895,7.6653733253479,-0.7840919494628906,-0.14743930952873732,-0.14078573844488235,0.032184607899743034,"StraightLane index=('>>>', '1S0_0_', 0)",True,160.16697692871094,0.00019550323486328125,0.0002517700195147243,"StraightLane index=('>>', '>>>', 0)",True,0.0,True,False,1.2905763387680054,-0.10860113054513931,0.0,-0.10860113054513931,True,0.0,0.0,0.0,0.10860113054513931,0.0,0.10860113054513931
49.30025,"[210.47389221191406, 4.49980354309082, 0.0]","[262.2149963378906, 4.5, 0.0]",7.584650039742307,7.648502349853516,7.645928698633894,-1.7664909362172132,-0.5146505832672119,51.744216917584566,0.04539346688124901,0.8777618408126742,47.244216917584566,-0.06385231011120851,7.689225673675537,0.018735885620117188,51.74464416503906,True,0,7.707961559295654,7.648502349853516,-0.8567190170288086,-0.1626805441718719,-0.12117654259958635,0.012575412054447038,"StraightLane index=('>>>', '1S0_0_', 0)",True,160.32078552246094,0.00019598007202148438,0.0002517700195147243,"StraightLane index=('>>', '>>>', 0)",True,0.0,True,False,1.2905763387680054,-0.10860113054513931,0.0,-0.10860113054513931,True,0.0,0.0,0.0,0.10860113054513931,0.0,0.10860113054513931
49.320557,"[210.6262969970703, 4.499803066253662, 0.0]","[262.36798095703125, 4.5, 0.0]",7.549320221017474,7.63031530380249,7.627114471636751,-1.766490936241638,-0.6680387854576111,51.741104124556855,0.06385231011120851,0.9229421614979749,47.241104124556855,-0.08099508278501588,7.662282943725586,0.018735885620117188,51.74464416503906,True,0,7.681018829345703,7.63031530380249,-0.8567190170288086,-0.1626805441718719,-0.12117654259958635,0.012575412054447038,"StraightLane index=('>>>', '1S0_0_', 0)",True,160.47389221191406,0.0001964569091796875,0.000259399414088652,"StraightLane index=('>>', '>>>', 0)",True,0.0,True,False,1.2905763387680054,-0.10860113054513931,0.0,-0.10860113054513931,True,0.0,0.0,0.0,0.10860113054513931,0.0,0.10860113054513931
49.341062,"[210.77798461914062, 4.499802589416504, 0.0]","[262.52130126953125, 4.5, 0.0]",7.51508140570909,7.611613273620607,7.608096159098447,-1.7119407654192287,-0.8466599583625793,51.74168395865207,0.08099508278501588,0.8571386336903686,47.24168395865207,-0.09653186791151747,7.629473686218262,0.04539346694946289,51.74421691894531,True,0,7.674867153167725,7.611613273620607,-0.8567190170288086,-0.1626805441718719,-0.12117654259958635,0.015928456445125444,"StraightLane index=('>>>', '1S0_0_', 0)",True,160.6262969970703,0.00019693374633789062,0.00024414062499168555,"StraightLane index=('>>', '>>>', 0)",True,0.0,True,False,1.2905763387680054,-0.10524808615446091,0.0,-0.10524808615446091,True,0.0,0.0,0.0,0.10524808615446091,0.0,0.10524808615446091
49.359279,"[210.92897033691406, 4.499802112579346, 0.0]","[262.6742858886719, 4.5, 0.0]",7.4808425904010445,7.592951774597168,7.591200721052631,-1.7119407654022645,-1.027711033821106,51.7433166490236,0.09653186791151747,0.7768392563250792,47.2433166490236,-0.11210918419612348,7.592782020568848,0.04539346694946289,51.74421691894531,True,0,7.6381754875183105,7.592951774597168,-0.8567190170288086,-0.1626805441718719,-0.12117654259958635,0.015928456445125444,"StraightLane index=('>>>', '1S0_0_', 0)",True,160.77798461914062,0.00019741058349609375,0.0002517700195147243,"StraightLane index=('>>', '>>>', 0)",True,0.0,True,False,1.2905763387680054,-0.10524808615446091,0.0,-0.10524808615446091,True,0.0,0.0,0.0,0.10524808615446091,0.0,0.10524808615446091
49.380245,"[211.0792694091797, 4.4998016357421875, 0.0]","[262.8268737792969, 4.5, 0.0]",7.446603775093197,7.574339866638184,7.571783081958866,-1.7119407653923613,-1.2657924890518188,51.74531555044484,0.11210918419612348,0.7788658142303007,47.24531555044484,-0.12773609154498633,7.53454065322876,0.04539346694946289,51.74421691894531,True,0,7.579934120178223,7.574339866638184,-0.8567190170288086,-0.1626805441718719,-0.12117654259958635,0.015928456445125444,"StraightLane index=('>>>', '1S0_0_', 0)",True,160.92897033691406,0.00019788742065429688,0.00024414062499168555,"StraightLane index=('>>', '>>>', 0)",True,0.0,True,False,1.2905763387680054,-0.10524808615446091,0.0,-0.10524808615446091,True,0.0,0.0,0.0,0.10524808615446091,0.0,0.10524808615446091
49.399784,"[211.2288818359375, 4.499801158905029, 0.0]","[262.978271484375, 4.5, 0.0]",7.412364959785296,7.559206485748291,7.553659079704589,-1.7119407653950702,-1.3553677797317505,51.747604368802165,0.12773609154498633,0.7813453674431425,47.247604368802165,-0.14684152596299516,7.512485980987549,0.04539346694946289,51.74421691894531,True,0,7.557879447937012,7.559206485748291,-0.8929586410522461,-0.1776660421915133,-0.08221905031556645,-0.023029035838894457,"StraightLane index=('>>>', '1S0_0_', 0)",True,161.0792694091797,0.0001983642578125,0.00024414062499168555,"StraightLane index=('>>', '>>>', 0)",True,0.0,True,False,1.2905763387680054,-0.10524808615446091,0.0,-0.10524808615446091,True,0.0,0.0,0.0,0.10524808615446091,0.0,0.10524808615446091
49.419152,"[211.3778076171875, 4.499800682067871, 0.0]","[263.1259460449219, 4.5, 0.0]",7.37812614447738,7.533781528472902,7.5348604674707795,-1.7119407653957808,-1.4849274158477783,51.74938964717581,0.14684152596299516,0.9552717209004413,47.24938964717581,-0.15565538399552192,7.47125768661499,0.04539346694946289,51.74421691894531,True,0,7.516651153564453,7.533781528472902,-0.8929586410522461,-0.1776660421915133,-0.08221905031556645,-0.023029035838894457,"StraightLane index=('>>>', '1S0_0_', 0)",True,161.2288818359375,0.00019884109497070312,0.00023651123046864676,"StraightLane index=('>>', '>>>', 0)",True,0.0,True,False,1.2905763387680054,-0.10524808615446091,0.0,-0.10524808615446091,True,0.0,0.0,0.0,0.10524808615446091,0.0,0.10524808615446091
49.439262,"[211.52606201171875, 4.499800205230713, 0.0]","[263.27630615234375, 4.5, 0.0]",7.352325439521103,7.520993709564209,7.51533878822695,-1.290035247813881,-1.5930272340774536,51.74813842641529,0.15565538399552192,0.44069290162633834,47.24813842641529,-0.16866827004310636,7.429820537567139,0.8948373794555664,40.936134338378906,False,-1,8.324657917022705,7.520993709564209,-0.8929586410522461,-0.1776660421915133,-0.08221905031556645,0.0029103691255525643,"StraightLane index=('>>>', '1S0_0_', 0)",True,161.3778076171875,0.00019931793212890625,0.00024414062499168555,"StraightLane index=('>>', '>>>', 0)",True,0.0,True,False,1.3028072118759155,-0.07930868119001389,0.0,-0.07930868119001389,True,0.0,0.0,0.0,0.07930868119001389,0.0,0.07930868119001389
49.45875,"[211.6736297607422, 4.499799728393555, 0.0]","[263.4256591796875, 4.5, 0.0]",7.345052719184156,7.4950032234191895,7.496407921709941,-0.36363601684734626,-1.6785879135131836,51.75024413930386,0.16866827004310636,0.6506443023792219,47.25024413930386,-0.14995050423503375,7.388673782348633,0.8948373794555664,40.936134338378906,False,-1,8.2835111618042,7.4950032234191895,-0.8929586410522461,-0.1776660421915133,-0.08221905031556645,0.08221905031556645,"StraightLane index=('>>>', '1S0_0_', 0)",True,161.52606201171875,0.00019979476928710938,0.00024414062499168555,"StraightLane index=('>>', '>>>', 0)",True,0.0,True,False,1.3028072118759155,0.0,0.0,0.0,True,0.0,0.0,0.0,-0.0,0.0,-0.0
49.479754,"[211.8206787109375, 4.4997992515563965, 0.0]","[263.5798034667969, 4.5, 0.0]",7.337779998847202,7.481728553771973,7.476023909027374,-0.3636360168477015,-1.7252293825149536,51.7520294176777,0.14995050423503375,-0.9358882904036303,47.2520294176777,-0.143948554924771,7.3500285148620605,0.8948373794555664,40.936134338378906,False,-1,8.244865894317627,7.481728553771973,-0.8929586410522461,-0.1776660421915133,-0.08221905031556645,0.08221905031556645,"StraightLane index=('>>>', '1S0_0_', 0)",True,161.6736297607422,0.0002002716064453125,0.00023651123046864676,"StraightLane index=('>>', '>>>', 0)",True,0.0,True,False,1.3028072118759155,0.0,0.0,0.0,True,0.0,0.0,0.0,-0.0,0.0,-0.0
49.499099,"[211.9675750732422, 4.499798774719238, 0.0]","[263.725830078125, 4.5, 0.0]",7.330507278510153,7.456169605255127,7.457231675095455,-0.3636360168524533,-1.7021013498306274,51.75912475453409,0.143948554924771,-0.3000974655131383,47.25912475453409,-0.12566232674497435,7.317996025085449,0.8948373794555664,40.936134338378906,False,-1,8.212833404541016,7.456169605255127,-1.0303688049316406,-0.19596234614496938,-0.11428183376073604,0.11428183376073604,"StraightLane index=('>>>', '1S0_0_', 0)",True,161.8206787109375,0.00020074844360351562,0.00024414062499168555,"StraightLane index=('>>', '>>>', 0)",True,0.0,True,False,1.3028072118759155,0.0,0.0,0.0,True,0.0,0.0,0.0,-0.0,0.0,-0.0
49.520039,"[212.1143341064453, 4.49979829788208, 0.0]","[263.8787841796875, 4.5, 0.0]",7.323234558173104,7.442602157592773,7.436520341629664,-0.36363601685240887,-1.5297809839248657,51.758255003611204,0.12566232674497435,-0.9143114089898319,47.258255003611204,-0.11936759941966901,7.286439895629883,0.8948373794555664,40.936134338378906,False,-1,8.18127727508545,7.442602157592773,-1.0303688049316406,-0.19596234614496938,-0.11428183376073604,0.11428183376073604,"StraightLane index=('>>>', '1S0_0_', 0)",True,161.9675750732422,0.00020122528076171875,0.00023651123046864676,"StraightLane index=('>>', '>>>', 0)",True,0.0,True,False,1.3028072118759155,0.0,0.0,0.0,True,0.0,0.0,0.0,-0.0,0.0,-0.0
49.539146,"[212.2609405517578, 4.499797821044922, 0.0]","[264.0235900878906, 4.5, 0.0]",7.315961837836024,7.416581153869629,7.417601955454308,-0.3636360168540076,-1.3707414865493774,51.76445007196856,0.11936759941966901,-0.3147363662652669,47.26445007196856,-0.10061931603360463,7.273260116577148,0.8948373794555664,40.936134338378906,False,-1,8.168097496032715,7.416581153869629,-1.0303688049316406,-0.19596234614496938,-0.11428183376073604,0.11428183376073604,"StraightLane index=('>>>', '1S0_0_', 0)",True,162.1143341064453,0.00020170211791992188,0.00023651123046864676,"StraightLane index=('>>', '>>>', 0)",True,0.0,True,False,1.3028072118759155,0.0,0.0,0.0,True,0.0,0.0,0.0,-0.0,0.0,-0.0
49.559158,"[212.40740966796875, 4.499797344207764, 0.0]","[264.17449951171875, 4.5, 0.0]",7.308689117500131,7.403078556060791,7.397782360374556,-0.3636360167946773,-1.2895007133483887,51.7626495348014,0.10061931603360463,-0.937414169303219,47.2626495348014,-0.09438943856066029,7.268074989318848,0.8948373794555664,40.936134338378906,False,-1,8.162912368774414,7.403078556060791,-1.0303688049316406,-0.19596234614496938,-0.11428183376073604,0.11428183376073604,"StraightLane index=('>>>', '1S0_0_', 0)",True,162.2609405517578,0.000202178955078125,0.00024414062499168555,"StraightLane index=('>>', '>>>', 0)",True,0.0,True,False,1.3028072118759155,0.0,0.0,0.0,True,0.0,0.0,0.0,-0.0,0.0,-0.0
49.580097,"[212.55372619628906, 4.4997968673706055, 0.0]","[264.3232116699219, 4.5, 0.0]",7.30141639716392,7.37653398513794,7.377077164769733,-0.36363601681053126,-1.022019863128662,51.767089842359695,0.09438943856066029,-0.31149387364721726,47.267089842359695,-0.07511758797402024,7.260110378265381,0.8948373794555664,40.936134338378906,False,-1,8.154947757720947,7.37653398513794,-1.0303688049316406,-0.19596234614496938,-0.11428183376073604,0.11428183376073604,"StraightLane index=('>>>', '1S0_0_', 0)",True,162.40740966796875,0.00020265579223632812,0.0002517700195147243,"StraightLane index=('>>', '>>>', 0)",True,0.0,True,False,1.3028072118759155,0.0,0.0,0.0,True,0.0,0.0,0.0,-0.0,0.0,-0.0
49.599466,"[212.6999053955078, 4.499796390533447, 0.0]","[264.4708251953125, 4.5, 0.0]",7.2941436768287335,7.363471031188965,7.3578847594616015,-0.3636360167593278,-0.8589599132537842,51.769485472182595,0.07511758797402024,-0.9635925293320025,47.269485472182595,-0.0693273543602313,7.257575511932373,0.8948373794555664,40.936134338378906,False,-1,8.15241289138794,7.363471031188965,-0.9269857406616211,-0.20881061245362917,-0.16374783211947883,0.16374783211947883,"StraightLane index=('>>>', '1S0_0_', 0)",True,162.55372619628906,0.00020313262939453125,0.000259399414088652,"StraightLane index=('>>', '>>>', 0)",True,0.0,True,False,1.3028072118759155,0.0,0.0,0.0,True,0.0,0.0,0.0,-0.0,0.0,-0.0
49.619338,"[212.84593200683594, 4.499795913696289, 0.0]","[264.61468505859375, 4.5, 0.0]",7.28687095649432,7.337451457977295,7.338291703566445,-0.363636016720692,-0.8589599132537842,51.770919798352296,0.0693273543602313,-0.2895116806894471,47.270919798352296,-0.050580501482975215,7.257575511932373,1.285344123840332,41.07981872558594,False,-1,8.542919635772705,7.337451457977295,-0.9269857406616211,-0.20881061245362917,-0.16374783211947883,0.16374783211947883,"StraightLane index=('>>>', '1S0_0_', 0)",True,162.6999053955078,0.00020360946655273438,0.000259399414088652,"StraightLane index=('>>', '>>>', 0)",True,0.0,True,False,1.3028072118759155,0.0,0.0,0.0,True,0.0,0.0,0.0,-0.0,0.0,-0.0
49.640366,"[212.9918212890625, 4.499795436859131, 0.0]","[264.7647399902344, 4.5, 0.0]",7.279598236158986,7.323875427246094,7.3175615317682405,-0.36363601676669965,-0.6456403136253357,51.76875305030328,0.050580501482975215,-0.9373426438628041,47.26875305030328,-0.044277191087108037,7.256446361541748,1.285344123840332,41.07981872558594,False,-1,8.54179048538208,7.323875427246094,-0.9269857406616211,-0.20881061245362917,-0.16374783211947883,0.16374783211947883,"StraightLane index=('>>>', '1S0_0_', 0)",True,162.84593200683594,0.0002040863037109375,0.000259399414088652,"StraightLane index=('>>', '>>>', 0)",True,0.0,True,False,1.3097258806228638,0.0,0.0,0.0,True,0.0,0.0,0.0,-0.0,0.0,-0.0
49.659089,"[213.13755798339844, 4.499794960021973, 0.0]","[264.9098815917969, 4.5, 0.0]",7.272325515823272,7.297626972198486,7.29908781901136,-0.3636360167857067,-0.5336320400238037,51.77291869971514,0.044277191087108037,-0.31516551979335894,47.27291869971514,-0.025301456375214748,7.255914211273193,1.285344123840332,41.07981872558594,False,-1,8.541258335113525,7.297626972198486,-0.9269857406616211,-0.20881061245362917,-0.16374783211947883,0.16374783211947883,"StraightLane index=('>>>', '1S0_0_', 0)",True,162.9918212890625,0.00020456314086914062,0.000259399414088652,"StraightLane index=('>>', '>>>', 0)",True,0.0,True,False,1.3097258806228638,0.0,0.0,0.0,True,0.0,0.0,0.0,-0.0,0.0,-0.0
49.679812,"[213.2831573486328, 4.4997944831848145, 0.0]","[265.0566101074219, 4.5, 0.0]",7.265052795487149,7.284495830535889,7.278672766890729,-0.3636360168061348,-0.44250771403312683,51.77232360693955,0.025301456375214748,-0.9487867355946644,47.27232360693955,-0.019443035048739787,7.255301475524902,1.285344123840332,41.07981872558594,False,-1,8.540645599365234,7.284495830535889,-0.9269857406616211,-0.20881061245362917,-0.16374783211947883,0.16374783211947883,"StraightLane index=('>>>', '1S0_0_', 0)",True,163.13755798339844,0.00020503997802734375,0.000259399414088652,"StraightLane index=('>>', '>>>', 0)",True,0.0,True,False,1.3097258806228638,0.0,0.0,0.0,True,0.0,0.0,0.0,-0.0,0.0,-0.0
49.699633,"[213.42860412597656, 4.499794006347656, 0.0]","[265.2024230957031, 4.5, 0.0]",7.257780075150926,7.2581562995910645,7.2591348347656925,-0.363636016811153,-0.3724806606769562,51.77345275732801,0.019443035048739787,-0.29292106632374804,47.27345275732801,-0.0003762244401386283,7.25421667098999,1.285344123840332,41.07981872558594,False,-1,8.539560794830322,7.2581562995910645,-1.053147315979004,-0.2247897072675314,-0.2245451613814413,0.2245451613814413,"StraightLane index=('>>>', '1S0_0_', 0)",True,163.2831573486328,0.00020551681518554688,0.000259399414088652,"StraightLane index=('>>', '>>>', 0)",True,0.0,True,False,1.3097258806228638,0.0,0.0,0.0,True,0.0,0.0,0.0,-0.0,0.0,-0.0
49.719334,"[213.5738983154297, 4.499793529510498, 0.0]","[265.3441162109375, 4.5, 0.0]",7.250507354813001,7.245876789093018,7.240204487041758,-0.3636360168962405,-0.3255757987499237,51.77381896826335,0.0003762244401386283,-0.953340530430058,47.27381896826335,0.004630565719983437,7.251986026763916,1.285344123840332,41.07981872558594,False,-1,8.537330150604248,7.245876789093018,-1.053147315979004,-0.2247897072675314,-0.2245451613814413,0.2245451613814413,"StraightLane index=('>>>', '1S0_0_', 0)",True,163.42860412597656,0.00020599365234375,0.000259399414088652,"StraightLane index=('>>', '>>>', 0)",True,0.0,True,False,1.3097258806228638,0.0,0.0,0.0,True,0.0,0.0,0.0,-0.0,0.0,-0.0
49.739571,"[213.71905517578125, 4.49979305267334, 0.0]","[265.4901428222656, 4.5, 0.0]",7.243234634474212,7.219770431518555,7.220782128012925,-0.36363601693945036,-0.2933301329612732,51.77021789410071,-0.004630565719983437,-0.2503395080061033,47.27021789410071,0.02346420295565732,7.249054908752441,1.285344123840332,41.07981872558594,False,-1,8.534399032592773,7.219770431518555,-1.053147315979004,-0.2247897072675314,-0.2245451613814413,0.2245451613814413,"StraightLane index=('>>>', '1S0_0_', 0)",True,163.5738983154297,0.00020647048950195312,0.0002517700195147243,"StraightLane index=('>>', '>>>', 0)",True,0.0,True,False,1.3097258806228638,0.0,0.0,0.0,True,0.0,0.0,0.0,-0.0,0.0,-0.0
49.759173,"[213.8640594482422, 4.499792575836182, 0.0]","[265.6352844238281, 4.5, 0.0]",7.235961914134697,7.20711612701416,7.201952702411636,-0.36363601697573245,-0.27417898178100586,51.77108764513257,-0.02346420295565732,-0.9416818617836942,47.27108764513257,0.028845787120537203,7.245351314544678,1.285344123840332,41.07981872558594,False,-1,8.53069543838501,7.20711612701416,-1.053147315979004,-0.2247897072675314,-0.2245451613814413,0.2245451613814413,"StraightLane index=('>>>', '1S0_0_', 0)",True,163.71905517578125,0.00020694732666015625,0.00024414062499168555,"StraightLane index=('>>', '>>>', 0)",True,0.0,True,False,1.3097258806228638,0.0,0.0,0.0,True,0.0,0.0,0.0,-0.0,0.0,-0.0
49.780192,"[214.00892639160156, 4.499792098999023, 0.0]","[265.7800598144531, 4.5, 0.0]",7.228689193796025,7.181171894073486,7.1817782380890085,-0.3636360169336328,-0.26476308703422546,51.771224974288636,-0.028845787120537203,-0.2690792082439941,47.271224974288636,0.047517299722538375,7.240932464599609,1.285344123840332,41.07981872558594,False,-1,8.526276588439941,7.181171894073486,-1.053147315979004,-0.2247897072675314,-0.2245451613814413,0.2245451613814413,"StraightLane index=('>>>', '1S0_0_', 0)",True,163.8640594482422,0.00020742416381835938,0.00023651123046864676,"StraightLane index=('>>', '>>>', 0)",True,0.0,True,False,1.3097258806228638,0.0,0.0,0.0,True,0.0,0.0,0.0,-0.0,0.0,-0.0
49.799451,"[214.1536407470703, 4.499791622161865, 0.0]","[265.9244079589844, 4.5, 0.0]",7.22141647345791,7.168623924255371,7.163286429121342,-0.363636016905744,-0.26355671882629395,51.77113342149569,-0.047517299722538375,-0.9335756301000586,47.27113342149569,0.05279254920253873,7.2358222007751465,1.285344123840332,41.07981872558594,False,-1,8.521166324615479,7.168623924255371,-0.8953237533569336,-0.23364706790827092,-0.2679622248899211,0.2679622248899211,"StraightLane index=('>>>', '1S0_0_', 0)",True,164.00892639160156,0.0002079010009765625,0.00024414062499168555,"StraightLane index=('>>', '>>>', 0)",True,0.0,True,False,1.3097258806228638,0.0,0.0,0.0,True,0.0,0.0,0.0,-0.0,0.0,-0.0
49.819393,"[214.2982177734375, 4.499791145324707, 0.0]","[266.0657043457031, 4.5, 0.0]",7.214143753118993,7.143618583679199,7.145057895614198,-0.36363601694584524,-0.27525022625923157,51.770767210440084,-0.05279254920253873,-0.26376247400001773,47.270767210440084,0.0705251694397937,7.226607799530029,1.285344123840332,41.07981872558594,False,-1,8.511951923370361,7.143618583679199,-0.8953237533569336,-0.23364706790827092,-0.2679622248899211,0.2679622248899211,"StraightLane index=('>>>', '1S0_0_', 0)",True,164.1536407470703,0.00020837783813476562,0.000259399414088652,"StraightLane index=('>>', '>>>', 0)",True,0.0,True,False,1.3097258806228638,0.0,0.0,0.0,True,0.0,0.0,0.0,-0.0,0.0,-0.0
49.840245,"[214.44264221191406, 4.499790668487549, 0.0]","[266.2097473144531, 4.5, 0.0]",7.206871032781875,7.131805419921875,7.126074984956403,-0.3636360168559172,-0.28252652287483215,51.76748657101825,-0.0705251694397937,-0.8866310118627485,47.26748657101825,0.07506561285999958,7.2230916023254395,-0.04751729965209961,51.77113342285156,True,0,7.17557430267334,7.131805419921875,-0.8953237533569336,-0.23364706790827092,-0.2679622248899211,0.23707598086111442,"StraightLane index=('>>>', '1S0_0_', 0)",True,164.2982177734375,0.00020885467529296875,0.000228881835945608,"StraightLane index=('>>', '>>>', 0)",True,0.0,True,False,1.3108137845993042,-0.030886244028806686,0.0,-0.030886244028806686,True,0.0,0.0,0.0,-0.0,0.0,-0.0
49.85928,"[214.58692932128906, 4.499790191650391, 0.0]","[266.351318359375, 4.5, 0.0]",7.199598312444455,7.1069793701171875,7.108634260939653,-0.3636360168709718,-0.2942998707294464,51.76710510123392,-0.07506561285999958,-0.22702217101029376,47.26710510123392,0.09261894232726764,7.21619176864624,-0.04751729965209961,51.77113342285156,True,0,7.168674468994141,7.1069793701171875,-0.8953237533569336,-0.23364706790827092,-0.2679622248899211,0.23707598086111442,"StraightLane index=('>>>', '1S0_0_', 0)",True,164.44264221191406,0.00020933151245117188,0.00023651123046864676,"StraightLane index=('>>', '>>>', 0)",True,0.0,True,False,1.3108137845993042,-0.030886244028806686,0.0,-0.030886244028806686,True,0.0,0.0,0.0,-0.0,0.0,-0.0
49.879889,"[214.73106384277344, 4.499789714813232, 0.0]","[266.49444580078125, 4.5, 0.0]",7.192325592107234,7.095285892486572,7.089830562120669,-0.3636360168610686,-0.3102208077907562,51.764389036722,-0.09261894232726764,-0.8776664733634032,47.264389036722,0.0970396996206615,7.208597660064697,-0.04751729965209961,51.77113342285156,True,0,7.161080360412598,7.095285892486572,-0.8953237533569336,-0.23364706790827092,-0.2679622248899211,0.23707598086111442,"StraightLane index=('>>>', '1S0_0_', 0)",True,164.58692932128906,0.000209808349609375,0.00024414062499168555,"StraightLane index=('>>', '>>>', 0)",True,0.0,True,False,1.3108137845993042,-0.030886244028806686,0.0,-0.030886244028806686,True,0.0,0.0,0.0,-0.0,0.0,-0.0
49.899808,"[214.87506103515625, 4.499789237976074, 0.0]","[266.63677978515625, 4.5, 0.0]",7.185052871771262,7.073693275451662,7.071641063990321,-0.36363601679858526,-0.32350802421569824,51.76338195658402,-0.0970396996206615,-0.2210378646696931,47.26338195658402,0.11135959631960013,7.200948715209961,-0.04751729965209961,51.77113342285156,True,0,7.153431415557861,7.073693275451662,-0.9493064880370916,-0.24350808819874203,-0.3158918258064821,0.28500558177767543,"StraightLane index=('>>>', '1S0_0_', 0)",True,164.73106384277344,0.00021028518676757812,0.0002517700195147243,"StraightLane index=('>>', '>>>', 0)",True,0.0,True,False,1.3108137845993042,-0.030886244028806686,0.0,-0.030886244028806686,True,0.0,0.0,0.0,-0.0,0.0,-0.0
49.919203,"[215.01890563964844, 4.499788761138916, 0.0]","[266.7745056152344, 4.5, 0.0]",7.177780151434967,7.0566792488098145,7.055085579410242,-0.3636360168147501,-0.33484193682670593,51.761718748689,-0.11135959631960013,-0.7159948349469314,47.261718748689,0.1211009026251526,7.193274021148682,-0.04751729965209961,51.77113342285156,True,0,7.145756721496582,7.0566792488098145,-0.9493064880370916,-0.24350808819874203,-0.3158918258064821,0.28500558177767543,"StraightLane index=('>>>', '1S0_0_', 0)",True,164.87506103515625,0.00021076202392578125,0.00023651123046864676,"StraightLane index=('>>', '>>>', 0)",True,0.0,True,False,1.3108137845993042,-0.030886244028806686,0.0,-0.030886244028806686,True,0.0,0.0,0.0,-0.0,0.0,-0.0
49.939801,"[215.16261291503906, 4.499788284301758, 0.0]","[266.918701171875, 4.5, 0.0]",7.170507431098357,7.039180278778076,7.037540477455495,-0.3636360168305153,-0.34261760115623474,51.755599974158024,-0.1211009026251526,-0.48706531527762387,47.255599974158024,0.13132715232028058,7.182301044464111,-0.09703969955444336,51.76338195800781,True,0,7.085261344909668,7.039180278778076,-0.9493064880370916,-0.24350808819874203,-0.3158918258064821,0.2720688704663351,"StraightLane index=('>>>', '1S0_0_', 0)",True,165.01890563964844,0.00021123886108398438,0.0002517700195147243,"StraightLane index=('>>', '>>>', 0)",True,0.0,True,False,1.3108137845993042,-0.04382295534014702,0.0,-0.04382295534014702,True,0.0,0.0,0.0,-0.0,0.0,-0.0
49.959345,"[215.30616760253906, 4.4997878074646, 0.0]","[267.0587463378906, 4.5, 0.0]",7.163234710763009,7.018853187561035,7.020841042267263,-0.3636360167673658,-0.3501226305961609,51.75608825546395,-0.13132715232028058,-0.5113124847563988,47.25608825546395,0.14438152320197428,7.17808723449707,-0.09703969955444336,51.76338195800781,True,0,7.081047534942627,7.018853187561035,-0.9493064880370916,-0.24350808819874203,-0.3158918258064821,0.2720688704663351,"StraightLane index=('>>>', '1S0_0_', 0)",True,165.16261291503906,0.0002117156982421875,0.00024414062499168555,"StraightLane index=('>>', '>>>', 0)",True,0.0,True,False,1.3108137845993042,-0.04382295534014702,0.0,-0.04382295534014702,True,0.0,0.0,0.0,-0.0,0.0,-0.0
49.97974,"[215.4495849609375, 4.499787330627441, 0.0]","[267.1995544433594, 4.5, 0.0]",7.155961990428311,7.008431911468506,7.003450880923705,-0.36363601673490287,-0.3590782582759857,51.752578733860496,-0.14438152320197428,-0.652718544084685,47.252578733860496,0.14753007895980552,7.170140266418457,-0.09703969955444336,51.76338195800781,True,0,7.073100566864014,7.008431911468506,-0.9493064880370916,-0.24350808819874203,-0.3158918258064821,0.2720688704663351,"StraightLane index=('>>>', '1S0_0_', 0)",True,165.30616760253906,0.00021219253540039062,0.000259399414088652,"StraightLane index=('>>', '>>>', 0)",True,0.0,True,False,1.3108137845993042,-0.04382295534014702,0.0,-0.04382295534014702,True,0.0,0.0,0.0,-0.0,0.0,-0.0
50.00068,"[215.5928497314453, 4.499786853790283, 0.0]","[267.33978271484375, 4.5, 0.0]",7.148689270094002,6.984748840332031,6.98564191772156,-0.36363601671545176,-0.3644465208053589,51.74996948080781,-0.14753007895980552,-0.15742778789156198,47.24996948080781,0.1639404297619711,7.162384033203125,-0.09703969955444336,51.76338195800781,True,0,7.065344333648682,6.984748840332031,-0.8894443511963068,-0.2502878316707386,-0.3568491110160198,0.3130261556758728,"StraightLane index=('>>>', '1S0_0_', 0)",True,165.4495849609375,0.00021266937255859375,0.0002746582031347296,"StraightLane index=('>>', '>>>', 0)",True,0.0,True,False,1.3108137845993042,-0.04382295534014702,0.0,-0.04382295534014702,True,0.0,0.0,0.0,-0.0,0.0,-0.0
50.020889,"[215.7359619140625, 4.499786376953125, 0.0]","[267.480224609375, 4.5, 0.0]",7.141416549757774,6.975240230560303,6.969858430204931,-0.36363601681141944,-0.36766716837882996,51.74693298178213,-0.1639404297619711,-0.8205175401082787,47.24693298178213,0.16617631919747122,7.154782295227051,-0.09703969955444336,51.76338195800781,True,0,7.057742595672607,6.975240230560303,-0.8894443511963068,-0.2502878316707386,-0.3568491110160198,0.3130261556758728,"StraightLane index=('>>>', '1S0_0_', 0)",True,165.5928497314453,0.00021314620971679688,0.0002746582031347296,"StraightLane index=('>>', '>>>', 0)",True,0.0,True,False,1.3108137845993042,-0.04382295534014702,0.0,-0.04382295534014702,True,0.0,0.0,0.0,-0.0,0.0,-0.0
50.039801,"[215.87893676757812, 4.499785900115967, 0.0]","[267.61895751953125, 4.5, 0.0]",7.107097625806618,6.952978134155273,6.955101043144113,-1.715946197557816,-0.36844155192375183,51.744262693815045,-0.16617631919747122,-0.11179447177500634,47.244262693815045,0.1541194916513442,7.147360324859619,-0.14753007888793945,51.749969482421875,True,0,6.99983024597168,6.952978134155273,-0.8894443511963068,-0.2502878316707386,-0.3568491110160198,0.25135552823089025,"StraightLane index=('>>>', '1S0_0_', 0)",True,165.7359619140625,0.000213623046875,0.000259399414088652,"StraightLane index=('>>', '>>>', 0)",True,0.0,True,False,1.3139504194259644,-0.10549358278512955,0.0,-0.10549358278512955,True,0.0,0.0,0.0,0.10549358278512955,0.0,0.10549358278512955
50.059777,"[216.02175903320312, 4.499785423278809, 0.0]","[267.7577819824219, 4.5, 0.0]",7.072778701857201,6.944038391113281,6.9394840538893074,-1.715946197470819,-0.3681580424308777,51.74002075045355,-0.1541194916513442,0.6028413773063512,47.24002075045355,0.12874031074392,7.1400651931762695,-0.14753007888793945,51.749969482421875,True,0,6.99253511428833,6.944038391113281,-0.8894443511963068,-0.2502878316707386,-0.3568491110160198,0.25135552823089025,"StraightLane index=('>>>', '1S0_0_', 0)",True,165.87893676757812,0.00021409988403320312,0.000259399414088652,"StraightLane index=('>>', '>>>', 0)",True,0.0,True,False,1.3139504194259644,-0.10549358278512955,0.0,-0.10549358278512955,True,0.0,0.0,0.0,0.10549358278512955,0.0,0.10549358278512955
50.080048,"[216.1638946533203, 4.49978494644165, 0.0]","[267.8970031738281, 4.5, 0.0]",7.03845977790614,6.92171859741211,6.923655379291555,-1.7159461975530643,-0.4125061333179474,51.73602294771706,-0.12874031074392,1.2689590453712096,47.23602294771706,0.1167411804940297,7.128076553344727,-0.14753007888793945,51.749969482421875,True,0,6.980546474456787,6.92171859741211,-0.8894443511963068,-0.2502878316707386,-0.3568491110160198,0.25135552823089025,"StraightLane index=('>>>', '1S0_0_', 0)",True,166.02175903320312,0.00021457672119140625,0.000259399414088652,"StraightLane index=('>>', '>>>', 0)",True,0.0,True,False,1.3139504194259644,-0.10549358278512955,0.0,-0.10549358278512955,True,0.0,0.0,0.0,0.10549358278512955,0.0,0.10549358278512955
50.099905,"[216.3053436279297, 4.499784469604492, 0.0]","[268.03546142578125, 4.5, 0.0]",7.004140853955511,6.912820816040039,6.908175030686707,-1.7159461975314372,-0.5253952145576477,51.73310851900399,-0.1167411804940297,0.599956512494515,47.23310851900399,0.09132003791547216,7.107656478881836,-0.14753007888793945,51.749969482421875,True,0,6.9601263999938965,6.912820816040039,-0.7192802429199219,-0.250433857005862,-0.3097918816509189,0.20429829886578937,"StraightLane index=('>>>', '1S0_0_', 0)",True,166.1638946533203,0.00021505355834960938,0.000259399414088652,"StraightLane index=('>>', '>>>', 0)",True,0.0,True,False,1.3139504194259644,-0.10549358278512955,0.0,-0.10549358278512955,True,0.0,0.0,0.0,0.10549358278512955,0.0,0.10549358278512955
50.120473,"[216.44610595703125, 4.499783992767334, 0.0]","[268.1735534667969, 4.5, 0.0]",6.969821930005823,6.891561508178711,6.893623470719893,-1.7159461974844081,-0.6793408393859863,51.730117796224015,-0.09132003791547216,1.2710571289278771,47.230117796224015,0.07826042182711213,7.080411434173584,-0.14753007888793945,51.749969482421875,True,0,6.9328813552856445,6.891561508178711,-0.7192802429199219,-0.250433857005862,-0.3097918816509189,0.20429829886578937,"StraightLane index=('>>>', '1S0_0_', 0)",True,166.3053436279297,0.0002155303955078125,0.0002746582031347296,"StraightLane index=('>>', '>>>', 0)",True,0.0,True,False,1.3139504194259644,-0.10549358278512955,0.0,-0.10549358278512955,True,0.0,0.0,0.0,0.10549358278512955,0.0,0.10549358278512955
50.13993,"[216.586181640625, 4.499783515930176, 0.0]","[268.31109619140625, 4.5, 0.0]",6.9107952118671205,6.884099006652832,6.879901051778162,-2.9513359069351264,-0.8537869453430176,51.72744750813582,-0.07826042182711213,0.6529808044180019,47.22744750813582,0.026696205214288504,7.047835350036621,-0.11674118041992188,51.73310852050781,True,0,6.931094169616699,6.884099006652832,-0.7192802429199219,-0.250433857005862,-0.3097918816509189,0.12835225841426273,"StraightLane index=('>>>', '1S0_0_', 0)",True,166.44610595703125,0.00021600723266601562,0.0002746582031347296,"StraightLane index=('>>', '>>>', 0)",True,0.0,True,False,1.3139504194259644,-0.1814396232366562,0.0,-0.1814396232366562,True,0.0,0.0,0.0,0.1814396232366562,0.0,0.1814396232366562
50.159604,"[216.72557067871094, 4.499783039093018, 0.0]","[268.4482421875, 4.5, 0.0]",6.851768493729146,6.863345146179199,6.865989923291073,-2.951335906898711,-1.1010164022445679,51.724914549023666,-0.026696205214288504,2.578210830641181,47.224914549023666,-0.011576652450052904,6.993762969970703,-0.11674118041992188,51.73310852050781,True,0,6.877021789550781,6.863345146179199,-0.7192802429199219,-0.250433857005862,-0.3097918816509189,0.12835225841426273,"StraightLane index=('>>>', '1S0_0_', 0)",True,166.586181640625,0.00021648406982421875,0.00028991699218080717,"StraightLane index=('>>', '>>>', 0)",True,0.0,True,False,1.3139504194259644,-0.1814396232366562,0.0,-0.1814396232366562,True,0.0,0.0,0.0,0.1814396232366562,0.0,0.1814396232366562
50.180937,"[216.86378479003906, 4.499782562255859, 0.0]","[268.5859375, 4.5, 0.0]",6.792741775590317,6.855866432189941,6.850980472719928,-2.951335906941477,-1.238157033920288,51.72267150715474,0.011576652450052904,1.9136428832170704,47.22267150715474,-0.06312465659962463,6.9683661460876465,-0.11674118041992188,51.73310852050781,True,0,6.851624965667725,6.855866432189941,-0.7192802429199219,-0.250433857005862,-0.3097918816509189,0.12835225841426273,"StraightLane index=('>>>', '1S0_0_', 0)",True,166.72557067871094,0.00021696090698242188,0.0002746582031347296,"StraightLane index=('>>', '>>>', 0)",True,0.0,True,False,1.3139504194259644,-0.1814396232366562,0.0,-0.1814396232366562,True,0.0,0.0,0.0,0.1814396232366562,0.0,0.1814396232366562
50.1999,"[217.00082397460938, 4.499782085418701, 0.0]","[268.7232666015625, 4.5, 0.0]",6.733715057449765,6.835093021392823,6.83754630866378,-2.9513359070275857,-1.4878686666488647,51.72215270838584,0.06312465659962463,2.5774002074785862,47.22215270838584,-0.10137796394305809,6.916457653045654,-0.11674118041992188,51.73310852050781,True,0,6.799716472625732,6.835093021392823,-0.7772779464721591,-0.25259519943180136,-0.18669952286881358,0.005259899632157394,"StraightLane index=('>>>', '1S0_0_', 0)",True,166.86378479003906,0.000217437744140625,0.0002670288085608019,"StraightLane index=('>>', '>>>', 0)",True,0.0,True,False,1.3139504194259644,-0.1814396232366562,0.0,-0.1814396232366562,True,0.0,0.0,0.0,0.1814396232366562,0.0,0.1814396232366562
50.21927,"[217.1366729736328, 4.499781608581543, 0.0]","[268.85662841796875, 4.5, 0.0]",6.674688339309499,6.82902193069458,6.82538202471079,-2.951335907013286,-1.757511019706726,51.722442625375805,0.10137796394305809,1.9126653671716731,47.222442625375805,-0.15433359138508074,6.857357501983643,-0.11674118041992188,51.73310852050781,True,0,6.740616321563721,6.82902193069458,-0.7772779464721591,-0.25259519943180136,-0.18669952286881358,0.005259899632157394,"StraightLane index=('>>>', '1S0_0_', 0)",True,167.00082397460938,0.00021791458129882812,0.0002670288085608019,"StraightLane index=('>>', '>>>', 0)",True,0.0,True,False,1.3139504194259644,-0.1814396232366562,0.0,-0.1814396232366562,True,0.0,0.0,0.0,0.1814396232366562,0.0,0.1814396232366562
50.240851,"[217.27134704589844, 4.499781131744385, 0.0]","[268.9962158203125, 4.5, 0.0]",6.601356506424275,6.809474945068359,6.811823872728995,-3.666591644261219,-2.0241634845733643,51.71995544269479,0.15433359138508074,2.6477813721011323,47.21995544269479,-0.2081184386440844,6.793144702911377,0.0631246566772461,51.72215270996094,True,0,6.856269359588623,6.809474945068359,-0.7772779464721591,-0.25259519943180136,-0.18669952286881358,-0.03871151970225423,"StraightLane index=('>>>', '1S0_0_', 0)",True,167.1366729736328,0.00021839141845703125,0.0002746582031347296,"StraightLane index=('>>', '>>>', 0)",True,0.0,True,False,1.3268660306930542,-0.2254110425710678,0.0,-0.2254110425710678,True,0.0,0.0,0.0,0.2254110425710678,0.0,0.2254110425710678
50.260742,"[217.40484619140625, 4.499780654907227, 0.0]","[269.1294250488281, 4.5, 0.0]",6.52802467353844,6.8038506507873535,6.799329444714379,-3.666591644291728,-2.268577814102173,51.72486877264441,0.2081184386440844,2.689242362950184,47.22486877264441,-0.2758259772489131,6.726029396057129,0.0631246566772461,51.72215270996094,True,0,6.789154052734375,6.8038506507873535,-0.7772779464721591,-0.25259519943180136,-0.18669952286881358,-0.03871151970225423,"StraightLane index=('>>>', '1S0_0_', 0)",True,167.27134704589844,0.00021886825561523438,0.00028991699218080717,"StraightLane index=('>>', '>>>', 0)",True,0.0,True,False,1.3268660306930542,-0.2254110425710678,0.0,-0.2254110425710678,True,0.0,0.0,0.0,0.2254110425710678,0.0,0.2254110425710678
50.2808,"[217.53688049316406, 4.499780178070068, 0.0]","[269.2665710449219, 4.5, 0.0]",6.4546928406523145,6.784530162811279,6.786735902612702,-3.666591644306294,-2.509984016418457,51.72457885583786,0.2758259772489131,3.385376930241435,47.22457885583786,-0.3298373221589648,6.654486656188965,0.0631246566772461,51.72215270996094,True,0,6.717611312866211,6.784530162811279,-0.7772779464721591,-0.25259519943180136,-0.18669952286881358,-0.03871151970225423,"StraightLane index=('>>>', '1S0_0_', 0)",True,167.40484619140625,0.0002193450927734375,0.0002670288085608019,"StraightLane index=('>>', '>>>', 0)",True,0.0,True,False,1.3268660306930542,-0.2254110425710678,0.0,-0.2254110425710678,True,0.0,0.0,0.0,0.2254110425710678,0.0,0.2254110425710678
50.300311,"[217.6674346923828, 4.49977970123291, 0.0]","[269.4041442871094, 4.5, 0.0]",6.381361007767308,6.778502464294434,6.77452387059871,-3.666591644250339,-2.753251314163208,51.729690550109694,0.3298373221589648,2.700567245502583,47.229690550109694,-0.39714145652712585,6.577863693237305,0.0631246566772461,51.72215270996094,True,0,6.640988349914551,6.778502464294434,-0.5659055709838956,-0.24714237447305756,0.010999572269574237,-0.23641061484064205,"StraightLane index=('>>>', '1S0_0_', 0)",True,167.53688049316406,0.00021982192993164062,0.0002746582031347296,"StraightLane index=('>>', '>>>', 0)",True,0.0,True,False,1.3268660306930542,-0.2254110425710678,0.0,-0.2254110425710678,True,0.0,0.0,0.0,0.2254110425710678,0.0,0.2254110425710678
50.321307,"[217.79652404785156, 4.499779224395752, 0.0]","[269.5373840332031, 4.5, 0.0]",6.308029174880483,6.763835906982422,6.762944857505335,-3.666591644341244,-2.9791488647460938,51.73670959301326,0.39714145652712585,3.3652067184080536,47.23670959301326,-0.455806732101939,6.498270511627197,0.0631246566772461,51.72215270996094,True,0,6.561395168304443,6.763835906982422,-0.5659055709838956,-0.24714237447305756,0.010999572269574237,-0.23641061484064205,"StraightLane index=('>>>', '1S0_0_', 0)",True,167.6674346923828,0.00022029876708984375,0.00028228759765776837,"StraightLane index=('>>', '>>>', 0)",True,0.0,True,False,1.3268660306930542,-0.2254110425710678,0.0,-0.2254110425710678,True,0.0,0.0,0.0,0.2254110425710678,0.0,0.2254110425710678
50.33982,"[217.9241485595703, 4.499778747558594, 0.0]","[269.67486572265625, 4.5, 0.0]",6.256254196240883,6.752589225769043,6.752697214867173,-2.5887489319799784,-3.183574676513672,51.740859983760714,0.455806732101939,2.933263778740658,47.240859983760714,-0.49633502952815967,6.416533946990967,0.3298373222351074,51.72969055175781,True,0,6.746371269226074,6.752589225769043,-0.5659055709838956,-0.24714237447305756,0.010999572269574237,-0.1701483696624194,"StraightLane index=('>>>', '1S0_0_', 0)",True,167.79652404785156,0.00022077560424804688,0.0002670288085608019,"StraightLane index=('>>', '>>>', 0)",True,0.0,True,False,1.3268660306930542,-0.15914879739284515,0.0,-0.15914879739284515,True,0.0,0.0,0.0,0.15914879739284515,0.0,0.15914879739284515
50.359492,"[218.05030822753906, 4.4997782707214355, 0.0]","[269.80572509765625, 4.5, 0.0]",6.204479217603032,6.741883754730225,6.741840382270002,-2.5887489318925816,-3.3595895767211914,51.75071716149275,0.49633502952815967,2.026414871311033,47.25071716149275,-0.5374045371271929,6.333800792694092,0.3298373222351074,51.72969055175781,True,0,6.663638114929199,6.741883754730225,-0.5659055709838956,-0.24714237447305756,0.010999572269574237,-0.1701483696624194,"StraightLane index=('>>>', '1S0_0_', 0)",True,167.9241485595703,0.00022125244140625,0.0002670288085608019,"StraightLane index=('>>', '>>>', 0)",True,0.0,True,False,1.3268660306930542,-0.15914879739284515,0.0,-0.15914879739284515,True,0.0,0.0,0.0,0.15914879739284515,0.0,0.15914879739284515
50.38113,"[218.17543029785156, 4.499777793884277, 0.0]","[269.94195556640625, 4.5, 0.0]",6.152704238966073,6.730738639831543,6.729897980391699,-2.5887489318479506,-3.468576431274414,51.75541686839661,0.5374045371271929,2.0534753799516636,47.25541686839661,-0.5780344008654703,6.254753589630127,0.3298373222351074,51.72969055175781,True,0,6.584590911865234,6.730738639831543,-0.5659055709838956,-0.24714237447305756,0.010999572269574237,-0.1701483696624194,"StraightLane index=('>>>', '1S0_0_', 0)",True,168.05030822753906,0.00022172927856445312,0.00028228759765776837,"StraightLane index=('>>', '>>>', 0)",True,0.0,True,False,1.3268660306930542,-0.15914879739284515,0.0,-0.15914879739284515,True,0.0,0.0,0.0,0.15914879739284515,0.0,0.15914879739284515
50.399403,"[218.2995147705078, 4.499777317047119, 0.0]","[270.0760192871094, 4.5, 0.0]",6.100929260328528,6.719769477844238,6.719826083521544,-2.588748931877216,-3.4915568828582764,51.76652526695688,0.5780344008654703,2.0314931869138686,47.26652526695688,-0.61884021751571,6.182984828948975,0.3298373222351074,51.72969055175781,True,0,6.512822151184082,6.719769477844238,-0.5873298645019531,-0.24298468228332015,0.15926145910189132,-0.3184102564947365,"StraightLane index=('>>>', '1S0_0_', 0)",True,168.17543029785156,0.00022220611572265625,0.0002670288085608019,"StraightLane index=('>>', '>>>', 0)",True,0.0,True,False,1.3268660306930542,-0.15914879739284515,0.0,-0.15914879739284515,True,0.0,0.0,0.0,0.15914879739284515,0.0,0.15914879739284515
50.420502,"[218.4225616455078, 4.499776840209961, 0.0]","[270.2137145996094, 4.5, 0.0]",6.049154281689677,6.709395885467529,6.709598820719308,-2.588748931942586,-3.4528121948242188,51.7765045149392,0.61884021751571,2.0402908325119817,47.2765045149392,-0.6602416037778527,6.1175923347473145,0.3298373222351074,51.72969055175781,True,0,6.447429656982422,6.709395885467529,-0.5873298645019531,-0.24298468228332015,0.15926145910189132,-0.3184102564947365,"StraightLane index=('>>>', '1S0_0_', 0)",True,168.2995147705078,0.00022268295288085938,0.0002746582031347296,"StraightLane index=('>>', '>>>', 0)",True,0.0,True,False,1.3268660306930542,-0.15914879739284515,0.0,-0.15914879739284515,True,0.0,0.0,0.0,0.15914879739284515,0.0,0.15914879739284515
50.440075,"[218.54458618164062, 4.499776363372803, 0.0]","[270.347900390625, 4.5, 0.0]",6.041881561350434,6.699695110321045,6.700086229062895,-0.3636360169621433,-3.3764922618865967,51.79115295243674,0.6602416037778527,2.070069313107137,47.29115295243674,-0.6578135489706112,6.057126045227051,0.618840217590332,51.77650451660156,True,0,6.675966262817383,6.699695110321045,-0.5873298645019531,-0.24298468228332015,0.15926145910189132,-0.16182894454241376,"StraightLane index=('>>>', '1S0_0_', 0)",True,168.4225616455078,0.0002231597900390625,0.0002746582031347296,"StraightLane index=('>>', '>>>', 0)",True,0.0,True,False,1.3564324378967285,-0.0025674854405224323,0.0,-0.0025674854405224323,True,0.0,0.0,0.0,-0.0,0.0,-0.0
50.45951,"[218.6655731201172, 4.4997758865356445, 0.0]","[270.4786376953125, 4.5, 0.0]",6.034608841012009,6.690245151519775,6.690681160895876,-0.3636360169212427,-3.2735352516174316,51.80331420744098,0.6578135489706112,-0.12140274036207543,47.30331420744098,-0.6556363105077665,6.001108169555664,0.618840217590332,51.77650451660156,True,0,6.619948387145996,6.690245151519775,-0.5873298645019531,-0.24298468228332015,0.15926145910189132,-0.16182894454241376,"StraightLane index=('>>>', '1S0_0_', 0)",True,168.54458618164062,0.00022363662719726562,0.000259399414088652,"StraightLane index=('>>', '>>>', 0)",True,0.0,True,False,1.3564324378967285,-0.0025674854405224323,0.0,-0.0025674854405224323,True,0.0,0.0,0.0,-0.0,0.0,-0.0
50.480206,"[218.78640747070312, 4.499775409698486, 0.0]","[270.61322021484375, 4.5, 0.0]",6.027336120672733,6.680517196655273,6.680663372939941,-0.36363601696378645,-3.08491849899292,51.81306457371027,0.6556363105077665,-0.10886192314223386,47.31306457371027,-0.6531810759825403,5.956234931945801,0.618840217590332,51.77650451660156,True,0,6.575075149536133,6.680517196655273,-0.5873298645019531,-0.24298468228332015,0.15926145910189132,-0.16182894454241376,"StraightLane index=('>>>', '1S0_0_', 0)",True,168.6655731201172,0.00022411346435546875,0.0002517700195147243,"StraightLane index=('>>', '>>>', 0)",True,0.0,True,False,1.3564324378967285,-0.0025674854405224323,0.0,-0.0025674854405224323,True,0.0,0.0,0.0,-0.0,0.0,-0.0
50.500331,"[218.9071044921875, 4.499774932861328, 0.0]","[270.74920654296875, 4.5, 0.0]",6.020063400334222,6.670685291290283,6.670946356976195,-0.36363601692555036,-2.788727045059204,51.82681274265336,0.6531810759825403,-0.12276172626131121,47.32681274265336,-0.650621890956061,5.927025318145752,0.618840217590332,51.77650451660156,True,0,6.545865535736084,6.670685291290283,-0.4908418655395508,-0.23586567934887243,0.1870385497725673,-0.18960603521308972,"StraightLane index=('>>>', '1S0_0_', 0)",True,168.78640747070312,0.00022459030151367188,0.0002517700195147243,"StraightLane index=('>>', '>>>', 0)",True,0.0,True,False,1.3564324378967285,-0.0025674854405224323,0.0,-0.0025674854405224323,True,0.0,0.0,0.0,-0.0,0.0,-0.0
50.521773,"[219.02764892578125, 4.49977445602417, 0.0]","[270.88018798828125, 4.5, 0.0]",6.012790679996145,6.661975383758545,6.661832160152402,-0.3636360169038788,-2.2353124618530273,51.84210204923098,0.650621890956061,-0.12795925132396135,47.34210204923098,-0.6491847037624003,5.906773567199707,0.618840217590332,51.77650451660156,True,0,6.525613784790039,6.661975383758545,-0.4908418655395508,-0.23586567934887243,0.1870385497725673,-0.18960603521308972,"StraightLane index=('>>>', '1S0_0_', 0)",True,168.9071044921875,0.000225067138671875,0.000259399414088652,"StraightLane index=('>>', '>>>', 0)",True,0.0,True,False,1.3564324378967285,-0.0025674854405224323,0.0,-0.0025674854405224323,True,0.0,0.0,0.0,-0.0,0.0,-0.0
50.539219,"[219.14805603027344, 4.499773979187012, 0.0]","[271.0116882324219, 4.5, 0.0]",6.0172100067763274,6.6535725593566895,6.6544137469096984,0.2209663390091432,-2.0483624935150146,51.852539060947464,0.6491847037624003,-0.07185935968303525,47.352539060947464,-0.636362552580362,5.904032230377197,0.6506218910217285,51.84210205078125,True,0,6.554654121398926,6.6535725593566895,-0.4908418655395508,-0.23586567934887243,0.1870385497725673,0.057247778781586156,"StraightLane index=('>>>', '1S0_0_', 0)",True,169.02764892578125,0.00022554397583007812,0.000259399414088652,"StraightLane index=('>>', '>>>', 0)",True,0.0,True,False,1.3564324378967285,0.24428632855415344,0.0,0.24428632855415344,True,0.0,0.0,0.08,0.0,0.08,0.0
50.558923,"[219.268310546875, 4.4997735023498535, 0.0]","[271.14471435546875, 4.5, 0.0]",6.02564239508077,6.645070552825928,6.646038771709276,0.42161941522214086,-1.4920239448547363,51.86363220059363,0.636362552580362,-0.6411075591019166,47.36363220059363,-0.6194281577451575,5.906601905822754,0.6506218910217285,51.84210205078125,True,0,6.557223796844482,6.645070552825928,-0.4908418655395508,-0.23586567934887243,0.1870385497725673,0.057247778781586156,"StraightLane index=('>>>', '1S0_0_', 0)",True,169.14805603027344,0.00022602081298828125,0.000259399414088652,"StraightLane index=('>>', '>>>', 0)",True,0.0,True,False,1.3564324378967285,0.24428632855415344,0.0,0.24428632855415344,True,0.0,0.0,0.1526789553463459,0.0,0.1526789553463459,0.0
50.579343,"[219.38865661621094, 4.499773025512695, 0.0]","[271.27783203125, 4.5, 0.0]",6.034074783385475,6.636562347412109,6.6373642229341145,0.4216194152352415,-1.3093979358673096,51.87640380703665,0.6194281577451575,-0.8467197417602268,47.37640380703665,-0.6024875640266343,5.910839557647705,0.6506218910217285,51.84210205078125,True,0,6.561461448669434,6.636562347412109,-0.4908418655395508,-0.23586567934887243,0.1870385497725673,0.057247778781586156,"StraightLane index=('>>>', '1S0_0_', 0)",True,169.268310546875,0.00022649765014648438,0.000259399414088652,"StraightLane index=('>>', '>>>', 0)",True,0.0,True,False,1.3564324378967285,0.24428632855415344,0.0,0.24428632855415344,True,0.0,0.0,0.1526789553463459,0.0,0.1526789553463459,0.0
50.599727,"[219.50917053222656, 4.499772548675537, 0.0]","[271.4105529785156, 4.5, 0.0]",6.042507171690766,6.628079891204834,6.628707440432184,0.4216194152645514,-0.9532197117805481,51.88917541354072,0.6024875640266343,-0.8470296859261595,47.38917541354072,-0.5855727195140679,5.923771858215332,0.6506218910217285,51.84210205078125,True,0,6.5743937492370605,6.628079891204834,-0.4260540008544922,-0.2271910014438924,0.15343126624025175,0.0908550623139017,"StraightLane index=('>>>', '1S0_0_', 0)",True,169.38865661621094,0.0002269744873046875,0.0002517700195147243,"StraightLane index=('>>', '>>>', 0)",True,0.0,True,False,1.3564324378967285,0.24428632855415344,0.0,0.24428632855415344,True,0.0,0.0,0.1526789553463459,0.0,0.1526789553463459,0.0
50.620907,"[219.62985229492188, 4.499772071838379, 0.0]","[271.5471496582031, 4.5, 0.0]",6.050939559995878,6.619901657104492,6.620578858961008,0.4216194152555808,-0.4647904336452484,51.9013824447885,0.5855727195140679,-0.8457422256283209,47.4013824447885,-0.5689620971086145,5.951455593109131,0.6024875640869141,51.88917541503906,True,0,6.553943157196045,6.619901657104492,-0.4260540008544922,-0.2271910014438924,0.15343126624025175,0.0908550623139017,"StraightLane index=('>>>', '1S0_0_', 0)",True,169.50917053222656,0.00022745132446289062,0.0002517700195147243,"StraightLane index=('>>', '>>>', 0)",True,0.0,True,False,1.3564324378967285,0.24428632855415344,0.0,0.24428632855415344,True,0.0,0.0,0.1526789553463459,0.0,0.1526789553463459,0.0
50.641621,"[219.75070190429688, 4.499771595001221, 0.0]","[271.6772155761719, 4.5, 0.0]",6.0598926544768155,6.612364292144775,6.612653469834891,0.44765472404688644,-0.3151073753833771,51.91729736183872,0.5689620971086145,-0.8305311202726706,47.41729736183872,-0.5524716376679599,5.962509632110596,0.6024875640869141,51.88917541503906,True,0,6.56499719619751,6.612364292144775,-0.4260540008544922,-0.2271910014438924,0.15343126624025175,0.10593709380232028,"StraightLane index=('>>>', '1S0_0_', 0)",True,169.62985229492188,0.00022792816162109375,0.00024414062499168555,"StraightLane index=('>>', '>>>', 0)",True,0.0,True,False,1.3623331785202026,0.259368360042572,0.0,0.259368360042572,True,0.0,0.0,0.1621052250266075,0.0,0.1621052250266075,0.0
50.659205,"[219.87171936035156, 4.4997711181640625, 0.0]","[271.8080749511719, 4.5, 0.0]",6.068845748958273,6.604781627655029,6.605908664035443,0.44765472407286566,-0.05623004958033562,51.92651367043035,0.5524716376679599,-0.8245229720327263,47.42651367043035,-0.5359358786967565,5.984677791595459,0.6024875640869141,51.88917541503906,True,0,6.587165355682373,6.604781627655029,-0.4260540008544922,-0.2271910014438924,0.15343126624025175,0.10593709380232028,"StraightLane index=('>>>', '1S0_0_', 0)",True,169.75070190429688,0.00022840499877929688,0.00024414062499168555,"StraightLane index=('>>', '>>>', 0)",True,0.0,True,False,1.3623331785202026,0.259368360042572,0.0,0.259368360042572,True,0.0,0.0,0.1621052250266075,0.0,0.1621052250266075,0.0
50.680292,"[219.992919921875, 4.499770641326904, 0.0]","[271.9437255859375, 4.5, 0.0]",6.077798843438996,6.596921920776367,6.597851758072654,0.4476547240361395,0.16104534268379211,51.93635558937354,0.5359358786967565,-0.8267879485601703,47.43635558937354,-0.5191230773373716,6.007430076599121,0.6024875640869141,51.88917541503906,True,0,6.609917640686035,6.596921920776367,-0.4260540008544922,-0.2271910014438924,0.15343126624025175,0.10593709380232028,"StraightLane index=('>>>', '1S0_0_', 0)",True,169.87171936035156,0.0002288818359375,0.00024414062499168555,"StraightLane index=('>>', '>>>', 0)",True,0.0,True,False,1.3623331785202026,0.259368360042572,0.0,0.259368360042572,True,0.0,0.0,0.1621052250266075,0.0,0.1621052250266075,0.0
50.699919,"[220.1143035888672, 4.499770164489746, 0.0]","[272.0755920410156, 4.5, 0.0]",6.086751937920657,6.589280128479006,6.590335795185041,0.4476547240830797,0.40066367387771606,51.95080566261357,0.5191230773373716,-0.840640067969245,47.45080566261357,-0.5025281905583485,6.040026664733887,0.6024875640869141,51.88917541503906,True,0,6.642514228820801,6.589280128479006,-0.387997627258283,-0.21805181825354306,0.10859150560938349,0.15077685443318853,"StraightLane index=('>>>', '1S0_0_', 0)",True,169.992919921875,0.00022935867309570312,0.00024414062499168555,"StraightLane index=('>>', '>>>', 0)",True,0.0,True,False,1.3623331785202026,0.259368360042572,0.0,0.259368360042572,True,0.0,0.0,0.1621052250266075,0.0,0.1621052250266075,0.0
50.720492,"[220.23585510253906, 4.499769687652588, 0.0]","[272.20745849609375, 4.5, 0.0]",6.095705032403534,6.581957817077637,6.582954014707742,0.4476547241438311,0.4633026421070099,51.961288450757,0.5025281905583485,-0.829744338951155,47.461288450757,-0.48625278467410293,6.050604343414307,0.6024875640869141,51.88917541503906,True,0,6.653091907501221,6.581957817077637,-0.387997627258283,-0.21805181825354306,0.10859150560938349,0.15077685443318853,"StraightLane index=('>>>', '1S0_0_', 0)",True,170.1143035888672,0.00022983551025390625,0.00023651123046864676,"StraightLane index=('>>', '>>>', 0)",True,0.0,True,False,1.3623331785202026,0.259368360042572,0.0,0.259368360042572,True,0.0,0.0,0.1621052250266075,0.0,0.1621052250266075,0.0
50.740949,"[220.3575897216797, 4.49976921081543, 0.0]","[272.3390197753906, 4.5, 0.0]",6.106426239068866,6.578126430511475,6.5756273066369815,0.5360603332666081,0.5517701506614685,51.97160339204088,0.48625278467410293,-0.8137702942122793,47.47160339204088,-0.47170019144260866,6.069601535797119,0.5191230773925781,51.9508056640625,True,0,6.588724613189697,6.578126430511475,-0.387997627258283,-0.21805181825354306,0.10859150560938349,0.20198073116696844,"StraightLane index=('>>>', '1S0_0_', 0)",True,170.23585510253906,0.00023031234741210938,0.0002517700195147243,"StraightLane index=('>>', '>>>', 0)",True,0.0,True,False,1.3623331785202026,0.31057223677635193,0.0,0.31057223677635193,True,0.0,0.0,0.19410764798521996,0.0,0.19410764798521996,0.0
50.759711,"[220.47950744628906, 4.4997687339782715, 0.0]","[272.47015380859375, 4.5, 0.0]",6.117147445733237,6.564316749572754,6.568924225259432,0.5360603332185576,0.6193961501121521,51.98143005225563,0.47170019144260866,-0.7276296615747135,47.48143005225563,-0.4471693038395168,6.094069957733154,0.5191230773925781,51.9508056640625,True,0,6.613193035125732,6.564316749572754,-0.387997627258283,-0.21805181825354306,0.10859150560938349,0.20198073116696844,"StraightLane index=('>>>', '1S0_0_', 0)",True,170.3575897216797,0.0002307891845703125,0.00024414062499168555,"StraightLane index=('>>', '>>>', 0)",True,0.0,True,False,1.3623331785202026,0.31057223677635193,0.0,0.31057223677635193,True,0.0,0.0,0.19410764798521996,0.0,0.19410764798521996,0.0
50.780285,"[220.6016387939453, 4.499768257141113, 0.0]","[272.6017761230469, 4.5, 0.0]",6.1278686523990284,6.56381368637085,6.56155584992239,0.5360603332895675,0.638454020023346,51.990646360847265,0.4471693038395168,-1.2265443801545928,47.490646360847265,-0.43594503397182116,6.1022629737854,0.5191230773925781,51.9508056640625,True,0,6.6213860511779785,6.56381368637085,-0.387997627258283,-0.21805181825354306,0.10859150560938349,0.20198073116696844,"StraightLane index=('>>>', '1S0_0_', 0)",True,170.47950744628906,0.00023126602172851562,0.00024414062499168555,"StraightLane index=('>>', '>>>', 0)",True,0.0,True,False,1.3623331785202026,0.31057223677635193,0.0,0.31057223677635193,True,0.0,0.0,0.19410764798521996,0.0,0.19410764798521996,0.0
50.800161,"[220.72398376464844, 4.499767780303955, 0.0]","[272.7333068847656, 4.5, 0.0]",6.138589859065297,6.549983024597168,6.554447180997951,0.5360603333134151,0.6557928919792175,52.00013732758119,0.43594503397182116,-0.5612134933847823,47.50013732758119,-0.4113931655318712,6.123468399047852,0.5191230773925781,51.9508056640625,True,0,6.64259147644043,6.549983024597168,-0.39297103881837714,-0.21000062278683196,0.05740493480888437,0.25316730196746756,"StraightLane index=('>>>', '1S0_0_', 0)",True,170.6016387939453,0.00023174285888671875,0.0002517700195147243,"StraightLane index=('>>', '>>>', 0)",True,0.0,True,False,1.3623331785202026,0.31057223677635193,0.0,0.31057223677635193,True,0.0,0.0,0.19410764798521996,0.0,0.19410764798521996,0.0
50.819775,"[220.84654235839844, 4.499767303466797, 0.0]","[272.8608703613281, 4.5, 0.0]",6.149311065731365,6.549754619598389,6.547546020703762,0.5360603333034231,0.6579675078392029,52.00932311859464,0.4113931655318712,-1.227593421997497,47.50932311859464,-0.40044355386702346,6.136883735656738,-0.8767452239990234,41.06583786010742,False,-1,5.260138511657715,6.549754619598389,-0.39297103881837714,-0.21000062278683196,0.05740493480888437,0.25316730196746756,"StraightLane index=('>>>', '1S0_0_', 0)",True,170.72398376464844,0.00023221969604492188,0.0002517700195147243,"StraightLane index=('>>', '>>>', 0)",True,0.0,True,False,1.354768991470337,0.31057223677635193,0.0,0.31057223677635193,True,0.0,0.0,0.19410764798521996,0.0,0.19410764798521996,0.0
50.839726,"[220.9693145751953, 4.499766826629639, 0.0]","[272.9919738769531, 4.5, 0.0]",6.151195526180191,6.53602933883667,6.540520518884435,0.09422302244130876,0.653124988079071,52.014328001465955,0.40044355386702346,-0.5474805832423879,47.514328001465955,-0.38483381265647854,6.149568557739258,-0.8767452239990234,41.06583786010742,False,-1,5.272823333740234,6.53602933883667,-0.39297103881837714,-0.21000062278683196,0.05740493480888437,-0.05740493480888437,"StraightLane index=('>>>', '1S0_0_', 0)",True,170.84654235839844,0.000232696533203125,0.00024414062499168555,"StraightLane index=('>>', '>>>', 0)",True,0.0,True,False,1.354768991470337,0.0,0.0,0.0,True,0.0,0.0,0.03410764798521995,0.0,0.03410764798521995,0.0
50.859808,"[221.09230041503906, 4.4997663497924805, 0.0]","[273.12213134765625, 4.5, 0.0]",6.143922805844082,6.53568696975708,6.53345094947461,-0.36363601680546864,0.6538413166999817,52.02265930029197,0.38483381265647854,-0.7804870605272463,47.52265930029197,-0.39176416391299806,6.156174659729004,-0.8767452239990234,41.06583786010742,False,-1,5.2794294357299805,6.53568696975708,-0.39297103881837714,-0.21000062278683196,0.05740493480888437,-0.05740493480888437,"StraightLane index=('>>>', '1S0_0_', 0)",True,170.9693145751953,0.00023317337036132812,0.00024414062499168555,"StraightLane index=('>>', '>>>', 0)",True,0.0,True,False,1.354768991470337,0.0,0.0,0.0,True,0.0,0.0,0.0,-0.0,0.0,-0.0
50.880034,"[221.21531677246094, 4.499765872955322, 0.0]","[273.2566833496094, 4.5, 0.0]",6.136650085507702,6.521775722503662,6.526315911582112,-0.36363601681901336,0.6242850422859192,52.02983093114925,0.39176416391299806,0.34651756282597646,47.52983093114925,-0.38512563699596036,6.166048526763916,-0.8767452239990234,41.06583786010742,False,-1,5.289303302764893,6.521775722503662,-0.39297103881837714,-0.21000062278683196,0.05740493480888437,-0.05740493480888437,"StraightLane index=('>>>', '1S0_0_', 0)",True,171.09230041503906,0.00023365020751953125,0.00024414062499168555,"StraightLane index=('>>', '>>>', 0)",True,0.0,True,False,1.354768991470337,0.0,0.0,0.0,True,0.0,0.0,0.0,-0.0,0.0,-0.0
50.89981,"[221.33819580078125, 4.499765396118164, 0.0]","[273.3869934082031, 4.5, 0.0]",6.129377365171991,6.521424293518066,6.519352991843968,-0.36363601678552904,0.5560861229896545,52.04136657555511,0.38512563699596036,-0.3319263458518851,47.54136657555511,-0.39204692834607524,6.171113967895508,-0.8767452239990234,41.06583786010742,False,-1,5.294368743896484,6.521424293518066,-0.2855873107910156,-0.1989961163858343,0.055834387039114586,-0.055834387039114586,"StraightLane index=('>>>', '1S0_0_', 0)",True,171.21531677246094,0.00023412704467773438,0.000259399414088652,"StraightLane index=('>>', '>>>', 0)",True,0.0,True,False,1.354768991470337,0.0,0.0,0.0,True,0.0,0.0,0.0,-0.0,0.0,-0.0
50.919392,"[221.46092224121094, 4.499764919281006, 0.0]","[273.5140686035156, 4.5, 0.0]",6.1221046448358845,6.507713794708252,6.512206524304213,-0.3636360168053354,0.4522322416305542,52.04879760582631,0.39204692834607524,0.3460645675057439,47.54879760582631,-0.3856091498723675,6.1708984375,-0.8767452239990234,41.06583786010742,False,-1,5.294153213500977,6.507713794708252,-0.2855873107910156,-0.1989961163858343,0.055834387039114586,-0.055834387039114586,"StraightLane index=('>>>', '1S0_0_', 0)",True,171.33819580078125,0.0002346038818359375,0.000259399414088652,"StraightLane index=('>>', '>>>', 0)",True,0.0,True,False,1.354768991470337,0.0,0.0,0.0,True,0.0,0.0,0.0,-0.0,0.0,-0.0
50.93955,"[221.58351135253906, 4.499764442443848, 0.0]","[273.6440734863281, 4.5, 0.0]",6.11483192450063,6.507081031799316,6.504869139546366,-0.36363601676270285,0.27038252353668213,52.05314636070692,0.3856091498723675,-0.32188892368538724,47.55314636070692,-0.392249107298686,6.163590431213379,-0.8767452239990234,41.06583786010742,False,-1,5.2868452072143555,6.507081031799316,-0.2855873107910156,-0.1989961163858343,0.055834387039114586,-0.055834387039114586,"StraightLane index=('>>>', '1S0_0_', 0)",True,171.46092224121094,0.00023508071899414062,0.000259399414088652,"StraightLane index=('>>', '>>>', 0)",True,0.0,True,False,1.354768991470337,0.0,0.0,0.0,True,0.0,0.0,0.0,-0.0,0.0,-0.0
50.959419,"[221.70594787597656, 4.4997639656066895, 0.0]","[273.77392578125, 4.5, 0.0]",6.107559204165979,6.493124485015869,6.497612106974132,-0.3636360167325492,0.2017422616481781,52.060562132125845,0.392249107298686,0.3319978713159255,47.560562132125845,-0.3855652808498897,6.159093856811523,-0.8767452239990234,41.06583786010742,False,-1,5.2823486328125,6.493124485015869,-0.2855873107910156,-0.1989961163858343,0.055834387039114586,-0.055834387039114586,"StraightLane index=('>>>', '1S0_0_', 0)",True,171.58351135253906,0.00023555755615234375,0.0002670288085608019,"StraightLane index=('>>', '>>>', 0)",True,0.0,True,False,1.354768991470337,0.0,0.0,0.0,True,0.0,0.0,0.0,-0.0,0.0,-0.0
50.980773,"[221.8282470703125, 4.499763488769531, 0.0]","[273.90728759765625, 4.5, 0.0]",6.1002864838317405,6.492302894592285,6.4898052114078135,-0.36363601671194345,0.07285786420106888,52.067977903478585,0.3855652808498897,-0.3341913224398141,47.567977903478585,-0.3920164107605446,6.148996353149414,-0.8767452239990234,41.06583786010742,False,-1,5.272251129150391,6.492302894592285,-0.2855873107910156,-0.1989961163858343,0.055834387039114586,-0.055834387039114586,"StraightLane index=('>>>', '1S0_0_', 0)",True,171.70594787597656,0.00023603439331054688,0.00028228759765776837,"StraightLane index=('>>', '>>>', 0)",True,0.0,True,False,1.354768991470337,0.0,0.0,0.0,True,0.0,0.0,0.0,-0.0,0.0,-0.0
51.000965,"[221.9503936767578, 4.499763011932373, 0.0]","[274.03765869140625, 4.5, 0.0]",6.0930137634965265,6.4783172607421875,6.482407250562403,-0.36363601676070445,-0.043935392051935196,52.079040525480295,0.3920164107605446,0.32255649553274424,47.579040525480295,-0.38530349724566104,6.1376190185546875,-0.8767452239990234,41.06583786010742,False,-1,5.260873794555664,6.4783172607421875,-0.43107032775878906,-0.19418396621880848,0.056263306990871204,-0.056263306990871204,"StraightLane index=('>>>', '1S0_0_', 0)",True,171.8282470703125,0.00023651123046875,0.00028991699218080717,"StraightLane index=('>>', '>>>', 0)",True,0.0,True,False,1.354768991470337,0.0,0.0,0.0,True,0.0,0.0,0.0,-0.0,0.0,-0.0
51.020314,"[222.07240295410156, 4.499762535095215, 0.0]","[274.16717529296875, 4.5, 0.0]",6.085741043162087,6.4772748947143555,6.474789406333713,-0.36363601672197987,-0.14576156437397003,52.087265012978264,0.38530349724566104,-0.33564567574417836,47.587265012978264,-0.3915338515522686,6.125572681427002,0.3920164108276367,52.07904052734375,True,0,6.517589092254639,6.4772748947143555,-0.43107032775878906,-0.19418396621880848,0.056263306990871204,-0.056263306990871204,"StraightLane index=('>>>', '1S0_0_', 0)",True,171.9503936767578,0.00023698806762695312,0.0002670288085608019,"StraightLane index=('>>', '>>>', 0)",True,0.0,True,False,1.354768991470337,0.0,0.0,0.0,True,0.0,0.0,0.0,-0.0,0.0,-0.0
51.039652,"[222.1942596435547, 4.499762058258057, 0.0]","[274.293212890625, 4.5, 0.0]",6.090160369947208,6.462926387786866,6.467179859365581,0.2209663392560568,-0.23464807868003845,52.09477233699871,0.3915338515522686,0.3115177153303783,47.59477233699871,-0.3727660178396581,6.112908840179443,0.3920164108276367,52.07904052734375,True,0,6.50492525100708,6.462926387786866,-0.43107032775878906,-0.19418396621880848,0.056263306990871204,0.19854735408662819,"StraightLane index=('>>>', '1S0_0_', 0)",True,172.07240295410156,0.00023746490478515625,0.00028991699218080717,"StraightLane index=('>>', '>>>', 0)",True,0.0,True,False,1.3549771308898926,0.2548106610774994,0.0,0.2548106610774994,True,0.0,0.0,0.08,0.0,0.08,0.0
51.060434,"[222.31597900390625, 4.499761581420898, 0.0]","[274.4255065917969, 4.5, 0.0]",6.098957061845081,6.461526870727539,6.458995339129423,0.43983459489362886,-0.3282938301563263,52.098953244994846,0.3727660178396581,-0.9383916856305241,47.598953244994846,-0.3625698088824585,6.094996452331543,0.3920164108276367,52.07904052734375,True,0,6.48701286315918,6.461526870727539,-0.43107032775878906,-0.19418396621880848,0.056263306990871204,0.19854735408662819,"StraightLane index=('>>>', '1S0_0_', 0)",True,172.1942596435547,0.00023794174194335938,0.00031280517580081237,"StraightLane index=('>>', '>>>', 0)",True,0.0,True,False,1.3549771308898926,0.2548106610774994,0.0,0.2548106610774994,True,0.0,0.0,0.15925666317343712,0.0,0.15925666317343712,0.0
51.080696,"[222.43777465820312, 4.49976110458374, 0.0]","[274.55517578125, 4.5, 0.0]",6.107753753743069,6.446956157684326,6.451015833251597,0.439834594899402,-0.3384273052215576,52.109527585812394,0.3625698088824585,-0.5098104478599819,47.609527585812394,-0.33920240394125756,6.09065055847168,0.3920164108276367,52.07904052734375,True,0,6.482666969299316,6.446956157684326,-0.43107032775878906,-0.19418396621880848,0.056263306990871204,0.19854735408662819,"StraightLane index=('>>>', '1S0_0_', 0)",True,172.31597900390625,0.0002384185791015625,0.00031280517580081237,"StraightLane index=('>>', '>>>', 0)",True,0.0,True,False,1.3549771308898926,0.2548106610774994,0.0,0.2548106610774994,True,0.0,0.0,0.15925666317343712,0.0,0.15925666317343712,0.0
51.10054,"[222.55975341796875, 4.499760627746582, 0.0]","[274.6842346191406, 4.5, 0.0]",6.116550445641164,6.4457550048828125,6.443152998861531,0.4398345949047755,-0.31971246004104614,52.11740112096593,0.33920240394125756,-1.1683702470600466,47.61740112096593,-0.3292045592416484,6.085815906524658,0.3920164108276367,52.07904052734375,True,0,6.477832317352295,6.4457550048828125,-0.32562255859375,-0.18616235914770887,0.027820604359362566,0.22699005671813682,"StraightLane index=('>>>', '1S0_0_', 0)",True,172.43777465820312,0.00023889541625976562,0.00031280517580081237,"StraightLane index=('>>', '>>>', 0)",True,0.0,True,False,1.3549771308898926,0.2548106610774994,0.0,0.2548106610774994,True,0.0,0.0,0.15925666317343712,0.0,0.15925666317343712,0.0
51.120548,"[222.68191528320312, 4.499760150909424, 0.0]","[274.812744140625, 4.5, 0.0]",6.125347137539659,6.430616855621338,6.434409983568586,0.4398345949247595,-0.2576073110103607,52.12448119894684,0.3292045592416484,-0.4998922349804591,47.62448119894684,-0.3052697180816786,6.086172103881836,0.3920164108276367,52.07904052734375,True,0,6.478188514709473,6.430616855621338,-0.32562255859375,-0.18616235914770887,0.027820604359362566,0.22699005671813682,"StraightLane index=('>>>', '1S0_0_', 0)",True,172.55975341796875,0.00023937225341796875,0.00032806396484688996,"StraightLane index=('>>', '>>>', 0)",True,0.0,True,False,1.3549771308898926,0.2548106610774994,0.0,0.2548106610774994,True,0.0,0.0,0.15925666317343712,0.0,0.15925666317343712,0.0
51.14063,"[222.8042449951172, 4.499759674072266, 0.0]","[274.94134521484375, 4.5, 0.0]",6.133754730316051,6.428531169891357,6.425628817287385,0.42037963881957907,-0.17236356437206268,52.130828855335515,0.3052697180816786,-1.19674205799849,47.630828855335515,-0.2947764395753065,6.090329647064209,0.3392024040222168,52.117401123046875,True,0,6.429532051086426,6.428531169891357,-0.32562255859375,-0.18616235914770887,0.027820604359362566,0.21571643420531944,"StraightLane index=('>>>', '1S0_0_', 0)",True,172.68191528320312,0.00023984909057617188,0.00031280517580081237,"StraightLane index=('>>', '>>>', 0)",True,0.0,True,False,1.3549771308898926,0.243537038564682,0.0,0.243537038564682,True,0.0,0.0,0.15221064910292625,0.0,0.15221064910292625,0.0
51.160264,"[222.9267578125, 4.499759197235107, 0.0]","[275.0694885253906, 4.5, 0.0]",6.14216232309163,6.413145065307617,6.4170635727096474,0.4203796387789449,-0.07588352262973785,52.137100217495856,0.2947764395753065,-0.5246639253186025,47.637100217495856,-0.2709827422159874,6.097440719604492,0.3392024040222168,52.117401123046875,True,0,6.436643123626709,6.413145065307617,-0.32562255859375,-0.18616235914770887,0.027820604359362566,0.21571643420531944,"StraightLane index=('>>>', '1S0_0_', 0)",True,172.8042449951172,0.000240325927734375,0.00032806396484688996,"StraightLane index=('>>', '>>>', 0)",True,0.0,True,False,1.3549771308898926,0.243537038564682,0.0,0.243537038564682,True,0.0,0.0,0.15221064910292625,0.0,0.15221064910292625,0.0
51.180728,"[223.0494384765625, 4.499758720397949, 0.0]","[275.1981506347656, 4.5, 0.0]",6.150569915866814,6.411056041717529,6.408141587129906,0.42037963875922735,0.0668545514345169,52.1427307106571,0.2709827422159874,-1.1896848679659566,47.6427307106571,-0.26048612585071496,6.111580848693848,0.3392024040222168,52.117401123046875,True,0,6.4507832527160645,6.411056041717529,-0.32562255859375,-0.18616235914770887,0.027820604359362566,0.21571643420531944,"StraightLane index=('>>>', '1S0_0_', 0)",True,172.9267578125,0.00024080276489257812,0.00032806396484688996,"StraightLane index=('>>', '>>>', 0)",True,0.0,True,False,1.3549771308898926,0.243537038564682,0.0,0.243537038564682,True,0.0,0.0,0.15221064910292625,0.0,0.15221064910292625,0.0
51.200438,"[223.1722869873047, 4.499758243560791, 0.0]","[275.3264465332031, 4.5, 0.0]",6.15897750864138,6.395658493041992,6.399471151432082,0.42037963872827433,0.11677514016628265,52.148712156108694,0.26048612585071496,-0.5248308182636219,47.648712156108694,-0.23668098440061236,6.117486000061035,0.3392024040222168,52.117401123046875,True,0,6.456688404083252,6.395658493041992,-0.5009651184082031,-0.1850799023772251,-0.03123726251682707,0.2747743010815091,"StraightLane index=('>>>', '1S0_0_', 0)",True,173.0494384765625,0.00024127960205078125,0.00031280517580081237,"StraightLane index=('>>', '>>>', 0)",True,0.0,True,False,1.3549771308898926,0.243537038564682,0.0,0.243537038564682,True,0.0,0.0,0.15221064910292625,0.0,0.15221064910292625,0.0
51.219624,"[223.29530334472656, 4.499757766723633, 0.0]","[275.45111083984375, 4.5, 0.0]",6.167385101416758,6.393095970153809,6.390087819914974,0.4203796387689085,0.20192499458789825,52.15415954365926,0.23668098440061236,-1.1902570725051298,47.65415954365926,-0.2257108687370506,6.129155158996582,-1.3536872863769531,40.154911041259766,False,-1,4.775467872619629,6.393095970153809,-0.5009651184082031,-0.1850799023772251,-0.03123726251682707,0.2747743010815091,"StraightLane index=('>>>', '1S0_0_', 0)",True,173.1722869873047,0.00024175643920898438,0.00032806396484688996,"StraightLane index=('>>', '>>>', 0)",True,0.0,True,False,1.336923599243164,0.243537038564682,0.0,0.243537038564682,True,0.0,0.0,0.15221064910292625,0.0,0.15221064910292625,0.0
51.240532,"[223.41848754882812, 4.499757289886475, 0.0]","[275.5818176269531, 4.5, 0.0]",6.160112381081077,6.379736423492432,6.379867517466454,-0.36363601678406354,0.2755550146102905,52.15580749294681,0.2257108687370506,-0.5485057831780882,47.65580749294681,-0.21962404241135491,6.141263484954834,-1.3536872863769531,40.154911041259766,False,-1,4.787576198577881,6.379736423492432,-0.5009651184082031,-0.1850799023772251,-0.03123726251682707,0.03123726251682707,"StraightLane index=('>>>', '1S0_0_', 0)",True,173.29530334472656,0.0002422332763671875,0.00032043457032385116,"StraightLane index=('>>', '>>>', 0)",True,0.0,True,False,1.336923599243164,0.0,0.0,0.0,True,0.0,0.0,0.0,-0.0,0.0,-0.0
51.259808,"[223.54183959960938, 4.499756813049316, 0.0]","[275.7090759277344, 4.5, 0.0]",6.1528396607450135,6.369975566864014,6.370435121157323,-0.3636360168031594,0.3365257680416107,52.16333007588021,0.21962404241135491,-0.3043413162847841,47.66333007588021,-0.21713590611900013,6.153453826904297,-1.3536872863769531,40.154911041259766,False,-1,4.799766540527344,6.369975566864014,-0.5009651184082031,-0.1850799023772251,-0.03123726251682707,0.03123726251682707,"StraightLane index=('>>>', '1S0_0_', 0)",True,173.41848754882812,0.00024271011352539062,0.00032806396484688996,"StraightLane index=('>>', '>>>', 0)",True,0.0,True,False,1.336923599243164,0.0,0.0,0.0,True,0.0,0.0,0.0,-0.0,0.0,-0.0
51.280167,"[223.6650390625, 4.499756336212158, 0.0]","[275.8371276855469, 4.5, 0.0]",6.145566940407004,6.360154628753662,6.360481146204284,-0.3636360169004593,0.36175379157066345,52.16723632587742,0.21713590611900013,-0.12440681461773906,47.66723632587742,-0.21458768834665776,6.163050174713135,-1.3536872863769531,40.154911041259766,False,-1,4.809362888336182,6.360154628753662,-0.5009651184082031,-0.1850799023772251,-0.03123726251682707,0.03123726251682707,"StraightLane index=('>>>', '1S0_0_', 0)",True,173.54183959960938,0.00024318695068359375,0.00032806396484688996,"StraightLane index=('>>', '>>>', 0)",True,0.0,True,False,1.336923599243164,0.0,0.0,0.0,True,0.0,0.0,0.0,-0.0,0.0,-0.0
51.300592,"[223.78810119628906, 4.499755859375, 0.0]","[275.96429443359375, 4.5, 0.0]",6.138294220066673,6.350401401519775,6.3504646829826275,-0.36363601701658865,0.311526894569397,52.17208862100899,0.21458768834665776,-0.1274108886171188,47.67208862100899,-0.2121071814531028,6.168344497680664,-1.3536872863769531,40.154911041259766,False,-1,4.814657211303711,6.350401401519775,-0.45257091522216797,-0.18241189417227846,-0.04454222622776163,0.04454222622776163,"StraightLane index=('>>>', '1S0_0_', 0)",True,173.6650390625,0.00024366378784179688,0.0003051757812268847,"StraightLane index=('>>', '>>>', 0)",True,0.0,True,False,1.336923599243164,0.0,0.0,0.0,True,0.0,0.0,0.0,-0.0,0.0,-0.0
51.320146,"[223.9110107421875, 4.499755382537842, 0.0]","[276.0910949707031, 4.5, 0.0]",6.1310214997276375,6.339807987213135,6.339783889333576,-0.36363601695175163,0.23394742608070374,52.176193235194226,0.2121071814531028,-0.12402534467774728,47.676193235194226,-0.20878648748549722,6.166040420532227,-1.3536872863769531,40.154911041259766,False,-1,4.812353134155273,6.339807987213135,-0.45257091522216797,-0.18241189417227846,-0.04454222622776163,0.04454222622776163,"StraightLane index=('>>>', '1S0_0_', 0)",True,173.78810119628906,0.000244140625,0.00031280517580081237,"StraightLane index=('>>', '>>>', 0)",True,0.0,True,False,1.336923599243164,0.0,0.0,0.0,True,0.0,0.0,0.0,-0.0,0.0,-0.0
51.339911,"[224.03378295898438, 4.499754905700684, 0.0]","[276.21551513671875, 4.5, 0.0]",6.123748779389306,6.329044818878174,6.328949113534447,-0.36363601691657976,0.18889614939689636,52.18008422660986,0.20878648748549722,-0.16603469838027962,47.68008422660986,-0.20529603948886788,6.16365385055542,-1.3536872863769531,40.154911041259766,False,-1,4.809966564178467,6.329044818878174,-0.45257091522216797,-0.18241189417227846,-0.04454222622776163,0.04454222622776163,"StraightLane index=('>>>', '1S0_0_', 0)",True,173.9110107421875,0.0002446174621582031,0.00028991699218080717,"StraightLane index=('>>', '>>>', 0)",True,0.0,True,False,1.336923599243164,0.0,0.0,0.0,True,0.0,0.0,0.0,-0.0,0.0,-0.0
51.36004,"[224.15640258789062, 4.499754428863525, 0.0]","[276.3435363769531, 4.5, 0.0]",6.116476059053714,6.317969799041748,6.317948834126936,-0.36363601677957824,0.09690447151660919,52.18173217561863,0.20529603948886788,-0.1745223998314671,47.68173217561863,-0.20149373998803366,6.157370567321777,-1.3536872863769531,40.154911041259766,False,-1,4.803683280944824,6.317969799041748,-0.45257091522216797,-0.18241189417227846,-0.04454222622776163,0.04454222622776163,"StraightLane index=('>>>', '1S0_0_', 0)",True,174.03378295898438,0.00024509429931640625,0.00031280517580081237,"StraightLane index=('>>', '>>>', 0)",True,0.0,True,False,1.336923599243164,0.0,0.0,0.0,True,0.0,0.0,0.0,-0.0,0.0,-0.0
51.379521,"[224.2788848876953, 4.499753952026367, 0.0]","[276.4671936035156, 4.5, 0.0]",6.109203338717355,6.30727243423462,6.307287923378817,-0.36363601681794755,0.004836866166442633,52.18713378694407,0.20149373998803366,-0.19011497504171082,47.68713378694407,-0.1980690955172646,6.149205684661865,-1.3536872863769531,40.154911041259766,False,-1,4.795518398284912,6.30727243423462,-0.45257091522216797,-0.18241189417227846,-0.04454222622776163,0.04454222622776163,"StraightLane index=('>>>', '1S0_0_', 0)",True,174.15640258789062,0.0002455711364746094,0.00031280517580081237,"StraightLane index=('>>', '>>>', 0)",True,0.0,True,False,1.336923599243164,0.0,0.0,0.0,True,0.0,0.0,0.0,-0.0,0.0,-0.0
51.39985,"[224.40121459960938, 4.499753475189209, 0.0]","[276.5969543457031, 4.5, 0.0]",6.101930618380676,6.296048641204834,6.2961640602722815,-0.36363601683397917,-0.08240627497434616,52.18830871369926,0.1980690955172646,-0.17123222353845335,47.68830871369926,-0.19411802282415813,6.139748573303223,-1.3536872863769531,40.154911041259766,False,-1,4.7860612869262695,6.296048641204834,-0.5435276031494141,-0.18319417086528011,-0.057017456029577335,0.057017456029577335,"StraightLane index=('>>>', '1S0_0_', 0)",True,174.2788848876953,0.0002460479736328125,0.00031280517580081237,"StraightLane index=('>>', '>>>', 0)",True,0.0,True,False,1.336923599243164,0.0,0.0,0.0,True,0.0,0.0,0.0,-0.0,0.0,-0.0
51.419406,"[224.5233917236328, 4.499752998352051, 0.0]","[276.719482421875, 4.5, 0.0]",6.094657898043938,6.284532070159912,6.284239053249673,-0.36363601683691016,-0.1647980511188507,52.19573974389875,0.19411802282415813,-0.19755363465532305,47.69573974389875,-0.18987417211597446,6.129074573516846,-0.8636007308959961,40.518470764160156,False,-1,5.26547384262085,6.284532070159912,-0.5435276031494141,-0.18319417086528011,-0.057017456029577335,0.057017456029577335,"StraightLane index=('>>>', '1S0_0_', 0)",True,174.40121459960938,0.0002465248107910156,0.00032043457032385116,"StraightLane index=('>>', '>>>', 0)",True,0.0,True,False,1.336923599243164,0.0,0.0,0.0,True,0.0,0.0,0.0,-0.0,0.0,-0.0
51.439589,"[224.6454315185547, 4.499752521514893, 0.0]","[276.8448791503906, 4.5, 0.0]",6.087385177705818,6.272322654724121,6.271935195882013,-0.36363601690596603,-0.23412129282951355,52.196090696044514,0.18987417211597446,-0.2121925354091836,47.696090696044514,-0.18493747701830276,6.118162155151367,-0.8636007308959961,40.518470764160156,False,-1,5.254561424255371,6.272322654724121,-0.5435276031494141,-0.18319417086528011,-0.057017456029577335,0.057017456029577335,"StraightLane index=('>>>', '1S0_0_', 0)",True,174.5233917236328,0.00024700164794921875,0.00032043457032385116,"StraightLane index=('>>', '>>>', 0)",True,0.0,True,False,1.2969720363616943,0.0,0.0,0.0,True,0.0,0.0,0.0,-0.0,0.0,-0.0
51.459574,"[224.76731872558594, 4.499752044677734, 0.0]","[276.96990966796875, 4.5, 0.0]",6.080112457368069,6.260150909423828,6.259744862544665,-0.3636360168874475,-0.29067400097846985,52.199447629846865,0.18493747701830276,-0.24683475488358475,47.699447629846865,-0.18003845205575875,6.107292175292969,-0.8636007308959961,40.518470764160156,False,-1,5.243691444396973,6.260150909423828,-0.5435276031494141,-0.18319417086528011,-0.057017456029577335,0.057017456029577335,"StraightLane index=('>>>', '1S0_0_', 0)",True,174.6454315185547,0.0002474784851074219,0.00029754638670384596,"StraightLane index=('>>', '>>>', 0)",True,0.0,True,False,1.2969720363616943,0.0,0.0,0.0,True,0.0,0.0,0.0,-0.0,0.0,-0.0
51.480274,"[224.88906860351562, 4.499751567840576, 0.0]","[277.0985412597656, 4.5, 0.0]",6.072839737030641,6.247625350952148,6.24714388025857,-0.3636360168714159,-0.33860263228416443,52.202590940251135,0.18003845205575875,-0.24495124812720093,47.702590940251135,-0.17478561392150738,6.096237659454346,-0.8636007308959961,40.518470764160156,False,-1,5.23263692855835,6.247625350952148,-0.5435276031494141,-0.18319417086528011,-0.057017456029577335,0.057017456029577335,"StraightLane index=('>>>', '1S0_0_', 0)",True,174.76731872558594,0.000247955322265625,0.00031280517580081237,"StraightLane index=('>>', '>>>', 0)",True,0.0,True,False,1.2969720363616943,0.0,0.0,0.0,True,0.0,0.0,0.0,-0.0,0.0,-0.0
51.500826,"[225.0106658935547, 4.499751091003418, 0.0]","[277.22369384765625, 4.5, 0.0]",6.065567016693485,6.235443115234376,6.2345200870435455,-0.36363601685778235,-0.37288257479667664,52.209472654115615,0.17478561392150738,-0.2626419067125685,47.709472654115615,-0.16987609854089047,6.0857014656066895,-0.8636007308959961,40.518470764160156,False,-1,5.222100734710693,6.235443115234376,-0.606055259704581,-0.18608668786841243,-0.07566722381683362,0.07566722381683362,"StraightLane index=('>>>', '1S0_0_', 0)",True,174.88906860351562,0.0002484321594238281,0.00031280517580081237,"StraightLane index=('>>', '>>>', 0)",True,0.0,True,False,1.2969720363616943,0.0,0.0,0.0,True,0.0,0.0,0.0,-0.0,0.0,-0.0
51.520022,"[225.1321258544922, 4.49975061416626, 0.0]","[277.34552001953125, 4.5, 0.0]",6.05829429635618,6.222627639770508,6.221582557962707,-0.36363601686528746,-0.4019189774990082,52.21302795196452,0.16987609854089047,-0.24547576903084511,47.71302795196452,-0.16433334341432815,6.071151256561279,-0.8636007308959961,40.518470764160156,False,-1,5.207550525665283,6.222627639770508,-0.606055259704581,-0.18608668786841243,-0.07566722381683362,0.07566722381683362,"StraightLane index=('>>>', '1S0_0_', 0)",True,175.0106658935547,0.00024890899658203125,0.00031280517580081237,"StraightLane index=('>>', '>>>', 0)",True,0.0,True,False,1.2969720363616943,0.0,0.0,0.0,True,0.0,0.0,0.0,-0.0,0.0,-0.0
51.539801,"[225.25343322753906, 4.499750137329102, 0.0]","[277.4722595214844, 4.5, 0.0]",6.051021576018908,6.208855152130127,6.208249518943275,-0.3636360168635999,-0.40936005115509033,52.21339416289941,0.16433334341432815,-0.2771377563281163,47.71339416289941,-0.1578335761112193,6.066351413726807,-0.8636007308959961,40.518470764160156,False,-1,5.2027506828308105,6.208855152130127,-0.606055259704581,-0.18608668786841243,-0.07566722381683362,0.07566722381683362,"StraightLane index=('>>>', '1S0_0_', 0)",True,175.1321258544922,0.0002493858337402344,0.00031280517580081237,"StraightLane index=('>>', '>>>', 0)",True,0.0,True,False,1.2969720363616943,0.0,0.0,0.0,True,0.0,0.0,0.0,-0.0,0.0,-0.0
51.55994,"[225.37460327148438, 4.499749660491943, 0.0]","[277.5961608886719, 4.5, 0.0]",6.0437488556829715,6.195389747619629,6.194714539414063,-0.3636360167968089,-0.4154397249221802,52.21882629173128,0.1578335761112193,-0.32498836515544305,47.71882629173128,-0.15164089193665742,6.057531833648682,-0.8636007308959961,40.518470764160156,False,-1,5.1939311027526855,6.195389747619629,-0.606055259704581,-0.18608668786841243,-0.07566722381683362,0.07566722381683362,"StraightLane index=('>>>', '1S0_0_', 0)",True,175.25343322753906,0.0002498626708984375,0.00032043457032385116,"StraightLane index=('>>', '>>>', 0)",True,0.0,True,False,1.2969720363616943,0.0,0.0,0.0,True,0.0,0.0,0.0,-0.0,0.0,-0.0
51.580406,"[225.49562072753906, 4.499749183654785, 0.0]","[277.7204895019531, 4.5, 0.0]",6.036476135345403,6.181877136230469,6.180883659724927,-0.3636360168784325,-0.4199444353580475,52.221557614970756,0.15164089193665742,-0.30963420872809344,47.721557614970756,-0.1454010008850659,6.048763751983643,-0.8636007308959961,40.518470764160156,False,-1,5.1851630210876465,6.181877136230469,-0.606055259704581,-0.18608668786841243,-0.07566722381683362,0.07566722381683362,"StraightLane index=('>>>', '1S0_0_', 0)",True,175.37460327148438,0.0002503395080566406,0.00032043457032385116,"StraightLane index=('>>', '>>>', 0)",True,0.0,True,False,1.2969720363616943,0.0,0.0,0.0,True,0.0,0.0,0.0,-0.0,0.0,-0.0
51.599971,"[225.6165008544922, 4.499748706817627, 0.0]","[277.84429931640625, 4.5, 0.0]",6.029203415008115,6.168420314788818,6.167694442295592,-0.3636360168643993,-0.41844823956489563,52.224868772266426,0.1454010008850659,-0.3119945525795753,47.724868772266426,-0.1392168997807035,6.040542125701904,-0.8636007308959961,40.518470764160156,False,-1,5.176941394805908,6.168420314788818,-0.6702280044555753,-0.1909359992375163,-0.10044501438005903,0.10044501438005903,"StraightLane index=('>>>', '1S0_0_', 0)",True,175.49562072753906,0.00025081634521484375,0.00031280517580081237,"StraightLane index=('>>', '>>>', 0)",True,0.0,True,False,1.2969720363616943,0.0,0.0,0.0,True,0.0,0.0,0.0,-0.0,0.0,-0.0
51.619575,"[225.7372283935547, 4.499748229980469, 0.0]","[277.9643859863281, 4.5, 0.0]",6.021930694672219,6.154414176940918,6.15325248509911,-0.3636360167948105,-0.4079433083534241,52.22779845976378,0.1392168997807035,-0.30920505521812025,47.72779845976378,-0.13248348226869933,6.029204845428467,-0.8636007308959961,40.518470764160156,False,-1,5.165604114532471,6.154414176940918,-0.6702280044555753,-0.1909359992375163,-0.10044501438005903,0.10044501438005903,"StraightLane index=('>>>', '1S0_0_', 0)",True,175.6165008544922,0.0002512931823730469,0.00031280517580081237,"StraightLane index=('>>', '>>>', 0)",True,0.0,True,False,1.2969720363616943,0.0,0.0,0.0,True,0.0,0.0,0.0,-0.0,0.0,-0.0
51.639721,"[225.85781860351562, 4.4997477531433105, 0.0]","[278.0870666503906, 4.5, 0.0]",6.014657974337257,6.139666557312013,6.138440507457133,-0.3636360167480923,-0.4057019352912903,52.22715759054861,0.13248348226869933,-0.33667087560020903,47.72715759054861,-0.1250085829747558,6.025360584259033,-1.0783567428588867,40.208213806152344,False,-1,4.9470038414001465,6.139666557312013,-0.6702280044555753,-0.1909359992375163,-0.10044501438005903,0.10044501438005903,"StraightLane index=('>>>', '1S0_0_', 0)",True,175.7372283935547,0.00025177001953125,0.00032043457032385116,"StraightLane index=('>>', '>>>', 0)",True,0.0,True,False,1.2608911991119385,0.0,0.0,0.0,True,0.0,0.0,0.0,-0.0,0.0,-0.0
51.659725,"[225.97825622558594, 4.499747276306152, 0.0]","[278.2124938964844, 4.5, 0.0]",6.007385254001486,6.127921104431152,6.123653336510302,-0.36363601678854884,-0.3904501795768738,52.229248044425844,0.1250085829747558,-0.3737449646971758,47.729248044425844,-0.12053585042966652,6.014962196350098,-1.0783567428588867,40.208213806152344,False,-1,4.936605453491211,6.127921104431152,-0.6702280044555753,-0.1909359992375163,-0.10044501438005903,0.10044501438005903,"StraightLane index=('>>>', '1S0_0_', 0)",True,175.85781860351562,0.0002522468566894531,0.00034332275389296755,"StraightLane index=('>>', '>>>', 0)",True,0.0,True,False,1.2608911991119385,0.0,0.0,0.0,True,0.0,0.0,0.0,-0.0,0.0,-0.0
51.679617,"[226.0985565185547, 4.499746799468994, 0.0]","[278.3321838378906, 4.5, 0.0]",6.000112533665267,6.106864929199219,6.108998347241119,-0.36363601681093094,-0.3922310173511505,52.234237668595156,0.12053585042966652,-0.22363662725446432,47.734237668595156,-0.10675239553395155,6.010870933532715,-1.0783567428588867,40.208213806152344,False,-1,4.932514190673828,6.106864929199219,-0.6702280044555753,-0.1909359992375163,-0.10044501438005903,0.10044501438005903,"StraightLane index=('>>>', '1S0_0_', 0)",True,175.97825622558594,0.00025272369384765625,0.00032806396484688996,"StraightLane index=('>>', '>>>', 0)",True,0.0,True,False,1.2608911991119385,0.0,0.0,0.0,True,0.0,0.0,0.0,-0.0,0.0,-0.0
51.699899,"[226.2187042236328, 4.499746322631836, 0.0]","[278.4577941894531, 4.5, 0.0]",5.9928398133276835,6.098432540893555,6.094049658318466,-0.36363601687918745,-0.37819454073905945,52.23362731702993,0.10675239553395155,-0.6891727447857487,47.73362731702993,-0.10559272756587124,6.000690937042236,-1.0783567428588867,40.208213806152344,False,-1,4.92233419418335,6.098432540893555,-0.6998777389526367,-0.19633812017710695,-0.12770284725929065,0.12770284725929065,"StraightLane index=('>>>', '1S0_0_', 0)",True,176.0985565185547,0.0002532005310058594,0.00032806396484688996,"StraightLane index=('>>', '>>>', 0)",True,0.0,True,False,1.2608911991119385,0.0,0.0,0.0,True,0.0,0.0,0.0,-0.0,0.0,-0.0
51.719728,"[226.3386993408203, 4.499745845794678, 0.0]","[278.5772705078125, 4.5, 0.0]",5.985567092991666,6.076540470123292,6.078367901269831,-0.3636360168008945,-0.37819454073905945,52.239089963584625,0.10559272756587124,-0.057983398404015674,47.739089963584625,-0.09097337713162634,6.000690937042236,-1.0783567428588867,40.208213806152344,False,-1,4.92233419418335,6.076540470123292,-0.6998777389526367,-0.19633812017710695,-0.12770284725929065,0.12770284725929065,"StraightLane index=('>>>', '1S0_0_', 0)",True,176.2187042236328,0.0002536773681640625,0.00032043457032385116,"StraightLane index=('>>', '>>>', 0)",True,0.0,True,False,1.2608911991119385,0.0,0.0,0.0,True,0.0,0.0,0.0,-0.0,0.0,-0.0
51.74073,"[226.45855712890625, 4.4997453689575195, 0.0]","[278.7007141113281, 4.5, 0.0]",5.978294372655365,6.067080974578857,6.061755217221875,-0.36363601681501656,-0.37714365124702454,52.23857116475385,0.09097337713162634,-0.7309675217122447,47.73857116475385,-0.08878660192349219,5.989485740661621,-1.0783567428588867,40.208213806152344,False,-1,4.911128997802734,6.067080974578857,-0.6998777389526367,-0.19633812017710695,-0.12770284725929065,0.12770284725929065,"StraightLane index=('>>>', '1S0_0_', 0)",True,176.3386993408203,0.0002541542053222656,0.00032043457032385116,"StraightLane index=('>>', '>>>', 0)",True,0.0,True,False,1.2608911991119385,0.0,0.0,0.0,True,0.0,0.0,0.0,-0.0,0.0,-0.0
51.759686,"[226.57826232910156, 4.499744892120361, 0.0]","[278.8212890625, 4.5, 0.0]",5.971021652320083,6.044663906097412,6.046756068766862,-0.36363601676412394,-0.3734954297542572,52.242156980107545,0.08878660192349219,-0.10933876040670754,47.742156980107545,-0.07364225377732936,5.982361316680908,-1.0783567428588867,40.208213806152344,False,-1,4.9040045738220215,6.044663906097412,-0.6998777389526367,-0.19633812017710695,-0.12770284725929065,0.12770284725929065,"StraightLane index=('>>>', '1S0_0_', 0)",True,176.45855712890625,0.00025463104248046875,0.00032806396484688996,"StraightLane index=('>>', '>>>', 0)",True,0.0,True,False,1.2608911991119385,0.0,0.0,0.0,True,0.0,0.0,0.0,-0.0,0.0,-0.0
51.780676,"[226.6978302001953, 4.499744415283203, 0.0]","[278.9427490234375, 4.5, 0.0]",5.963748931984256,6.035459518432617,6.030200894402036,-0.3636360167913466,-0.36976486444473267,52.24302673108136,0.07364225377732936,-0.7572174073081417,47.74302673108136,-0.07171058644836137,5.975345134735107,-1.0783567428588867,40.208213806152344,False,-1,4.896988391876221,6.035459518432617,-0.6998777389526367,-0.19633812017710695,-0.12770284725929065,0.12770284725929065,"StraightLane index=('>>>', '1S0_0_', 0)",True,176.57826232910156,0.0002551078796386719,0.00032806396484688996,"StraightLane index=('>>', '>>>', 0)",True,0.0,True,False,1.2608911991119385,0.0,0.0,0.0,True,0.0,0.0,0.0,-0.0,0.0,-0.0
51.799763,"[226.81724548339844, 4.499743938446045, 0.0]","[279.0606689453125, 4.5, 0.0]",5.9564762116477405,6.013388633728027,6.01509732523271,-0.3636360168257635,-0.36547714471817017,52.244918820922344,0.07171058644836137,-0.09658336644839949,47.744918820922344,-0.056912422080286795,5.968440055847168,-1.0783567428588867,40.208213806152344,False,-1,4.890083312988281,6.013388633728027,-0.8504390716552734,-0.20646967566733082,-0.16947660131514442,0.16947660131514442,"StraightLane index=('>>>', '1S0_0_', 0)",True,176.6978302001953,0.000255584716796875,0.00032806396484688996,"StraightLane index=('>>', '>>>', 0)",True,0.0,True,False,1.2608911991119385,0.0,0.0,0.0,True,0.0,0.0,0.0,-0.0,0.0,-0.0
51.8193,"[226.9365234375, 4.499743461608887, 0.0]","[279.1809387207031, 4.5, 0.0]",5.949203491312567,6.003630638122559,5.99878911859968,-0.36363601675866164,-0.36178070306777954,52.24342345951712,0.056912422080286795,-0.7399082184037287,47.74342345951712,-0.05442714680999128,5.961581230163574,-0.20149707794189453,41.65742492675781,False,-1,5.76008415222168,6.003630638122559,-0.8504390716552734,-0.20646967566733082,-0.16947660131514442,0.16947660131514442,"StraightLane index=('>>>', '1S0_0_', 0)",True,176.81724548339844,0.0002560615539550781,0.00033569335936992875,"StraightLane index=('>>', '>>>', 0)",True,0.0,True,False,1.2213259935379028,0.0,0.0,0.0,True,0.0,0.0,0.0,-0.0,0.0,-0.0
51.839575,"[227.05564880371094, 4.4997429847717285, 0.0]","[279.30035400390625, 4.5, 0.0]",5.941930770976692,5.98030948638916,5.981953980358211,-0.3636360167937447,-0.3626127243041992,52.24441528087783,0.05442714680999128,-0.12426376351477586,47.74441528087783,-0.038378715412467734,5.954296588897705,-0.20149707794189453,41.65742492675781,False,-1,5.7527995109558105,5.98030948638916,-0.8504390716552734,-0.20646967566733082,-0.16947660131514442,0.16947660131514442,"StraightLane index=('>>>', '1S0_0_', 0)",True,176.9365234375,0.00025653839111328125,0.00032806396484688996,"StraightLane index=('>>', '>>>', 0)",True,0.0,True,False,1.2213259935379028,0.0,0.0,0.0,True,0.0,0.0,0.0,-0.0,0.0,-0.0
51.860744,"[227.1746368408203, 4.49974250793457, 0.0]","[279.422607421875, 4.5, 0.0]",5.93465805064183,5.969925880432129,5.964275555394338,-0.3636360167431185,-0.36199983954429626,52.24470519779276,0.038378715412467734,-0.8024215698761772,47.74470519779276,-0.035267829790298855,5.947129249572754,-0.20149707794189453,41.65742492675781,False,-1,5.745632171630859,5.969925880432129,-0.8504390716552734,-0.20646967566733082,-0.16947660131514442,0.16947660131514442,"StraightLane index=('>>>', '1S0_0_', 0)",True,177.05564880371094,0.0002570152282714844,0.00033569335936992875,"StraightLane index=('>>', '>>>', 0)",True,0.0,True,False,1.2213259935379028,0.0,0.0,0.0,True,0.0,0.0,0.0,-0.0,0.0,-0.0
51.880487,"[227.29347229003906, 4.499742031097412, 0.0]","[279.5423583984375, 4.5, 0.0]",5.927385330306305,5.9465627670288095,5.947884509441046,-0.3636360167762476,-0.3611236810684204,52.24797057857377,0.035267829790298855,-0.15554428110844398,47.74797057857377,-0.019177436722504382,5.940029144287109,-0.20149707794189453,41.65742492675781,False,-1,5.738532066345215,5.9465627670288095,-0.8504390716552734,-0.20646967566733082,-0.16947660131514442,0.16947660131514442,"StraightLane index=('>>>', '1S0_0_', 0)",True,177.1746368408203,0.0002574920654296875,0.00034332275389296755,"StraightLane index=('>>', '>>>', 0)",True,0.0,True,False,1.2213259935379028,0.0,0.0,0.0,True,0.0,0.0,0.0,-0.0,0.0,-0.0
51.899009,"[227.41217041015625, 4.499741554260254, 0.0]","[279.657958984375, 4.5, 0.0]",5.920112609970573,5.937105655670166,5.932389644852268,-0.36363601678659485,-0.3639968931674957,52.24888610591465,0.019177436722504382,-0.8045196533897236,47.74888610591465,-0.016993045699592813,5.93253231048584,-0.20149707794189453,41.65742492675781,False,-1,5.731035232543945,5.937105655670166,-0.7628297805786133,-0.2125217504208492,-0.20147627071611388,0.20147627071611388,"StraightLane index=('>>>', '1S0_0_', 0)",True,177.29347229003906,0.0002579689025878906,0.00034332275389296755,"StraightLane index=('>>', '>>>', 0)",True,0.0,True,False,1.2213259935379028,0.0,0.0,0.0,True,0.0,0.0,0.0,-0.0,0.0,-0.0
51.919283,"[227.5307159423828, 4.499741077423096, 0.0]","[279.776611328125, 4.5, 0.0]",5.912839889635931,5.9134368896484375,5.915102947718545,-0.3636360167321051,-0.3604489266872406,52.245788571732156,0.016993045699592813,-0.10921955114557846,47.745788571732156,-0.000597000012506399,5.921990394592285,-0.20149707794189453,41.65742492675781,False,-1,5.720493316650391,5.9134368896484375,-0.7628297805786133,-0.2125217504208492,-0.20147627071611388,0.20147627071611388,"StraightLane index=('>>>', '1S0_0_', 0)",True,177.41217041015625,0.00025844573974609375,0.00034332275389296755,"StraightLane index=('>>', '>>>', 0)",True,0.0,True,False,1.2213259935379028,0.0,0.0,0.0,True,0.0,0.0,0.0,-0.0,0.0,-0.0
51.939125,"[227.6491241455078, 4.4997406005859375, 0.0]","[279.89410400390625, 4.5, 0.0]",5.905567169301513,5.9030442237854,5.898109337934432,-0.36363601672091406,-0.3646728992462158,52.24589538325274,0.000597000012506399,-0.8198022843543207,47.74589538325274,0.0025229455161124292,5.917942523956299,-0.20149707794189453,41.65742492675781,False,-1,5.716445446014404,5.9030442237854,-0.7628297805786133,-0.2125217504208492,-0.20147627071611388,0.20147627071611388,"StraightLane index=('>>>', '1S0_0_', 0)",True,177.5307159423828,0.0002589225769042969,0.00034332275389296755,"StraightLane index=('>>', '>>>', 0)",True,0.0,True,False,1.2213259935379028,0.0,0.0,0.0,True,0.0,0.0,0.0,-0.0,0.0,-0.0
51.958573,"[227.7673797607422, 4.499739646911621, 0.0]","[280.01153564453125, 4.5, 0.0]",5.898294448967855,5.879329681396484,5.881484733333194,-0.3636360166829,-0.358196496963501,52.24497985551343,-0.0025229455161124292,-0.1559972764309414,47.74497985551343,0.018964767571370444,5.907720565795898,-0.20149707794189453,41.65742492675781,False,-1,5.706223487854004,5.879329681396484,-0.7628297805786133,-0.2125217504208492,-0.20147627071611388,0.20147627071611388,"StraightLane index=('>>>', '1S0_0_', 0)",True,177.6491241455078,0.0002593994140625,0.00038146972655905034,"StraightLane index=('>>', '>>>', 0)",True,0.0,True,False,1.2213259935379028,0.0,0.0,0.0,True,0.0,0.0,0.0,-0.0,0.0,-0.0
51.979724,"[227.885498046875, 4.499738693237305, 0.0]","[280.1327209472656, 4.5, 0.0]",5.891021728634615,5.868401050567627,5.8634177573838615,-0.3636360166619834,-0.36178863048553467,52.24415588089773,-0.018964767571370444,-0.8220911027629008,47.74415588089773,0.022620678066988198,5.903761863708496,-0.20149707794189453,41.65742492675781,False,-1,5.702264785766602,5.868401050567627,-0.7628297805786133,-0.2125217504208492,-0.20147627071611388,0.20147627071611388,"StraightLane index=('>>>', '1S0_0_', 0)",True,177.7673797607422,0.00026035308837890625,0.00038146972655905034,"StraightLane index=('>>', '>>>', 0)",True,0.0,True,False,1.2213259935379028,0.0,0.0,0.0,True,0.0,0.0,0.0,-0.0,0.0,-0.0
52.000488,"[228.0034637451172, 4.499737739562988, 0.0]","[280.2500915527344, 4.5, 0.0]",5.883749008300065,5.844696044921875,5.8456560455397355,-0.3636360167274866,-0.36265701055526733,52.24722289757352,-0.022620678066988198,-0.18279552478088767,47.74722289757352,0.03905296337819042,5.892822742462158,-0.20149707794189453,41.65742492675781,False,-1,5.691325664520264,5.844696044921875,-0.9240961074829102,-0.22361293914066613,-0.2489973653364899,0.2489973653364899,"StraightLane index=('>>>', '1S0_0_', 0)",True,177.885498046875,0.0002613067626953125,0.00037384033203601154,"StraightLane index=('>>', '>>>', 0)",True,0.0,True,False,1.2213259935379028,0.0,0.0,0.0,True,0.0,0.0,0.0,-0.0,0.0,-0.0
52.019502,"[228.12127685546875, 4.499736785888672, 0.0]","[280.3643493652344, 4.5, 0.0]",5.876476287964935,5.83461856842041,5.829417323502095,-0.36363601675653,-0.36457520723342896,52.24662780479387,-0.03905296337819042,-0.8216142655601111,47.74662780479387,0.04185771954452466,5.888995170593262,-0.20149707794189453,41.65742492675781,False,-1,5.687498092651367,5.83461856842041,-0.9240961074829102,-0.22361293914066613,-0.2489973653364899,0.2489973653364899,"StraightLane index=('>>>', '1S0_0_', 0)",True,178.0034637451172,0.00026226043701171875,0.00037384033203601154,"StraightLane index=('>>', '>>>', 0)",True,0.0,True,False,1.1896641254425049,0.0,0.0,0.0,True,0.0,0.0,0.0,-0.0,0.0,-0.0
52.039407,"[228.23895263671875, 4.4997358322143555, 0.0]","[280.4805908203125, 4.5, 0.0]",5.869203567629456,5.81084442138672,5.812430533325032,-0.3636360167739383,-0.36425912380218506,52.243072506936166,-0.04185771954452466,-0.14023780831671218,47.743072506936166,0.058359146242736415,5.881781101226807,-0.022620677947998047,52.247222900390625,True,0,5.859160423278809,5.81084442138672,-0.9240961074829102,-0.22361293914066613,-0.2489973653364899,0.23429392485655567,"StraightLane index=('>>>', '1S0_0_', 0)",True,178.12127685546875,0.000263214111328125,0.00037384033203601154,"StraightLane index=('>>', '>>>', 0)",True,0.0,True,False,1.1896641254425049,-0.014703440479934216,0.0,-0.014703440479934216,True,0.0,0.0,0.0,-0.0,0.0,-0.0
52.061047,"[228.35647583007812, 4.499734878540039, 0.0]","[280.59808349609375, 4.5, 0.0]",5.861930847293605,5.800225257873535,5.79392794354338,-0.36363601679254565,-0.36273103952407837,52.241638180758095,-0.058359146242736415,-0.8250713349105876,47.741638180758095,0.061705589420069984,5.8746819496154785,-0.022620677947998047,52.247222900390625,True,0,5.8520612716674805,5.800225257873535,-0.9240961074829102,-0.22361293914066613,-0.2489973653364899,0.23429392485655567,"StraightLane index=('>>>', '1S0_0_', 0)",True,178.23895263671875,0.00026416778564453125,0.00037384033203601154,"StraightLane index=('>>', '>>>', 0)",True,0.0,True,False,1.1896641254425049,-0.014703440479934216,0.0,-0.014703440479934216,True,0.0,0.0,0.0,-0.0,0.0,-0.0
52.079764,"[228.47386169433594, 4.499733924865723, 0.0]","[280.71539306640625, 4.5, 0.0]",5.854658126957381,5.7762932777404785,5.777949436168676,-0.3636360168111974,-0.3611606955528259,52.241607663173745,-0.061705589420069984,-0.16732215886667845,47.741607663173745,0.07836484921690268,5.867643356323242,-0.022620677947998047,52.247222900390625,True,0,5.845022678375244,5.7762932777404785,-0.9240961074829102,-0.22361293914066613,-0.2489973653364899,0.23429392485655567,"StraightLane index=('>>>', '1S0_0_', 0)",True,178.35647583007812,0.0002651214599609375,0.00037384033203601154,"StraightLane index=('>>', '>>>', 0)",True,0.0,True,False,1.1896641254425049,-0.014703440479934216,0.0,-0.014703440479934216,True,0.0,0.0,0.0,-0.0,0.0,-0.0
52.099407,"[228.59109497070312, 4.499732971191406, 0.0]","[280.8309326171875, 4.5, 0.0]",5.847385406620734,5.765956401824951,5.76116842584262,-0.36363601683238045,-0.3635388910770416,52.24153136922222,-0.07836484921690268,-0.8329629898416346,47.74153136922222,0.08142900479578241,5.860200881958008,-0.022620677947998047,52.247222900390625,True,0,5.83758020401001,5.765956401824951,-0.7873964309692383,-0.22881052031052285,-0.28173937342778144,0.2670359329478472,"StraightLane index=('>>>', '1S0_0_', 0)",True,178.47386169433594,0.00026607513427734375,0.00037384033203601154,"StraightLane index=('>>', '>>>', 0)",True,0.0,True,False,1.1896641254425049,-0.014703440479934216,0.0,-0.014703440479934216,True,0.0,0.0,0.0,-0.0,0.0,-0.0
52.119658,"[228.70819091796875, 4.49973201751709, 0.0]","[280.9464111328125, 4.5, 0.0]",5.840112686283712,5.742486953735352,5.744388035678423,-0.3636360168510766,-0.36396655440330505,52.239837643630096,-0.08142900479578241,-0.15320777894398674,47.739837643630096,0.09762573254836049,5.85290002822876,-0.07836484909057617,52.24153137207031,True,0,5.774535179138184,5.742486953735352,-0.7873964309692383,-0.22881052031052285,-0.28173937342778144,0.2670359329478472,"StraightLane index=('>>>', '1S0_0_', 0)",True,178.59109497070312,0.00026702880859375,0.00037384033203601154,"StraightLane index=('>>', '>>>', 0)",True,0.0,True,False,1.1896641254425049,-0.014703440479934216,0.0,-0.014703440479934216,True,0.0,0.0,0.0,-0.0,0.0,-0.0
52.139798,"[228.82513427734375, 4.499731063842773, 0.0]","[281.05804443359375, 4.5, 0.0]",5.813085556156332,5.732991695404053,5.727727021351807,-1.351356506369017,-0.36116984486579895,52.23822021198328,-0.09762573254836049,-0.8098363876289039,47.73822021198328,0.08009386075227898,5.842321395874023,-0.07836484909057617,52.24153137207031,True,0,5.763956546783447,5.732991695404053,-0.7873964309692383,-0.22881052031052285,-0.28173937342778144,0.19865963302269873,"StraightLane index=('>>>', '1S0_0_', 0)",True,178.70819091796875,0.00026798248291015625,0.00037384033203601154,"StraightLane index=('>>', '>>>', 0)",True,0.0,True,False,1.1896641254425049,-0.0830797404050827,0.0,-0.0830797404050827,True,0.0,0.0,0.0,0.0830797404050827,0.0,0.0830797404050827
52.159043,"[228.9419403076172, 4.499730110168457, 0.0]","[281.17462158203125, 4.5, 0.0]",5.786058426028871,5.709451198577881,5.711771901847098,-1.3513565063730137,-0.36686447262763977,52.232910153383415,-0.08009386075227898,0.8765935898040755,47.732910153383415,0.07660722745099058,5.838111877441406,-0.07836484909057617,52.24153137207031,True,0,5.75974702835083,5.709451198577881,-0.7873964309692383,-0.22881052031052285,-0.28173937342778144,0.19865963302269873,"StraightLane index=('>>>', '1S0_0_', 0)",True,178.82513427734375,0.0002689361572265625,0.00037384033203601154,"StraightLane index=('>>', '>>>', 0)",True,0.0,True,False,1.1896641254425049,-0.0830797404050827,0.0,-0.0830797404050827,True,0.0,0.0,0.0,0.0830797404050827,0.0,0.0830797404050827
52.181644,"[229.05819702148438, 4.499729156494141, 0.0]","[281.2872314453125, 4.5, 0.0]",5.759031295901232,5.699813365936279,5.693067901826699,-1.3513565063819843,-0.39990460872650146,52.23268127154127,-0.07660722745099058,0.17433166506442,47.73268127154127,0.059217929964952454,5.827321529388428,-0.07836484909057617,52.24153137207031,True,0,5.748956680297852,5.699813365936279,-0.7873964309692383,-0.22881052031052285,-0.28173937342778144,0.19865963302269873,"StraightLane index=('>>>', '1S0_0_', 0)",True,178.9419403076172,0.00026988983154296875,0.00037384033203601154,"StraightLane index=('>>', '>>>', 0)",True,0.0,True,False,1.1896641254425049,-0.0830797404050827,0.0,-0.0830797404050827,True,0.0,0.0,0.0,0.0830797404050827,0.0,0.0830797404050827
52.19954,"[229.17391967773438, 4.499728202819824, 0.0]","[281.4042053222656, 4.5, 0.0]",5.732004165773392,5.679545879364014,5.67825380108401,-1.3513565063919764,-0.4800571799278259,52.229034421110214,-0.059217929964952454,0.8694648743019062,47.729034421110214,0.05245828640937855,5.810692310333252,-0.07836484909057617,52.24153137207031,True,0,5.732327461242676,5.679545879364014,-0.864105224609375,-0.23617315114079868,-0.2702710373068947,0.18719129690181202,"StraightLane index=('>>>', '1S0_0_', 0)",True,179.05819702148438,0.000270843505859375,0.00035858154298993396,"StraightLane index=('>>', '>>>', 0)",True,0.0,True,False,1.1896641254425049,-0.0830797404050827,0.0,-0.0830797404050827,True,0.0,0.0,0.0,0.0830797404050827,0.0,0.0830797404050827
52.219731,"[229.28909301757812, 4.499727249145508, 0.0]","[281.5149841308594, 4.5, 0.0]",5.704977035647251,5.664015769958496,5.662501682274528,-1.3513565063070665,-0.6433278322219849,52.23028564156403,-0.05245828640937855,0.3379821777786951,47.73028564156403,0.0409612656887548,5.777629375457764,-0.05921792984008789,52.229034423828125,True,0,5.718411445617676,5.664015769958496,-0.864105224609375,-0.23617315114079868,-0.2702710373068947,0.18719129690181202,"StraightLane index=('>>>', '1S0_0_', 0)",True,179.17391967773438,0.00027179718017578125,0.00038146972655905034,"StraightLane index=('>>', '>>>', 0)",True,0.0,True,False,1.1896641254425049,-0.0830797404050827,0.0,-0.0830797404050827,True,0.0,0.0,0.0,0.0830797404050827,0.0,0.0830797404050827
52.239571,"[229.4037322998047, 4.499726295471191, 0.0]","[281.62744140625, 4.5, 0.0]",5.67701530468881,5.648479461669922,5.6470491243430185,-1.3980865479220395,-0.7168267369270325,52.22589111030778,-0.0409612656887548,0.5748510360311876,47.72589111030778,0.02853584301888823,5.763485908508301,-0.05921792984008789,52.229034423828125,True,0,5.704267978668213,5.648479461669922,-0.864105224609375,-0.23617315114079868,-0.2702710373068947,0.18431975373279041,"StraightLane index=('>>>', '1S0_0_', 0)",True,179.28909301757812,0.0002727508544921875,0.00038146972655905034,"StraightLane index=('>>', '>>>', 0)",True,0.0,True,False,1.153210997581482,-0.08595128357410431,0.0,-0.08595128357410431,True,0.0,0.0,0.0,0.08595128357410431,0.0,0.08595128357410431
52.259063,"[229.51783752441406, 4.499725341796875, 0.0]","[281.7394104003906, 4.5, 0.0]",5.649053573730704,5.633011341094971,5.631851307200518,-1.3980865479052973,-0.8920269012451172,52.223709103629176,-0.02853584301888823,0.6212711334933285,47.723709103629176,0.016042232635733455,5.721846103668213,-0.05921792984008789,52.229034423828125,True,0,5.662628173828125,5.633011341094971,-0.864105224609375,-0.23617315114079868,-0.2702710373068947,0.18431975373279041,"StraightLane index=('>>>', '1S0_0_', 0)",True,179.4037322998047,0.00027370452880859375,0.00036621093751297275,"StraightLane index=('>>', '>>>', 0)",True,0.0,True,False,1.153210997581482,-0.08595128357410431,0.0,-0.08595128357410431,True,0.0,0.0,0.0,0.08595128357410431,0.0,0.08595128357410431
52.279631,"[229.63137817382812, 4.499724388122559, 0.0]","[281.85247802734375, 4.5, 0.0]",5.621091842772802,5.617388725280762,5.615838134906969,-1.3980865478951277,-0.9651479125022888,52.22157287315437,-0.016042232635733455,0.6246805191577387,47.72157287315437,0.003703117492039887,5.705255508422852,-0.05921792984008789,52.229034423828125,True,0,5.646037578582764,5.617388725280762,-0.864105224609375,-0.23617315114079868,-0.2702710373068947,0.18431975373279041,"StraightLane index=('>>>', '1S0_0_', 0)",True,179.51783752441406,0.000274658203125,0.00036621093751297275,"StraightLane index=('>>', '>>>', 0)",True,0.0,True,False,1.153210997581482,-0.08595128357410431,0.0,-0.08595128357410431,True,0.0,0.0,0.0,0.08595128357410431,0.0,0.08595128357410431
52.29882,"[229.74435424804688, 4.499723434448242, 0.0]","[281.9651184082031, 4.5, 0.0]",5.59313011181493,5.601830005645752,5.600879265885932,-1.3980865478935733,-1.0784730911254883,52.22109985052321,-0.003703117492039887,0.6169557571846784,47.72109985052321,-0.008699893830821814,5.673608303070068,-0.05921792984008789,52.229034423828125,True,0,5.6143903732299805,5.601830005645752,-0.7771587371826172,-0.2397563918281104,-0.23410146083807623,0.14815017726397192,"StraightLane index=('>>>', '1S0_0_', 0)",True,179.63137817382812,0.00027561187744140625,0.00038146972655905034,"StraightLane index=('>>', '>>>', 0)",True,0.0,True,False,1.153210997581482,-0.08595128357410431,0.0,-0.08595128357410431,True,0.0,0.0,0.0,0.08595128357410431,0.0,0.08595128357410431
52.319254,"[229.85678100585938, 4.499722480773926, 0.0]","[282.0774841308594, 4.5, 0.0]",5.565168380857065,5.587111473083496,5.5863170884053845,-1.3980865478932625,-1.2096607685089111,52.22076415724015,0.008699893830821814,0.6201505661430851,47.72076415724015,-0.021943092226431204,5.626103401184082,-0.05921792984008789,52.229034423828125,True,0,5.566885471343994,5.587111473083496,-0.7771587371826172,-0.2397563918281104,-0.23410146083807623,0.14815017726397192,"StraightLane index=('>>>', '1S0_0_', 0)",True,179.74435424804688,0.0002765655517578125,0.00037384033203601154,"StraightLane index=('>>', '>>>', 0)",True,0.0,True,False,1.153210997581482,-0.08595128357410431,0.0,-0.08595128357410431,True,0.0,0.0,0.0,0.08595128357410431,0.0,0.08595128357410431
52.339361,"[229.96864318847656, 4.499721527099609, 0.0]","[282.1888122558594, 4.5, 0.0]",5.521497726559262,5.572925567626953,5.572095735280877,-2.1835327148901573,-1.2621912956237793,52.22070312207768,0.021943092226431204,0.6621599197804695,47.72070312207768,-0.05142784106769138,5.608496189117432,-0.0037031176034361124,52.221099853515625,True,0,5.6047930715139955,5.572925567626953,-0.7771587371826172,-0.2397563918281104,-0.23410146083807623,0.09986204054331457,"StraightLane index=('>>>', '1S0_0_', 0)",True,179.85678100585938,0.00027751922607421875,0.00037384033203601154,"StraightLane index=('>>', '>>>', 0)",True,0.0,True,False,1.153210997581482,-0.13423942029476166,0.0,-0.13423942029476166,True,0.0,0.0,0.0,0.13423942029476166,0.0,0.13423942029476166
52.359135,"[230.07994079589844, 4.499720573425293, 0.0]","[282.302490234375, 4.5, 0.0]",5.477827072261201,5.558443069458009,5.558038179571465,-2.183532714903036,-1.3345203399658203,52.22016906445428,0.05142784106769138,1.4742374420630089,47.72016906445428,-0.08061599719680768,5.575431823730469,-0.0037031176034361124,52.221099853515625,True,0,5.571728706127033,5.558443069458009,-0.7771587371826172,-0.2397563918281104,-0.23410146083807623,0.09986204054331457,"StraightLane index=('>>>', '1S0_0_', 0)",True,179.96864318847656,0.000278472900390625,0.00037384033203601154,"StraightLane index=('>>', '>>>', 0)",True,0.0,True,False,1.153210997581482,-0.13423942029476166,0.0,-0.13423942029476166,True,0.0,0.0,0.0,0.13423942029476166,0.0,0.13423942029476166
52.379727,"[230.19036865234375, 4.499719619750977, 0.0]","[282.41082763671875, 4.5, 0.0]",5.434156417962052,5.5446391105651855,5.543484194851496,-2.183532714957437,-1.4164842367172241,52.22254943570506,0.08061599719680768,1.4594078064558147,47.72254943570506,-0.11048269260313326,5.539951324462891,-0.0037031176034361124,52.221099853515625,True,0,5.5362482068594545,5.5446391105651855,-0.7771587371826172,-0.2397563918281104,-0.23410146083807623,0.09986204054331457,"StraightLane index=('>>>', '1S0_0_', 0)",True,180.07994079589844,0.00027942657470703125,0.00035858154298993396,"StraightLane index=('>>', '>>>', 0)",True,0.0,True,False,1.153210997581482,-0.13423942029476166,0.0,-0.13423942029476166,True,0.0,0.0,0.0,0.13423942029476166,0.0,0.13423942029476166
52.400202,"[230.2999267578125, 4.49971866607666, 0.0]","[282.52227783203125, 4.5, 0.0]",5.3904857636620775,5.5304388999938965,5.528993551913095,-2.183532714998737,-1.5580133199691772,52.220458981597574,0.11048269260313326,1.4933347703162791,47.720458981597574,-0.13995313633181894,5.481276512145996,-0.0037031176034361124,52.221099853515625,True,0,5.47757339454256,5.5304388999938965,-0.7139110565185547,-0.24076763962344877,-0.14979810100776647,0.015558680713004813,"StraightLane index=('>>>', '1S0_0_', 0)",True,180.19036865234375,0.0002803802490234375,0.00035858154298993396,"StraightLane index=('>>', '>>>', 0)",True,0.0,True,False,1.153210997581482,-0.13423942029476166,0.0,-0.13423942029476166,True,0.0,0.0,0.0,0.13423942029476166,0.0,0.13423942029476166
52.420049,"[230.4086151123047, 4.499718189239502, 0.0]","[282.6355895996094, 4.5, 0.0]",5.346815109362946,5.517109394073486,5.516624909227538,-2.183532714956593,-1.6375632286071777,52.22235107143532,0.13995313633181894,1.473522186434284,47.72235107143532,-0.17029428471054064,5.457351207733154,-1.0380935668945312,41.444793701171875,False,-1,4.419257640838623,5.517109394073486,-0.7139110565185547,-0.24076763962344877,-0.14979810100776647,0.015558680713004813,"StraightLane index=('>>>', '1S0_0_', 0)",True,180.2999267578125,0.00028133392333984375,0.00035858154298993396,"StraightLane index=('>>', '>>>', 0)",True,0.0,True,False,1.1160794496536255,-0.13423942029476166,0.0,-0.13423942029476166,True,0.0,0.0,0.0,0.13423942029476166,0.0,0.13423942029476166
52.441209,"[230.51641845703125, 4.499717712402344, 0.0]","[282.7433166503906, 4.5, 0.0]",5.339542389023601,5.504941463470459,5.503504190216655,-0.36363601696725034,-1.7522945404052734,52.22697448443667,0.17029428471054064,1.5170574189360853,47.72697448443667,-0.1653990744468583,5.412166118621826,-1.0380935668945312,41.444793701171875,False,-1,4.374072551727295,5.504941463470459,-0.7139110565185547,-0.24076763962344877,-0.14979810100776647,0.14979810100776647,"StraightLane index=('>>>', '1S0_0_', 0)",True,180.4086151123047,0.0002818107604980469,0.00036621093751297275,"StraightLane index=('>>', '>>>', 0)",True,0.0,True,False,1.1160794496536255,0.0,0.0,0.0,True,0.0,0.0,0.0,-0.0,0.0,-0.0
52.459854,"[230.62335205078125, 4.4997172355651855, 0.0]","[282.8528137207031, 4.5, 0.0]",5.332269668683585,5.492575168609619,5.491899499252496,-0.3636360170007791,-1.8590704202651978,52.226898190569884,0.1653990744468583,-0.24476051318411685,47.726898190569884,-0.16030549992603405,5.365578651428223,-1.0380935668945312,41.444793701171875,False,-1,4.327485084533691,5.492575168609619,-0.7139110565185547,-0.24076763962344877,-0.14979810100776647,0.14979810100776647,"StraightLane index=('>>>', '1S0_0_', 0)",True,180.51641845703125,0.00028228759765625,0.00035858154298993396,"StraightLane index=('>>', '>>>', 0)",True,0.0,True,False,1.1160794496536255,0.0,0.0,0.0,True,0.0,0.0,0.0,-0.0,0.0,-0.0
52.480535,"[230.7301483154297, 4.499716758728027, 0.0]","[282.9634094238281, 4.5, 0.0]",5.3249969483445145,5.480081558227539,5.479070324213534,-0.363636016953528,-1.8976655006408691,52.22946166728986,0.16030549992603405,-0.2546787260412131,47.72946166728986,-0.15508460988302453,5.324044227600098,-1.0380935668945312,41.444793701171875,False,-1,4.285950660705566,5.480081558227539,-0.7139110565185547,-0.24076763962344877,-0.14979810100776647,0.14979810100776647,"StraightLane index=('>>>', '1S0_0_', 0)",True,180.62335205078125,0.0002827644348144531,0.00034332275389296755,"StraightLane index=('>>', '>>>', 0)",True,0.0,True,False,1.1160794496536255,0.0,0.0,0.0,True,0.0,0.0,0.0,-0.0,0.0,-0.0
52.49932,"[230.8367919921875, 4.499716281890869, 0.0]","[283.074951171875, 4.5, 0.0]",5.3177242280072505,5.467483997344971,5.4673932091331805,-0.36363601686320024,-1.830420732498169,52.23326110576349,0.15508460988302453,-0.2610445021504759,47.73326110576349,-0.14975976933772017,5.293391227722168,-1.0380935668945312,41.444793701171875,False,-1,4.255297660827637,5.467483997344971,-0.6295490264892578,-0.2387250915882279,-0.1413812415187098,0.1413812415187098,"StraightLane index=('>>>', '1S0_0_', 0)",True,180.7301483154297,0.00028324127197265625,0.00034332275389296755,"StraightLane index=('>>', '>>>', 0)",True,0.0,True,False,1.1160794496536255,0.0,0.0,0.0,True,0.0,0.0,0.0,-0.0,0.0,-0.0
52.520128,"[230.94329833984375, 4.499715805053711, 0.0]","[283.1846923828125, 4.5, 0.0]",5.310451507670983,5.456437587738037,5.4565512904279165,-0.36363601681337343,-1.692864179611206,52.23815917696969,0.14975976933772017,-0.26624202726521773,47.73815917696969,-0.14598608006705405,5.271875858306885,-1.0380935668945312,41.444793701171875,False,-1,4.2337822914123535,5.456437587738037,-0.6295490264892578,-0.2387250915882279,-0.1413812415187098,0.1413812415187098,"StraightLane index=('>>>', '1S0_0_', 0)",True,180.8367919921875,0.0002837181091308594,0.0003509521484668952,"StraightLane index=('>>', '>>>', 0)",True,0.0,True,False,1.1160794496536255,0.0,0.0,0.0,True,0.0,0.0,0.0,-0.0,0.0,-0.0
52.540178,"[231.04965209960938, 4.499715328216553, 0.0]","[283.2936706542969, 4.5, 0.0]",5.303178787335943,5.4460625648498535,5.446165361426305,-0.3636360167520003,-1.419114351272583,52.24139403991874,0.14598608006705405,-0.18868446353330626,47.74139403991874,-0.14288377751391046,5.252440452575684,-1.0380935668945312,41.444793701171875,False,-1,4.214346885681152,5.4460625648498535,-0.6295490264892578,-0.2387250915882279,-0.1413812415187098,0.1413812415187098,"StraightLane index=('>>>', '1S0_0_', 0)",True,180.94329833984375,0.0002841949462890625,0.00038146972655905034,"StraightLane index=('>>', '>>>', 0)",True,0.0,True,False,1.1160794496536255,0.0,0.0,0.0,True,0.0,0.0,0.0,-0.0,0.0,-0.0
52.559171,"[231.15586853027344, 4.4997148513793945, 0.0]","[283.4019775390625, 4.5, 0.0]",5.295906066998968,5.4357523918151855,5.436321715738508,-0.36363601684876734,-1.2178133726119995,52.244018551718014,0.14288377751391046,-0.15511512765717939,47.744018551718014,-0.13984632481621784,5.246148586273193,-1.0380935668945312,41.444793701171875,False,-1,4.208055019378662,5.4357523918151855,-0.6295490264892578,-0.2387250915882279,-0.1413812415187098,0.1413812415187098,"StraightLane index=('>>>', '1S0_0_', 0)",True,181.04965209960938,0.0002846717834472656,0.00037384033203601154,"StraightLane index=('>>', '>>>', 0)",True,0.0,True,False,1.1160794496536255,0.0,0.0,0.0,True,0.0,0.0,0.0,-0.0,0.0,-0.0
52.57939,"[231.26193237304688, 4.499714374542236, 0.0]","[283.5090637207031, 4.5, 0.0]",5.288633346662091,5.4255571365356445,5.425853200957994,-0.36363601684383795,-1.1238511800765991,52.24610900598129,0.13984632481621784,-0.1518726348846311,47.74610900598129,-0.13692378987355358,5.2438273429870605,-1.0380935668945312,41.444793701171875,False,-1,4.205733776092529,5.4255571365356445,-0.6295490264892578,-0.2387250915882279,-0.1413812415187098,0.1413812415187098,"StraightLane index=('>>>', '1S0_0_', 0)",True,181.15586853027344,0.00028514862060546875,0.00035858154298993396,"StraightLane index=('>>', '>>>', 0)",True,0.0,True,False,1.1160794496536255,0.0,0.0,0.0,True,0.0,0.0,0.0,-0.0,0.0,-0.0
52.599914,"[231.3678436279297, 4.499713897705078, 0.0]","[283.61993408203125, 4.5, 0.0]",5.281360626323748,5.415000915527344,5.415243220883247,-0.3636360169171571,-0.9358197450637817,52.24713134484547,0.13692378987355358,-0.14612674713321283,47.74713134484547,-0.13364028920359594,5.242053508758545,-1.0380935668945312,41.444793701171875,False,-1,4.203959941864014,5.415000915527344,-0.5248308181762695,-0.23322166106557454,-0.14635547308323718,0.14635547308323718,"StraightLane index=('>>>', '1S0_0_', 0)",True,181.26193237304688,0.0002856254577636719,0.00035858154298993396,"StraightLane index=('>>', '>>>', 0)",True,0.0,True,False,1.1160794496536255,0.0,0.0,0.0,True,0.0,0.0,0.0,-0.0,0.0,-0.0
52.620318,"[231.47361755371094, 4.49971342086792, 0.0]","[283.7282409667969, 4.5, 0.0]",5.27408790598627,5.409654140472412,5.40711850046402,-0.3636360168739028,-0.6891153454780579,52.25209045144914,0.13364028920359594,-0.16417503349788198,47.75209045144914,-0.13556623448614236,5.242462635040283,-1.0380935668945312,41.444793701171875,False,-1,4.204369068145752,5.409654140472412,-0.5248308181762695,-0.23322166106557454,-0.14635547308323718,0.14635547308323718,"StraightLane index=('>>>', '1S0_0_', 0)",True,181.3678436279297,0.000286102294921875,0.00034332275389296755,"StraightLane index=('>>', '>>>', 0)",True,0.0,True,False,1.1160794496536255,0.0,0.0,0.0,True,0.0,0.0,0.0,-0.0,0.0,-0.0
52.639448,"[231.57923889160156, 4.499712944030762, 0.0]","[283.83343505859375, 4.5, 0.0]",5.276296615705447,5.395247459411621,5.3995316093418,0.11043548595885966,-0.6259092092514038,52.25462341026905,0.13556623448614236,0.09629726412732076,47.75462341026905,-0.11895084370617415,5.242201805114746,0.13692378997802734,52.24713134765625,True,0,5.379125595092773,5.395247459411621,-0.5248308181762695,-0.23322166106557454,-0.14635547308323718,0.23535593656895495,"StraightLane index=('>>>', '1S0_0_', 0)",True,181.47361755371094,0.0002865791320800781,0.00035858154298993396,"StraightLane index=('>>', '>>>', 0)",True,0.0,True,False,1.071539044380188,0.08900046348571777,0.0,0.08900046348571777,True,0.0,0.0,0.04,0.0,0.04,0.0
52.65933,"[231.68472290039062, 4.4997124671936035, 0.0]","[283.94061279296875, 4.5, 0.0]",5.2793693543544435,5.394025802612305,5.391626731530944,0.1536369324498299,-0.5085417628288269,52.25419616417232,0.11895084370617415,-0.8307695389984104,47.75419616417232,-0.11465644825786114,5.2426323890686035,0.13692378997802734,52.24713134765625,True,0,5.379556179046631,5.394025802612305,-0.5248308181762695,-0.23322166106557454,-0.14635547308323718,0.23535593656895495,"StraightLane index=('>>>', '1S0_0_', 0)",True,181.57923889160156,0.00028705596923828125,0.00035858154298993396,"StraightLane index=('>>', '>>>', 0)",True,0.0,True,False,1.071539044380188,0.08900046348571777,0.0,0.08900046348571777,True,0.0,0.0,0.05562528967857361,0.0,0.05562528967857361,0.0
52.679787,"[231.79025268554688, 4.499711990356445, 0.0]","[284.05169677734375, 4.5, 0.0]",5.282442093001843,5.379185676574708,5.3835098870931315,0.15363693236998266,-0.40203922986984253,52.25588988983662,0.11465644825786114,-0.2147197724156502,47.75588988983662,-0.09674358357286472,5.244171142578125,0.13692378997802734,52.24713134765625,True,0,5.381094932556152,5.379185676574708,-0.5248308181762695,-0.23322166106557454,-0.14635547308323718,0.23535593656895495,"StraightLane index=('>>>', '1S0_0_', 0)",True,181.68472290039062,0.0002875328063964844,0.0003509521484668952,"StraightLane index=('>>', '>>>', 0)",True,0.0,True,False,1.071539044380188,0.08900046348571777,0.0,0.08900046348571777,True,0.0,0.0,0.05562528967857361,0.0,0.05562528967857361,0.0
52.699531,"[231.89584350585938, 4.499711513519287, 0.0]","[284.159423828125, 4.5, 0.0]",5.285514831647876,5.377925872802734,5.375670163336333,0.15363693230163733,-0.238906130194664,52.26144408921244,0.09674358357286472,-0.8956432342498211,47.76144408921244,-0.09241104115485843,5.250827312469482,0.13692378997802734,52.24713134765625,True,0,5.38775110244751,5.377925872802734,-0.37075042724609375,-0.22287575991263037,-0.1628085831619724,0.25180904664769016,"StraightLane index=('>>>', '1S0_0_', 0)",True,181.79025268554688,0.0002880096435546875,0.00033569335936992875,"StraightLane index=('>>', '>>>', 0)",True,0.0,True,False,1.071539044380188,0.08900046348571777,0.0,0.08900046348571777,True,0.0,0.0,0.05562528967857361,0.0,0.05562528967857361,0.0
52.719252,"[232.00149536132812, 4.499711036682129, 0.0]","[284.2651062011719, 4.5, 0.0]",5.288587570293189,5.365253925323486,5.370405595963774,0.1536369322656661,-0.18497048318386078,52.26358031959871,0.09241104115485843,-0.21662712090031455,47.76358031959871,-0.07666635503029706,5.254096508026123,0.13692378997802734,52.24713134765625,True,0,5.39102029800415,5.365253925323486,-0.37075042724609375,-0.22287575991263037,-0.1628085831619724,0.25180904664769016,"StraightLane index=('>>>', '1S0_0_', 0)",True,181.89584350585938,0.0002884864807128906,0.00034332275389296755,"StraightLane index=('>>', '>>>', 0)",True,0.0,True,False,1.071539044380188,0.08900046348571777,0.0,0.08900046348571777,True,0.0,0.0,0.05562528967857361,0.0,0.05562528967857361,0.0
52.739239,"[232.10720825195312, 4.499710559844971, 0.0]","[284.3723449707031, 4.5, 0.0]",5.2905006409693485,5.366640567779541,5.3651286229847,0.09565353380796005,-0.08871328830718994,52.26361083717397,0.07666635503029706,-0.7872343062280684,47.76361083717397,-0.07613992681019255,5.260979652404785,0.09674358367919922,52.261444091796875,True,0,5.357723236083984,5.366640567779541,-0.37075042724609375,-0.22287575991263037,-0.1628085831619724,0.2182010869003757,"StraightLane index=('>>>', '1S0_0_', 0)",True,182.00149536132812,0.00028896331787109375,0.00034332275389296755,"StraightLane index=('>>', '>>>', 0)",True,0.0,True,False,1.071539044380188,0.05539250373840332,0.0,0.05539250373840332,True,0.0,0.0,0.034620314836502075,0.0,0.034620314836502075,0.0
52.7591,"[232.21298217773438, 4.4997100830078125, 0.0]","[284.481201171875, 4.5, 0.0]",5.292413711645043,5.354615211486816,5.359884128345828,0.09565353378473418,-0.00649169972166419,52.265136716157116,0.07613992681019255,-0.02632141100522567,47.765136716157116,-0.062201499841773256,5.268247604370117,0.09674358367919922,52.261444091796875,True,0,5.364991188049316,5.354615211486816,-0.37075042724609375,-0.22287575991263037,-0.1628085831619724,0.2182010869003757,"StraightLane index=('>>>', '1S0_0_', 0)",True,182.10720825195312,0.0002894401550292969,0.00033569335936992875,"StraightLane index=('>>', '>>>', 0)",True,0.0,True,False,1.071539044380188,0.05539250373840332,0.0,0.05539250373840332,True,0.0,0.0,0.034620314836502075,0.0,0.034620314836502075,0.0
52.780462,"[232.31878662109375, 4.499709606170654, 0.0]","[284.5886535644531, 4.5, 0.0]",5.294326782320374,5.355991840362549,5.354247135141584,0.09565353376652652,0.06076166406273842,52.26821899162382,0.062201499841773256,-0.6969213484209646,47.76821899162382,-0.06166505804217515,5.275515556335449,0.09674358367919922,52.261444091796875,True,0,5.372259140014648,5.355991840362549,-0.37075042724609375,-0.22287575991263037,-0.1628085831619724,0.2182010869003757,"StraightLane index=('>>>', '1S0_0_', 0)",True,182.21298217773438,0.0002899169921875,0.00032806396484688996,"StraightLane index=('>>', '>>>', 0)",True,0.0,True,False,1.071539044380188,0.05539250373840332,0.0,0.05539250373840332,True,0.0,0.0,0.034620314836502075,0.0,0.034620314836502075,0.0
52.799817,"[232.4246368408203, 4.499709129333496, 0.0]","[284.69573974609375, 4.5, 0.0]",5.296239852997925,5.344053268432617,5.349138577796238,0.09565353387754882,0.10868663340806961,52.26986694083982,0.06166505804217515,-0.026822089979905428,47.76986694083982,-0.04781341543469253,5.2820258140563965,0.09674358367919922,52.261444091796875,True,0,5.378769397735596,5.344053268432617,-0.3387260437011719,-0.21244359545090835,-0.18136487541835822,0.23675737915676154,"StraightLane index=('>>>', '1S0_0_', 0)",True,182.31878662109375,0.0002903938293457031,0.00032806396484688996,"StraightLane index=('>>', '>>>', 0)",True,0.0,True,False,1.071539044380188,0.05539250373840332,0.0,0.05539250373840332,True,0.0,0.0,0.034620314836502075,0.0,0.034620314836502075,0.0
52.819268,"[232.530517578125, 4.499708652496338, 0.0]","[284.80059814453125, 4.5, 0.0]",5.298152923674632,5.347483158111572,5.346782861321605,0.09565353383536035,0.14070048928260803,52.271102902751124,0.04781341543469253,-0.6925821303741309,47.771102902751124,-0.0493302344369404,5.287718296051025,-0.18707656860351562,41.78532791137695,False,-1,5.10064172744751,5.347483158111572,-0.3387260437011719,-0.21244359545090835,-0.18136487541835822,0.23675737915676154,"StraightLane index=('>>>', '1S0_0_', 0)",True,182.4246368408203,0.00029087066650390625,0.00032806396484688996,"StraightLane index=('>>', '>>>', 0)",True,0.0,True,False,1.071539044380188,0.05539250373840332,0.0,0.05539250373840332,True,0.0,0.0,0.034620314836502075,0.0,0.034620314836502075,0.0
52.839136,"[232.63644409179688, 4.49970817565918, 0.0]","[284.9074401855469, 4.5, 0.0]",5.290880203336149,5.338418006896973,5.344398486639745,-0.3636360169241293,0.16335389018058777,52.27008056388122,0.0493302344369404,0.07584095011239356,47.77008056388122,-0.04753780356082338,5.293020248413086,-0.18707656860351562,41.78532791137695,False,-1,5.10594367980957,5.338418006896973,-0.3387260437011719,-0.21244359545090835,-0.18136487541835822,0.18136487541835822,"StraightLane index=('>>>', '1S0_0_', 0)",True,182.530517578125,0.0002913475036621094,0.00032806396484688996,"StraightLane index=('>>', '>>>', 0)",True,0.0,True,False,1.03577721118927,0.0,0.0,0.0,True,0.0,0.0,0.0,-0.0,0.0,-0.0
52.859757,"[232.74240112304688, 4.4997076988220215, 0.0]","[285.0142822265625, 4.5, 0.0]",5.283607482997061,5.342684745788574,5.341925892161578,-0.36363601695441616,0.17337436974048615,52.27099609122223,0.04753780356082338,-0.08962154380585119,47.77099609122223,-0.05907726279151326,5.297408103942871,-0.18707656860351562,41.78532791137695,False,-1,5.1103315353393555,5.342684745788574,-0.3387260437011719,-0.21244359545090835,-0.18136487541835822,0.18136487541835822,"StraightLane index=('>>>', '1S0_0_', 0)",True,182.63644409179688,0.0002918243408203125,0.00032806396484688996,"StraightLane index=('>>', '>>>', 0)",True,0.0,True,False,1.03577721118927,0.0,0.0,0.0,True,0.0,0.0,0.0,-0.0,0.0,-0.0
52.879972,"[232.8482208251953, 4.499707221984863, 0.0]","[285.1235656738281, 4.5, 0.0]",5.276334762657307,5.333563804626466,5.3394987820006445,-0.36363601698767845,0.16071611642837524,52.271881101140806,0.05907726279151326,0.5769729615344943,47.771881101140806,-0.057229041969158345,5.299544811248779,-0.18707656860351562,41.78532791137695,False,-1,5.112468242645264,5.333563804626466,-0.3387260437011719,-0.21244359545090835,-0.18136487541835822,0.18136487541835822,"StraightLane index=('>>>', '1S0_0_', 0)",True,182.74240112304688,0.0002923011779785156,0.00031280517580081237,"StraightLane index=('>>', '>>>', 0)",True,0.0,True,False,1.03577721118927,0.0,0.0,0.0,True,0.0,0.0,0.0,-0.0,0.0,-0.0
52.898889,"[232.95388793945312, 4.499706745147705, 0.0]","[285.2274169921875, 4.5, 0.0]",5.269062042318493,5.337897777557373,5.3372276172425135,-0.3636360169407382,0.12035427242517471,52.27534484625534,0.057229041969158345,-0.0924110411177459,47.77534484625534,-0.06883573523888042,5.298394203186035,-0.18707656860351562,41.78532791137695,False,-1,5.1113176345825195,5.337897777557373,-0.061554908752441406,-0.19335365771215296,-0.1486104298068807,0.1486104298068807,"StraightLane index=('>>>', '1S0_0_', 0)",True,182.8482208251953,0.00029277801513671875,0.00031280517580081237,"StraightLane index=('>>', '>>>', 0)",True,0.0,True,False,1.03577721118927,0.0,0.0,0.0,True,0.0,0.0,0.0,-0.0,0.0,-0.0
52.919477,"[233.05941772460938, 4.499706268310547, 0.0]","[285.3345947265625, 4.5, 0.0]",5.261789321980208,5.330836772918701,5.337685575880076,-0.3636360169142261,0.05890055373311043,52.273529050276814,0.06883573523888042,0.580334663486104,47.773529050276814,-0.06904745093849307,5.29410457611084,-0.18707656860351562,41.78532791137695,False,-1,5.107028007507324,5.330836772918701,-0.061554908752441406,-0.19335365771215296,-0.1486104298068807,0.1486104298068807,"StraightLane index=('>>>', '1S0_0_', 0)",True,182.95388793945312,0.0002932548522949219,0.00032043457032385116,"StraightLane index=('>>', '>>>', 0)",True,0.0,True,False,1.03577721118927,0.0,0.0,0.0,True,0.0,0.0,0.0,-0.0,0.0,-0.0
52.939558,"[233.164794921875, 4.499705791473389, 0.0]","[285.4444580078125, 4.5, 0.0]",5.254516601642487,5.338119983673096,5.338287642850099,-0.36363601688607083,-0.03967287391424179,52.2751769996471,0.06904745093849307,0.01058578498063234,47.7751769996471,-0.08360338203060902,5.284533500671387,-0.18707656860351562,41.78532791137695,False,-1,5.097456932067871,5.338119983673096,-0.061554908752441406,-0.19335365771215296,-0.1486104298068807,0.1486104298068807,"StraightLane index=('>>>', '1S0_0_', 0)",True,183.05941772460938,0.000293731689453125,0.0003051757812268847,"StraightLane index=('>>', '>>>', 0)",True,0.0,True,False,1.03577721118927,0.0,0.0,0.0,True,0.0,0.0,0.0,-0.0,0.0,-0.0
52.959148,"[233.27003479003906, 4.4997053146362305, 0.0]","[285.5505065917969, 4.5, 0.0]",5.247243881304993,5.33204984664917,5.338876017909695,-0.36363601687470215,-0.07853604108095169,52.27966308355215,0.08360338203060902,0.7277965546057974,47.77966308355215,-0.08480596534417728,5.280059814453125,-0.18707656860351562,41.78532791137695,False,-1,5.092983245849609,5.33204984664917,-0.061554908752441406,-0.19335365771215296,-0.1486104298068807,0.1486104298068807,"StraightLane index=('>>>', '1S0_0_', 0)",True,183.164794921875,0.0002942085266113281,0.00031280517580081237,"StraightLane index=('>>', '>>>', 0)",True,0.0,True,False,1.03577721118927,0.0,0.0,0.0,True,0.0,0.0,0.0,-0.0,0.0,-0.0
52.980653,"[233.3751220703125, 4.499704837799072, 0.0]","[285.6557312011719, 4.5, 0.0]",5.239971160966358,5.3393073081970215,5.339520621670142,-0.3636360169317232,-0.14385932683944702,52.28047179944663,0.08480596534417728,0.06012916567841309,47.78047179944663,-0.09933614723066331,5.271321773529053,-0.18707656860351562,41.78532791137695,False,-1,5.084245204925537,5.3393073081970215,-0.061554908752441406,-0.19335365771215296,-0.1486104298068807,0.1486104298068807,"StraightLane index=('>>>', '1S0_0_', 0)",True,183.27003479003906,0.00029468536376953125,0.0003051757812268847,"StraightLane index=('>>', '>>>', 0)",True,0.0,True,False,1.03577721118927,0.0,0.0,0.0,True,0.0,0.0,0.0,-0.0,0.0,-0.0
52.999431,"[233.48007202148438, 4.499704360961914, 0.0]","[285.76409912109375, 4.5, 0.0]",5.232698440628468,5.333250045776368,5.340084267279505,-0.36363601689450853,-0.20306669175624847,52.280609128468804,0.09933614723066331,0.7265090943243013,47.780609128468804,-0.10055160514790007,5.261972427368164,-0.18707656860351562,41.78532791137695,False,-1,5.074895858764648,5.333250045776368,-0.04647731781004971,-0.1756449980642894,-0.11028645471815436,0.11028645471815436,"StraightLane index=('>>>', '1S0_0_', 0)",True,183.3751220703125,0.0002951622009277344,0.00031280517580081237,"StraightLane index=('>>', '>>>', 0)",True,0.0,True,False,1.03577721118927,0.0,0.0,0.0,True,0.0,0.0,0.0,-0.0,0.0,-0.0
53.019207,"[233.58486938476562, 4.499703884124756, 0.0]","[285.86883544921875, 4.5, 0.0]",5.225425720291028,5.342456817626953,5.343468671424686,-0.3636360168719932,-0.25821247696876526,52.28402709729306,0.10055160514790007,0.060772895861838094,47.78402709729306,-0.11703109733592498,5.251881122589111,-0.18707656860351562,41.78532791137695,False,-1,5.064804553985596,5.342456817626953,-0.04647731781004971,-0.1756449980642894,-0.11028645471815436,0.11028645471815436,"StraightLane index=('>>>', '1S0_0_', 0)",True,183.48007202148438,0.0002956390380859375,0.0003051757812268847,"StraightLane index=('>>', '>>>', 0)",True,0.0,True,False,1.03577721118927,0.0,0.0,0.0,True,0.0,0.0,0.0,-0.0,0.0,-0.0
53.039579,"[233.6895294189453, 4.499703407287598, 0.0]","[285.9768981933594, 4.5, 0.0]",5.21815299995463,5.339325904846191,5.347032724049693,-0.36363601681990154,-0.3025095760822296,52.283966062134276,0.11703109733592498,0.8239746094012457,47.783966062134276,-0.1211729048915613,5.241854667663574,-0.5525197982788086,40.824275970458984,False,-1,4.689334869384766,5.339325904846191,-0.04647731781004971,-0.1756449980642894,-0.11028645471815436,0.11028645471815436,"StraightLane index=('>>>', '1S0_0_', 0)",True,183.58486938476562,0.0002961158752441406,0.0003051757812268847,"StraightLane index=('>>', '>>>', 0)",True,0.0,True,False,0.9999977350234985,0.0,0.0,0.0,True,0.0,0.0,0.0,-0.0,0.0,-0.0
53.059326,"[233.79403686523438, 4.4997029304504395, 0.0]","[286.0848083496094, 4.5, 0.0]",5.210880279617869,5.349523067474365,5.350482488723553,-0.3636360168380648,-0.33713433146476746,52.28736877209262,0.1211729048915613,0.2070903777818156,47.78736877209262,-0.13864278785649642,5.232030868530273,-0.5525197982788086,40.824275970458984,False,-1,4.679511070251465,5.349523067474365,-0.04647731781004971,-0.1756449980642894,-0.11028645471815436,0.11028645471815436,"StraightLane index=('>>>', '1S0_0_', 0)",True,183.6895294189453,0.00029659271240234375,0.0003051757812268847,"StraightLane index=('>>', '>>>', 0)",True,0.0,True,False,0.9999977350234985,0.0,0.0,0.0,True,0.0,0.0,0.0,-0.0,0.0,-0.0
53.079695,"[233.89840698242188, 4.499702453613281, 0.0]","[286.1922912597656, 4.5, 0.0]",5.20360755928003,5.346373081207276,5.3540528474726825,-0.3636360168919328,-0.3620597720146179,52.29077148197387,0.13864278785649642,0.8734941482467562,47.79077148197387,-0.14276552192724612,5.2225565910339355,-0.5525197982788086,40.824275970458984,False,-1,4.670036792755127,5.346373081207276,-0.04647731781004971,-0.1756449980642894,-0.11028645471815436,0.11028645471815436,"StraightLane index=('>>>', '1S0_0_', 0)",True,183.79403686523438,0.0002970695495605469,0.00031280517580081237,"StraightLane index=('>>', '>>>', 0)",True,0.0,True,False,0.9999977350234985,0.0,0.0,0.0,True,0.0,0.0,0.0,-0.0,0.0,-0.0
53.098995,"[234.00262451171875, 4.499701976776123, 0.0]","[286.29632568359375, 4.5, 0.0]",5.196334838943396,5.356442928314209,5.357432111122959,-0.3636360168317143,-0.3793085813522339,52.293884275017135,0.14276552192724612,0.20613670353748503,47.793884275017135,-0.1601080893708131,5.213454246520996,-0.5525197982788086,40.824275970458984,False,-1,4.6609344482421875,5.356442928314209,0.2319288253784091,-0.14996298936961613,-0.045892731278587603,0.045892731278587603,"StraightLane index=('>>>', '1S0_0_', 0)",True,183.89840698242188,0.00029754638671875,0.0003051757812268847,"StraightLane index=('>>', '>>>', 0)",True,0.0,True,False,0.9999977350234985,0.0,0.0,0.0,True,0.0,0.0,0.0,-0.0,0.0,-0.0
53.119853,"[234.106689453125, 4.499701499938965, 0.0]","[286.4065246582031, 4.5, 0.0]",5.189062118606564,5.35855770111084,5.363728415523376,-0.3636360168415731,-0.383196622133255,52.29370116939045,0.1601080893708131,0.8671283721783496,47.79370116939045,-0.16949558250427543,5.209253311157227,-0.5525197982788086,40.824275970458984,False,-1,4.656733512878418,5.35855770111084,0.2319288253784091,-0.14996298936961613,-0.045892731278587603,0.045892731278587603,"StraightLane index=('>>>', '1S0_0_', 0)",True,184.00262451171875,0.0002980232238769531,0.00032043457032385116,"StraightLane index=('>>', '>>>', 0)",True,0.0,True,False,0.9999977350234985,0.0,0.0,0.0,True,0.0,0.0,0.0,-0.0,0.0,-0.0
53.139623,"[234.2106170654297, 4.499701023101807, 0.0]","[286.5141906738281, 4.5, 0.0]",5.181789398268767,5.3647284507751465,5.3698134298392795,-0.36363601688989,-0.4012170732021332,52.29983520274635,0.16949558250427543,0.46937465667311606,47.79983520274635,-0.18293905250637987,5.195627212524414,-0.5525197982788086,40.824275970458984,False,-1,4.6431074142456055,5.3647284507751465,0.2319288253784091,-0.14996298936961613,-0.045892731278587603,0.045892731278587603,"StraightLane index=('>>>', '1S0_0_', 0)",True,184.106689453125,0.00029850006103515625,0.0003051757812268847,"StraightLane index=('>>', '>>>', 0)",True,0.0,True,False,0.9999977350234985,0.0,0.0,0.0,True,0.0,0.0,0.0,-0.0,0.0,-0.0
53.159567,"[234.31439208984375, 4.499700546264648, 0.0]","[286.6210021972656, 4.5, 0.0]",5.174516677931373,5.370851516723633,5.375957466198201,-0.36363601686968394,-0.40355372428894043,52.3035736059867,0.18293905250637987,0.672173500105222,47.8035736059867,-0.19633483879225988,5.187384128570557,-0.5525197982788086,40.824275970458984,False,-1,4.634864330291748,5.370851516723633,0.2319288253784091,-0.14996298936961613,-0.045892731278587603,0.045892731278587603,"StraightLane index=('>>>', '1S0_0_', 0)",True,184.2106170654297,0.0002989768981933594,0.00031280517580081237,"StraightLane index=('>>', '>>>', 0)",True,0.0,True,False,0.9999977350234985,0.0,0.0,0.0,True,0.0,0.0,0.0,-0.0,0.0,-0.0
53.180408,"[234.41802978515625, 4.49970006942749, 0.0]","[286.728759765625, 4.5, 0.0]",5.167243957595243,5.3770294189453125,5.382376407038489,-0.36363601680649005,-0.4061257243156433,52.30661010500749,0.19633483879225988,0.6697893142940003,47.80661010500749,-0.20978546135006937,5.179068088531494,-0.5525197982788086,40.824275970458984,False,-1,4.6265482902526855,5.3770294189453125,0.2319288253784091,-0.14996298936961613,-0.045892731278587603,0.045892731278587603,"StraightLane index=('>>>', '1S0_0_', 0)",True,184.31439208984375,0.0002994537353515625,0.00031280517580081237,"StraightLane index=('>>', '>>>', 0)",True,0.0,True,False,0.9999977350234985,0.0,0.0,0.0,True,0.0,0.0,0.0,-0.0,0.0,-0.0
53.199449,"[234.52151489257812, 4.499699592590332, 0.0]","[286.8363342285156, 4.5, 0.0]",5.15997123725882,5.3831963539123535,5.3882432409370775,-0.363636016821145,-0.39776477217674255,52.3107299781292,0.20978546135006937,0.6725311278904744,47.8107299781292,-0.22322511665353328,5.167806148529053,-0.5525197982788086,40.824275970458984,False,-1,4.615286350250244,5.3831963539123535,0.2675342559814453,-0.12560299147330395,0.019493334351492697,-0.019493334351492697,"StraightLane index=('>>>', '1S0_0_', 0)",True,184.41802978515625,0.0002999305725097656,0.0003051757812268847,"StraightLane index=('>>', '>>>', 0)",True,0.0,True,False,0.9999977350234985,0.0,0.0,0.0,True,0.0,0.0,0.0,-0.0,0.0,-0.0
53.219253,"[234.62486267089844, 4.499699115753174, 0.0]","[286.9418640136719, 4.5, 0.0]",5.152698516922579,5.390697956085205,5.39646552610119,-0.36363601681204116,-0.3996560871601105,52.31481933351779,0.22322511665353328,0.6719827651731958,47.81481933351779,-0.23799943916262567,5.163630485534668,-0.7390165328979492,40.483829498291016,False,-1,4.424613952636719,5.390697956085205,0.2675342559814453,-0.12560299147330395,0.019493334351492697,-0.019493334351492697,"StraightLane index=('>>>', '1S0_0_', 0)",True,184.52151489257812,0.00030040740966796875,0.00031280517580081237,"StraightLane index=('>>', '>>>', 0)",True,0.0,True,False,0.9587073922157288,0.0,0.0,0.0,True,0.0,0.0,0.0,-0.0,0.0,-0.0
53.239332,"[234.72805786132812, 4.499698638916016, 0.0]","[287.0500183105469, 4.5, 0.0]",5.145425796585896,5.399055480957031,5.404858585306745,-0.3636360168341568,-0.39304423332214355,52.31700134035109,0.23799943916262567,0.7387161254546193,47.81700134035109,-0.253629684371135,5.156381130218506,-0.7390165328979492,40.483829498291016,False,-1,4.417364597320557,5.399055480957031,0.2675342559814453,-0.12560299147330395,0.019493334351492697,-0.019493334351492697,"StraightLane index=('>>>', '1S0_0_', 0)",True,184.62486267089844,0.0003008842468261719,0.00031280517580081237,"StraightLane index=('>>', '>>>', 0)",True,0.0,True,False,0.9587073922157288,0.0,0.0,0.0,True,0.0,0.0,0.0,-0.0,0.0,-0.0
53.259394,"[234.83111572265625, 4.499698162078857, 0.0]","[287.15997314453125, 4.5, 0.0]",5.138153076248017,5.407553195953369,5.413246007357387,-0.3636360168939756,-0.38030871748924255,52.321960446715096,0.253629684371135,0.7815122604254654,47.821960446715096,-0.2694001197053524,5.1460747718811035,-0.7390165328979492,40.483829498291016,False,-1,4.407058238983154,5.407553195953369,0.2675342559814453,-0.12560299147330395,0.019493334351492697,-0.019493334351492697,"StraightLane index=('>>>', '1S0_0_', 0)",True,184.72805786132812,0.000301361083984375,0.00032043457032385116,"StraightLane index=('>>', '>>>', 0)",True,0.0,True,False,0.9587073922157288,0.0,0.0,0.0,True,0.0,0.0,0.0,-0.0,0.0,-0.0
53.27993,"[234.93402099609375, 4.499697685241699, 0.0]","[287.2690734863281, 4.5, 0.0]",5.130880355909375,5.4159841537475595,5.421826871865034,-0.3636360169320785,-0.38301345705986023,52.32885741960188,0.2694001197053524,0.7885217667108702,47.82885741960188,-0.2851037978381843,5.1419878005981445,-0.7390165328979492,40.483829498291016,False,-1,4.402971267700195,5.4159841537475595,0.2675342559814453,-0.12560299147330395,0.019493334351492697,-0.019493334351492697,"StraightLane index=('>>>', '1S0_0_', 0)",True,184.83111572265625,0.0003018379211425781,0.00029754638670384596,"StraightLane index=('>>', '>>>', 0)",True,0.0,True,False,0.9587073922157288,0.0,0.0,0.0,True,0.0,0.0,0.0,-0.0,0.0,-0.0
53.300398,"[235.0367889404297, 4.499697208404541, 0.0]","[287.3767395019531, 4.5, 0.0]",5.123607635572255,5.424304008483887,5.430421397998395,-0.363636016856006,-0.37172970175743103,52.33505248795869,0.2851037978381843,0.7851839066415955,47.83505248795869,-0.30069637291163165,5.131767749786377,-0.7390165328979492,40.483829498291016,False,-1,4.392751216888428,5.424304008483887,0.41107654571533203,-0.09865501322593694,0.09679762916662364,-0.09679762916662364,"StraightLane index=('>>>', '1S0_0_', 0)",True,184.93402099609375,0.00030231475830078125,0.00029754638670384596,"StraightLane index=('>>', '>>>', 0)",True,0.0,True,False,0.9587073922157288,0.0,0.0,0.0,True,0.0,0.0,0.0,-0.0,0.0,-0.0
53.319694,"[235.139404296875, 4.499696731567383, 0.0]","[287.4859619140625, 4.5, 0.0]",5.116334915233996,5.433836460113526,5.440069543989773,-0.36363601691293823,-0.369233638048172,52.33995055916823,0.30069637291163165,0.7796287536723678,47.83995055916823,-0.31750154487953,5.124574661254883,-0.7390165328979492,40.483829498291016,False,-1,4.385558128356934,5.433836460113526,0.41107654571533203,-0.09865501322593694,0.09679762916662364,-0.09679762916662364,"StraightLane index=('>>>', '1S0_0_', 0)",True,185.0367889404297,0.0003027915954589844,0.0003051757812268847,"StraightLane index=('>>', '>>>', 0)",True,0.0,True,False,0.9587073922157288,0.0,0.0,0.0,True,0.0,0.0,0.0,-0.0,0.0,-0.0
53.339812,"[235.24188232421875, 4.499696254730225, 0.0]","[287.59539794921875, 4.5, 0.0]",5.109062194895121,5.443866729736328,5.450129334995688,-0.363636016943758,-0.3731367290019989,52.34655761498283,0.31750154487953,0.8402585983949162,47.84655761498283,-0.334804534841207,5.1204729080200195,-0.7390165328979492,40.483829498291016,False,-1,4.38145637512207,5.443866729736328,0.41107654571533203,-0.09865501322593694,0.09679762916662364,-0.09679762916662364,"StraightLane index=('>>>', '1S0_0_', 0)",True,185.139404296875,0.0003032684326171875,0.00028991699218080717,"StraightLane index=('>>', '>>>', 0)",True,0.0,True,False,0.9587073922157288,0.0,0.0,0.0,True,0.0,0.0,0.0,-0.0,0.0,-0.0
53.358788,"[235.34420776367188, 4.499695777893066, 0.0]","[287.7008361816406, 4.5, 0.0]",5.1017894745578,5.453532695770264,5.4596190869986785,-0.3636360168660424,-0.37086325883865356,52.35351562279283,0.334804534841207,0.8651494980838503,47.85351562279283,-0.3517432212124634,5.113277912139893,-0.7390165328979492,40.483829498291016,False,-1,4.374261379241943,5.453532695770264,0.41107654571533203,-0.09865501322593694,0.09679762916662364,-0.09679762916662364,"StraightLane index=('>>>', '1S0_0_', 0)",True,185.24188232421875,0.0003037452697753906,0.00028991699218080717,"StraightLane index=('>>', '>>>', 0)",True,0.0,True,False,0.9587073922157288,0.0,0.0,0.0,True,0.0,0.0,0.0,-0.0,0.0,-0.0
53.379794,"[235.44639587402344, 4.499695301055908, 0.0]","[287.81298828125, 4.5, 0.0]",5.0945167542214715,5.463810920715332,5.470118482501526,-0.36363601681643765,-0.3796904385089874,52.35662841568287,0.3517432212124634,0.8469343185628198,47.85662841568287,-0.3692941664938605,5.104852199554443,-0.7390165328979492,40.483829498291016,False,-1,4.365835666656494,5.463810920715332,0.41107654571533203,-0.09865501322593694,0.09679762916662364,-0.09679762916662364,"StraightLane index=('>>>', '1S0_0_', 0)",True,185.34420776367188,0.00030422210693359375,0.00029754638670384596,"StraightLane index=('>>', '>>>', 0)",True,0.0,True,False,0.9587073922157288,0.0,0.0,0.0,True,0.0,0.0,0.0,-0.0,0.0,-0.0
53.399406,"[235.54843139648438, 4.49969482421875, 0.0]","[287.9220275878906, 4.5, 0.0]",5.087244033884933,5.473804473876954,5.479923119498231,-0.36363601682691815,-0.37206241488456726,52.366592404782644,0.3692941664938605,0.8775472640698556,47.866592404782644,-0.38656043999202083,5.098116397857666,-0.7390165328979492,40.483829498291016,False,-1,4.359099864959717,5.473804473876954,0.49500465393067294,-0.07146434901576969,0.17979993697904384,-0.17979993697904384,"StraightLane index=('>>>', '1S0_0_', 0)",True,185.44639587402344,0.0003046989440917969,0.00031280517580081237,"StraightLane index=('>>', '>>>', 0)",True,0.0,True,False,0.9587073922157288,0.0,0.0,0.0,True,0.0,0.0,0.0,-0.0,0.0,-0.0
53.419969,"[235.6503143310547, 4.499694347381592, 0.0]","[288.0322265625, 4.5, 0.0]",5.079971313549509,5.484536170959473,5.491204347201088,-0.36363601677122936,-0.36059463024139404,52.37359618911519,0.38656043999202083,0.8633136749080172,47.87359618911519,-0.40456485740996406,5.088299751281738,-0.5625343322753906,41.63209533691406,False,-1,4.525765419006348,5.484536170959473,0.49500465393067294,-0.07146434901576969,0.17979993697904384,-0.17979993697904384,"StraightLane index=('>>>', '1S0_0_', 0)",True,185.54843139648438,0.00030517578125,0.00029754638670384596,"StraightLane index=('>>', '>>>', 0)",True,0.0,True,False,0.9170236587524414,0.0,0.0,0.0,True,0.0,0.0,0.0,-0.0,0.0,-0.0
53.440266,"[235.75205993652344, 4.499693870544434, 0.0]","[288.1397705078125, 4.5, 0.0]",5.072698593212479,5.495274066925049,5.502367051495926,-0.3636360168514763,-0.36422619223594666,52.381912228995965,0.40456485740996406,0.9002208708971615,47.881912228995965,-0.42257547371256976,5.084312915802002,-0.5625343322753906,41.63209533691406,False,-1,4.521778583526611,5.495274066925049,0.49500465393067294,-0.07146434901576969,0.17979993697904384,-0.17979993697904384,"StraightLane index=('>>>', '1S0_0_', 0)",True,185.6503143310547,0.0003056526184082031,0.00031280517580081237,"StraightLane index=('>>', '>>>', 0)",True,0.0,True,False,0.9170236587524414,0.0,0.0,0.0,True,0.0,0.0,0.0,-0.0,0.0,-0.0
53.459227,"[235.85365295410156, 4.499693393707275, 0.0]","[288.2521667480469, 4.5, 0.0]",5.06542587287436,5.506500244140625,5.512803232192632,-0.36363601690596603,-0.36195284128189087,52.38771056899286,0.42257547371256976,0.9005308151302849,47.88771056899286,-0.44107437126626525,5.077296733856201,-0.5625343322753906,41.63209533691406,False,-1,4.5147624015808105,5.506500244140625,0.49500465393067294,-0.07146434901576969,0.17979993697904384,-0.17979993697904384,"StraightLane index=('>>>', '1S0_0_', 0)",True,185.75205993652344,0.00030612945556640625,0.00029754638670384596,"StraightLane index=('>>', '>>>', 0)",True,0.0,True,False,0.9170236587524414,0.0,0.0,0.0,True,0.0,0.0,0.0,-0.0,0.0,-0.0
53.479873,"[235.95510864257812, 4.499692916870117, 0.0]","[288.36279296875, 4.5, 0.0]",5.058153152538782,5.517546653747559,5.5241485684034295,-0.3636360167788677,-0.3599008023738861,52.398513791646494,0.44107437126626525,0.9249448776847746,47.898513791646494,-0.4593935012087762,5.070326805114746,-0.5625343322753906,41.63209533691406,False,-1,4.5077924728393555,5.517546653747559,0.49500465393067294,-0.07146434901576969,0.17979993697904384,-0.17979993697904384,"StraightLane index=('>>>', '1S0_0_', 0)",True,185.85365295410156,0.0003066062927246094,0.00029754638670384596,"StraightLane index=('>>', '>>>', 0)",True,0.0,True,False,0.9170236587524414,0.0,0.0,0.0,True,0.0,0.0,0.0,-0.0,0.0,-0.0
53.499713,"[236.05641174316406, 4.499692440032959, 0.0]","[288.4725646972656, 4.5, 0.0]",5.0508804322037335,5.52850866317749,5.535066649739852,-0.3636360167524444,-0.35740503668785095,52.4076843235545,0.4593935012087762,0.9159564971255474,47.9076843235545,-0.47762823097375673,5.063422203063965,-0.5625343322753906,41.63209533691406,False,-1,4.500887870788574,5.52850866317749,0.5470418930053622,-0.04517144785900504,0.2652869022739368,-0.2652869022739368,"StraightLane index=('>>>', '1S0_0_', 0)",True,185.95510864257812,0.0003070831298828125,0.00032806396484688996,"StraightLane index=('>>', '>>>', 0)",True,0.0,True,False,0.9170236587524414,0.0,0.0,0.0,True,0.0,0.0,0.0,-0.0,0.0,-0.0
53.519123,"[236.15757751464844, 4.499691963195801, 0.0]","[288.5810546875, 4.5, 0.0]",5.043607711868955,5.539590358734131,5.5462014527505845,-0.3636360167389441,-0.35547196865081787,52.416152951481315,0.47762823097375673,0.9117364882490264,47.916152951481315,-0.49598264686517624,5.056530475616455,-0.5625343322753906,41.63209533691406,False,-1,4.4939961433410645,5.539590358734131,0.5470418930053622,-0.04517144785900504,0.2652869022739368,-0.2652869022739368,"StraightLane index=('>>>', '1S0_0_', 0)",True,186.05641174316406,0.0003075599670410156,0.00032806396484688996,"StraightLane index=('>>', '>>>', 0)",True,0.0,True,False,0.9170236587524414,0.0,0.0,0.0,True,0.0,0.0,0.0,-0.0,0.0,-0.0
53.539139,"[236.2585906982422, 4.499691486358643, 0.0]","[288.69189453125, 4.5, 0.0]",5.036334991533646,5.554356575012207,5.557689193718065,-0.3636360167654118,-0.3579389452934265,52.42347717022846,0.49598264686517624,0.9177207945709753,47.92347717022846,-0.5180215834785606,5.049192428588867,-0.5625343322753906,41.63209533691406,False,-1,4.486658096313477,5.554356575012207,0.5470418930053622,-0.04517144785900504,0.2652869022739368,-0.2652869022739368,"StraightLane index=('>>>', '1S0_0_', 0)",True,186.15757751464844,0.00030803680419921875,0.00032806396484688996,"StraightLane index=('>>', '>>>', 0)",True,0.0,True,False,0.9170236587524414,0.0,0.0,0.0,True,0.0,0.0,0.0,-0.0,0.0,-0.0
53.559123,"[236.35946655273438, 4.499691009521484, 0.0]","[288.8029479980469, 4.5, 0.0]",5.029062271197886,5.559147357940674,5.5691646992878985,-0.36363601678801594,-0.3587705194950104,52.433303830381824,0.5180215834785606,1.1019468306692204,47.933303830381824,-0.5300850867427878,5.041959762573242,-0.5625343322753906,41.63209533691406,False,-1,4.479425430297852,5.559147357940674,0.5470418930053622,-0.04517144785900504,0.2652869022739368,-0.2652869022739368,"StraightLane index=('>>>', '1S0_0_', 0)",True,186.2585906982422,0.0003085136413574219,0.00032806396484688996,"StraightLane index=('>>', '>>>', 0)",True,0.0,True,False,0.9170236587524414,0.0,0.0,0.0,True,0.0,0.0,0.0,-0.0,0.0,-0.0
53.58007,"[236.46018981933594, 4.499690532684326, 0.0]","[288.91461181640625, 4.5, 0.0]",5.021789550861655,5.577333927154541,5.581181413983216,-0.36363601681155266,-0.3591170310974121,52.44348144268361,0.5300850867427878,0.6031751632113558,47.94348144268361,-0.555544376292886,5.034789085388184,-0.5625343322753906,41.63209533691406,False,-1,4.472254753112793,5.577333927154541,0.5470418930053622,-0.04517144785900504,0.2652869022739368,-0.2652869022739368,"StraightLane index=('>>>', '1S0_0_', 0)",True,186.35946655273438,0.000308990478515625,0.00032806396484688996,"StraightLane index=('>>', '>>>', 0)",True,0.0,True,False,0.9170236587524414,0.0,0.0,0.0,True,0.0,0.0,0.0,-0.0,0.0,-0.0
53.60021,"[236.56077575683594, 4.499690055847168, 0.0]","[289.0285339355469, 4.5, 0.0]",5.014516830525506,5.582418918609619,5.592744264774851,-0.36363601680746704,-0.3744012117385864,52.45442199443852,0.555544376292886,1.272964477504912,47.95442199443852,-0.5679020880841135,5.0258870124816895,-0.5625343322753906,41.63209533691406,False,-1,4.463352680206299,5.582418918609619,0.5391025543212891,-0.021785713671859414,0.3473506435828143,-0.3473506435828143,"StraightLane index=('>>>', '1S0_0_', 0)",True,186.46018981933594,0.0003094673156738281,0.00032806396484688996,"StraightLane index=('>>', '>>>', 0)",True,0.0,True,False,0.9170236587524414,0.0,0.0,0.0,True,0.0,0.0,0.0,-0.0,0.0,-0.0
53.622677,"[236.6612091064453, 4.49968957901001, 0.0]","[289.1443786621094, 4.5, 0.0]",5.007244110188963,5.600935459136963,5.605538800118676,-0.3636360168271402,-0.37167951464653015,52.46775817607619,0.5679020880841135,0.6178855895613733,47.96775817607619,-0.593691348948,5.018715858459473,-0.7825002670288086,41.514793395996094,False,-1,4.236215591430664,5.600935459136963,0.5391025543212891,-0.021785713671859414,0.3473506435828143,-0.3473506435828143,"StraightLane index=('>>>', '1S0_0_', 0)",True,186.56077575683594,0.00030994415283203125,0.00032806396484688996,"StraightLane index=('>>', '>>>', 0)",True,0.0,True,False,0.879944384098053,0.0,0.0,0.0,True,0.0,0.0,0.0,-0.0,0.0,-0.0
53.639728,"[236.76150512695312, 4.499689102172852, 0.0]","[289.2536926269531, 4.5, 0.0]",4.999971389852411,5.605414867401123,5.6153877069085825,-0.3636360168275843,-0.36500462889671326,52.483169553026336,0.593691348948,1.2894630431943277,47.983169553026336,-0.6054434775487119,5.0083537101745605,-0.7825002670288086,41.514793395996094,False,-1,4.225853443145752,5.605414867401123,0.5391025543212891,-0.021785713671859414,0.3473506435828143,-0.3473506435828143,"StraightLane index=('>>>', '1S0_0_', 0)",True,186.6612091064453,0.0003104209899902344,0.00032806396484688996,"StraightLane index=('>>', '>>>', 0)",True,0.0,True,False,0.879944384098053,0.0,0.0,0.0,True,0.0,0.0,0.0,-0.0,0.0,-0.0
53.659393,"[236.8616485595703, 4.499688625335693, 0.0]","[289.36553955078125, 4.5, 0.0]",4.99269866951569,5.623480796813965,5.626661180507781,-0.3636360168360664,-0.36503854393959045,52.492187497359396,0.6054434775487119,0.5876064300355921,47.992187497359396,-0.630782127298275,5.004700183868408,-0.7825002670288086,41.514793395996094,False,-1,4.2221999168396,5.623480796813965,0.5391025543212891,-0.021785713671859414,0.3473506435828143,-0.3473506435828143,"StraightLane index=('>>>', '1S0_0_', 0)",True,186.76150512695312,0.0003108978271484375,0.00032806396484688996,"StraightLane index=('>>', '>>>', 0)",True,0.0,True,False,0.879944384098053,0.0,0.0,0.0,True,0.0,0.0,0.0,-0.0,0.0,-0.0
53.68041,"[236.96165466308594, 4.499688148498535, 0.0]","[289.4780578613281, 4.5, 0.0]",4.985425949178883,5.628283023834229,5.6386957046772395,-0.36363601684032965,-0.3618011772632599,52.50389098856741,0.630782127298275,1.2669324874781562,48.00389098856741,-0.6428570746553461,4.997799396514893,-0.7825002670288086,41.514793395996094,False,-1,4.215299129486084,5.628283023834229,0.5391025543212891,-0.021785713671859414,0.3473506435828143,-0.3473506435828143,"StraightLane index=('>>>', '1S0_0_', 0)",True,186.8616485595703,0.0003113746643066406,0.00032806396484688996,"StraightLane index=('>>', '>>>', 0)",True,0.0,True,False,0.879944384098053,0.0,0.0,0.0,True,0.0,0.0,0.0,-0.0,0.0,-0.0
53.699054,"[237.06150817871094, 4.499687671661377, 0.0]","[289.5874938964844, 4.5, 0.0]",4.978153228842071,5.64610481262207,5.649382624544766,-0.3636360168405961,-0.36295703053474426,52.51640319559572,0.6428570746553461,0.6037473678535576,48.01640319559572,-0.667951583779999,4.990478515625,-0.7825002670288086,41.514793395996094,False,-1,4.207978248596191,5.64610481262207,0.6368589401245117,0.002682920599684436,0.4368514500566838,-0.4368514500566838,"StraightLane index=('>>>', '1S0_0_', 0)",True,186.96165466308594,0.00031185150146484375,0.00032806396484688996,"StraightLane index=('>>', '>>>', 0)",True,0.0,True,False,0.879944384098053,0.0,0.0,0.0,True,0.0,0.0,0.0,-0.0,0.0,-0.0
53.71926,"[237.1612091064453, 4.499687194824219, 0.0]","[289.7013244628906, 4.5, 0.0]",4.97088050850394,5.650696277618408,5.660573775389853,-0.36363601690658776,-0.3625524342060089,52.52598571512409,0.667951583779999,1.2547254562326415,48.02598571512409,-0.6798157691144686,4.98328161239624,-0.7825002670288086,41.514793395996094,False,-1,4.200781345367432,5.650696277618408,0.6368589401245117,0.002682920599684436,0.4368514500566838,-0.4368514500566838,"StraightLane index=('>>>', '1S0_0_', 0)",True,187.06150817871094,0.0003123283386230469,0.00032806396484688996,"StraightLane index=('>>', '>>>', 0)",True,0.0,True,False,0.879944384098053,0.0,0.0,0.0,True,0.0,0.0,0.0,-0.0,0.0,-0.0
53.739138,"[237.26077270507812, 4.4996867179870605, 0.0]","[289.8147277832031, 4.5, 0.0]",4.963607788166241,5.668407917022705,5.6715675420246665,-0.3636360168849162,-0.3617904484272003,52.540115353793,0.6798157691144686,0.5932092667234823,48.040115353793,-0.7048001288564638,4.976157188415527,-0.7825002670288086,41.514793395996094,False,-1,4.193656921386719,5.668407917022705,0.6368589401245117,0.002682920599684436,0.4368514500566838,-0.4368514500566838,"StraightLane index=('>>>', '1S0_0_', 0)",True,187.1612091064453,0.00031280517578125,0.00032806396484688996,"StraightLane index=('>>', '>>>', 0)",True,0.0,True,False,0.879944384098053,0.0,0.0,0.0,True,0.0,0.0,0.0,-0.0,0.0,-0.0
53.759149,"[237.3601837158203, 4.499686241149902, 0.0]","[289.9305725097656, 4.5, 0.0]",4.956335067828704,5.673023223876953,5.682635618037002,-0.3636360168768782,-0.35495811700820923,52.55395507546973,0.7048001288564638,1.24921798709976,48.05395507546973,-0.7166881560482494,4.966063976287842,-0.7825002670288086,41.514793395996094,False,-1,4.183563709259033,5.673023223876953,0.6368589401245117,0.002682920599684436,0.4368514500566838,-0.4368514500566838,"StraightLane index=('>>>', '1S0_0_', 0)",True,187.26077270507812,0.0003132820129394531,0.00032806396484688996,"StraightLane index=('>>', '>>>', 0)",True,0.0,True,False,0.879944384098053,0.0,0.0,0.0,True,0.0,0.0,0.0,-0.0,0.0,-0.0
53.779604,"[237.45945739746094, 4.499685764312744, 0.0]","[290.0408630371094, 4.5, 0.0]",4.949062347491076,5.690432071685791,5.693939774733631,-0.3636360168813635,-0.3585669994354248,52.57038879128704,0.7166881560482494,0.5944013595892805,48.07038879128704,-0.7413697241947146,4.9621357917785645,-0.7825002670288086,41.514793395996094,False,-1,4.179635524749756,5.690432071685791,0.6368589401245117,0.002682920599684436,0.4368514500566838,-0.4368514500566838,"StraightLane index=('>>>', '1S0_0_', 0)",True,187.3601837158203,0.00031375885009765625,0.00032806396484688996,"StraightLane index=('>>', '>>>', 0)",True,0.0,True,False,0.879944384098053,0.0,0.0,0.0,True,0.0,0.0,0.0,-0.0,0.0,-0.0
53.799869,"[237.55857849121094, 4.499685287475586, 0.0]","[290.15765380859375, 4.5, 0.0]",4.941789627153826,5.695141315460205,5.705150597742218,-0.3636360168625341,-0.35975486040115356,52.581405636987256,0.7413697241947146,1.234078407323258,48.081405636987256,-0.7533516883063793,4.951257705688477,-0.7825002670288086,41.514793395996094,False,-1,4.168757438659668,5.695141315460205,0.49036502838134766,0.01957740453306316,0.5092560019322098,-0.5092560019322098,"StraightLane index=('>>>', '1S0_0_', 0)",True,187.45945739746094,0.0003142356872558594,0.00032806396484688996,"StraightLane index=('>>', '>>>', 0)",True,0.0,True,False,0.879944384098053,0.0,0.0,0.0,True,0.0,0.0,0.0,-0.0,0.0,-0.0
53.819914,"[237.65756225585938, 4.499684810638428, 0.0]","[290.2728271484375, 4.5, 0.0]",4.934516906816254,5.7124481201171875,5.715513875475701,-0.3636360168785657,-0.35975486040115356,52.59907531471861,0.7533516883063793,0.5990982055832372,48.09907531471861,-0.7779312133009331,4.951257705688477,-0.7825002670288086,41.514793395996094,False,-1,4.168757438659668,5.7124481201171875,0.49036502838134766,0.01957740453306316,0.5092560019322098,-0.5092560019322098,"StraightLane index=('>>>', '1S0_0_', 0)",True,187.55857849121094,0.0003147125244140625,0.00032806396484688996,"StraightLane index=('>>', '>>>', 0)",True,0.0,True,False,0.879944384098053,0.0,0.0,0.0,True,0.0,0.0,0.0,-0.0,0.0,-0.0
53.839906,"[237.7563934326172, 4.4996843338012695, 0.0]","[290.38726806640625, 4.5, 0.0]",4.927244186478926,5.7161078453063965,5.72585230431097,-0.3636360168664421,-0.3619135320186615,52.61526488991093,0.7779312133009331,1.2289762497276868,48.11526488991093,-0.7888636588274709,4.940239429473877,-0.25151824951171875,41.902069091796875,False,-1,4.688721179962158,5.7161078453063965,0.49036502838134766,0.01957740453306316,0.5092560019322098,-0.5092560019322098,"StraightLane index=('>>>', '1S0_0_', 0)",True,187.65756225585938,0.0003151893615722656,0.00032806396484688996,"StraightLane index=('>>', '>>>', 0)",True,0.0,True,False,0.8416879773139954,0.0,0.0,0.0,True,0.0,0.0,0.0,-0.0,0.0,-0.0
53.859298,"[237.85508728027344, 4.499683856964111, 0.0]","[290.5012512207031, 4.5, 0.0]",4.919971466141512,5.733056545257568,5.735882489982377,-0.36363601687066094,-0.36541134119033813,52.63087463111888,0.7888636588274709,0.5466222763268913,48.13087463111888,-0.813085079116056,4.932657718658447,-0.25151824951171875,41.902069091796875,False,-1,4.6811394691467285,5.733056545257568,0.49036502838134766,0.01957740453306316,0.5092560019322098,-0.5092560019322098,"StraightLane index=('>>>', '1S0_0_', 0)",True,187.7563934326172,0.00031566619873046875,0.00032806396484688996,"StraightLane index=('>>', '>>>', 0)",True,0.0,True,False,0.8416879773139954,0.0,0.0,0.0,True,0.0,0.0,0.0,-0.0,0.0,-0.0
53.879922,"[237.95362854003906, 4.499683380126953, 0.0]","[290.6163024902344, 4.5, 0.0]",4.9126987458044775,5.736766815185547,5.7465373678090055,-0.36363601685174274,-0.3665197789669037,52.64616393775652,0.813085079116056,1.2110710144292547,48.14616393775652,-0.8240680693810694,4.925244331359863,-0.25151824951171875,41.902069091796875,False,-1,4.6737260818481445,5.736766815185547,0.49036502838134766,0.01957740453306316,0.5092560019322098,-0.5092560019322098,"StraightLane index=('>>>', '1S0_0_', 0)",True,187.85508728027344,0.0003161430358886719,0.00032806396484688996,"StraightLane index=('>>', '>>>', 0)",True,0.0,True,False,0.8416879773139954,0.0,0.0,0.0,True,0.0,0.0,0.0,-0.0,0.0,-0.0
53.899336,"[238.05203247070312, 4.499682903289795, 0.0]","[290.7308349609375, 4.5, 0.0]",4.9054260254672055,5.753767013549805,5.756580542075821,-0.3636360168635999,-0.36659035086631775,52.662673947519146,0.8240680693810694,0.5491495132506685,48.162673947519146,-0.8483409880825992,4.9179487228393555,-0.25151824951171875,41.902069091796875,False,-1,4.666430473327637,5.753767013549805,0.5862569808959961,0.0381386584111167,0.5895603006648062,-0.5895603006648062,"StraightLane index=('>>>', '1S0_0_', 0)",True,187.95362854003906,0.000316619873046875,0.00032806396484688996,"StraightLane index=('>>', '>>>', 0)",True,0.0,True,False,0.8416879773139954,0.0,0.0,0.0,True,0.0,0.0,0.0,-0.0,0.0,-0.0
53.919972,"[238.15028381347656, 4.499682426452637, 0.0]","[290.8463134765625, 4.5, 0.0]",4.898153305130063,5.756799697875977,5.766305891451636,-0.3636360168571162,-0.3651942014694214,52.67880248755522,0.8483409880825992,1.2136459350764905,48.17880248755522,-0.8586463927459134,4.910788059234619,-0.25151824951171875,41.902069091796875,False,-1,4.6592698097229,5.756799697875977,0.5862569808959961,0.0381386584111167,0.5895603006648062,-0.5895603006648062,"StraightLane index=('>>>', '1S0_0_', 0)",True,188.05203247070312,0.0003170967102050781,0.00032806396484688996,"StraightLane index=('>>', '>>>', 0)",True,0.0,True,False,0.8416879773139954,0.0,0.0,0.0,True,0.0,0.0,0.0,-0.0,0.0,-0.0
53.939744,"[238.24839782714844, 4.4996819496154785, 0.0]","[290.9619445800781, 4.5, 0.0]",4.8908805847930665,5.772867202758789,5.775591267846618,-0.36363601684983315,-0.3635675311088562,52.69602966040376,0.8586463927459134,0.51527023316571,48.19602966040376,-0.8819866179657225,4.9037065505981445,-0.25151824951171875,41.902069091796875,False,-1,4.652188301086426,5.772867202758789,0.5862569808959961,0.0381386584111167,0.5895603006648062,-0.5895603006648062,"StraightLane index=('>>>', '1S0_0_', 0)",True,188.15028381347656,0.00031757354736328125,0.00032806396484688996,"StraightLane index=('>>', '>>>', 0)",True,0.0,True,False,0.8416879773139954,0.0,0.0,0.0,True,0.0,0.0,0.0,-0.0,0.0,-0.0
53.960708,"[238.3463592529297, 4.49968147277832, 0.0]","[291.0768127441406, 4.5, 0.0]",4.883607864456031,5.775538921356201,5.785428153526596,-0.36363601685178715,-0.36576005816459656,52.7135467502445,0.8819866179657225,1.1670112609904582,48.2135467502445,-0.8919310569001704,4.896235942840576,-0.25151824951171875,41.902069091796875,False,-1,4.644717693328857,5.775538921356201,0.5862569808959961,0.0381386584111167,0.5895603006648062,-0.5895603006648062,"StraightLane index=('>>>', '1S0_0_', 0)",True,188.24839782714844,0.0003180503845214844,0.00032806396484688996,"StraightLane index=('>>', '>>>', 0)",True,0.0,True,False,0.8416879773139954,0.0,0.0,0.0,True,0.0,0.0,0.0,-0.0,0.0,-0.0
53.979745,"[238.44418334960938, 4.499680995941162, 0.0]","[291.1899108886719, 4.5, 0.0]",4.87633514411917,5.7914018630981445,5.794397767004126,-0.3636360168430386,-0.3659206032752991,52.73045348852274,0.8919310569001704,0.4972219467223926,48.23045348852274,-0.9150667189789745,4.888920307159424,-0.25151824951171875,41.902069091796875,False,-1,4.637402057647705,5.7914018630981445,0.5862569808959961,0.0381386584111167,0.5895603006648062,-0.5895603006648062,"StraightLane index=('>>>', '1S0_0_', 0)",True,188.3463592529297,0.0003185272216796875,0.00032806396484688996,"StraightLane index=('>>', '>>>', 0)",True,0.0,True,False,0.8416879773139954,0.0,0.0,0.0,True,0.0,0.0,0.0,-0.0,0.0,-0.0
53.999083,"[238.54185485839844, 4.499680519104004, 0.0]","[291.30535888671875, 4.5, 0.0]",4.869062423782075,5.794123172760015,5.803489869063638,-0.36363601685476254,-0.36535489559173584,52.74572753637133,0.9150667189789745,1.1567831039402066,48.24572753637133,-0.9250607489779403,4.881706714630127,-0.25151824951171875,41.902069091796875,False,-1,4.630188465118408,5.794123172760015,0.40356159210210407,0.048449448293578674,0.6497389351292399,-0.6497389351292399,"StraightLane index=('>>>', '1S0_0_', 0)",True,188.44418334960938,0.0003190040588378906,0.00032806396484688996,"StraightLane index=('>>', '>>>', 0)",True,0.0,True,False,0.8416879773139954,0.0,0.0,0.0,True,0.0,0.0,0.0,-0.0,0.0,-0.0
54.019637,"[238.63938903808594, 4.499680042266846, 0.0]","[291.42425537109375, 4.5, 0.0]",4.861789703445189,5.8095903396606445,5.811988231758389,-0.36363601684428204,-0.3681916296482086,52.76350402562611,0.9250607489779403,0.4997014999482907,48.26350402562611,-0.9478006362154554,4.874128818511963,-0.2961874008178711,41.761878967285156,False,-1,4.577941417694092,5.8095903396606445,0.40356159210210407,0.048449448293578674,0.6497389351292399,-0.6497389351292399,"StraightLane index=('>>>', '1S0_0_', 0)",True,188.54185485839844,0.00031948089599609375,0.00032806396484688996,"StraightLane index=('>>', '>>>', 0)",True,0.0,True,False,0.8094711899757385,0.0,0.0,0.0,True,0.0,0.0,0.0,-0.0,0.0,-0.0
54.039777,"[238.7367706298828, 4.4996795654296875, 0.0]","[291.5415344238281, 4.5, 0.0]",4.85451698310934,5.8145341873168945,5.820264426551707,-0.36363601679245683,-0.3686615824699402,52.78486633031053,0.9478006362154554,1.1369943618757539,48.28486633031053,-0.9600172042075545,4.866730213165283,-0.2961874008178711,41.761878967285156,False,-1,4.570542812347412,5.8145341873168945,0.40356159210210407,0.048449448293578674,0.6497389351292399,-0.6497389351292399,"StraightLane index=('>>>', '1S0_0_', 0)",True,188.63938903808594,0.0003199577331542969,0.00032806396484688996,"StraightLane index=('>>', '>>>', 0)",True,0.0,True,False,0.8094711899757385,0.0,0.0,0.0,True,0.0,0.0,0.0,-0.0,0.0,-0.0
54.058788,"[238.83399963378906, 4.499679088592529, 0.0]","[291.6542663574219, 4.5, 0.0]",4.847244262773267,5.819153785705566,5.828081630525941,-0.3636360168036479,-0.368148535490036,52.80476379124498,0.9600172042075545,0.6108283996049568,48.30476379124498,-0.9719095229322994,4.8594560623168945,-0.2961874008178711,41.761878967285156,False,-1,4.563268661499023,5.819153785705566,0.40356159210210407,0.048449448293578674,0.6497389351292399,-0.6497389351292399,"StraightLane index=('>>>', '1S0_0_', 0)",True,188.7367706298828,0.0003204345703125,0.00032806396484688996,"StraightLane index=('>>', '>>>', 0)",True,0.0,True,False,0.8094711899757385,0.0,0.0,0.0,True,0.0,0.0,0.0,-0.0,0.0,-0.0
54.079349,"[238.93109130859375, 4.499678611755371, 0.0]","[291.7711181640625, 4.5, 0.0]",4.839971542436982,5.834066867828369,5.836528551019296,-0.3636360168142616,-0.36624324321746826,52.820266720929496,0.9719095229322994,0.5946159362372416,48.320266720929496,-0.9940953253913873,4.852320194244385,-0.2961874008178711,41.761878967285156,False,-1,4.556132793426514,5.834066867828369,0.40356159210210407,0.048449448293578674,0.6497389351292399,-0.6497389351292399,"StraightLane index=('>>>', '1S0_0_', 0)",True,188.83399963378906,0.0003209114074707031,0.00032806396484688996,"StraightLane index=('>>', '>>>', 0)",True,0.0,True,False,0.8094711899757385,0.0,0.0,0.0,True,0.0,0.0,0.0,-0.0,0.0,-0.0
54.099127,"[239.0280303955078, 4.499678134918213, 0.0]","[291.8873596191406, 4.5, 0.0]",4.832698822100362,5.835602760314941,5.844659337307274,-0.36363601683100377,-0.36419132351875305,52.84002685276237,0.9940953253913873,1.1092901229543983,48.34002685276237,-1.0029039382145797,4.845264434814453,-0.2961874008178711,41.761878967285156,False,-1,4.549077033996582,5.835602760314941,0.4147958755492631,0.058122359108445015,0.7100099189479218,-0.7100099189479218,"StraightLane index=('>>>', '1S0_0_', 0)",True,188.93109130859375,0.00032138824462890625,0.00032806396484688996,"StraightLane index=('>>', '>>>', 0)",True,0.0,True,False,0.8094711899757385,0.0,0.0,0.0,True,0.0,0.0,0.0,-0.0,0.0,-0.0
54.119207,"[239.1248321533203, 4.499677658081055, 0.0]","[292.0047607421875, 4.5, 0.0]",4.8254261017634095,5.849631309509277,5.851641720227897,-0.3636360168476127,-0.36604321002960205,52.85932922092339,1.0029039382145797,0.44043064115961705,48.35932922092339,-1.0242052077458679,4.837818622589111,-0.2961874008178711,41.761878967285156,False,-1,4.54163122177124,5.849631309509277,0.4147958755492631,0.058122359108445015,0.7100099189479218,-0.7100099189479218,"StraightLane index=('>>>', '1S0_0_', 0)",True,189.0280303955078,0.0003218650817871094,0.00032806396484688996,"StraightLane index=('>>', '>>>', 0)",True,0.0,True,False,0.8094711899757385,0.0,0.0,0.0,True,0.0,0.0,0.0,-0.0,0.0,-0.0
54.139878,"[239.2214813232422, 4.4996771812438965, 0.0]","[292.123291015625, 4.5, 0.0]",4.818153381426408,5.849940776824951,5.85877394973603,-0.3636360168500552,-0.36128637194633484,52.8799285861547,1.0242052077458679,1.0650634765644096,48.3799285861547,-1.0317873953985428,4.82735538482666,-0.2961874008178711,41.761878967285156,False,-1,4.531167984008789,5.849940776824951,0.4147958755492631,0.058122359108445015,0.7100099189479218,-0.7100099189479218,"StraightLane index=('>>>', '1S0_0_', 0)",True,189.1248321533203,0.0003223419189453125,0.00032806396484688996,"StraightLane index=('>>', '>>>', 0)",True,0.0,True,False,0.8094711899757385,0.0,0.0,0.0,True,0.0,0.0,0.0,-0.0,0.0,-0.0
54.159004,"[239.3179931640625, 4.499676704406738, 0.0]","[292.2419738769531, 4.5, 0.0]",4.810880661089575,5.863592147827148,5.865373916691722,-0.3636360168416619,-0.36519452929496765,52.90180968966724,1.0317873953985428,0.3791093826337466,48.40180968966724,-1.0527114867375733,4.8233323097229,-0.2961874008178711,41.761878967285156,False,-1,4.527144908905029,5.863592147827148,0.4147958755492631,0.058122359108445015,0.7100099189479218,-0.7100099189479218,"StraightLane index=('>>>', '1S0_0_', 0)",True,189.2214813232422,0.0003228187561035156,0.00032806396484688996,"StraightLane index=('>>', '>>>', 0)",True,0.0,True,False,0.8094711899757385,0.0,0.0,0.0,True,0.0,0.0,0.0,-0.0,0.0,-0.0
54.179978,"[239.4143524169922, 4.49967622756958, 0.0]","[292.3563232421875, 4.5, 0.0]",4.803607940752552,5.863656044006348,5.872606701282026,-0.3636360168511654,-0.36330047249794006,52.92398071017195,1.0527114867375733,1.0462045669515252,48.42398071017195,-1.0600481032537958,4.816254615783691,-0.2961874008178711,41.761878967285156,False,-1,4.52006721496582,5.863656044006348,0.4147958755492631,0.058122359108445015,0.7100099189479218,-0.7100099189479218,"StraightLane index=('>>>', '1S0_0_', 0)",True,189.3179931640625,0.00032329559326171875,0.00032806396484688996,"StraightLane index=('>>', '>>>', 0)",True,0.0,True,False,0.8094711899757385,0.0,0.0,0.0,True,0.0,0.0,0.0,-0.0,0.0,-0.0
54.199383,"[239.5105743408203, 4.499675750732422, 0.0]","[292.47344970703125, 4.5, 0.0]",4.796335220415577,5.877213954925537,5.879301395225454,-0.36363601684872293,-0.36143580079078674,52.941970822473614,1.0600481032537958,0.36683082581112636,48.441970822473614,-1.0808787345099597,4.809237480163574,-0.2961874008178711,41.761878967285156,False,-1,4.513050079345703,5.877213954925537,0.41611194610595703,0.06687404131130902,0.7694452187427829,-0.7694452187427829,"StraightLane index=('>>>', '1S0_0_', 0)",True,189.4143524169922,0.0003237724304199219,0.00032806396484688996,"StraightLane index=('>>', '>>>', 0)",True,0.0,True,False,0.8094711899757385,0.0,0.0,0.0,True,0.0,0.0,0.0,-0.0,0.0,-0.0
54.219572,"[239.6066436767578, 4.499675273895264, 0.0]","[292.59173583984375, 4.5, 0.0]",4.789062500078621,5.876555442810059,5.884911104471609,-0.36363601684783475,-0.36358898878097534,52.96287536348617,1.0808787345099597,1.0415315628081956,48.46287536348617,-1.087492942731438,4.80181360244751,1.0600481033325195,52.94197082519531,True,0,5.861861705780029,5.876555442810059,0.41611194610595703,0.06687404131130902,0.7694452187427829,-0.7694452187427829,"StraightLane index=('>>>', '1S0_0_', 0)",True,189.5105743408203,0.000324249267578125,0.00032806396484688996,"StraightLane index=('>>', '>>>', 0)",True,0.0,True,False,0.8094711899757385,0.0,0.0,0.0,True,0.0,0.0,0.0,-0.0,0.0,-0.0
54.241471,"[239.70257568359375, 4.4996747970581055, 0.0]","[292.711669921875, 4.5, 0.0]",4.7934818268609565,5.888838291168213,5.890957995372428,0.22096633911679042,-0.3638538718223572,52.98509216035808,1.087492942731438,0.33071041107390897,48.48509216035808,-1.0953564643072564,4.794530391693115,1.0600481033325195,52.94197082519531,True,0,5.854578495025635,5.888838291168213,0.41611194610595703,0.06687404131130902,0.7694452187427829,-0.08041397541850315,"StraightLane index=('>>>', '1S0_0_', 0)",True,189.6066436767578,0.0003247261047363281,0.00032806396484688996,"StraightLane index=('>>', '>>>', 0)",True,0.0,True,False,0.7766116857528687,0.6890312433242798,0.0,0.6890312433242798,True,0.0,0.0,0.08,0.0,0.08,0.0
54.259288,"[239.79835510253906, 4.499674320220947, 0.0]","[292.82989501953125, 4.5, 0.0]",4.802318573077821,5.887707710266113,5.895876987708104,0.4418373108432405,-0.36348792910575867,53.00909423555026,1.0953564643072564,0.3931760787909244,48.50909423555026,-1.085389137188292,4.787336349487305,1.0600481033325195,52.94197082519531,True,0,5.847384452819824,5.887707710266113,0.41611194610595703,0.06687404131130902,0.7694452187427829,-0.08041397541850315,"StraightLane index=('>>>', '1S0_0_', 0)",True,189.70257568359375,0.00032520294189453125,0.00032806396484688996,"StraightLane index=('>>', '>>>', 0)",True,0.0,True,False,0.7766116857528687,0.6890312433242798,0.0,0.6890312433242798,True,0.0,0.0,0.16,0.0,0.16,0.0
54.279266,"[239.89422607421875, 4.499673843383789, 0.0]","[292.9449462890625, 4.5, 0.0]",4.815574646077772,5.8997626304626465,5.901386950691184,0.6628036499975565,-0.34353429079055786,53.03153991408861,1.085389137188292,-0.498366355948221,48.53153991408861,-1.084187984384874,4.7821855545043945,1.0600481033325195,52.94197082519531,True,0,5.842233657836914,5.8997626304626465,0.41611194610595703,0.06687404131130902,0.7694452187427829,-0.08041397541850315,"StraightLane index=('>>>', '1S0_0_', 0)",True,189.79835510253906,0.0003256797790527344,0.00034332275389296755,"StraightLane index=('>>', '>>>', 0)",True,0.0,True,False,0.7766116857528687,0.6890312433242798,0.0,0.6890312433242798,True,0.0,0.0,0.24000000000000002,0.0,0.24000000000000002,0.0
54.298927,"[239.99026489257812, 4.499673366546631, 0.0]","[293.06243896484375, 4.5, 0.0]",4.833250045859426,5.898599147796632,5.906815705092345,0.8837699890826833,-0.2514987885951996,53.05072021210662,1.084187984384874,-0.06005764017089632,48.55072021210662,-1.0653491019372057,4.782304286956787,1.0600481033325195,52.94197082519531,True,0,5.842352390289307,5.898599147796632,0.21385192871094638,0.06767145468506124,0.7601483709442449,-0.07111712761996514,"StraightLane index=('>>>', '1S0_0_', 0)",True,189.89422607421875,0.0003261566162109375,0.00032806396484688996,"StraightLane index=('>>', '>>>', 0)",True,0.0,True,False,0.7766116857528687,0.6890312433242798,0.0,0.6890312433242798,True,0.0,0.0,0.32,0.0,0.32,0.0
54.319669,"[240.08657836914062, 4.499672889709473, 0.0]","[293.18133544921875, 4.5, 0.0]",4.855342865075812,5.909915447235107,5.911220222657029,1.104640960819303,-0.14321811497211456,53.07217406935561,1.0653491019372057,-0.9419441223834202,48.57217406935561,-1.0545725821592953,4.78920316696167,1.0600481033325195,52.94197082519531,True,0,5.8492512702941895,5.909915447235107,0.21385192871094638,0.06767145468506124,0.7601483709442449,-0.07111712761996514,"StraightLane index=('>>>', '1S0_0_', 0)",True,189.99026489257812,0.0003266334533691406,0.00034332275389296755,"StraightLane index=('>>', '>>>', 0)",True,0.0,True,False,0.7766116857528687,0.6890312433242798,0.0,0.6890312433242798,True,0.0,0.0,0.39999999999999997,0.0,0.39999999999999997,0.0
54.339833,"[240.18324279785156, 4.4996724128723145, 0.0]","[293.3026428222656, 4.5, 0.0]",4.868598938075385,5.907534122467041,5.915427834064327,0.6628036499786383,-0.06999492645263672,53.09475707716484,1.0545725821592953,-0.5388259888955194,48.59475707716484,-1.038935184391656,4.79545259475708,0.08910655975341797,42.43137741088867,False,-1,4.884559154510498,5.907534122467041,0.21385192871094638,0.06767145468506124,0.7601483709442449,-0.7601483709442449,"StraightLane index=('>>>', '1S0_0_', 0)",True,190.08657836914062,0.00032711029052734375,0.00034332275389296755,"StraightLane index=('>>', '>>>', 0)",True,0.0,True,False,0.7766116857528687,0.0,0.0,0.0,True,0.0,0.0,0.23999999999999994,0.0,0.23999999999999994,0.0
54.359316,"[240.2803497314453, 4.499671936035156, 0.0]","[293.42059326171875, 4.5, 0.0]",4.873018264858705,5.918365955352783,5.919507516151039,0.2209663391659955,0.08280666172504425,53.11940002132359,1.038935184391656,-0.7818698883819586,48.61940002132359,-1.0453476904940784,4.810710430145264,0.08910655975341797,42.43137741088867,False,-1,4.899816989898682,5.918365955352783,0.21385192871094638,0.06767145468506124,0.7601483709442449,-0.7601483709442449,"StraightLane index=('>>>', '1S0_0_', 0)",True,190.18324279785156,0.0003275871276855469,0.00035858154298993396,"StraightLane index=('>>', '>>>', 0)",True,0.0,True,False,0.7766116857528687,0.0,0.0,0.0,True,0.0,0.0,0.07999999999999992,0.0,0.07999999999999992,0.0
54.379987,"[240.37771606445312, 4.499671459197998, 0.0]","[293.5390930175781, 4.5, 0.0]",4.865745544521233,5.9158854484558105,5.923824833333091,-0.3636360168735919,0.24034512042999268,53.14024352735363,1.0453476904940784,0.32062530512111387,48.64024352735363,-1.0501399039345776,4.829637050628662,0.08910655975341797,42.43137741088867,False,-1,4.91874361038208,5.9158854484558105,0.21385192871094638,0.06767145468506124,0.7601483709442449,-0.7601483709442449,"StraightLane index=('>>>', '1S0_0_', 0)",True,190.2803497314453,0.00032806396484375,0.00034332275389296755,"StraightLane index=('>>', '>>>', 0)",True,0.0,True,False,0.7766116857528687,0.0,0.0,0.0,True,0.0,0.0,0.0,-0.0,0.0,-0.0
54.399304,"[240.4751739501953, 4.49967098236084, 0.0]","[293.65716552734375, 4.5, 0.0]",4.8584728241840365,5.926721096038818,5.927864298598789,-0.36363601685982516,0.4020593762397766,53.161376950287654,1.0501399039345776,0.23961067202495911,48.661376950287654,-1.0682482718547819,4.855684280395508,0.08910655975341797,42.43137741088867,False,-1,4.944790840148926,5.926721096038818,0.2812194824218661,0.07074699110132043,0.7651083678069287,-0.7651083678069287,"StraightLane index=('>>>', '1S0_0_', 0)",True,190.37771606445312,0.0003285408020019531,0.00033569335936992875,"StraightLane index=('>>', '>>>', 0)",True,0.0,True,False,0.7766116857528687,0.0,0.0,0.0,True,0.0,0.0,0.0,-0.0,0.0,-0.0
54.420243,"[240.57249450683594, 4.499670505523682, 0.0]","[293.77630615234375, 4.5, 0.0]",4.851200103847965,5.9234299659729,5.93104248929664,-0.36363601680355906,0.420282244682312,53.181991574307936,1.0682482718547819,0.9054183960102158,48.681991574307936,-1.072229862124935,4.861616611480713,0.08910655975341797,42.43137741088867,False,-1,4.950723171234131,5.9234299659729,0.2812194824218661,0.07074699110132043,0.7651083678069287,-0.7651083678069287,"StraightLane index=('>>>', '1S0_0_', 0)",True,190.4751739501953,0.00032901763916015625,0.00033569335936992875,"StraightLane index=('>>', '>>>', 0)",True,0.0,True,False,0.7766116857528687,0.0,0.0,0.0,True,0.0,0.0,0.0,-0.0,0.0,-0.0
54.439878,"[240.66966247558594, 4.499670028686523, 0.0]","[293.8951110839844, 4.5, 0.0]",4.855619430630895,5.933098316192627,5.933987665047578,0.2209663391465,0.41478195786476135,53.2038116424915,1.072229862124935,0.19907951350766062,48.7038116424915,-1.0774788855617317,4.869528770446777,1.0501399040222168,53.161376953125,True,0,5.919668674468994,5.933098316192627,0.2812194824218661,0.07074699110132043,0.7651083678069287,-0.08251740635062987,"StraightLane index=('>>>', '1S0_0_', 0)",True,190.57249450683594,0.0003294944763183594,0.0003509521484668952,"StraightLane index=('>>', '>>>', 0)",True,0.0,True,False,0.7490876317024231,0.6825909614562988,0.0,0.6825909614562988,True,0.0,0.0,0.08,0.0,0.08,0.0
54.459213,"[240.76669311523438, 4.499669551849365, 0.0]","[294.01007080078125, 4.5, 0.0]",4.864456176848498,5.9326701164245605,5.936889289647632,0.44183731088014433,0.3601527810096741,53.225448605465665,1.0774788855617317,0.26245117183982813,48.725448605465665,-1.0682139395760624,4.871908187866211,1.0501399040222168,53.161376953125,True,0,5.922048091888428,5.9326701164245605,0.2812194824218661,0.07074699110132043,0.7651083678069287,-0.08251740635062987,"StraightLane index=('>>>', '1S0_0_', 0)",True,190.66966247558594,0.0003299713134765625,0.00034332275389296755,"StraightLane index=('>>', '>>>', 0)",True,0.0,True,False,0.7490876317024231,0.6825909614562988,0.0,0.6825909614562988,True,0.0,0.0,0.16,0.0,0.16,0.0
54.479474,"[240.86380004882812, 4.499669075012207, 0.0]","[294.12921142578125, 4.5, 0.0]",4.877712249847669,5.935681343078613,5.939926380148216,0.662803649958521,0.2970200181007385,53.24337768252397,1.0682139395760624,-0.46324729928346464,48.74337768252397,-1.0579690932309447,4.872124671936035,1.0501399040222168,53.161376953125,True,0,5.922264575958252,5.935681343078613,0.2812194824218661,0.07074699110132043,0.7651083678069287,-0.08251740635062987,"StraightLane index=('>>>', '1S0_0_', 0)",True,190.76669311523438,0.0003304481506347656,0.0003509521484668952,"StraightLane index=('>>', '>>>', 0)",True,0.0,True,False,0.7490876317024231,0.6825909614562988,0.0,0.6825909614562988,True,0.0,0.0,0.24000000000000002,0.0,0.24000000000000002,0.0
54.499184,"[240.96109008789062, 4.499668598175049, 0.0]","[294.2479248046875, 4.5, 0.0]",4.895387649627641,5.938681125640869,5.942881875750725,0.8837699889986173,0.25571873784065247,53.26541137383891,1.0579690932309447,-0.5122423172558843,48.76541137383891,-1.0432934760132282,4.873457431793213,1.0501399040222168,53.161376953125,True,0,5.92359733581543,5.938681125640869,0.11960029602050781,0.06785830235190617,0.7459990617605045,-0.06340810030420563,"StraightLane index=('>>>', '1S0_0_', 0)",True,190.86380004882812,0.00033092498779296875,0.00035858154298993396,"StraightLane index=('>>', '>>>', 0)",True,0.0,True,False,0.7490876317024231,0.6825909614562988,0.0,0.6825909614562988,True,0.0,0.0,0.32,0.0,0.32,0.0
54.519285,"[241.0586395263672, 4.499668121337891, 0.0]","[294.3673095703125, 4.5, 0.0]",4.917480468840644,5.941099166870117,5.945048851738858,1.1046409606501495,0.24624861776828766,53.2868347139406,1.0432934760132282,-0.7337808608858243,48.7868347139406,-1.0236186980294733,4.879875183105469,1.0501399040222168,53.161376953125,True,0,5.9300150871276855,5.941099166870117,0.11960029602050781,0.06785830235190617,0.7459990617605045,-0.06340810030420563,"StraightLane index=('>>>', '1S0_0_', 0)",True,190.96109008789062,0.0003314018249511719,0.00033569335936992875,"StraightLane index=('>>', '>>>', 0)",True,0.0,True,False,0.7490876317024231,0.6825909614562988,0.0,0.6825909614562988,True,0.0,0.0,0.39999999999999997,0.0,0.39999999999999997,0.0
54.539315,"[241.1565399169922, 4.499667644500732, 0.0]","[294.48602294921875, 4.5, 0.0]",4.941204071135314,5.9432148933410645,5.947172035979165,1.1861801147334816,0.2863035202026367,53.30867004099962,1.0236186980294733,-0.9837388991877472,48.80867004099962,-1.0020108222057509,4.8892436027526855,1.057969093322754,53.265411376953125,True,0,5.9472126960754395,5.9432148933410645,0.11960029602050781,0.06785830235190617,0.7459990617605045,-0.05879619091470978,"StraightLane index=('>>>', '1S0_0_', 0)",True,191.0586395263672,0.000331878662109375,0.00034332275389296755,"StraightLane index=('>>', '>>>', 0)",True,0.0,True,False,0.7490876317024231,0.6872028708457947,0.0,0.6872028708457947,True,0.0,0.0,0.4295017942786217,0.0,0.4295017942786217,0.0
54.559244,"[241.2548828125, 4.499667167663574, 0.0]","[294.607177734375, 4.5, 0.0]",4.96492767343013,5.945374011993408,5.9492853661425755,1.186180114740809,0.36463597416877747,53.32948302936397,1.0020108222057509,-1.0803937911861183,48.82948302936397,-0.9804463385632785,4.903642177581787,1.057969093322754,53.265411376953125,True,0,5.961611270904541,5.945374011993408,0.11960029602050781,0.06785830235190617,0.7459990617605045,-0.05879619091470978,"StraightLane index=('>>>', '1S0_0_', 0)",True,191.1565399169922,0.0003323554992675781,0.00033569335936992875,"StraightLane index=('>>', '>>>', 0)",True,0.0,True,False,0.7490876317024231,0.6872028708457947,0.0,0.6872028708457947,True,0.0,0.0,0.4295017942786217,0.0,0.4295017942786217,0.0
54.580643,"[241.3537139892578, 4.499666690826416, 0.0]","[294.7254333496094, 4.5, 0.0]",4.988651275724946,5.947481155395508,5.95155159738002,1.186180114740809,0.42772844433784485,53.352294919094696,0.9804463385632785,-1.0782241821236216,48.852294919094696,-0.9588298796705619,4.913907051086426,1.057969093322754,53.265411376953125,True,0,5.97187614440918,5.947481155395508,0.11960029602050781,0.06785830235190617,0.7459990617605045,-0.05879619091470978,"StraightLane index=('>>>', '1S0_0_', 0)",True,191.2548828125,0.00033283233642578125,0.00032806396484688996,"StraightLane index=('>>', '>>>', 0)",True,0.0,True,False,0.7490876317024231,0.6872028708457947,0.0,0.6872028708457947,True,0.0,0.0,0.4295017942786217,0.0,0.4295017942786217,0.0
54.599354,"[241.45301818847656, 4.499666213989258, 0.0]","[294.8453674316406, 4.5, 0.0]",5.01237487802017,5.949618339538574,5.95353627438849,1.1861801147611928,0.5416075587272644,53.37171935748266,0.9588298796705619,-1.0808229446358286,48.87171935748266,-0.9372434615184044,4.934868335723877,1.057969093322754,53.265411376953125,True,0,5.992837429046631,5.949618339538574,0.10937213897705078,0.06490049698091233,0.6741087469678753,0.013094123877919417,"StraightLane index=('>>>', '1S0_0_', 0)",True,191.3537139892578,0.0003333091735839844,0.00033569335936992875,"StraightLane index=('>>', '>>>', 0)",True,0.0,True,False,0.7490876317024231,0.6872028708457947,0.0,0.6872028708457947,True,0.0,0.0,0.4295017942786217,0.0,0.4295017942786217,0.0
54.619284,"[241.55279541015625, 4.4996657371521, 0.0]","[294.9619445800781, 4.5, 0.0]",5.036098480313827,5.951316833496094,5.955107762618234,1.1861801146828554,0.6620258688926697,53.39234924029202,0.9372434615184044,-1.0793209076078725,48.89234924029202,-0.9152183531822669,4.9588141441345215,0.9588298797607422,53.37171936035156,True,0,5.917644023895264,5.951316833496094,0.10937213897705078,0.06490049698091233,0.6741087469678753,0.013094123877919417,"StraightLane index=('>>>', '1S0_0_', 0)",True,191.45301818847656,0.0003337860107421875,0.00033569335936992875,"StraightLane index=('>>', '>>>', 0)",True,0.0,True,False,0.7440667748451233,0.6872028708457947,0.0,0.6872028708457947,True,0.0,0.0,0.4295017942786217,0.0,0.4295017942786217,0.0
54.640636,"[241.65304565429688, 4.499665260314941, 0.0]","[295.0824279785156, 4.5, 0.0]",5.057750701992469,5.95289421081543,5.956772902875568,1.0826110839321057,0.7790307402610779,53.40914916704674,0.9152183531822669,-1.1012554168068789,48.90914916704674,-0.8951435088229607,4.984827995300293,0.9588298797607422,53.37171936035156,True,0,5.943657875061035,5.95289421081543,0.10937213897705078,0.06490049698091233,0.6741087469678753,-0.04689920278605153,"StraightLane index=('>>>', '1S0_0_', 0)",True,191.55279541015625,0.0003342628479003906,0.00033569335936992875,"StraightLane index=('>>', '>>>', 0)",True,0.0,True,False,0.7440667748451233,0.6272095441818237,0.0,0.6272095441818237,True,0.0,0.0,0.39200596511363983,0.0,0.39200596511363983,0.0
54.658667,"[241.75376892089844, 4.499664783477783, 0.0]","[295.1996765136719, 4.5, 0.0]",5.0794029236705915,5.9544291496276855,5.958179879588843,1.0826110839061265,0.8872161507606506,53.4293823215111,0.8951435088229607,-1.0037422179653088,48.9293823215111,-0.875026225957094,5.01219367980957,0.9588298797607422,53.37171936035156,True,0,5.9710235595703125,5.9544291496276855,0.10937213897705078,0.06490049698091233,0.6741087469678753,-0.04689920278605153,"StraightLane index=('>>>', '1S0_0_', 0)",True,191.65304565429688,0.00033473968505859375,0.00032043457032385116,"StraightLane index=('>>', '>>>', 0)",True,0.0,True,False,0.7440667748451233,0.6272095441818237,0.0,0.6272095441818237,True,0.0,0.0,0.39200596511363983,0.0,0.39200596511363983,0.0
54.68198,"[241.85491943359375, 4.499664306640625, 0.0]","[295.321044921875, 4.5, 0.0]",5.101055145349554,5.956018447875977,5.959997231853264,1.0826110839481373,0.9818301200866699,53.44590758980528,0.875026225957094,-1.0058641432933335,48.94590758980528,-0.8549633025264223,5.040259838104248,0.9588298797607422,53.37171936035156,True,0,5.99908971786499,5.956018447875977,0.10937213897705078,0.06490049698091233,0.6741087469678753,-0.04689920278605153,"StraightLane index=('>>>', '1S0_0_', 0)",True,191.75376892089844,0.0003352165222167969,0.00034332275389296755,"StraightLane index=('>>', '>>>', 0)",True,0.0,True,False,0.7440667748451233,0.6272095441818237,0.0,0.6272095441818237,True,0.0,0.0,0.39200596511363983,0.0,0.39200596511363983,0.0
54.699991,"[241.95651245117188, 4.499663829803467, 0.0]","[295.4410095214844, 4.5, 0.0]",5.122707367028664,5.957589149475098,5.961402480724972,1.0826110839554648,1.0778354406356812,53.466125485482706,0.8549633025264223,-1.0031461715335865,48.966125485482706,-0.8348817824464341,5.080839157104492,0.9588298797607422,53.37171936035156,True,0,6.039669036865234,5.957589149475098,0.07970809936523438,0.061200230760604296,0.6038733893507865,0.023336154831037237,"StraightLane index=('>>>', '1S0_0_', 0)",True,191.85491943359375,0.000335693359375,0.00032806396484688996,"StraightLane index=('>>', '>>>', 0)",True,0.0,True,False,0.7440667748451233,0.6272095441818237,0.0,0.6272095441818237,True,0.0,0.0,0.39200596511363983,0.0,0.39200596511363983,0.0
54.71995,"[242.05853271484375, 4.499663352966309, 0.0]","[295.5578308105469, 4.5, 0.0]",5.144359588706997,5.958942413330078,5.962699642694096,1.0826110839166514,1.1096277236938477,53.48449706751092,0.8348817824464341,-1.00407600399941,48.98449706751092,-0.8145828246230815,5.0949530601501465,0.8549633026123047,53.46612548828125,True,0,5.949916362762451,5.958942413330078,0.07970809936523438,0.061200230760604296,0.6038733893507865,0.023336154831037237,"StraightLane index=('>>>', '1S0_0_', 0)",True,191.95651245117188,0.0003361701965332031,0.00032806396484688996,"StraightLane index=('>>', '>>>', 0)",True,0.0,True,False,0.7440667748451233,0.6272095441818237,0.0,0.6272095441818237,True,0.0,0.0,0.39200596511363983,0.0,0.39200596511363983,0.0
54.739051,"[242.16098022460938, 4.49966287612915, 0.0]","[295.6763916015625, 4.5, 0.0]",5.164058685385766,5.960234642028809,5.963941276399454,0.9849548339384562,1.1457903385162354,53.49929809289857,0.8145828246230815,-1.014947891167628,48.99929809289857,-0.7961759566430429,5.132456302642822,0.8549633026123047,53.46612548828125,True,0,5.987419605255127,5.960234642028809,0.07970809936523438,0.061200230760604296,0.6038733893507865,-0.033237057315721796,"StraightLane index=('>>>', '1S0_0_', 0)",True,192.05853271484375,0.00033664703369140625,0.00032806396484688996,"StraightLane index=('>>', '>>>', 0)",True,0.0,True,False,0.7440667748451233,0.5706363320350647,0.0,0.5706363320350647,True,0.0,0.0,0.35664770752191544,0.0,0.35664770752191544,0.0
54.758747,"[242.2638702392578, 4.499662399291992, 0.0]","[295.7958068847656, 4.5, 0.0]",5.183757782066086,5.961535453796387,5.9652217520245525,0.9849548340159942,1.1656814813613892,53.51541137414558,0.7961759566430429,-0.9203433990019327,49.01541137414558,-0.7777776717303011,5.146000862121582,0.8549633026123047,53.46612548828125,True,0,6.000964164733887,5.961535453796387,0.07970809936523438,0.061200230760604296,0.6038733893507865,-0.033237057315721796,"StraightLane index=('>>>', '1S0_0_', 0)",True,192.16098022460938,0.0003371238708496094,0.00032806396484688996,"StraightLane index=('>>', '>>>', 0)",True,0.0,True,False,0.7440667748451233,0.5706363320350647,0.0,0.5706363320350647,True,0.0,0.0,0.35664770752191544,0.0,0.35664770752191544,0.0
54.779667,"[242.36715698242188, 4.499661922454834, 0.0]","[295.9152526855469, 4.5, 0.0]",5.203456878745374,5.9628376960754395,5.966580740304088,0.9849548339644354,1.1738873720169067,53.53193664278256,0.7777776717303011,-0.9199142456370879,49.03193664278256,-0.7593808173300651,5.170149803161621,0.8549633026123047,53.46612548828125,True,0,6.025113105773926,5.9628376960754395,0.07970809936523438,0.061200230760604296,0.6038733893507865,-0.033237057315721796,"StraightLane index=('>>>', '1S0_0_', 0)",True,192.2638702392578,0.0003376007080078125,0.00032043457032385116,"StraightLane index=('>>', '>>>', 0)",True,0.0,True,False,0.7440667748451233,0.5706363320350647,0.0,0.5706363320350647,True,0.0,0.0,0.35664770752191544,0.0,0.35664770752191544,0.0
54.79916,"[242.4708251953125, 4.499661445617676, 0.0]","[296.0346374511719, 4.5, 0.0]",5.223155975424934,5.964138507843018,5.967847959375248,0.9849548339779801,1.151872992515564,53.54809570039682,0.7593808173300651,-0.9198427200117987,49.04809570039682,-0.7409825324180837,5.2028913497924805,0.8549633026123047,53.46612548828125,True,0,6.057854652404785,5.964138507843018,0.06549358367919922,0.05737248311331584,0.5390111291850702,0.03162520284999448,"StraightLane index=('>>>', '1S0_0_', 0)",True,192.36715698242188,0.0003380775451660156,0.00032043457032385116,"StraightLane index=('>>', '>>>', 0)",True,0.0,True,False,0.7440667748451233,0.5706363320350647,0.0,0.5706363320350647,True,0.0,0.0,0.35664770752191544,0.0,0.35664770752191544,0.0
54.819882,"[242.57489013671875, 4.499660968780518, 0.0]","[296.1548156738281, 4.5, 0.0]",5.242855072104466,5.9654741287231445,5.9692350132574035,0.9849548339766034,1.13241708278656,53.56381225304284,0.7409825324180837,-0.9199142455990739,49.06381225304284,-0.7226190566186785,5.223886013031006,0.2299346923828125,42.028587341308594,False,-1,5.453820705413818,5.9654741287231445,0.06549358367919922,0.05737248311331584,0.5390111291850702,0.03162520284999448,"StraightLane index=('>>>', '1S0_0_', 0)",True,192.4708251953125,0.00033855438232421875,0.00032806396484688996,"StraightLane index=('>>', '>>>', 0)",True,0.0,True,False,0.7345104813575745,0.5706363320350647,0.0,0.5706363320350647,True,0.0,0.0,0.35664770752191544,0.0,0.35664770752191544,0.0
54.839207,"[242.67935180664062, 4.499660491943359, 0.0]","[296.2738342285156, 4.5, 0.0]",5.2537174225682035,5.9668097496032715,5.970529638510558,0.5431175231868757,1.108587622642517,53.57992553445994,0.7226190566186785,-0.9181737899702558,49.07992553445994,-0.713092327035068,5.244006633758545,0.2299346923828125,42.028587341308594,False,-1,5.473941326141357,5.9668097496032715,0.06549358367919922,0.05737248311331584,0.5390111291850702,-0.5390111291850702,"StraightLane index=('>>>', '1S0_0_', 0)",True,192.57489013671875,0.0003390312194824219,0.00031280517580081237,"StraightLane index=('>>', '>>>', 0)",True,0.0,True,False,0.7345104813575745,0.0,0.0,0.0,True,0.0,0.0,0.1966477075219154,0.0,0.1966477075219154,0.0
54.858688,"[242.78421020507812, 4.499660015106201, 0.0]","[296.3926086425781, 4.5, 0.0]",5.2557411194684205,5.968142509460449,5.971835458595434,0.10118484501084879,1.1047049760818481,53.59448241905251,0.713092327035068,-0.476336479180528,49.09448241905251,-0.7124013899920287,5.254685401916504,0.2299346923828125,42.028587341308594,False,-1,5.484620094299316,5.968142509460449,0.06549358367919922,0.05737248311331584,0.5390111291850702,-0.5390111291850702,"StraightLane index=('>>>', '1S0_0_', 0)",True,192.67935180664062,0.000339508056640625,0.00032806396484688996,"StraightLane index=('>>', '>>>', 0)",True,0.0,True,False,0.7345104813575745,0.0,0.0,0.0,True,0.0,0.0,0.0366477075219154,0.0,0.0366477075219154,0.0
54.884225,"[242.8892822265625, 4.499659538269043, 0.0]","[296.51513671875, 4.5, 0.0]",5.248468399132018,5.9728498458862305,5.973545490014582,-0.3636360168201236,1.065368413925171,53.60839843476022,0.7124013899920287,-0.03454685215196207,49.10839843476022,-0.7243814467542125,5.27243709564209,0.2299346923828125,42.028587341308594,False,-1,5.502371788024902,5.9728498458862305,0.06549358367919922,0.05737248311331584,0.5390111291850702,-0.5390111291850702,"StraightLane index=('>>>', '1S0_0_', 0)",True,192.78421020507812,0.0003399848937988281,0.00032043457032385116,"StraightLane index=('>>', '>>>', 0)",True,0.0,True,False,0.7345104813575745,0.0,0.0,0.0,True,0.0,0.0,0.0,-0.0,0.0,-0.0
54.899436,"[242.99440002441406, 4.499659061431885, 0.0]","[296.634521484375, 4.5, 0.0]",5.241195678796475,5.9675235748291025,5.974565346729313,-0.36363601677713575,0.9927388429641724,53.62585448935903,0.7243814467542125,0.5990028381091861,49.12585448935903,-0.7263278960326272,5.285799026489258,0.2299346923828125,42.028587341308594,False,-1,5.51573371887207,5.9675235748291025,0.033850669860848726,0.052820008247113956,0.5249331406683216,-0.5249331406683216,"StraightLane index=('>>>', '1S0_0_', 0)",True,192.8892822265625,0.00034046173095703125,0.00032806396484688996,"StraightLane index=('>>', '>>>', 0)",True,0.0,True,False,0.7345104813575745,0.0,0.0,0.0,True,0.0,0.0,0.0,-0.0,0.0,-0.0
54.919076,"[243.099365234375, 4.499658584594727, 0.0]","[296.7514343261719, 4.5, 0.0]",5.233922958461615,5.975661754608154,5.976109519200486,-0.3636360167430297,0.8708112835884094,53.64012145704273,0.7263278960326272,0.09732246392073485,49.14012145704273,-0.7417387961465396,5.292361259460449,0.2299346923828125,42.028587341308594,False,-1,5.522295951843262,5.975661754608154,0.033850669860848726,0.052820008247113956,0.5249331406683216,-0.5249331406683216,"StraightLane index=('>>>', '1S0_0_', 0)",True,192.99440002441406,0.0003409385681152344,0.00033569335936992875,"StraightLane index=('>>', '>>>', 0)",True,0.0,True,False,0.7345104813575745,0.0,0.0,0.0,True,0.0,0.0,0.0,-0.0,0.0,-0.0
54.939785,"[243.20419311523438, 4.499658107757568, 0.0]","[296.8702697753906, 4.5, 0.0]",5.226650238126142,5.9705657958984375,5.977745779841324,-0.36363601677362745,0.7103861570358276,53.65206908869913,0.7417387961465396,0.770545005695622,49.15206908869913,-0.7439155577722953,5.292199611663818,0.2299346923828125,42.028587341308594,False,-1,5.522134304046631,5.9705657958984375,0.033850669860848726,0.052820008247113956,0.5249331406683216,-0.5249331406683216,"StraightLane index=('>>>', '1S0_0_', 0)",True,193.099365234375,0.0003414154052734375,0.0003509521484668952,"StraightLane index=('>>', '>>>', 0)",True,0.0,True,False,0.7345104813575745,0.0,0.0,0.0,True,0.0,0.0,0.0,-0.0,0.0,-0.0
54.958742,"[243.30886840820312, 4.49965763092041, 0.0]","[296.99017333984375, 4.5, 0.0]",5.219377517790186,5.978816032409668,5.979244543825422,-0.3636360167977859,0.4429209530353546,53.66607665714414,0.7439155577722953,0.1088380812877876,49.16607665714414,-0.7594385146194815,5.282827854156494,0.2299346923828125,42.028587341308594,False,-1,5.512762546539307,5.978816032409668,0.033850669860848726,0.052820008247113956,0.5249331406683216,-0.5249331406683216,"StraightLane index=('>>>', '1S0_0_', 0)",True,193.20419311523438,0.0003418922424316406,0.00034332275389296755,"StraightLane index=('>>', '>>>', 0)",True,0.0,True,False,0.7345104813575745,0.0,0.0,0.0,True,0.0,0.0,0.0,-0.0,0.0,-0.0
54.981175,"[243.4134063720703, 4.499657154083252, 0.0]","[297.1123962402344, 4.5, 0.0]",5.212104797455018,5.973765373229981,5.9810142187163295,-0.3636360167584396,0.3515790104866028,53.68130492880032,0.7594385146194815,0.7761478423593093,49.18130492880032,-0.7616605757749637,5.277675151824951,0.2299346923828125,42.028587341308594,False,-1,5.507609844207764,5.973765373229981,0.033850669860848726,0.052820008247113956,0.5249331406683216,-0.5249331406683216,"StraightLane index=('>>>', '1S0_0_', 0)",True,193.30886840820312,0.00034236907958984375,0.00032806396484688996,"StraightLane index=('>>', '>>>', 0)",True,0.0,True,False,0.7345104813575745,0.0,0.0,0.0,True,0.0,0.0,0.0,-0.0,0.0,-0.0
54.999491,"[243.51779174804688, 4.499656677246094, 0.0]","[297.2325439453125, 4.5, 0.0]",5.204832077119241,5.982018947601318,5.982462975227682,-0.3636360167888153,0.18074430525302887,53.69898986514565,0.7616605757749637,0.111103057774109,49.19898986514565,-0.777186870482077,5.265957832336426,0.2299346923828125,42.028587341308594,False,-1,5.495892524719238,5.982018947601318,0.1449537277221591,0.05261138789267813,0.5577828537060282,-0.5577828537060282,"StraightLane index=('>>>', '1S0_0_', 0)",True,193.4134063720703,0.0003428459167480469,0.00034332275389296755,"StraightLane index=('>>', '>>>', 0)",True,0.0,True,False,0.7345104813575745,0.0,0.0,0.0,True,0.0,0.0,0.0,-0.0,0.0,-0.0
55.019312,"[243.62203979492188, 4.4996562004089355, 0.0]","[297.3497314453125, 4.5, 0.0]",5.1975593567844385,5.977182865142822,5.984435618298011,-0.3636360167401431,0.022996483370661736,53.71475219424407,0.777186870482077,0.7763147353556654,49.21475219424407,-0.7796235083583838,5.252252578735352,0.2299346923828125,42.028587341308594,False,-1,5.482187271118164,5.977182865142822,0.1449537277221591,0.05261138789267813,0.5577828537060282,-0.5577828537060282,"StraightLane index=('>>>', '1S0_0_', 0)",True,193.51779174804688,0.00034332275390625,0.00034332275389296755,"StraightLane index=('>>', '>>>', 0)",True,0.0,True,False,0.7345104813575745,0.0,0.0,0.0,True,0.0,0.0,0.0,-0.0,0.0,-0.0
55.039968,"[243.72613525390625, 4.499655723571777, 0.0]","[297.47247314453125, 4.5, 0.0]",5.1902866364477465,5.985899448394775,5.98650082799897,-0.3636360168346009,-0.11125008016824722,53.72769164736598,0.7796235083583838,0.12183189381533843,49.22769164736598,-0.7956128119470289,5.2379469871521,-0.797243595123291,41.04741287231445,False,-1,4.440703392028809,5.985899448394775,0.1449537277221591,0.05261138789267813,0.5577828537060282,-0.5577828537060282,"StraightLane index=('>>>', '1S0_0_', 0)",True,193.62203979492188,0.0003437995910644531,0.00034332275389296755,"StraightLane index=('>>', '>>>', 0)",True,0.0,True,False,0.7097072005271912,0.0,0.0,0.0,True,0.0,0.0,0.0,-0.0,0.0,-0.0
55.059701,"[243.83009338378906, 4.499655246734619, 0.0]","[297.59136962890625, 4.5, 0.0]",5.183013916109805,5.981218338012695,5.988473396700574,-0.36363601689708425,-0.265190452337265,53.74633788777271,0.7956128119470289,0.7994651794322571,49.24633788777271,-0.7982044219028905,5.216822147369385,-0.797243595123291,41.04741287231445,False,-1,4.419578552246094,5.981218338012695,0.1449537277221591,0.05261138789267813,0.5577828537060282,-0.5577828537060282,"StraightLane index=('>>>', '1S0_0_', 0)",True,193.72613525390625,0.00034427642822265625,0.00032806396484688996,"StraightLane index=('>>', '>>>', 0)",True,0.0,True,False,0.7097072005271912,0.0,0.0,0.0,True,0.0,0.0,0.0,-0.0,0.0,-0.0
55.079838,"[243.93389892578125, 4.499654769897461, 0.0]","[297.7116394042969, 4.5, 0.0]",5.175741195771025,5.989893913269043,5.990485797600122,-0.36363601693900627,-0.3069300949573517,53.76127624226193,0.7982044219028905,0.12958049779308034,49.26127624226193,-0.8141527174980183,5.209791660308838,-0.797243595123291,41.04741287231445,False,-1,4.412548065185547,5.989893913269043,0.1449537277221591,0.05261138789267813,0.5577828537060282,-0.5577828537060282,"StraightLane index=('>>>', '1S0_0_', 0)",True,193.83009338378906,0.0003447532653808594,0.00032806396484688996,"StraightLane index=('>>', '>>>', 0)",True,0.0,True,False,0.7097072005271912,0.0,0.0,0.0,True,0.0,0.0,0.0,-0.0,0.0,-0.0
55.098969,"[244.0375518798828, 4.499654293060303, 0.0]","[297.82818603515625, 4.5, 0.0]",5.1684684754317765,5.98517370223999,5.992401909899781,-0.36363601696240977,-0.37057799100875854,53.77774047548151,0.8141527174980183,0.7974147797563891,49.27774047548151,-0.8167052268082138,5.196675777435303,-0.797243595123291,41.04741287231445,False,-1,4.399432182312012,5.98517370223999,0.03154754638671875,0.04845441322694547,0.5793128106522845,-0.5793128106522845,"StraightLane index=('>>>', '1S0_0_', 0)",True,193.93389892578125,0.0003452301025390625,0.00034332275389296755,"StraightLane index=('>>', '>>>', 0)",True,0.0,True,False,0.7097072005271912,0.0,0.0,0.0,True,0.0,0.0,0.0,-0.0,0.0,-0.0
55.119181,"[244.1410675048828, 4.4996538162231445, 0.0]","[297.94818115234375, 4.5, 0.0]",5.161195755094558,5.994217872619629,5.994960867711156,-0.3636360168609354,-0.43360635638237,53.79063415241224,0.8167052268082138,0.12762546550977305,49.29063415241224,-0.8330221175250712,5.178244113922119,-0.797243595123291,41.04741287231445,False,-1,4.381000518798828,5.994217872619629,0.03154754638671875,0.04845441322694547,0.5793128106522845,-0.5793128106522845,"StraightLane index=('>>>', '1S0_0_', 0)",True,194.0375518798828,0.0003457069396972656,0.00032806396484688996,"StraightLane index=('>>', '>>>', 0)",True,0.0,True,False,0.7097072005271912,0.0,0.0,0.0,True,0.0,0.0,0.0,-0.0,0.0,-0.0
55.139026,"[244.2444305419922, 4.499653339385986, 0.0]","[298.068115234375, 4.5, 0.0]",5.153923034758318,5.99010992050171,5.997501179006695,-0.36363601681199675,-0.4482068419456482,53.80711364459673,0.8330221175250712,0.815844535842869,49.30711364459673,-0.8361868857433921,5.1723761558532715,-0.797243595123291,41.04741287231445,False,-1,4.3751325607299805,5.99010992050171,0.03154754638671875,0.04845441322694547,0.5793128106522845,-0.5793128106522845,"StraightLane index=('>>>', '1S0_0_', 0)",True,194.1410675048828,0.00034618377685546875,0.00032806396484688996,"StraightLane index=('>>', '>>>', 0)",True,0.0,True,False,0.7097072005271912,0.0,0.0,0.0,True,0.0,0.0,0.0,-0.0,0.0,-0.0
55.159142,"[244.34765625, 4.499652862548828, 0.0]","[298.1907958984375, 4.5, 0.0]",5.1466503144227325,5.999393939971924,6.000076479741185,-0.3636360167792674,-0.4634799361228943,53.82368468924972,0.8361868857433921,0.15823841091604507,49.32368468924972,-0.8527436255491914,5.161761283874512,-0.797243595123291,41.04741287231445,False,-1,4.364517688751221,5.999393939971924,0.03154754638671875,0.04845441322694547,0.5793128106522845,-0.5793128106522845,"StraightLane index=('>>>', '1S0_0_', 0)",True,194.2444305419922,0.0003466606140136719,0.0003509521484668952,"StraightLane index=('>>', '>>>', 0)",True,0.0,True,False,0.7097072005271912,0.0,0.0,0.0,True,0.0,0.0,0.0,-0.0,0.0,-0.0
55.181186,"[244.4507293701172, 4.49965238571167, 0.0]","[298.3089904785156, 4.5, 0.0]",5.139377594086688,5.9952497482299805,6.0028960037127135,-0.3636360168022268,-0.4715871810913086,53.84313964547949,0.8527436255491914,0.8278369902899652,49.34313964547949,-0.8558721541432925,5.151630401611328,-0.797243595123291,41.04741287231445,False,-1,4.354386806488037,5.9952497482299805,0.03154754638671875,0.04845441322694547,0.5793128106522845,-0.5793128106522845,"StraightLane index=('>>>', '1S0_0_', 0)",True,194.34765625,0.000347137451171875,0.00033569335936992875,"StraightLane index=('>>', '>>>', 0)",True,0.0,True,False,0.7097072005271912,0.0,0.0,0.0,True,0.0,0.0,0.0,-0.0,0.0,-0.0
55.199616,"[244.5536651611328, 4.499651908874512, 0.0]","[298.4280700683594, 4.5, 0.0]",5.132104873749304,6.004456996917725,6.00525573631823,-0.36363601686919544,-0.46950483322143555,53.85826110543737,0.8558721541432925,0.15642642970505882,49.35826110543737,-0.8723521231684206,5.1424360275268555,-0.797243595123291,41.04741287231445,False,-1,4.3451924324035645,6.004456996917725,0.19283294677734375,0.05035812504145795,0.6173870051009314,-0.6173870051009314,"StraightLane index=('>>>', '1S0_0_', 0)",True,194.4507293701172,0.0003476142883300781,0.00033569335936992875,"StraightLane index=('>>', '>>>', 0)",True,0.0,True,False,0.7097072005271912,0.0,0.0,0.0,True,0.0,0.0,0.0,-0.0,0.0,-0.0
55.21994,"[244.6564483642578, 4.4996514320373535, 0.0]","[298.54840087890625, 4.5, 0.0]",5.124832153410881,6.000851631164551,6.008597160350659,-0.3636360169211539,-0.45295199751853943,53.874404904350335,0.8723521231684206,0.8239984512564025,49.374404904350335,-0.8760194777536698,5.130251407623291,0.23042011260986328,42.547019958496094,False,-1,5.360671520233154,6.000851631164551,0.19283294677734375,0.05035812504145795,0.6173870051009314,-0.6173870051009314,"StraightLane index=('>>>', '1S0_0_', 0)",True,194.5536651611328,0.00034809112548828125,0.00032806396484688996,"StraightLane index=('>>', '>>>', 0)",True,0.0,True,False,0.680622398853302,0.0,0.0,0.0,True,0.0,0.0,0.0,-0.0,0.0,-0.0
55.239142,"[244.75909423828125, 4.499650955200195, 0.0]","[298.6683044433594, 4.5, 0.0]",5.117559433071858,6.010807514190674,6.011765496453486,-0.3636360169511299,-0.447838693857193,53.89195251176919,0.8760194777536698,0.18336772926246248,49.39195251176919,-0.8932480811188155,5.126258373260498,0.23042011260986328,42.547019958496094,False,-1,5.356678485870361,6.010807514190674,0.19283294677734375,0.05035812504145795,0.6173870051009314,-0.6173870051009314,"StraightLane index=('>>>', '1S0_0_', 0)",True,194.6564483642578,0.0003485679626464844,0.00032806396484688996,"StraightLane index=('>>', '>>>', 0)",True,0.0,True,False,0.680622398853302,0.0,0.0,0.0,True,0.0,0.0,0.0,-0.0,0.0,-0.0
55.258726,"[244.86158752441406, 4.499650478363037, 0.0]","[298.7882385253906, 4.5, 0.0]",5.1102867127335445,6.007431983947754,6.014996444285539,-0.3636360169156916,-0.43280029296875,53.90921020219587,0.8932480811188155,0.8614301682572822,49.40921020219587,-0.8971452712142094,5.118996620178223,0.23042011260986328,42.547019958496094,False,-1,5.349416732788086,6.007431983947754,0.19283294677734375,0.05035812504145795,0.6173870051009314,-0.6173870051009314,"StraightLane index=('>>>', '1S0_0_', 0)",True,194.75909423828125,0.0003490447998046875,0.00032806396484688996,"StraightLane index=('>>', '>>>', 0)",True,0.0,True,False,0.680622398853302,0.0,0.0,0.0,True,0.0,0.0,0.0,-0.0,0.0,-0.0
55.279214,"[244.9639434814453, 4.499650001525879, 0.0]","[298.90899658203125, 4.5, 0.0]",5.103013992395618,6.017411231994629,6.018376722394064,-0.3636360168963293,-0.4212573766708374,53.92665099817847,0.8971452712142094,0.1948595047696955,49.42665099817847,-0.914397239599011,5.1116509437561035,0.23042011260986328,42.547019958496094,False,-1,5.342071056365967,6.017411231994629,0.19283294677734375,0.05035812504145795,0.6173870051009314,-0.6173870051009314,"StraightLane index=('>>>', '1S0_0_', 0)",True,194.86158752441406,0.0003495216369628906,0.00032043457032385116,"StraightLane index=('>>', '>>>', 0)",True,0.0,True,False,0.680622398853302,0.0,0.0,0.0,True,0.0,0.0,0.0,-0.0,0.0,-0.0
55.299783,"[245.06614685058594, 4.499649524688721, 0.0]","[299.0328674316406, 4.5, 0.0]",5.095741272058959,6.014143943786622,6.021769255216973,-0.36363601683295776,-0.39760133624076843,53.94505309760942,0.914397239599011,0.8625984192400793,49.44505309760942,-0.9184026717276632,5.101707935333252,0.23042011260986328,42.547019958496094,False,-1,5.332128047943115,6.014143943786622,0.09686946868897373,0.04871274394142624,0.6456744805644073,-0.6456744805644073,"StraightLane index=('>>>', '1S0_0_', 0)",True,194.9639434814453,0.00034999847412109375,0.00033569335936992875,"StraightLane index=('>>', '>>>', 0)",True,0.0,True,False,0.680622398853302,0.0,0.0,0.0,True,0.0,0.0,0.0,-0.0,0.0,-0.0
55.319076,"[245.168212890625, 4.4996490478515625, 0.0]","[299.14996337890625, 4.5, 0.0]",5.088468551722008,6.02468729019165,6.025910722815938,-0.3636360168475239,-0.3877619504928589,53.966720578075,0.9184026717276632,0.20027160643261155,49.466720578075,-0.9362187384696421,5.094805717468262,0.23042011260986328,42.547019958496094,False,-1,5.325225830078125,6.02468729019165,0.09686946868897373,0.04871274394142624,0.6456744805644073,-0.6456744805644073,"StraightLane index=('>>>', '1S0_0_', 0)",True,195.06614685058594,0.0003504753112792969,0.00033569335936992875,"StraightLane index=('>>', '>>>', 0)",True,0.0,True,False,0.680622398853302,0.0,0.0,0.0,True,0.0,0.0,0.0,-0.0,0.0,-0.0
55.339546,"[245.27012634277344, 4.499648571014404, 0.0]","[299.27044677734375, 4.5, 0.0]",5.0811958313837815,6.022315502166748,6.03030960776076,-0.3636360169113395,-0.38836172223091125,53.981750485474294,0.9362187384696421,0.8908033370989443,49.481750485474294,-0.9411196707829665,5.090865135192871,0.23042011260986328,42.547019958496094,False,-1,5.321285247802734,6.022315502166748,0.09686946868897373,0.04871274394142624,0.6456744805644073,-0.6456744805644073,"StraightLane index=('>>>', '1S0_0_', 0)",True,195.168212890625,0.0003509521484375,0.00032043457032385116,"StraightLane index=('>>', '>>>', 0)",True,0.0,True,False,0.680622398853302,0.0,0.0,0.0,True,0.0,0.0,0.0,-0.0,0.0,-0.0
55.358745,"[245.3719024658203, 4.499648094177246, 0.0]","[299.3905029296875, 4.5, 0.0]",5.073923111046084,6.033260822296143,6.034440799223126,-0.3636360168848718,-0.37218591570854187,54.00032043176039,0.9411196707829665,0.24504661566622232,49.50032043176039,-0.9593377112500585,5.081051349639893,0.23042011260986328,42.547019958496094,False,-1,5.311471462249756,6.033260822296143,0.09686946868897373,0.04871274394142624,0.6456744805644073,-0.6456744805644073,"StraightLane index=('>>>', '1S0_0_', 0)",True,195.27012634277344,0.0003514289855957031,0.00032043457032385116,"StraightLane index=('>>', '>>>', 0)",True,0.0,True,False,0.680622398853302,0.0,0.0,0.0,True,0.0,0.0,0.0,-0.0,0.0,-0.0
55.379703,"[245.47352600097656, 4.499647617340088, 0.0]","[299.5118408203125, 4.5, 0.0]",5.066650390707559,6.030918598175049,6.038944627605857,-0.3636360169262609,-0.37300869822502136,54.01860046096675,0.9593377112500585,0.9109020233545984,49.51860046096675,-0.96426820746749,5.077243328094482,0.23042011260986328,42.547019958496094,False,-1,5.307663440704346,6.030918598175049,0.09686946868897373,0.04871274394142624,0.6456744805644073,-0.6456744805644073,"StraightLane index=('>>>', '1S0_0_', 0)",True,195.3719024658203,0.00035190582275390625,0.00032806396484688996,"StraightLane index=('>>', '>>>', 0)",True,0.0,True,False,0.680622398853302,0.0,0.0,0.0,True,0.0,0.0,0.0,-0.0,0.0,-0.0
55.399454,"[245.5749969482422, 4.49964714050293, 0.0]","[299.6355895996094, 4.5, 0.0]",5.059377670368651,6.041996002197266,6.043192309939955,-0.36363601694540115,-0.36600250005722046,54.03831481652009,0.96426820746749,0.2465248108715734,49.53831481652009,-0.9826183318286148,5.070572853088379,0.23042011260986328,42.547019958496094,False,-1,5.300992965698242,6.041996002197266,0.27852058410643643,0.05358968999100889,0.6922916056796086,-0.6922916056796086,"StraightLane index=('>>>', '1S0_0_', 0)",True,195.47352600097656,0.0003523826599121094,0.00032043457032385116,"StraightLane index=('>>', '>>>', 0)",True,0.0,True,False,0.680622398853302,0.0,0.0,0.0,True,0.0,0.0,0.0,-0.0,0.0,-0.0
55.419972,"[245.67633056640625, 4.4996466636657715, 0.0]","[299.7568664550781, 4.5, 0.0]",5.052104950031335,6.043838977813721,6.048844739746652,-0.36363601686577596,-0.3603443205356598,54.060592648635094,0.9826183318286148,0.917506218056241,49.560592648635094,-0.9917340277823854,5.063920021057129,0.23042011260986328,42.547019958496094,False,-1,5.294340133666992,6.043838977813721,0.27852058410643643,0.05358968999100889,0.6922916056796086,-0.6922916056796086,"StraightLane index=('>>>', '1S0_0_', 0)",True,195.5749969482422,0.0003528594970703125,0.00031280517580081237,"StraightLane index=('>>', '>>>', 0)",True,0.0,True,False,0.6667207479476929,0.0,0.0,0.0,True,0.0,0.0,0.0,-0.0,0.0,-0.0
55.440162,"[245.7775115966797, 4.499646186828613, 0.0]","[299.8750915527344, 4.5, 0.0]",5.044832229695159,6.0492448806762695,6.05443634484167,-0.3636360168087993,-0.35987040400505066,54.08053588576223,0.9917340277823854,0.45578479768852986,49.58053588576223,-1.0044126509811102,5.0568084716796875,-0.4725379943847656,39.837242126464844,False,-1,4.584270477294922,6.0492448806762695,0.27852058410643643,0.05358968999100889,0.6922916056796086,-0.6922916056796086,"StraightLane index=('>>>', '1S0_0_', 0)",True,195.67633056640625,0.0003533363342285156,0.00032806396484688996,"StraightLane index=('>>', '>>>', 0)",True,0.0,True,False,0.6667207479476929,0.0,0.0,0.0,True,0.0,0.0,0.0,-0.0,0.0,-0.0
55.459008,"[245.87855529785156, 4.499645709991455, 0.0]","[299.99566650390625, 4.5, 0.0]",5.037559509359395,6.0547590255737305,6.059658504242485,-0.363636016788238,-0.3584967851638794,54.09757995314204,1.0044126509811102,0.6339311599362407,49.59757995314204,-1.017199516214336,5.049780368804932,-0.4725379943847656,39.837242126464844,False,-1,4.577242374420166,6.0547590255737305,0.27852058410643643,0.05358968999100889,0.6922916056796086,-0.6922916056796086,"StraightLane index=('>>>', '1S0_0_', 0)",True,195.7775115966797,0.00035381317138671875,0.00032806396484688996,"StraightLane index=('>>', '>>>', 0)",True,0.0,True,False,0.6667207479476929,0.0,0.0,0.0,True,0.0,0.0,0.0,-0.0,0.0,-0.0
55.479426,"[245.9794464111328, 4.499645233154297, 0.0]","[300.1166076660156, 4.5, 0.0]",5.030286789025656,6.060291290283203,6.065310809182148,-0.36363601668694123,-0.3572937846183777,54.11711120296019,1.017199516214336,0.6393432616612849,49.61711120296019,-1.0300045012575474,5.042786121368408,-0.4725379943847656,39.837242126464844,False,-1,4.570248126983643,6.060291290283203,0.27852058410643643,0.05358968999100889,0.6922916056796086,-0.6922916056796086,"StraightLane index=('>>>', '1S0_0_', 0)",True,195.87855529785156,0.0003542900085449219,0.00034332275389296755,"StraightLane index=('>>', '>>>', 0)",True,0.0,True,False,0.6667207479476929,0.0,0.0,0.0,True,0.0,0.0,0.0,-0.0,0.0,-0.0
55.498984,"[246.0802001953125, 4.499644756317139, 0.0]","[300.2376708984375, 4.5, 0.0]",5.023014068692022,6.065826416015625,6.070730933831917,-0.363636016681701,-0.35555943846702576,54.137161251509475,1.0300045012575474,0.640249252160574,49.637161251509475,-1.0428123473236033,5.0358500480651855,-0.4725379943847656,39.837242126464844,False,-1,4.56331205368042,6.065826416015625,0.23830413818359375,0.05657136582833378,0.734399391588676,-0.734399391588676,"StraightLane index=('>>>', '1S0_0_', 0)",True,195.9794464111328,0.000354766845703125,0.00036621093751297275,"StraightLane index=('>>', '>>>', 0)",True,0.0,True,False,0.6667207479476929,0.0,0.0,0.0,True,0.0,0.0,0.0,-0.0,0.0,-0.0
55.519626,"[246.18080139160156, 4.4996442794799805, 0.0]","[300.3628234863281, 4.5, 0.0]",5.0157413483594775,6.072575569152833,6.077924069501459,-0.36363601662721123,-0.35427919030189514,54.15747069965432,1.0428123473236033,0.6403923033027947,49.65747069965432,-1.0568342207933554,5.028923511505127,-0.4725379943847656,39.837242126464844,False,-1,4.556385517120361,6.072575569152833,0.23830413818359375,0.05657136582833378,0.734399391588676,-0.734399391588676,"StraightLane index=('>>>', '1S0_0_', 0)",True,196.0802001953125,0.0003552436828613281,0.00037384033203601154,"StraightLane index=('>>', '>>>', 0)",True,0.0,True,False,0.6667207479476929,0.0,0.0,0.0,True,0.0,0.0,0.0,-0.0,0.0,-0.0
55.539707,"[246.28126525878906, 4.499643802642822, 0.0]","[300.4846496582031, 4.5, 0.0]",5.008468628026929,6.07961893081665,6.084986722816713,-0.3636360166274333,-0.35728299617767334,54.18202209115733,1.0568342207933554,0.7010936734876072,49.68202209115733,-1.0711503027897216,5.021549701690674,-0.4725379943847656,39.837242126464844,False,-1,4.549011707305908,6.07961893081665,0.23830413818359375,0.05657136582833378,0.734399391588676,-0.734399391588676,"StraightLane index=('>>>', '1S0_0_', 0)",True,196.18080139160156,0.00035572052001953125,0.00038146972655905034,"StraightLane index=('>>', '>>>', 0)",True,0.0,True,False,0.6667207479476929,0.0,0.0,0.0,True,0.0,0.0,0.0,-0.0,0.0,-0.0
55.559066,"[246.38157653808594, 4.499643325805664, 0.0]","[300.60284423828125, 4.5, 0.0]",5.001195907692766,6.086452484130859,6.091806596799754,-0.3636360167081243,-0.35458138585090637,54.20338439574522,1.0711503027897216,0.7158040998183068,49.70338439574522,-1.085256576438093,5.011113166809082,-0.4725379943847656,39.837242126464844,False,-1,4.538575172424316,6.086452484130859,0.23830413818359375,0.05657136582833378,0.734399391588676,-0.734399391588676,"StraightLane index=('>>>', '1S0_0_', 0)",True,196.28126525878906,0.0003561973571777344,0.000389099121132978,"StraightLane index=('>>', '>>>', 0)",True,0.0,True,False,0.6667207479476929,0.0,0.0,0.0,True,0.0,0.0,0.0,-0.0,0.0,-0.0
55.579647,"[246.48175048828125, 4.499642848968506, 0.0]","[300.7247314453125, 4.5, 0.0]",4.993923187357681,6.093498706817627,6.099042613985948,-0.36363601675426516,-0.3591943085193634,54.221267696522816,1.085256576438093,0.7053136824185735,49.721267696522816,-1.099575519459946,5.007083415985107,-0.4725379943847656,39.837242126464844,False,-1,4.534545421600342,6.093498706817627,0.23830413818359375,0.05657136582833378,0.734399391588676,-0.734399391588676,"StraightLane index=('>>>', '1S0_0_', 0)",True,196.38157653808594,0.0003566741943359375,0.000389099121132978,"StraightLane index=('>>', '>>>', 0)",True,0.0,True,False,0.6667207479476929,0.0,0.0,0.0,True,0.0,0.0,0.0,-0.0,0.0,-0.0
55.599284,"[246.58177185058594, 4.499642372131348, 0.0]","[300.84661865234375, 4.5, 0.0]",4.9866504670222405,6.100546360015869,6.1059632645128294,-0.3636360167720287,-0.3624330163002014,54.24298095354631,1.099575519459946,0.7159471510926441,49.74298095354631,-1.1138958929936287,4.99594783782959,-0.4725379943847656,39.837242126464844,False,-1,4.523409843444824,6.100546360015869,0.3471994400024414,0.06306620964558585,0.7870985400914445,-0.7870985400914445,"StraightLane index=('>>>', '1S0_0_', 0)",True,196.48175048828125,0.0003571510314941406,0.00037384033203601154,"StraightLane index=('>>', '>>>', 0)",True,0.0,True,False,0.6667207479476929,0.0,0.0,0.0,True,0.0,0.0,0.0,-0.0,0.0,-0.0
55.620697,"[246.68165588378906, 4.4996418952941895, 0.0]","[300.9723815917969, 4.5, 0.0]",4.979377746687843,6.109028339385986,6.115340621555247,-0.36363601671989265,-0.3609746992588043,54.26484679826929,1.1138958929936287,0.7160186766841381,49.76484679826929,-1.1296505926981437,4.988827228546143,1.0995755195617676,54.24298095703125,True,0,6.08840274810791,6.109028339385986,0.3471994400024414,0.06306620964558585,0.7870985400914445,-0.7870985400914445,"StraightLane index=('>>>', '1S0_0_', 0)",True,196.58177185058594,0.00035762786865234375,0.00037384033203601154,"StraightLane index=('>>', '>>>', 0)",True,0.0,True,False,0.6435198783874512,0.0,0.0,0.0,True,0.0,0.0,0.0,-0.0,0.0,-0.0
55.639494,"[246.78138732910156, 4.499641418457031, 0.0]","[301.0918884277344, 4.5, 0.0]",4.983797073472153,6.11762809753418,6.123631521662516,0.22096633921551145,-0.36548149585723877,54.290725704324,1.1296505926981437,0.787734985225752,49.790725704324,-1.1338310240620268,4.984745025634766,1.0995755195617676,54.24298095703125,True,0,6.084320545196533,6.11762809753418,0.3471994400024414,0.06306620964558585,0.7870985400914445,-0.07237447621815352,"StraightLane index=('>>>', '1S0_0_', 0)",True,196.68165588378906,0.0003581047058105469,0.000389099121132978,"StraightLane index=('>>', '>>>', 0)",True,0.0,True,False,0.6435198783874512,0.714724063873291,0.0,0.714724063873291,True,0.0,0.0,0.08,0.0,0.08,0.0
55.658797,"[246.8809814453125, 4.499640941619873, 0.0]","[301.21392822265625, 4.5, 0.0]",4.992633819688443,6.126410961151123,6.1321515375817475,0.44183731081450794,-0.35952743887901306,54.31050109504168,1.1338310240620268,0.20902156819415652,49.81050109504168,-1.13377714146268,4.974437713623047,1.0995755195617676,54.24298095703125,True,0,6.0740132331848145,6.126410961151123,0.3471994400024414,0.06306620964558585,0.7870985400914445,-0.07237447621815352,"StraightLane index=('>>>', '1S0_0_', 0)",True,196.78138732910156,0.00035858154296875,0.00038146972655905034,"StraightLane index=('>>', '>>>', 0)",True,0.0,True,False,0.6435198783874512,0.714724063873291,0.0,0.714724063873291,True,0.0,0.0,0.16,0.0,0.16,0.0
55.679762,"[246.98065185546875, 4.499640464782715, 0.0]","[301.33673095703125, 4.5, 0.0]",5.0058898926870645,6.1352458000183105,6.141391364290139,0.6628036499310763,-0.344767302274704,54.33294677393898,1.13377714146268,-0.0026941299673399755,49.83294677393898,-1.129355907331246,4.972390651702881,1.0995755195617676,54.24298095703125,True,0,6.071966171264648,6.1352458000183105,0.3471994400024414,0.06306620964558585,0.7870985400914445,-0.07237447621815352,"StraightLane index=('>>>', '1S0_0_', 0)",True,196.8809814453125,0.0003590583801269531,0.00036621093751297275,"StraightLane index=('>>', '>>>', 0)",True,0.0,True,False,0.6435198783874512,0.714724063873291,0.0,0.714724063873291,True,0.0,0.0,0.24000000000000002,0.0,0.24000000000000002,0.0
55.700025,"[247.08050537109375, 4.499639987945557, 0.0]","[301.45892333984375, 4.5, 0.0]",5.02356529246798,6.144039154052734,6.1503350538621,0.8837699890457795,-0.29206642508506775,54.35607909815421,1.129355907331246,-0.22106170657170132,49.85607909815421,-1.1204738615847543,4.971205234527588,1.0995755195617676,54.24298095703125,True,0,6.0707807540893555,6.144039154052734,0.43492794036865234,0.0719820665939301,0.8002900766240204,-0.08556601275072939,"StraightLane index=('>>>', '1S0_0_', 0)",True,196.98065185546875,0.00035953521728515625,0.00036621093751297275,"StraightLane index=('>>', '>>>', 0)",True,0.0,True,False,0.6435198783874512,0.714724063873291,0.0,0.714724063873291,True,0.0,0.0,0.32,0.0,0.32,0.0
55.719332,"[247.1806182861328, 4.499639511108398, 0.0]","[301.5826721191406, 4.5, 0.0]",5.045658111682316,6.154216289520264,6.1607429988692735,1.1046409607168073,-0.202182799577713,54.37841796524351,1.1204738615847543,-0.4441022873245881,49.87841796524351,-1.1085581778379474,4.975132465362549,1.1293559074401855,54.3560791015625,True,0,6.104488372802734,6.154216289520264,0.43492794036865234,0.0719820665939301,0.8002900766240204,-0.08556601275072939,"StraightLane index=('>>>', '1S0_0_', 0)",True,197.08050537109375,0.0003600120544433594,0.00037384033203601154,"StraightLane index=('>>', '>>>', 0)",True,0.0,True,False,0.6435198783874512,0.714724063873291,0.0,0.714724063873291,True,0.0,0.0,0.39999999999999997,0.0,0.39999999999999997,0.0
55.73911,"[247.2810821533203, 4.49963903427124, 0.0]","[301.705810546875, 4.5, 0.0]",5.071233749500067,6.1649603843688965,6.171405150824313,1.278781890887526,-0.07900110632181168,54.4020538294977,1.1085581778379474,-0.5957841873403424,49.9020538294977,-1.0937266348688297,4.98451566696167,1.1293559074401855,54.3560791015625,True,0,6.1138715744018555,6.1649603843688965,0.43492794036865234,0.0719820665939301,0.8002900766240204,-0.05943307150469668,"StraightLane index=('>>>', '1S0_0_', 0)",True,197.1806182861328,0.0003604888916015625,0.00037384033203601154,"StraightLane index=('>>', '>>>', 0)",True,0.0,True,False,0.6435198783874512,0.7408570051193237,0.0,0.7408570051193237,True,0.0,0.0,0.46303562819957733,0.0,0.46303562819957733,0.0
55.75856,"[247.38198852539062, 4.499638557434082, 0.0]","[301.8290710449219, 4.5, 0.0]",5.096809387317949,6.175714492797852,6.181886309828813,1.2787818908940984,0.07342156022787094,54.42472839004098,1.0937266348688297,-0.7415771484558853,49.92472839004098,-1.0789051054799028,4.999550819396973,1.1293559074401855,54.3560791015625,True,0,6.128906726837158,6.175714492797852,0.43492794036865234,0.0719820665939301,0.8002900766240204,-0.05943307150469668,"StraightLane index=('>>>', '1S0_0_', 0)",True,197.2810821533203,0.0003609657287597656,0.00037384033203601154,"StraightLane index=('>>', '>>>', 0)",True,0.0,True,False,0.6435198783874512,0.7408570051193237,0.0,0.7408570051193237,True,0.0,0.0,0.46303562819957733,0.0,0.46303562819957733,0.0
55.779558,"[247.48341369628906, 4.499638080596924, 0.0]","[301.9529113769531, 4.5, 0.0]",5.122385025135345,6.186522006988525,6.19319552535558,1.2787818908698068,0.2923758924007416,54.44708251601396,1.0789051054799028,-0.7410764694463445,49.94708251601396,-1.0641369818531805,5.02519416809082,1.1293559074401855,54.3560791015625,True,0,6.154550075531006,6.186522006988525,0.43492794036865234,0.0719820665939301,0.8002900766240204,-0.05943307150469668,"StraightLane index=('>>>', '1S0_0_', 0)",True,197.38198852539062,0.00036144256591796875,0.00037384033203601154,"StraightLane index=('>>', '>>>', 0)",True,0.0,True,False,0.6435198783874512,0.7408570051193237,0.0,0.7408570051193237,True,0.0,0.0,0.46303562819957733,0.0,0.46303562819957733,0.0
55.799528,"[247.58534240722656, 4.499637603759766, 0.0]","[302.0763244628906, 4.5, 0.0]",5.1479606629531265,6.197290897369385,6.20396422199777,1.2787818908890802,0.47148776054382324,54.46949767714318,1.0641369818531805,-0.7384061813361154,49.96949767714318,-1.0493302344162583,5.0506110191345215,1.1293559074401855,54.3560791015625,True,0,6.179966926574707,6.197290897369385,0.5325174331665039,0.08342197009536473,0.7654866224659327,-0.024629617346608956,"StraightLane index=('>>>', '1S0_0_', 0)",True,197.48341369628906,0.0003619194030761719,0.00037384033203601154,"StraightLane index=('>>', '>>>', 0)",True,0.0,True,False,0.6435198783874512,0.7408570051193237,0.0,0.7408570051193237,True,0.0,0.0,0.46303562819957733,0.0,0.46303562819957733,0.0
55.819436,"[247.6877899169922, 4.499637126922607, 0.0]","[302.2011413574219, 4.5, 0.0]",5.173536300772405,6.209521293640137,6.216743640722825,1.2787818909639093,0.646364152431488,54.490982052139614,1.0493302344162583,-0.7403373718461115,49.990982052139614,-1.035984992867732,5.079159259796143,1.0641369819641113,54.46949768066406,True,0,6.143296241760254,6.209521293640137,0.5325174331665039,0.08342197009536473,0.7654866224659327,-0.024629617346608956,"StraightLane index=('>>>', '1S0_0_', 0)",True,197.58534240722656,0.000362396240234375,0.00037384033203601154,"StraightLane index=('>>', '>>>', 0)",True,0.0,True,False,0.6552709341049194,0.7408570051193237,0.0,0.7408570051193237,True,0.0,0.0,0.46303562819957733,0.0,0.46303562819957733,0.0
55.839124,"[247.79075622558594, 4.499636650085449, 0.0]","[302.3255920410156, 4.5, 0.0]",5.198223114127,6.225706577301025,6.229422670870206,1.2343406677297608,0.8075885772705078,54.51335143690165,1.035984992867732,-0.6672620774263116,50.01335143690165,-1.0274834631740255,5.109714031219482,1.0641369819641113,54.46949768066406,True,0,6.173851013183594,6.225706577301025,0.5325174331665039,0.08342197009536473,0.7654866224659327,-0.05037661851772102,"StraightLane index=('>>>', '1S0_0_', 0)",True,197.6877899169922,0.0003628730773925781,0.00037384033203601154,"StraightLane index=('>>', '>>>', 0)",True,0.0,True,False,0.6552709341049194,0.7151100039482117,0.0,0.7151100039482117,True,0.0,0.0,0.4469437524676323,0.0,0.4469437524676323,0.0
55.85949,"[247.89422607421875, 4.499636173248291, 0.0]","[302.4534912109375, 4.5, 0.0]",5.222909927481789,6.232248306274414,6.242538920332563,1.234340667739442,0.949308454990387,54.53483581189808,1.0274834631740255,-0.4250764846853272,50.03483581189808,-1.0093383787926253,5.141355037689209,1.0641369819641113,54.46949768066406,True,0,6.20549201965332,6.232248306274414,0.5325174331665039,0.08342197009536473,0.7654866224659327,-0.05037661851772102,"StraightLane index=('>>>', '1S0_0_', 0)",True,197.79075622558594,0.00036334991455078125,0.00037384033203601154,"StraightLane index=('>>', '>>>', 0)",True,0.0,True,False,0.6552709341049194,0.7151100039482117,0.0,0.7151100039482117,True,0.0,0.0,0.4469437524676323,0.0,0.4469437524676323,0.0
55.879201,"[247.99818420410156, 4.499635696411133, 0.0]","[302.5752258300781, 4.5, 0.0]",5.247596740836563,6.251485824584961,6.255229665483931,1.2343406677387314,1.0685571432113647,54.55926513337328,1.0093383787926253,-0.9072542190700084,50.05926513337328,-1.0038890837483976,5.173362731933594,1.0641369819641113,54.46949768066406,True,0,6.237499713897705,6.251485824584961,0.5325174331665039,0.08342197009536473,0.7654866224659327,-0.05037661851772102,"StraightLane index=('>>>', '1S0_0_', 0)",True,197.89422607421875,0.0003638267517089844,0.00035858154298993396,"StraightLane index=('>>', '>>>', 0)",True,0.0,True,False,0.6552709341049194,0.7151100039482117,0.0,0.7151100039482117,True,0.0,0.0,0.4469437524676323,0.0,0.4469437524676323,0.0
55.898923,"[248.10264587402344, 4.499635219573975, 0.0]","[302.6996765136719, 4.5, 0.0]",5.272283554191328,6.257670879364014,6.267935164663942,1.234340667738243,1.1645958423614502,54.577041622244046,1.0038890837483976,-0.27246475221138766,50.077041622244046,-0.9853873251726855,5.205204486846924,1.0641369819641113,54.46949768066406,True,0,6.269341468811035,6.257670879364014,0.6037998199462891,0.09621276678394837,0.736714528146194,-0.02160452419798231,"StraightLane index=('>>>', '1S0_0_', 0)",True,197.99818420410156,0.0003643035888671875,0.000389099121132978,"StraightLane index=('>>', '>>>', 0)",True,0.0,True,False,0.6552709341049194,0.7151100039482117,0.0,0.7151100039482117,True,0.0,0.0,0.4469437524676323,0.0,0.4469437524676323,0.0
55.9192,"[248.2075958251953, 4.499634742736816, 0.0]","[302.8256530761719, 4.5, 0.0]",5.296970367545893,6.278659343719482,6.283013800178393,1.234340667728251,1.283693790435791,54.59703063600969,0.9853873251726855,-0.9250879287856062,50.09703063600969,-0.9816889761735892,5.25441312789917,1.0038890838623047,54.57704162597656,True,0,6.258302211761475,6.278659343719482,0.6037998199462891,0.09621276678394837,0.736714528146194,-0.02160452419798231,"StraightLane index=('>>>', '1S0_0_', 0)",True,198.10264587402344,0.0003647804260253906,0.00038146972655905034,"StraightLane index=('>>', '>>>', 0)",True,0.0,True,False,0.6552709341049194,0.7151100039482117,0.0,0.7151100039482117,True,0.0,0.0,0.4469437524676323,0.0,0.4469437524676323,0.0
55.939565,"[248.3130340576172, 4.499634265899658, 0.0]","[302.9529113769531, 4.5, 0.0]",5.321445465202569,6.28710699081421,6.29825981427639,1.2237548828337719,1.3132436275482178,54.61805724752635,0.9816889761735892,-0.1849174499548134,50.11805724752635,-0.9656615256116412,5.270349979400635,1.0038890838623047,54.57704162597656,True,0,6.2742390632629395,6.28710699081421,0.6037998199462891,0.09621276678394837,0.736714528146194,-0.027741478028701305,"StraightLane index=('>>>', '1S0_0_', 0)",True,198.2075958251953,0.00036525726318359375,0.00036621093751297275,"StraightLane index=('>>', '>>>', 0)",True,0.0,True,False,0.6552709341049194,0.7089730501174927,0.0,0.7089730501174927,True,0.0,0.0,0.4431081563234329,0.0,0.4431081563234329,0.0
55.95869,"[248.41897583007812, 4.4996337890625, 0.0]","[303.0774230957031, 4.5, 0.0]",5.345920562861866,6.30856466293335,6.312594936510926,1.223754882964867,1.3386074304580688,54.63987731559226,0.9656615256116412,-0.8013725280973993,50.13987731559226,-0.9626441000714836,5.299306392669678,1.0038890838623047,54.57704162597656,True,0,6.303195476531982,6.30856466293335,0.6037998199462891,0.09621276678394837,0.736714528146194,-0.027741478028701305,"StraightLane index=('>>>', '1S0_0_', 0)",True,198.3130340576172,0.0003657341003417969,0.000389099121132978,"StraightLane index=('>>', '>>>', 0)",True,0.0,True,False,0.6552709341049194,0.7089730501174927,0.0,0.7089730501174927,True,0.0,0.0,0.4431081563234329,0.0,0.4431081563234329,0.0
55.981853,"[248.52540588378906, 4.499633312225342, 0.0]","[303.2038879394531, 4.5, 0.0]",5.370395660521999,6.3169169425964355,6.329937202374888,1.2237548830066558,1.37057626247406,54.65844726167934,0.9626441000714836,-0.15087127700788017,50.15844726167934,-0.9465212820744364,5.343670845031738,1.0038890838623047,54.57704162597656,True,0,6.347559928894043,6.3169169425964355,0.6037998199462891,0.09621276678394837,0.736714528146194,-0.027741478028701305,"StraightLane index=('>>>', '1S0_0_', 0)",True,198.41897583007812,0.0003662109375,0.0004043579101790556,"StraightLane index=('>>', '>>>', 0)",True,0.0,True,False,0.6552709341049194,0.7089730501174927,0.0,0.7089730501174927,True,0.0,0.0,0.4431081563234329,0.0,0.4431081563234329,0.0
55.999091,"[248.63232421875, 4.499632835388184, 0.0]","[303.3296203613281, 4.5, 0.0]",5.394870758182603,6.338517665863037,6.342850361587422,1.2237548830301925,1.3764692544937134,54.678482051814264,0.9465212820744364,-0.8061408998523589,50.178482051814264,-0.9436469076804341,5.357994556427002,1.0038890838623047,54.57704162597656,True,0,6.361883640289307,6.338517665863037,0.8084678649902344,0.11488786538021174,0.728258355372494,-0.019285305255001273,"StraightLane index=('>>>', '1S0_0_', 0)",True,198.52540588378906,0.0003666877746582031,0.00039672851560512793,"StraightLane index=('>>', '>>>', 0)",True,0.0,True,False,0.6552709341049194,0.7089730501174927,0.0,0.7089730501174927,True,0.0,0.0,0.4431081563234329,0.0,0.4431081563234329,0.0
56.019271,"[248.73973083496094, 4.499631881713867, 0.0]","[303.4573669433594, 4.5, 0.0]",5.414926529062313,6.348309516906738,6.359994250774848,1.0027885439855222,1.3578652143478394,54.69729613842224,0.9436469076804341,-0.1437187197001144,50.19729613842224,-0.9333829878444249,5.38339376449585,-0.4268970489501953,42.25117111206055,False,-1,4.956496715545654,6.348309516906738,0.8084678649902344,0.11488786538021174,0.728258355372494,-0.728258355372494,"StraightLane index=('>>>', '1S0_0_', 0)",True,198.63232421875,0.00036716461181640625,0.00041961669922513313,"StraightLane index=('>>', '>>>', 0)",True,0.0,True,False,0.6587188243865967,0.0,0.0,0.0,True,0.0,0.0,0.3631081563234329,0.0,0.3631081563234329,0.0
56.040135,"[248.84762573242188, 4.499630928039551, 0.0]","[303.5885009765625, 4.5, 0.0]",5.426145553725666,6.372509002685547,6.377810257032804,0.5609512331676392,1.3345540761947632,54.717636104132154,0.9333829878444249,-0.5131959918004636,50.217636104132154,-0.9463634489598807,5.40787410736084,-0.4268970489501953,42.25117111206055,False,-1,4.9809770584106445,6.372509002685547,0.8084678649902344,0.11488786538021174,0.728258355372494,-0.728258355372494,"StraightLane index=('>>>', '1S0_0_', 0)",True,198.73973083496094,0.0003681182861328125,0.0004272460937481719,"StraightLane index=('>>', '>>>', 0)",True,0.0,True,False,0.6587188243865967,0.0,0.0,0.0,True,0.0,0.0,0.20310815632343288,0.0,0.20310815632343288,0.0
56.060223,"[248.95591735839844, 4.499629974365234, 0.0]","[303.7158203125, 4.5, 0.0]",5.428525924825815,6.382869720458984,6.3949641630349205,0.11901855500742187,1.303985834121704,54.74087523965764,0.9463634489598807,0.6490230557727905,50.24087523965764,-0.9543437956331697,5.431135654449463,-0.4268970489501953,42.25117111206055,False,-1,5.004238605499268,6.382869720458984,0.8084678649902344,0.11488786538021174,0.728258355372494,-0.728258355372494,"StraightLane index=('>>>', '1S0_0_', 0)",True,198.84762573242188,0.00036907196044921875,0.0004425048828451384,"StraightLane index=('>>', '>>>', 0)",True,0.0,True,False,0.6587188243865967,0.0,0.0,0.0,True,0.0,0.0,0.04310815632343287,0.0,0.04310815632343287,0.0
56.080728,"[249.06443786621094, 4.499629020690918, 0.0]","[303.84161376953125, 4.5, 0.0]",5.421253204493111,6.4063591957092285,6.412470689067674,-0.36363601663516043,1.2485332489013672,54.759902949610655,0.9543437956331697,0.39901733366445313,50.259902949610655,-0.9851059912161171,5.451112270355225,-0.4268970489501953,42.25117111206055,False,-1,5.024215221405029,6.4063591957092285,0.8084678649902344,0.11488786538021174,0.728258355372494,-0.728258355372494,"StraightLane index=('>>>', '1S0_0_', 0)",True,198.95591735839844,0.000370025634765625,0.0004425048828451384,"StraightLane index=('>>', '>>>', 0)",True,0.0,True,False,0.6587188243865967,0.0,0.0,0.0,True,0.0,0.0,0.0,-0.0,0.0,-0.0
56.099062,"[249.17300415039062, 4.499628067016602, 0.0]","[303.9680480957031, 4.5, 0.0]",5.413980484160955,6.416599273681641,6.428137292588477,-0.36363601660780454,1.153314232826233,54.777175898715306,0.9851059912161171,1.5381097791473675,50.277175898715306,-1.0026187895206853,5.465660572052002,-0.4268970489501953,42.25117111206055,False,-1,5.038763523101807,6.416599273681641,0.7808160781860352,0.13072764157870181,0.7824298547671473,-0.7824298547671473,"StraightLane index=('>>>', '1S0_0_', 0)",True,199.06443786621094,0.00037097930908203125,0.0004501342773681772,"StraightLane index=('>>', '>>>', 0)",True,0.0,True,False,0.6587188243865967,0.0,0.0,0.0,True,0.0,0.0,0.0,-0.0,0.0,-0.0
56.119727,"[249.28143310546875, 4.499627113342285, 0.0]","[304.10089111328125, 4.5, 0.0]",5.406707763827483,6.442245960235596,6.447735673320413,-0.36363601667361856,1.0101852416992188,54.79504394069945,1.0026187895206853,0.87563991522841,50.29504394069945,-1.0355381964081127,5.473083972930908,-0.4268970489501953,42.25117111206055,False,-1,5.046186923980713,6.442245960235596,0.7808160781860352,0.13072764157870181,0.7824298547671473,-0.7824298547671473,"StraightLane index=('>>>', '1S0_0_', 0)",True,199.17300415039062,0.0003719329833984375,0.0004501342773681772,"StraightLane index=('>>', '>>>', 0)",True,0.0,True,False,0.6587188243865967,0.0,0.0,0.0,True,0.0,0.0,0.0,-0.0,0.0,-0.0
56.140009,"[249.38970947265625, 4.499626159667969, 0.0]","[304.2303771972656, 4.5, 0.0]",5.399435043491371,6.454632759094239,6.4670652732110385,-0.36363601680560187,0.7273045778274536,54.81945800319121,1.0355381964081127,1.6459703443713725,50.31945800319121,-1.0551977156028682,5.4710235595703125,-0.4268970489501953,42.25117111206055,False,-1,5.044126510620117,6.454632759094239,0.7808160781860352,0.13072764157870181,0.7824298547671473,-0.7824298547671473,"StraightLane index=('>>>', '1S0_0_', 0)",True,199.28143310546875,0.00037288665771484375,0.0004501342773681772,"StraightLane index=('>>', '>>>', 0)",True,0.0,True,False,0.6587188243865967,0.0,0.0,0.0,True,0.0,0.0,0.0,-0.0,0.0,-0.0
56.159668,"[249.4978485107422, 4.499625205993652, 0.0]","[304.35894775390625, 4.5, 0.0]",5.392162323155187,6.480217933654785,6.485788928067071,-0.363636016809199,0.6186763644218445,54.840667720297006,1.0551977156028682,0.9829759597377752,50.340667720297006,-1.0880556104995982,5.4669013023376465,-0.4268970489501953,42.25117111206055,False,-1,5.040004253387451,6.480217933654785,0.7808160781860352,0.13072764157870181,0.7824298547671473,-0.7824298547671473,"StraightLane index=('>>>', '1S0_0_', 0)",True,199.38970947265625,0.00037384033203125,0.0004272460937481719,"StraightLane index=('>>', '>>>', 0)",True,0.0,True,False,0.6587188243865967,0.0,0.0,0.0,True,0.0,0.0,0.0,-0.0,0.0,-0.0
56.180358,"[249.6058349609375, 4.499624252319336, 0.0]","[304.4862976074219, 4.5, 0.0]",5.384889602817044,6.492290496826172,6.505469069932055,-0.36363601690716507,0.41333356499671936,54.86109923884401,1.0880556104995982,1.6428947448364983,50.36109923884401,-1.1074008940091282,5.456716060638428,-0.4268970489501953,42.25117111206055,False,-1,5.029819011688232,6.492290496826172,0.7808160781860352,0.13072764157870181,0.7824298547671473,-0.7824298547671473,"StraightLane index=('>>>', '1S0_0_', 0)",True,199.4978485107422,0.00037479400634765625,0.0004272460937481719,"StraightLane index=('>>', '>>>', 0)",True,0.0,True,False,0.6587188243865967,0.0,0.0,0.0,True,0.0,0.0,0.0,-0.0,0.0,-0.0
56.199439,"[249.71368408203125, 4.4996232986450195, 0.0]","[304.6181945800781, 4.5, 0.0]",5.377616882478067,6.51836633682251,6.5237072418122475,-0.36363601694882064,0.22081594169139862,54.88046264226072,1.1074008940091282,0.967264175476501,50.38046264226072,-1.1407494543444425,5.443846225738525,-0.4268970489501953,42.25117111206055,False,-1,5.01694917678833,6.51836633682251,1.0176706314086914,0.15327334952013583,0.8947604948440235,-0.8947604948440235,"StraightLane index=('>>>', '1S0_0_', 0)",True,199.6058349609375,0.0003757476806640625,0.00041961669922513313,"StraightLane index=('>>', '>>>', 0)",True,0.0,True,False,0.6587188243865967,0.0,0.0,0.0,True,0.0,0.0,0.0,-0.0,0.0,-0.0
56.219667,"[249.82138061523438, 4.499622344970703, 0.0]","[304.7467346191406, 4.5, 0.0]",5.370344162141099,6.531578540802002,6.5444802472351045,-0.36363601684841207,0.04984651505947113,54.9045104937114,1.1407494543444425,1.6674280167657152,50.4045104937114,-1.161234378660903,5.429461479187012,1.107400894165039,54.880462646484375,True,0,6.536862373352051,6.531578540802002,1.0176706314086914,0.15327334952013583,0.8947604948440235,-0.8947604948440235,"StraightLane index=('>>>', '1S0_0_', 0)",True,199.71368408203125,0.00037670135498046875,0.0004272460937481719,"StraightLane index=('>>', '>>>', 0)",True,0.0,True,False,0.6587188243865967,0.0,0.0,0.0,True,0.0,0.0,0.0,-0.0,0.0,-0.0
56.240946,"[249.92893981933594, 4.499621391296387, 0.0]","[304.87884521484375, 4.5, 0.0]",5.37476348892494,6.559116363525391,6.566759995936684,0.22096633919206354,-0.09614640474319458,54.92535399945777,1.161234378660903,1.0242462158230214,50.42535399945777,-1.1843528746004504,5.414423942565918,1.107400894165039,54.880462646484375,True,0,6.521824836730957,6.559116363525391,1.0176706314086914,0.15327334952013583,0.8947604948440235,-0.17494988979489023,"StraightLane index=('>>>', '1S0_0_', 0)",True,199.82138061523438,0.000377655029296875,0.0004348754882712107,"StraightLane index=('>>', '>>>', 0)",True,0.0,True,False,0.6393766403198242,0.7198106050491333,0.0,0.7198106050491333,True,0.0,0.0,0.08,0.0,0.08,0.0
56.264516,"[250.03634643554688, 4.49962043762207, 0.0]","[305.0126647949219, 4.5, 0.0]",5.383600235141714,6.573594570159913,6.591273696467956,0.4418373108386664,-0.219405859708786,54.94990539115685,1.1843528746004504,1.15592479697737,50.44990539115685,-1.1899943350181994,5.39896297454834,1.107400894165039,54.880462646484375,True,0,6.506363868713379,6.573594570159913,1.0176706314086914,0.15327334952013583,0.8947604948440235,-0.17494988979489023,"StraightLane index=('>>>', '1S0_0_', 0)",True,199.92893981933594,0.00037860870361328125,0.0004272460937481719,"StraightLane index=('>>', '>>>', 0)",True,0.0,True,False,0.6393766403198242,0.7198106050491333,0.0,0.7198106050491333,True,0.0,0.0,0.16,0.0,0.16,0.0
56.279996,"[250.1438446044922, 4.499619483947754, 0.0]","[305.1441955566406, 4.5, 0.0]",5.396856308142114,6.601041793823242,6.607352784599215,0.6628036500200274,-0.29597920179367065,54.97631835480398,1.1899943350181994,0.28207302088745223,50.47631835480398,-1.204185485681128,5.386052131652832,1.107400894165039,54.880462646484375,True,0,6.493453025817871,6.601041793823242,1.0176706314086914,0.15327334952013583,0.8947604948440235,-0.17494988979489023,"StraightLane index=('>>>', '1S0_0_', 0)",True,200.03634643554688,0.0003795623779296875,0.0004425048828451384,"StraightLane index=('>>', '>>>', 0)",True,0.0,True,False,0.6393766403198242,0.7198106050491333,0.0,0.7198106050491333,True,0.0,0.0,0.24000000000000002,0.0,0.24000000000000002,0.0
56.299673,"[250.2515106201172, 4.4996185302734375, 0.0]","[305.27508544921875, 4.5, 0.0]",5.414531707924247,6.615054130554199,6.627805070486103,0.8837699891066642,-0.31072595715522766,55.00035094756933,1.204185485681128,0.7095575331464321,50.50035094756933,-1.2005224226299518,5.378402233123779,1.107400894165039,54.880462646484375,True,0,6.485803127288818,6.615054130554199,0.9668779373168945,0.17178674237421354,0.9521263170836822,-0.23231571203454893,"StraightLane index=('>>>', '1S0_0_', 0)",True,200.1438446044922,0.00038051605224609375,0.0004425048828451384,"StraightLane index=('>>', '>>>', 0)",True,0.0,True,False,0.6393766403198242,0.7198106050491333,0.0,0.7198106050491333,True,0.0,0.0,0.32,0.0,0.32,0.0
56.319629,"[250.3594512939453, 4.499617576599121, 0.0]","[305.4066162109375, 4.5, 0.0]",5.43662452713985,6.6432390213012695,6.6499117708365345,1.1046409607801344,-0.2675856351852417,55.02357482440654,1.2005224226299518,-0.1831531525588126,50.52357482440654,-1.2066144941614194,5.376794815063477,1.2041854858398438,55.00035095214844,True,0,6.58098030090332,6.6432390213012695,0.9668779373168945,0.17178674237421354,0.9521263170836822,-0.23231571203454893,"StraightLane index=('>>>', '1S0_0_', 0)",True,200.2515106201172,0.0003814697265625,0.0004501342773681772,"StraightLane index=('>>', '>>>', 0)",True,0.0,True,False,0.6393766403198242,0.7198106050491333,0.0,0.7198106050491333,True,0.0,0.0,0.39999999999999997,0.0,0.39999999999999997,0.0
56.339278,"[250.46774291992188, 4.499616622924805, 0.0]","[305.5387878417969, 4.5, 0.0]",5.46313667313885,6.661857604980469,6.671737895070891,1.3256072999499935,-0.1736033409833908,55.04716491228894,1.2066144941614194,0.3046035765733812,50.54716491228894,-1.1987209318416188,5.381641387939453,1.2041854858398438,55.00035095214844,True,0,6.585826873779297,6.661857604980469,0.9668779373168945,0.17178674237421354,0.9521263170836822,-0.15119003540262144,"StraightLane index=('>>>', '1S0_0_', 0)",True,200.3594512939453,0.00038242340087890625,0.0004501342773681772,"StraightLane index=('>>', '>>>', 0)",True,0.0,True,False,0.6393766403198242,0.8009362816810608,0.0,0.8009362816810608,True,0.0,0.0,0.4799999999999999,0.0,0.4799999999999999,0.0
56.358625,"[250.57647705078125, 4.499615669250488, 0.0]","[305.6720886230469, 4.5, 0.0]",5.490785598920574,6.683995723724365,6.693229891577703,1.3824462890862144,-0.036149922758340836,55.07104491705437,1.1987209318416188,-0.39467811599003255,50.57104491705437,-1.193210124803791,5.393123626708984,1.2041854858398438,55.00035095214844,True,0,6.597309112548828,6.683995723724365,0.9668779373168945,0.17178674237421354,0.9521263170836822,-0.15119003540262144,"StraightLane index=('>>>', '1S0_0_', 0)",True,200.46774291992188,0.0003833770751953125,0.000457763671891216,"StraightLane index=('>>', '>>>', 0)",True,0.0,True,False,0.6393766403198242,0.8009362816810608,0.0,0.8009362816810608,True,0.0,0.0,0.500585176050663,0.0,0.500585176050663,0.0
56.379635,"[250.6857452392578, 4.499614715576172, 0.0]","[305.8070373535156, 4.5, 0.0]",5.5184345247024265,6.706408500671387,6.716535362777849,1.3824462890926092,0.1407802253961563,55.09561156776157,1.193210124803791,-0.27554035189139015,50.59561156776157,-1.1879739759689603,5.4116740226745605,1.2041854858398438,55.00035095214844,True,0,6.615859508514404,6.706408500671387,0.9668779373168945,0.17178674237421354,0.9521263170836822,-0.15119003540262144,"StraightLane index=('>>>', '1S0_0_', 0)",True,200.57647705078125,0.00038433074951171875,0.0004348754882712107,"StraightLane index=('>>', '>>>', 0)",True,0.0,True,False,0.6393766403198242,0.8009362816810608,0.0,0.8009362816810608,True,0.0,0.0,0.500585176050663,0.0,0.500585176050663,0.0
56.39894,"[250.79556274414062, 4.4996137619018555, 0.0]","[305.9396057128906, 4.5, 0.0]",5.546083450484486,6.728424072265625,6.737969433900633,1.3824462891029565,0.34273022413253784,55.121292109638276,1.1879739759689603,-0.26180744174153503,50.621292109638276,-1.1823406217811394,5.4365410804748535,1.2041854858398438,55.00035095214844,True,0,6.640726566314697,6.728424072265625,1.1336994171142578,0.1942875477357912,0.9628089518935319,-0.1618726702124711,"StraightLane index=('>>>', '1S0_0_', 0)",True,200.6857452392578,0.000385284423828125,0.0004425048828451384,"StraightLane index=('>>', '>>>', 0)",True,0.0,True,False,0.6393766403198242,0.8009362816810608,0.0,0.8009362816810608,True,0.0,0.0,0.500585176050663,0.0,0.500585176050663,0.0
56.420224,"[250.9059295654297, 4.499612808227539, 0.0]","[306.07867431640625, 4.5, 0.0]",5.573732376266588,6.751897811889648,6.762527367682826,1.3824462891051326,0.5501475930213928,55.14404296412242,1.1823406217811394,-0.28166770939104246,50.64404296412242,-1.1781654356230602,5.466069221496582,-0.07820796966552734,41.54319381713867,False,-1,5.387861251831055,6.751897811889648,1.1336994171142578,0.1942875477357912,0.9628089518935319,-0.1618726702124711,"StraightLane index=('>>>', '1S0_0_', 0)",True,200.79556274414062,0.00038623809814453125,0.0004425048828451384,"StraightLane index=('>>', '>>>', 0)",True,0.0,True,False,0.6526254415512085,0.8009362816810608,0.0,0.8009362816810608,True,0.0,0.0,0.500585176050663,0.0,0.500585176050663,0.0
56.440281,"[251.016845703125, 4.499611854553223, 0.0]","[306.2148742675781, 4.5, 0.0]",5.592544555834203,6.77506732940674,6.785690067998181,0.9406089783807303,0.7488207221031189,55.17274474634076,1.1781654356230602,-0.2087593079039607,50.67274474634076,-1.1825227735725372,5.4987993240356445,-0.07820796966552734,41.54319381713867,False,-1,5.420591354370117,6.77506732940674,1.1336994171142578,0.1942875477357912,0.9628089518935319,-0.9628089518935319,"StraightLane index=('>>>', '1S0_0_', 0)",True,200.9059295654297,0.0003871917724609375,0.0004425048828451384,"StraightLane index=('>>', '>>>', 0)",True,0.0,True,False,0.6526254415512085,0.0,0.0,0.0,True,0.0,0.0,0.34058517605066296,0.0,0.34058517605066296,0.0
56.459777,"[251.12832641601562, 4.499610900878906, 0.0]","[306.346435546875, 4.5, 0.0]",5.602518081838279,6.797438144683838,6.8082626580845576,0.49867630020381526,0.9291934967041016,55.19802855970027,1.1825227735725372,0.21786689747385068,50.69802855970027,-1.1949200628455587,5.533500671386719,-0.07820796966552734,41.54319381713867,False,-1,5.455292701721191,6.797438144683838,1.1336994171142578,0.1942875477357912,0.9628089518935319,-0.9628089518935319,"StraightLane index=('>>>', '1S0_0_', 0)",True,201.016845703125,0.00038814544677734375,0.0004501342773681772,"StraightLane index=('>>', '>>>', 0)",True,0.0,True,False,0.6526254415512085,0.0,0.0,0.0,True,0.0,0.0,0.18058517605066293,0.0,0.18058517605066293,0.0
56.479392,"[251.24017333984375, 4.49960994720459, 0.0]","[306.48248291015625, 4.5, 0.0]",5.603654861625201,6.820577144622803,6.830917724116869,0.056838989346097435,1.067160725593567,55.218109126098405,1.1949200628455587,0.6198644636510764,50.718109126098405,-1.2169222829976016,5.567245960235596,-0.07820796966552734,41.54319381713867,False,-1,5.489037990570068,6.820577144622803,1.1336994171142578,0.1942875477357912,0.9628089518935319,-0.9628089518935319,"StraightLane index=('>>>', '1S0_0_', 0)",True,201.12832641601562,0.00038909912109375,0.0004501342773681772,"StraightLane index=('>>', '>>>', 0)",True,0.0,True,False,0.6526254415512085,0.0,0.0,0.0,True,0.0,0.0,0.02058517605066293,0.0,0.02058517605066293,0.0
56.499689,"[251.3522186279297, 4.499608993530273, 0.0]","[306.6220703125, 4.5, 0.0]",5.596382141287496,6.84431791305542,6.854391935227718,-0.3636360168852715,1.1418771743774414,55.242309565652526,1.2169222829976016,1.1001110076021448,50.742309565652526,-1.2479357717679243,5.596832752227783,-0.07820796966552734,41.54319381713867,False,-1,5.518624782562256,6.84431791305542,1.1589384078979492,0.21542163723864033,1.026579888887791,-1.026579888887791,"StraightLane index=('>>>', '1S0_0_', 0)",True,201.24017333984375,0.00039005279541015625,0.0004425048828451384,"StraightLane index=('>>', '>>>', 0)",True,0.0,True,False,0.6526254415512085,0.0,0.0,0.0,True,0.0,0.0,0.0,-0.0,0.0,-0.0
56.519291,"[251.46429443359375, 4.499608039855957, 0.0]","[306.7563781738281, 4.5, 0.0]",5.589109420948344,6.86715030670166,6.87741767089187,-0.3636360169575692,1.1409434080123901,55.26985167990215,1.2479357717679243,1.5506744385161308,50.76985167990215,-1.2780408857533159,5.619670867919922,-0.07820796966552734,41.54319381713867,False,-1,5.5414628982543945,6.86715030670166,1.1589384078979492,0.21542163723864033,1.026579888887791,-1.026579888887791,"StraightLane index=('>>>', '1S0_0_', 0)",True,201.3522186279297,0.0003910064697265625,0.0004425048828451384,"StraightLane index=('>>', '>>>', 0)",True,0.0,True,False,0.6526254415512085,0.0,0.0,0.0,True,0.0,0.0,0.0,-0.0,0.0,-0.0
56.539672,"[251.5762176513672, 4.499607086181641, 0.0]","[306.89495849609375, 4.5, 0.0]",5.581836700608479,6.890704154968262,6.901266714024083,-0.36363601699327397,1.061613917350769,55.29208373577434,1.2780408857533159,1.505255699269581,50.79208373577434,-1.308867454359783,5.63388729095459,-0.07820796966552734,41.54319381713867,False,-1,5.5556793212890625,6.890704154968262,1.1589384078979492,0.21542163723864033,1.026579888887791,-1.026579888887791,"StraightLane index=('>>>', '1S0_0_', 0)",True,201.46429443359375,0.00039196014404296875,0.0004272460937481719,"StraightLane index=('>>', '>>>', 0)",True,0.0,True,False,0.6526254415512085,0.0,0.0,0.0,True,0.0,0.0,0.0,-0.0,0.0,-0.0
56.559137,"[251.68800354003906, 4.499606132507324, 0.0]","[307.03253173828125, 4.5, 0.0]",5.574563980267786,6.914086818695068,6.924241937883331,-0.3636360170346187,0.9190877079963684,55.31874084015094,1.308867454359783,1.541328430323352,50.81874084015094,-1.339522838427282,5.639560222625732,-0.07820796966552734,41.54319381713867,False,-1,5.561352252960205,6.914086818695068,1.1589384078979492,0.21542163723864033,1.026579888887791,-1.026579888887791,"StraightLane index=('>>>', '1S0_0_', 0)",True,201.5762176513672,0.000392913818359375,0.0004348754882712107,"StraightLane index=('>>', '>>>', 0)",True,0.0,True,False,0.6526254415512085,0.0,0.0,0.0,True,0.0,0.0,0.0,-0.0,0.0,-0.0
56.579407,"[251.7996368408203, 4.499605178833008, 0.0]","[307.1710510253906, 4.5, 0.0]",5.5672912599268685,6.937626361846924,6.948045838717504,-0.36363601704589854,0.7364923357963562,55.344528194084255,1.339522838427282,1.5327692033749507,50.844528194084255,-1.3703351019200554,5.637946128845215,-0.07820796966552734,41.54319381713867,False,-1,5.5597381591796875,6.937626361846924,1.1589384078979492,0.21542163723864033,1.026579888887791,-1.026579888887791,"StraightLane index=('>>>', '1S0_0_', 0)",True,201.68800354003906,0.00039386749267578125,0.0004043579101790556,"StraightLane index=('>>', '>>>', 0)",True,0.0,True,False,0.6526254415512085,0.0,0.0,0.0,True,0.0,0.0,0.0,-0.0,0.0,-0.0
56.599431,"[251.9111328125, 4.499604225158691, 0.0]","[307.3126220703125, 4.5, 0.0]",5.560018539588552,6.9616875648498535,6.9715820815757485,-0.3636360169158248,0.5411767959594727,55.3714141801938,1.3703351019200554,1.540613174638672,50.8714141801938,-1.4016690252613015,5.631234645843506,-0.07820796966552734,41.54319381713867,False,-1,5.5530266761779785,6.9616875648498535,1.173696517944336,0.23495885164282806,1.1460437180626741,-1.1460437180626741,"StraightLane index=('>>>', '1S0_0_', 0)",True,201.7996368408203,0.0003948211669921875,0.00041961669922513313,"StraightLane index=('>>', '>>>', 0)",True,0.0,True,False,0.6526254415512085,0.0,0.0,0.0,True,0.0,0.0,0.0,-0.0,0.0,-0.0
56.619662,"[252.02247619628906, 4.499603271484375, 0.0]","[307.4530029296875, 4.5, 0.0]",5.552745819250044,6.98508882522583,6.995098145412338,-0.36363601692541714,0.3479953706264496,55.401489253534436,1.4016690252613015,1.5666961670623092,50.901489253534436,-1.4323430059757865,5.6208600997924805,0.3653898239135742,41.62649154663086,False,-1,5.986249923706055,6.98508882522583,1.173696517944336,0.23495885164282806,1.1460437180626741,-1.1460437180626741,"StraightLane index=('>>>', '1S0_0_', 0)",True,201.9111328125,0.00039577484130859375,0.0004119873047020944,"StraightLane index=('>>', '>>>', 0)",True,0.0,True,False,0.6388465762138367,0.0,0.0,0.0,True,0.0,0.0,0.0,-0.0,0.0,-0.0
56.639663,"[252.13368225097656, 4.499602317810059, 0.0]","[307.5933532714844, 4.5, 0.0]",5.545473098913702,7.0082879066467285,7.0183411096725585,-0.36363601681705937,0.16881339251995087,55.430526728899,1.4323430059757865,1.5336990357242453,50.930526728899,-1.462814807733026,5.608123779296875,0.3653898239135742,41.62649154663086,False,-1,5.973513603210449,7.0082879066467285,1.173696517944336,0.23495885164282806,1.1460437180626741,-1.1460437180626741,"StraightLane index=('>>>', '1S0_0_', 0)",True,202.02247619628906,0.000396728515625,0.0004272460937481719,"StraightLane index=('>>', '>>>', 0)",True,0.0,True,False,0.6388465762138367,0.0,0.0,0.0,True,0.0,0.0,0.0,-0.0,0.0,-0.0
56.65983,"[252.24473571777344, 4.499601364135742, 0.0]","[307.7334899902344, 4.5, 0.0]",5.538200378575403,7.031451225280762,7.041778471891882,-0.36363601691498104,0.009750079363584518,55.45967101600045,1.462814807733026,1.5235900878619812,50.95967101600045,-1.493250846705359,5.594034194946289,0.3653898239135742,41.62649154663086,False,-1,5.959424018859863,7.031451225280762,1.173696517944336,0.23495885164282806,1.1460437180626741,-1.1460437180626741,"StraightLane index=('>>>', '1S0_0_', 0)",True,202.13368225097656,0.00039768218994140625,0.0004272460937481719,"StraightLane index=('>>', '>>>', 0)",True,0.0,True,False,0.6388465762138367,0.0,0.0,0.0,True,0.0,0.0,0.0,-0.0,0.0,-0.0
56.67999,"[252.35565185546875, 4.499600410461426, 0.0]","[307.8717041015625, 4.5, 0.0]",5.5309276582377045,7.054294109344482,7.0651207452971105,-0.3636360168849162,-0.129232719540596,55.48875426805334,1.493250846705359,1.5218019486166412,50.98875426805334,-1.523366451106778,5.578964710235596,0.3653898239135742,41.62649154663086,False,-1,5.94435453414917,7.054294109344482,1.173696517944336,0.23495885164282806,1.1460437180626741,-1.1460437180626741,"StraightLane index=('>>>', '1S0_0_', 0)",True,202.24473571777344,0.0003986358642578125,0.00041961669922513313,"StraightLane index=('>>', '>>>', 0)",True,0.0,True,False,0.6388465762138367,0.0,0.0,0.0,True,0.0,0.0,0.0,-0.0,0.0,-0.0
56.699012,"[252.46641540527344, 4.499599456787109, 0.0]","[308.0113220214844, 4.5, 0.0]",5.52365493790019,7.077371597290041,7.087239627954372,-0.36363601687572356,-0.24089264869689941,55.51605224167844,1.523366451106778,1.5057802200709514,51.01605224167844,-1.5537166593898508,5.564094066619873,0.3653898239135742,41.62649154663086,False,-1,5.929483890533447,7.077371597290041,1.1568403244018732,0.2519523778326108,1.2618682064360138,-1.2618682064360138,"StraightLane index=('>>>', '1S0_0_', 0)",True,202.35565185546875,0.00039958953857421875,0.00041961669922513313,"StraightLane index=('>>', '>>>', 0)",True,0.0,True,False,0.6388465762138367,0.0,0.0,0.0,True,0.0,0.0,0.0,-0.0,0.0,-0.0
56.719128,"[252.5770263671875, 4.499598503112793, 0.0]","[308.1539611816406, 4.5, 0.0]",5.5163822175642006,7.100130558013916,7.109859968303328,-0.36363601679947344,-0.3270862102508545,55.54490661167987,1.5537166593898508,1.5175104141536444,51.04490661167987,-1.5837483404497155,5.549816131591797,0.3653898239135742,41.62649154663086,False,-1,5.915205955505371,7.100130558013916,1.1568403244018732,0.2519523778326108,1.2618682064360138,-1.2618682064360138,"StraightLane index=('>>>', '1S0_0_', 0)",True,202.46641540527344,0.000400543212890625,0.0004272460937481719,"StraightLane index=('>>', '>>>', 0)",True,0.0,True,False,0.6388465762138367,0.0,0.0,0.0,True,0.0,0.0,0.0,-0.0,0.0,-0.0
56.739027,"[252.6875, 4.499597549438477, 0.0]","[308.2969665527344, 4.5, 0.0]",5.509109497228001,7.122549533843994,7.132158419015444,-0.36363601680999835,-0.3892299234867096,55.576934809694784,1.5837483404497155,1.5015840529932323,51.076934809694784,-1.6134400366159936,5.536435604095459,0.3653898239135742,41.62649154663086,False,-1,5.901825428009033,7.122549533843994,1.1568403244018732,0.2519523778326108,1.2618682064360138,-1.2618682064360138,"StraightLane index=('>>>', '1S0_0_', 0)",True,202.5770263671875,0.00040149688720703125,0.0004425048828451384,"StraightLane index=('>>', '>>>', 0)",True,0.0,True,False,0.6388465762138367,0.0,0.0,0.0,True,0.0,0.0,0.0,-0.0,0.0,-0.0
56.759544,"[252.79782104492188, 4.49959659576416, 0.0]","[308.4427490234375, 4.5, 0.0]",5.5018367768916585,7.148734092712402,7.155078561590613,-0.3636360168171038,-0.4312446713447571,55.609466548078,1.6134400366159936,1.4845848083139046,51.109466548078,-1.6468973158207438,5.524053573608398,0.3653898239135742,41.62649154663086,False,-1,5.889443397521973,7.148734092712402,1.1568403244018732,0.2519523778326108,1.2618682064360138,-1.2618682064360138,"StraightLane index=('>>>', '1S0_0_', 0)",True,202.6875,0.0004024505615234375,0.0004348754882712107,"StraightLane index=('>>', '>>>', 0)",True,0.0,True,False,0.6388465762138367,0.0,0.0,0.0,True,0.0,0.0,0.0,-0.0,0.0,-0.0
56.780227,"[252.9080047607422, 4.499595642089844, 0.0]","[308.5823974609375, 4.5, 0.0]",5.494564056555013,7.1639585494995135,7.178238359522635,-0.36363601683229163,-0.4602970480918884,55.64492797385098,1.6468973158207438,1.672863960237514,51.14492797385098,-1.6693944929445008,5.512258529663086,0.3653898239135742,41.62649154663086,False,-1,5.87764835357666,7.1639585494995135,1.1568403244018732,0.2519523778326108,1.2618682064360138,-1.2618682064360138,"StraightLane index=('>>>', '1S0_0_', 0)",True,202.79782104492188,0.00040340423583984375,0.0004348754882712107,"StraightLane index=('>>', '>>>', 0)",True,0.0,True,False,0.6388465762138367,0.0,0.0,0.0,True,0.0,0.0,0.0,-0.0,0.0,-0.0
56.800078,"[253.01803588867188, 4.499594688415527, 0.0]","[308.72503662109375, 4.5, 0.0]",5.487291336221262,7.19298791885376,7.2004717822437785,-0.36363601668751855,-0.47377070784568787,55.674392695411974,1.6693944929445008,1.1248588561878492,51.174392695411974,-1.7056965826324975,5.5015740394592285,0.3653898239135742,41.62649154663086,False,-1,5.866963863372803,7.19298791885376,1.1561632156371893,0.26722285259665135,1.3759256313077748,-1.3759256313077748,"StraightLane index=('>>>', '1S0_0_', 0)",True,202.9080047607422,0.00040435791015625,0.0004425048828451384,"StraightLane index=('>>', '>>>', 0)",True,0.0,True,False,0.6388465762138367,0.0,0.0,0.0,True,0.0,0.0,0.0,-0.0,0.0,-0.0
56.819565,"[253.1279296875, 4.499593734741211, 0.0]","[308.8700256347656, 4.5, 0.0]",5.48001861588983,7.207891464233398,7.221000951584891,-0.36363601657161126,-0.4718279242515564,55.70700072717726,1.7056965826324975,1.815104484399832,51.20700072717726,-1.7278728483435684,5.4875617027282715,0.4941587448120117,42.2755126953125,False,-1,5.981720447540283,7.207891464233398,1.1561632156371893,0.26722285259665135,1.3759256313077748,-1.3759256313077748,"StraightLane index=('>>>', '1S0_0_', 0)",True,203.01803588867188,0.00040531158447265625,0.0004730224609372935,"StraightLane index=('>>', '>>>', 0)",True,0.0,True,False,0.6339137554168701,0.0,0.0,0.0,True,0.0,0.0,0.0,-0.0,0.0,-0.0
56.840467,"[253.2376708984375, 4.4995927810668945, 0.0]","[309.0194396972656, 4.5, 0.0]",5.472745895556656,7.236209869384766,7.242973740890619,-0.36363601665869716,-0.47423461079597473,55.74209594224072,1.7278728483435684,1.1088132855535449,51.24209594224072,-1.7634639738281095,5.482590675354004,0.4941587448120117,42.2755126953125,False,-1,5.976749420166016,7.236209869384766,1.1561632156371893,0.26722285259665135,1.3759256313077748,-1.3759256313077748,"StraightLane index=('>>>', '1S0_0_', 0)",True,203.1279296875,0.0004062652587890625,0.000457763671891216,"StraightLane index=('>>', '>>>', 0)",True,0.0,True,False,0.6339137554168701,0.0,0.0,0.0,True,0.0,0.0,0.0,-0.0,0.0,-0.0
56.85868,"[253.34727478027344, 4.499591827392578, 0.0]","[309.15948486328125, 4.5, 0.0]",5.465473175224052,7.249835014343262,7.26212470135299,-0.36363601663018663,-0.4649186134338379,55.78176879368027,1.7634639738281095,1.7795562742270565,51.28176879368027,-1.7843618391192093,5.474142074584961,0.4941587448120117,42.2755126953125,False,-1,5.968300819396973,7.249835014343262,1.1561632156371893,0.26722285259665135,1.3759256313077748,-1.3759256313077748,"StraightLane index=('>>>', '1S0_0_', 0)",True,203.2376708984375,0.00040721893310546875,0.0004653930664142548,"StraightLane index=('>>', '>>>', 0)",True,0.0,True,False,0.6339137554168701,0.0,0.0,0.0,True,0.0,0.0,0.0,-0.0,0.0,-0.0
56.879705,"[253.45672607421875, 4.499590873718262, 0.0]","[309.3085021972656, 4.5, 0.0]",5.458200454888176,7.27809476852417,7.284207896082367,-0.3636360167938335,-0.4515998065471649,55.81221007796543,1.7843618391192093,1.0448932645549913,51.31221007796543,-1.8198943136359942,5.4663472175598145,0.4941587448120117,42.2755126953125,False,-1,5.960505962371826,7.27809476852417,1.1561632156371893,0.26722285259665135,1.3759256313077748,-1.3759256313077748,"StraightLane index=('>>>', '1S0_0_', 0)",True,203.34727478027344,0.000408172607421875,0.000457763671891216,"StraightLane index=('>>', '>>>', 0)",True,0.0,True,False,0.6339137554168701,0.0,0.0,0.0,True,0.0,0.0,0.0,-0.0,0.0,-0.0
56.89901,"[253.5660400390625, 4.499589920043945, 0.0]","[309.4493713378906, 4.5, 0.0]",5.4509277345523595,7.291841983795166,7.30450749444283,-0.3636360167908137,-0.435524582862854,55.851776117995605,1.8198943136359942,1.7766237258392437,51.351776117995605,-1.8409142492428066,5.459098815917969,0.4941587448120117,42.2755126953125,False,-1,5.9532575607299805,7.291841983795166,0.9885406494140625,0.2750994900664784,1.4716937520743025,-1.4716937520743025,"StraightLane index=('>>>', '1S0_0_', 0)",True,203.45672607421875,0.00040912628173828125,0.000457763671891216,"StraightLane index=('>>', '>>>', 0)",True,0.0,True,False,0.6339137554168701,0.0,0.0,0.0,True,0.0,0.0,0.0,-0.0,0.0,-0.0
56.919768,"[253.67520141601562, 4.499588966369629, 0.0]","[309.5964660644531, 4.5, 0.0]",5.443655014214697,7.3184590339660645,7.324597038573447,-0.36363601688313985,-0.4191969037055969,55.88333129376823,1.8409142492428066,1.0509967803406184,51.38333129376823,-1.8748040197513678,5.452226638793945,0.4941587448120117,42.2755126953125,False,-1,5.946385383605957,7.3184590339660645,0.9885406494140625,0.2750994900664784,1.4716937520743025,-1.4716937520743025,"StraightLane index=('>>>', '1S0_0_', 0)",True,203.5660400390625,0.0004100799560546875,0.000457763671891216,"StraightLane index=('>>', '>>>', 0)",True,0.0,True,False,0.6339137554168701,0.0,0.0,0.0,True,0.0,0.0,0.0,-0.0,0.0,-0.0
56.94093,"[253.7842254638672, 4.4995880126953125, 0.0]","[309.7486877441406, 4.5, 0.0]",5.436382293875471,7.331746101379395,7.344991877589585,-0.36363601696129955,-0.4075676202774048,55.92126464348251,1.8748040197513678,1.6944885254280617,51.42126464348251,-1.8953638075039247,5.445164203643799,0.4941587448120117,42.2755126953125,False,-1,5.9393229484558105,7.331746101379395,0.9885406494140625,0.2750994900664784,1.4716937520743025,-1.4716937520743025,"StraightLane index=('>>>', '1S0_0_', 0)",True,203.67520141601562,0.00041103363037109375,0.0004501342773681772,"StraightLane index=('>>', '>>>', 0)",True,0.0,True,False,0.6339137554168701,0.0,0.0,0.0,True,0.0,0.0,0.0,-0.0,0.0,-0.0
56.958983,"[253.89309692382812, 4.499587059020996, 0.0]","[309.8936767578125, 4.5, 0.0]",5.429109573535163,7.357419013977051,7.362409703365621,-0.3636360170153896,-0.3852963447570801,55.96446227542253,1.8953638075039247,1.0279893876278479,51.46446227542253,-1.928309440441888,5.435475826263428,0.4941587448120117,42.2755126953125,False,-1,5.9296345710754395,7.357419013977051,0.9885406494140625,0.2750994900664784,1.4716937520743025,-1.4716937520743025,"StraightLane index=('>>>', '1S0_0_', 0)",True,203.7842254638672,0.0004119873046875,0.0004425048828451384,"StraightLane index=('>>', '>>>', 0)",True,0.0,True,False,0.6339137554168701,0.0,0.0,0.0,True,0.0,0.0,0.0,-0.0,0.0,-0.0
56.979927,"[254.0018310546875, 4.49958610534668, 0.0]","[310.04119873046875, 4.5, 0.0]",5.421836853197633,7.370091915130615,7.382585638198513,-0.3636360168764785,-0.38424211740493774,56.000579829011954,1.928309440441888,1.6472816468981577,51.500579829011954,-1.948255061932982,5.431733131408691,0.4941587448120117,42.2755126953125,False,-1,5.925891876220703,7.370091915130615,0.9885406494140625,0.2750994900664784,1.4716937520743025,-1.4716937520743025,"StraightLane index=('>>>', '1S0_0_', 0)",True,203.89309692382812,0.00041294097900390625,0.0004501342773681772,"StraightLane index=('>>', '>>>', 0)",True,0.0,True,False,0.6339137554168701,0.0,0.0,0.0,True,0.0,0.0,0.0,-0.0,0.0,-0.0
56.999595,"[254.11041259765625, 4.499585151672363, 0.0]","[310.1883544921875, 4.5, 0.0]",5.414564132860298,7.396050930023193,7.401540856007231,-0.36363601686675295,-0.37843024730682373,56.03936767091337,1.948255061932982,0.9972810745547012,51.53936767091337,-1.981486797162895,5.4247307777404785,0.4941587448120117,42.2755126953125,False,-1,5.91888952255249,7.396050930023193,1.0420894622802734,0.2840626722396401,1.5720290903955219,-1.5720290903955219,"StraightLane index=('>>>', '1S0_0_', 0)",True,204.0018310546875,0.0004138946533203125,0.0004425048828451384,"StraightLane index=('>>', '>>>', 0)",True,0.0,True,False,0.6339137554168701,0.0,0.0,0.0,True,0.0,0.0,0.0,-0.0,0.0,-0.0
57.020785,"[254.21885681152344, 4.499584197998047, 0.0]","[310.3369445800781, 4.5, 0.0]",5.407291412522867,7.407366752624512,7.419989281269553,-0.3636360168715491,-0.3721376955509186,56.07794188965485,1.981486797162895,1.6615867614956592,51.57794188965485,-2.0000753401016444,5.417872905731201,1.9482550621032715,56.03936767578125,True,0,7.366127967834473,7.407366752624512,1.0420894622802734,0.2840626722396401,1.5720290903955219,-1.5720290903955219,"StraightLane index=('>>>', '1S0_0_', 0)",True,204.11041259765625,0.00041484832763671875,0.0004425048828451384,"StraightLane index=('>>', '>>>', 0)",True,0.0,True,False,0.6317428946495056,0.0,0.0,0.0,True,0.0,0.0,0.0,-0.0,0.0,-0.0
57.040941,"[254.3271484375, 4.4995832443237305, 0.0]","[310.4862976074219, 4.5, 0.0]",5.411710739304374,7.431466579437256,7.437495394884673,0.2209663390753569,-0.36661264300346375,56.118087763556154,2.0000753401016444,0.9294271469374671,51.618087763556154,-2.0197558401328815,5.411081790924072,1.9482550621032715,56.03936767578125,True,0,7.359336853027344,7.431466579437256,1.0420894622802734,0.2840626722396401,1.5720290903955219,-0.3056633238702533,"StraightLane index=('>>>', '1S0_0_', 0)",True,204.21885681152344,0.000415802001953125,0.0004501342773681772,"StraightLane index=('>>', '>>>', 0)",True,0.0,True,False,0.6317428946495056,1.2663657665252686,0.0,1.2663657665252686,True,0.0,0.0,0.08,0.0,0.08,0.0
57.058889,"[254.43528747558594, 4.499582290649414, 0.0]","[310.6302490234375, 4.5, 0.0]",5.420547485519926,7.44160270690918,7.453117368793499,0.4418373107775597,-0.36124297976493835,56.15914916479984,2.0197558401328815,0.9840250015618501,51.65914916479984,-2.021055221389254,5.404359340667725,1.9482550621032715,56.03936767578125,True,0,7.352614402770996,7.44160270690918,1.0420894622802734,0.2840626722396401,1.5720290903955219,-0.3056633238702533,"StraightLane index=('>>>', '1S0_0_', 0)",True,204.3271484375,0.00041675567626953125,0.000457763671891216,"StraightLane index=('>>', '>>>', 0)",True,0.0,True,False,0.6317428946495056,1.2663657665252686,0.0,1.2663657665252686,True,0.0,0.0,0.16,0.0,0.16,0.0
57.080337,"[254.54351806640625, 4.499581336975098, 0.0]","[310.7834777832031, 4.5, 0.0]",5.4338035585164715,7.466153621673584,7.471700766062078,0.6628036498272927,-0.3386005759239197,56.19496154294958,2.021055221389254,0.06496906281863168,51.69496154294958,-2.0323500631571125,5.399575710296631,1.9482550621032715,56.03936767578125,True,0,7.347830772399902,7.466153621673584,1.0420894622802734,0.2840626722396401,1.5720290903955219,-0.3056633238702533,"StraightLane index=('>>>', '1S0_0_', 0)",True,204.43528747558594,0.0004177093505859375,0.0004425048828451384,"StraightLane index=('>>', '>>>', 0)",True,0.0,True,False,0.6317428946495056,1.2663657665252686,0.0,1.2663657665252686,True,0.0,0.0,0.24000000000000002,0.0,0.24000000000000002,0.0
57.099439,"[254.6519317626953, 4.499580383300781, 0.0]","[310.9322509765625, 4.5, 0.0]",5.451478958296317,7.476849555969238,7.4883538588618155,0.8837699889922668,-0.2842065393924713,56.23995971177211,2.0323500631571125,0.5647420883929222,51.73995971177211,-2.0253705976729215,5.398701190948486,1.9482550621032715,56.03936767578125,True,0,7.346956253051758,7.476849555969238,0.8079862594604492,0.2839359240967918,1.6004268125841907,-0.3340610460589222,"StraightLane index=('>>>', '1S0_0_', 0)",True,204.54351806640625,0.00041866302490234375,0.0004501342773681772,"StraightLane index=('>>', '>>>', 0)",True,0.0,True,False,0.6317428946495056,1.2663657665252686,0.0,1.2663657665252686,True,0.0,0.0,0.32,0.0,0.32,0.0
57.119098,"[254.76060485839844, 4.499579429626465, 0.0]","[311.07855224609375, 4.5, 0.0]",5.473571777510104,7.499162197113037,7.503580241076554,1.1046409606893626,-0.19359944760799408,56.28031920894793,2.0253705976729215,-0.34897327420955193,51.78031920894793,-2.025590419602933,5.402866363525391,2.0323500633239746,56.239959716796875,True,0,7.435216426849365,7.499162197113037,0.8079862594604492,0.2839359240967918,1.6004268125841907,-0.3340610460589222,"StraightLane index=('>>>', '1S0_0_', 0)",True,204.6519317626953,0.00041961669921875,0.0004425048828451384,"StraightLane index=('>>', '>>>', 0)",True,0.0,True,False,0.6317428946495056,1.2663657665252686,0.0,1.2663657665252686,True,0.0,0.0,0.39999999999999997,0.0,0.39999999999999997,0.0
57.139556,"[254.86962890625, 4.499578475952148, 0.0]","[311.2300109863281, 4.5, 0.0]",5.500083923504319,7.508028030395508,7.519360618190629,1.3256072997107626,-0.06581716239452362,56.31794738276757,2.025590419602933,0.010991096500578834,51.81794738276757,-2.0079441068911885,5.412904262542725,2.0323500633239746,56.239959716796875,True,0,7.445254325866699,7.508028030395508,0.8079862594604492,0.2839359240967918,1.6004268125841907,-0.25300230544307745,"StraightLane index=('>>>', '1S0_0_', 0)",True,204.76060485839844,0.00042057037353515625,0.0004425048828451384,"StraightLane index=('>>', '>>>', 0)",True,0.0,True,False,0.6317428946495056,1.3474245071411133,0.0,1.3474245071411133,True,0.0,0.0,0.4799999999999999,0.0,0.4799999999999999,0.0
57.160342,"[254.97909545898438, 4.499577522277832, 0.0]","[311.38287353515625, 4.5, 0.0]",5.531015396280565,7.53037166595459,7.535413955216085,1.5465736388122764,0.08834294974803925,56.36038207547953,2.0079441068911885,-0.8823156355872275,51.86038207547953,-1.999356269674025,5.428421497344971,2.0323500633239746,56.239959716796875,True,0,7.460771560668945,7.53037166595459,0.8079862594604492,0.2839359240967918,1.6004268125841907,-0.25300230544307745,"StraightLane index=('>>>', '1S0_0_', 0)",True,204.86962890625,0.0004215240478515625,0.00041961669922513313,"StraightLane index=('>>', '>>>', 0)",True,0.0,True,False,0.6317428946495056,1.3474245071411133,0.0,1.3474245071411133,True,0.0,0.0,0.5599999999999999,0.0,0.5599999999999999,0.0
57.181298,"[255.08909606933594, 4.499576568603516, 0.0]","[311.5311279296875, 4.5, 0.0]",5.5663642884911715,7.538909912109375,7.551591020653046,1.7674446105303332,0.26567092537879944,56.40377807122684,1.999356269674025,-0.4293918608581748,51.90377807122684,-1.9725456236182035,5.449517250061035,2.0323500633239746,56.239959716796875,True,0,7.48186731338501,7.538909912109375,0.8079862594604492,0.2839359240967918,1.6004268125841907,-0.25300230544307745,"StraightLane index=('>>>', '1S0_0_', 0)",True,204.97909545898438,0.00042247772216796875,0.0004425048828451384,"StraightLane index=('>>', '>>>', 0)",True,0.0,True,False,0.6317428946495056,1.3474245071411133,0.0,1.3474245071411133,True,0.0,0.0,0.64,0.0,0.64,0.0
57.199306,"[255.19972229003906, 4.499575614929199, 0.0]","[311.6842956542969, 4.5, 0.0]",5.606132507483229,7.56128454208374,7.565501807539861,1.9884109496028923,0.4649101793766022,56.44203185584773,1.9725456236182035,-1.3405323027910754,51.94203185584773,-1.955152034600511,5.476569175720215,2.0323500633239746,56.239959716796875,True,0,7.5089192390441895,7.56128454208374,0.8443498611450195,0.2850945768271883,1.5559433993175205,-0.20851889217640718,"StraightLane index=('>>>', '1S0_0_', 0)",True,205.08909606933594,0.000423431396484375,0.0004119873047020944,"StraightLane index=('>>', '>>>', 0)",True,0.0,True,False,0.6317428946495056,1.3474245071411133,0.0,1.3474245071411133,True,0.0,0.0,0.7200000000000001,0.0,0.7200000000000001,0.0
57.219824,"[255.31105041503906, 4.499574661254883, 0.0]","[311.83648681640625, 4.5, 0.0]",5.650320053259159,7.568880558013916,7.579569640460167,2.2093772887964658,0.6806768178939819,56.48457335940974,1.955152034600511,-0.8696794508846306,51.98457335940974,-1.9185605047547574,5.509397506713867,1.9725456237792969,56.44203186035156,True,0,7.481943130493164,7.568880558013916,0.8443498611450195,0.2850945768271883,1.5559433993175205,-0.20851889217640718,"StraightLane index=('>>>', '1S0_0_', 0)",True,205.19972229003906,0.00042438507080078125,0.0004348754882712107,"StraightLane index=('>>', '>>>', 0)",True,0.0,True,False,0.6478463411331177,1.3474245071411133,0.0,1.3474245071411133,True,0.0,0.0,0.8000000000000002,0.0,0.8000000000000002,0.0
57.239214,"[255.4231719970703, 4.499573707580566, 0.0]","[311.984619140625, 4.5, 0.0]",5.696128845373724,7.588858127593994,7.592811230552679,2.290439605728256,1.003336787223816,56.525436396736225,1.9185605047547574,-1.8295764922876767,52.025436396736225,-1.8927292822202704,5.566883563995361,1.9725456237792969,56.44203186035156,True,0,7.539429187774658,7.588858127593994,0.8443498611450195,0.2850945768271883,1.5559433993175205,-0.2289842661693271,"StraightLane index=('>>>', '1S0_0_', 0)",True,205.31105041503906,0.0004253387451171875,0.00041961669922513313,"StraightLane index=('>>', '>>>', 0)",True,0.0,True,False,0.6478463411331177,1.3269591331481934,0.0,1.3269591331481934,True,0.0,0.0,0.8293494582176208,0.0,0.8293494582176208,0.0
57.258848,"[255.5361785888672, 4.49957275390625, 0.0]","[312.1353759765625, 4.5, 0.0]",5.7419376374897535,7.59907388687134,7.60619520363445,2.2904396058014864,1.1412487030029297,56.56144713891578,1.8927292822202704,-1.2915611267243499,52.06144713891578,-1.8571362493815862,5.591383934020996,1.9725456237792969,56.44203186035156,True,0,7.563929557800293,7.59907388687134,0.8443498611450195,0.2850945768271883,1.5559433993175205,-0.2289842661693271,"StraightLane index=('>>>', '1S0_0_', 0)",True,205.4231719970703,0.00042629241943359375,0.00041961669922513313,"StraightLane index=('>>', '>>>', 0)",True,0.0,True,False,0.6478463411331177,1.3269591331481934,0.0,1.3269591331481934,True,0.0,0.0,0.8293494582176208,0.0,0.8293494582176208,0.0
57.280064,"[255.6501007080078, 4.499571800231934, 0.0]","[312.2920837402344, 4.5, 0.0]",5.787746429607227,7.609822750091553,7.620707151198038,2.2904396058736953,1.4731281995773315,56.59919738282222,1.8571362493815862,-1.77965164193421,52.09919738282222,-1.8220763204843253,5.663779258728027,1.9725456237792969,56.44203186035156,True,0,7.636324882507324,7.609822750091553,0.8443498611450195,0.2850945768271883,1.5559433993175205,-0.2289842661693271,"StraightLane index=('>>>', '1S0_0_', 0)",True,205.5361785888672,0.00042724609375,0.0004348754882712107,"StraightLane index=('>>', '>>>', 0)",True,0.0,True,False,0.6478463411331177,1.3269591331481934,0.0,1.3269591331481934,True,0.0,0.0,0.8293494582176208,0.0,0.8293494582176208,0.0
57.298955,"[255.7649383544922, 4.499570846557617, 0.0]","[312.4396667480469, 4.5, 0.0]",5.833555221723879,7.629752159118652,7.633618574310451,2.2904396058325727,1.6023637056350708,56.64198302711446,1.8220763204843253,-1.752996444863042,52.14198302711446,-1.7961969373947735,5.692067623138428,1.9725456237792969,56.44203186035156,True,0,7.664613246917725,7.629752159118652,0.6846761703491211,0.28054878510668874,1.4480767944132915,-0.12111766126509815,"StraightLane index=('>>>', '1S0_0_', 0)",True,205.6501007080078,0.00042819976806640625,0.0004501342773681772,"StraightLane index=('>>', '>>>', 0)",True,0.0,True,False,0.6478463411331177,1.3269591331481934,0.0,1.3269591331481934,True,0.0,0.0,0.8293494582176208,0.0,0.8293494582176208,0.0
57.319604,"[255.8806915283203, 4.499569892883301, 0.0]","[312.597412109375, 4.5, 0.0]",5.879364013840043,7.636077404022217,7.646152420651658,2.290439605808192,1.8044006824493408,56.67472838843409,1.7961969373947735,-1.2939691544775922,52.17472838843409,-1.756713390182174,5.746131896972656,1.8220763206481934,56.64198303222656,True,0,7.56820821762085,7.636077404022217,0.6846761703491211,0.28054878510668874,1.4480767944132915,-0.12111766126509815,"StraightLane index=('>>>', '1S0_0_', 0)",True,205.7649383544922,0.0004291534423828125,0.0004501342773681772,"StraightLane index=('>>', '>>>', 0)",True,0.0,True,False,0.6478463411331177,1.3269591331481934,0.0,1.3269591331481934,True,0.0,0.0,0.8293494582176208,0.0,0.8293494582176208,0.0
57.339126,"[255.99737548828125, 4.499568939208984, 0.0]","[312.7469177246094, 4.5, 0.0]",5.92278862016683,7.654524326324463,7.657930407359056,2.1712303163393454,2.0312068462371826,56.716720576041396,1.756713390182174,-1.9741773606299695,52.216720576041396,-1.7317357061576333,5.8264994621276855,1.8220763206481934,56.64198303222656,True,0,7.648575782775879,7.654524326324463,0.6846761703491211,0.28054878510668874,1.4480767944132915,-0.1901614167964092,"StraightLane index=('>>>', '1S0_0_', 0)",True,205.8806915283203,0.00043010711669921875,0.0004425048828451384,"StraightLane index=('>>', '>>>', 0)",True,0.0,True,False,0.6478463411331177,1.2579153776168823,0.0,1.2579153776168823,True,0.0,0.0,0.7861971110105515,0.0,0.7861971110105515,0.0
57.359332,"[256.1149597167969, 4.499567985534668, 0.0]","[312.9033203125, 4.5, 0.0]",5.96621322649311,7.660184860229492,7.67016723959034,2.1712303163140323,2.1208996772766113,56.74954223142175,1.7317357061576333,-1.2488842012270407,52.24954223142175,-1.693971633736382,5.856220722198486,1.8220763206481934,56.64198303222656,True,0,7.67829704284668,7.660184860229492,0.6846761703491211,0.28054878510668874,1.4480767944132915,-0.1901614167964092,"StraightLane index=('>>>', '1S0_0_', 0)",True,205.99737548828125,0.000431060791015625,0.0004348754882712107,"StraightLane index=('>>', '>>>', 0)",True,0.0,True,False,0.6478463411331177,1.2579153776168823,0.0,1.2579153776168823,True,0.0,0.0,0.7861971110105515,0.0,0.7861971110105515,0.0
57.379434,"[256.2334289550781, 4.499567031860352, 0.0]","[313.0539855957031, 4.5, 0.0]",6.0096378328187665,7.678722858428955,7.682299088755647,2.171230316282813,2.228571653366089,56.78836059067297,1.693971633736382,-1.8882036210625674,52.28836059067297,-1.6690850256101886,5.910337448120117,1.8220763206481934,56.64198303222656,True,0,7.7324137687683105,7.678722858428955,0.6846761703491211,0.28054878510668874,1.4480767944132915,-0.1901614167964092,"StraightLane index=('>>>', '1S0_0_', 0)",True,206.11495971679688,0.00043201446533203125,0.0004425048828451384,"StraightLane index=('>>', '>>>', 0)",True,0.0,True,False,0.6478463411331177,1.2579153776168823,0.0,1.2579153776168823,True,0.0,0.0,0.7861971110105515,0.0,0.7861971110105515,0.0
57.399979,"[256.3527526855469, 4.499566078186035, 0.0]","[313.2095947265625, 4.5, 0.0]",6.053062439145935,7.684319972991943,7.69470384008661,2.171230316358441,2.3013455867767334,56.820556635702104,1.6690850256101886,-1.2443304063096683,52.320556635702104,-1.631257533846008,5.962740421295166,1.8220763206481934,56.64198303222656,True,0,7.784816741943359,7.684319972991943,0.5456781387329102,0.2715926414516717,1.3319100384515772,-0.07399466083469486,"StraightLane index=('>>>', '1S0_0_', 0)",True,206.23342895507812,0.0004329681396484375,0.0004348754882712107,"StraightLane index=('>>', '>>>', 0)",True,0.0,True,False,0.6478463411331177,1.2579153776168823,0.0,1.2579153776168823,True,0.0,0.0,0.7861971110105515,0.0,0.7861971110105515,0.0
57.419603,"[256.4729309082031, 4.499565124511719, 0.0]","[313.36077880859375, 4.5, 0.0]",6.096487045474466,7.702030658721924,7.705370261885599,2.17123031642652,2.344191551208496,56.856842035734175,1.631257533846008,-1.8913745882090272,52.356842035734175,-1.605543613247458,6.013327121734619,1.6690850257873535,56.820556640625,True,0,7.682412147521973,7.702030658721924,0.5456781387329102,0.2715926414516717,1.3319100384515772,-0.07399466083469486,"StraightLane index=('>>>', '1S0_0_', 0)",True,206.35275268554688,0.00043392181396484375,0.000457763671891216,"StraightLane index=('>>', '>>>', 0)",True,0.0,True,False,0.6587508916854858,1.2579153776168823,0.0,1.2579153776168823,True,0.0,0.0,0.7861971110105515,0.0,0.7861971110105515,0.0
57.439992,"[256.593994140625, 4.499564170837402, 0.0]","[313.51910400390625, 4.5, 0.0]",6.137569427682599,7.706519126892092,7.716469461240248,2.054119110406649,2.3482823371887207,56.88784789510056,1.605543613247458,-1.2856960299274967,52.38784789510056,-1.568949699209493,6.084196090698242,1.6690850257873535,56.820556640625,True,0,7.753281116485596,7.706519126892092,0.5456781387329102,0.2715926414516717,1.3319100384515772,-0.14184405849399662,"StraightLane index=('>>>', '1S0_0_', 0)",True,206.47293090820312,0.00043487548828125,0.000457763671891216,"StraightLane index=('>>', '>>>', 0)",True,0.0,True,False,0.6587508916854858,1.1900659799575806,0.0,1.1900659799575806,True,0.0,0.0,0.7437912374734879,0.0,0.7437912374734879,0.0
57.459608,"[256.7159118652344, 4.499563217163086, 0.0]","[313.6732482910156, 4.5, 0.0]",6.178651809889217,7.724044322967529,7.727149992220477,2.054119110330932,2.348783254623413,56.92510985786328,1.568949699209493,-1.8296957018982596,52.42510985786328,-1.545392513078312,6.131430625915527,1.6690850257873535,56.820556640625,True,0,7.800515651702881,7.724044322967529,0.5456781387329102,0.2715926414516717,1.3319100384515772,-0.14184405849399662,"StraightLane index=('>>>', '1S0_0_', 0)",True,206.593994140625,0.00043582916259765625,0.0004653930664142548,"StraightLane index=('>>', '>>>', 0)",True,0.0,True,False,0.6587508916854858,1.1900659799575806,0.0,1.1900659799575806,True,0.0,0.0,0.7437912374734879,0.0,0.7437912374734879,0.0
57.480038,"[256.8386535644531, 4.4995622634887695, 0.0]","[313.82769775390625, 4.5, 0.0]",6.219734192092748,7.728259086608887,7.738254591322877,2.054119110176522,2.3611583709716797,56.95733642035447,1.545392513078312,-1.1778593065590481,52.45733642035447,-1.508524894516139,6.156216621398926,1.6690850257873535,56.820556640625,True,0,7.825301647186279,7.728259086608887,0.5456781387329102,0.2715926414516717,1.3319100384515772,-0.14184405849399662,"StraightLane index=('>>>', '1S0_0_', 0)",True,206.71591186523438,0.0004367828369140625,0.0004653930664142548,"StraightLane index=('>>', '>>>', 0)",True,0.0,True,False,0.6587508916854858,1.1900659799575806,0.0,1.1900659799575806,True,0.0,0.0,0.7437912374734879,0.0,0.7437912374734879,0.0
57.499512,"[256.96221923828125, 4.499561309814453, 0.0]","[313.98162841796875, 4.5, 0.0]",6.260816574296289,7.7457685470581055,7.748854479198717,2.054119110177055,2.3340094089508057,56.98904418448918,1.508524894516139,-1.843380928108651,52.48904418448918,-1.4849519727618166,6.2003045082092285,1.6690850257873535,56.820556640625,True,0,7.869389533996582,7.7457685470581055,0.6144857406616211,0.26594037822966127,1.231159160524842,-0.04109318056726141,"StraightLane index=('>>>', '1S0_0_', 0)",True,206.83865356445312,0.00043773651123046875,0.0004348754882712107,"StraightLane index=('>>', '>>>', 0)",True,0.0,True,False,0.6587508916854858,1.1900659799575806,0.0,1.1900659799575806,True,0.0,0.0,0.7437912374734879,0.0,0.7437912374734879,0.0
57.51995,"[257.08660888671875, 4.499560356140137, 0.0]","[314.1371154785156, 4.5, 0.0]",6.301898956503828,7.749421119689941,7.759136409688532,2.0541191103769396,2.2961690425872803,57.019409174362764,1.4849519727618166,-1.1786460877161176,52.519409174362764,-1.4475221631861137,6.242640972137451,1.5085248947143555,56.989044189453125,True,0,7.751165866851807,7.749421119689941,0.6144857406616211,0.26594037822966127,1.231159160524842,-0.04109318056726141,"StraightLane index=('>>>', '1S0_0_', 0)",True,206.96221923828125,0.000438690185546875,0.000457763671891216,"StraightLane index=('>>', '>>>', 0)",True,0.0,True,False,0.6587508916854858,1.1900659799575806,0.0,1.1900659799575806,True,0.0,0.0,0.7437912374734879,0.0,0.7437912374734879,0.0
57.540292,"[257.2118225097656, 4.49955940246582, 0.0]","[314.2926940917969, 4.5, 0.0]",6.339801788539169,7.7661333084106445,7.7693485705938885,1.8951416017670475,2.2569265365600586,57.05050658622304,1.4475221631861137,-1.8714904787851427,52.55050658622304,-1.4263315198714759,6.28406286239624,1.5085248947143555,56.989044189453125,True,0,7.792587757110596,7.7661333084106445,0.6144857406616211,0.26594037822966127,1.231159160524842,-0.13318640986108465,"StraightLane index=('>>>', '1S0_0_', 0)",True,207.08660888671875,0.00043964385986328125,0.0004730224609372935,"StraightLane index=('>>', '>>>', 0)",True,0.0,True,False,0.6587508916854858,1.0979727506637573,0.0,1.0979727506637573,True,0.0,0.0,0.6862329691648483,0.0,0.6862329691648483,0.0
57.559064,"[257.3378601074219, 4.499558448791504, 0.0]","[314.447509765625, 4.5, 0.0]",6.37770462057357,7.7694625854492205,7.7787756401386225,1.8951416017200629,2.2190768718719482,57.08087157668931,1.4263315198714759,-1.0595321657318912,52.58087157668931,-1.3917579648756506,6.324850082397461,1.5085248947143555,56.989044189453125,True,0,7.833374977111816,7.7694625854492205,0.6144857406616211,0.26594037822966127,1.231159160524842,-0.13318640986108465,"StraightLane index=('>>>', '1S0_0_', 0)",True,207.21182250976562,0.0004405975341796875,0.000457763671891216,"StraightLane index=('>>', '>>>', 0)",True,0.0,True,False,0.6587508916854858,1.0979727506637573,0.0,1.0979727506637573,True,0.0,0.0,0.6862329691648483,0.0,0.6862329691648483,0.0
57.580129,"[257.46466064453125, 4.4995574951171875, 0.0]","[314.60357666015625, 4.5, 0.0]",6.415607452607619,7.786207675933838,7.789344516208767,1.895141601702477,2.175302028656006,57.10964965285265,1.3917579648756506,-1.728677749791263,52.60964965285265,-1.3706002233262184,6.364273548126221,1.5085248947143555,56.989044189453125,True,0,7.872798442840576,7.786207675933838,0.6144857406616211,0.26594037822966127,1.231159160524842,-0.13318640986108465,"StraightLane index=('>>>', '1S0_0_', 0)",True,207.33786010742188,0.00044155120849609375,0.000457763671891216,"StraightLane index=('>>', '>>>', 0)",True,0.0,True,False,0.6587508916854858,1.0979727506637573,0.0,1.0979727506637573,True,0.0,0.0,0.6862329691648483,0.0,0.6862329691648483,0.0
57.59957,"[257.59222412109375, 4.499556541442871, 0.0]","[314.75897216796875, 4.5, 0.0]",6.453510284636837,7.789576053619385,7.799101616624591,1.8951416014608924,2.1268274784088135,57.138916010145756,1.3706002233262184,-1.0578870774716087,52.638916010145756,-1.3360657689825475,6.402273178100586,1.5085248947143555,56.989044189453125,True,0,7.910798072814941,7.789576053619385,0.43807506561279297,0.2546789677031429,1.1231217175417987,-0.025148966878041357,"StraightLane index=('>>>', '1S0_0_', 0)",True,207.46466064453125,0.0004425048828125,0.0004653930664142548,"StraightLane index=('>>', '>>>', 0)",True,0.0,True,False,0.6587508916854858,1.0979727506637573,0.0,1.0979727506637573,True,0.0,0.0,0.6862329691648483,0.0,0.6862329691648483,0.0
57.619393,"[257.7205505371094, 4.499555587768555, 0.0]","[314.91156005859375, 4.5, 0.0]",6.4914131166652975,7.805797100067139,7.8086875793025525,1.8951416014230116,2.081850528717041,57.16674804186251,1.3360657689825475,-1.7267227171835486,52.66674804186251,-1.3143839834018411,6.439684867858887,1.3706002235412598,57.138916015625,True,0,7.8102850914001465,7.805797100067139,0.43807506561279297,0.2546789677031429,1.1231217175417987,-0.025148966878041357,"StraightLane index=('>>>', '1S0_0_', 0)",True,207.59222412109375,0.00044345855712890625,0.0004348754882712107,"StraightLane index=('>>', '>>>', 0)",True,0.0,True,False,0.6693018674850464,1.0979727506637573,0.0,1.0979727506637573,True,0.0,0.0,0.6862329691648483,0.0,0.6862329691648483,0.0
57.639905,"[257.849609375, 4.499554634094238, 0.0]","[315.0721130371094, 4.5, 0.0]",6.526504516808205,7.809042930603027,7.818592167608613,1.754570007145384,2.0374860763549805,57.191009516227965,1.3143839834018411,-1.0840892790353163,52.691009516227965,-1.2825384137948221,6.476285934448242,1.3706002235412598,57.138916015625,True,0,7.846886157989502,7.809042930603027,0.43807506561279297,0.2546789677031429,1.1231217175417987,-0.1065908461505023,"StraightLane index=('>>>', '1S0_0_', 0)",True,207.72055053710938,0.0004444122314453125,0.0004501342773681772,"StraightLane index=('>>', '>>>', 0)",True,0.0,True,False,0.6693018674850464,1.0165308713912964,0.0,1.0165308713912964,True,0.0,0.0,0.6353317946195602,0.0,0.6353317946195602,0.0
57.65937,"[257.97943115234375, 4.499553680419922, 0.0]","[315.2279357910156, 4.5, 0.0]",6.561595916950532,7.825328350067139,7.82799837526094,1.7545700071163406,1.9969826936721802,57.22250365696315,1.2825384137948221,-1.5922784803509504,52.72250365696315,-1.2637324331166067,6.512396812438965,1.3706002235412598,57.138916015625,True,0,7.882997035980225,7.825328350067139,0.43807506561279297,0.2546789677031429,1.1231217175417987,-0.1065908461505023,"StraightLane index=('>>>', '1S0_0_', 0)",True,207.849609375,0.00044536590576171875,0.0004425048828451384,"StraightLane index=('>>', '>>>', 0)",True,0.0,True,False,0.6693018674850464,1.0165308713912964,0.0,1.0165308713912964,True,0.0,0.0,0.6353317946195602,0.0,0.6353317946195602,0.0
57.679915,"[258.1099548339844, 4.4995527267456055, 0.0]","[315.38482666015625, 4.5, 0.0]",6.596687317094696,7.831681728363037,7.837917341979219,1.7545700072081782,1.9609589576721191,57.24850463386786,1.2637324331166067,-0.9402990339107742,52.74850463386786,-1.2349944112683415,6.548213481903076,1.3706002235412598,57.138916015625,True,0,7.918813705444336,7.831681728363037,0.43807506561279297,0.2546789677031429,1.1231217175417987,-0.1065908461505023,"StraightLane index=('>>>', '1S0_0_', 0)",True,207.97943115234375,0.000446319580078125,0.00041961669922513313,"StraightLane index=('>>', '>>>', 0)",True,0.0,True,False,0.6693018674850464,1.0165308713912964,0.0,1.0165308713912964,True,0.0,0.0,0.6353317946195602,0.0,0.6353317946195602,0.0
57.699444,"[258.2411804199219, 4.499551773071289, 0.0]","[315.5408020019531, 4.5, 0.0]",6.6317787172398015,7.841311454772949,7.847350905309546,1.754570007255296,1.9218153953552246,57.27487182136017,1.2349944112683415,-1.4369010924132564,52.77487182136017,-1.2095327375331477,6.582987308502197,1.3706002235412598,57.138916015625,True,0,7.953587532043457,7.841311454772949,0.5173540115356445,0.24731846133657617,1.0335147407331222,-0.01698386934182583,"StraightLane index=('>>>', '1S0_0_', 0)",True,208.10995483398438,0.00044727325439453125,0.00041961669922513313,"StraightLane index=('>>', '>>>', 0)",True,0.0,True,False,0.6693018674850464,1.0165308713912964,0.0,1.0165308713912964,True,0.0,0.0,0.6353317946195602,0.0,0.6353317946195602,0.0
57.71932,"[258.37310791015625, 4.499550819396973, 0.0]","[315.694580078125, 4.5, 0.0]",6.6668701173835085,7.850778102874756,7.856972367666614,1.754570007185352,1.8835664987564087,57.29962157709582,1.2095327375331477,-1.2730836867596906,52.79962157709582,-1.1839079854912473,6.617048263549805,1.2349944114685059,57.274871826171875,True,0,7.8520426750183105,7.850778102874756,0.5173540115356445,0.24731846133657617,1.0335147407331222,-0.01698386934182583,"StraightLane index=('>>>', '1S0_0_', 0)",True,208.24118041992188,0.0004482269287109375,0.0004272460937481719,"StraightLane index=('>>', '>>>', 0)",True,0.0,True,False,0.6693018674850464,1.0165308713912964,0.0,1.0165308713912964,True,0.0,0.0,0.6353317946195602,0.0,0.6353317946195602,0.0
57.739318,"[258.5057373046875, 4.499549865722656, 0.0]","[315.85235595703125, 4.5, 0.0]",6.698972702222726,7.860479354858398,7.866652070483845,1.6051292419608565,1.8475549221038818,57.321472162790116,1.1839079854912473,-1.28123760209502,52.821472162790116,-1.1615066526356728,6.650612831115723,1.2349944114685059,57.274871826171875,True,0,7.8856072425842285,7.860479354858398,0.5173540115356445,0.24731846133657617,1.0335147407331222,-0.10357606676003872,"StraightLane index=('>>>', '1S0_0_', 0)",True,208.37310791015625,0.00044918060302734375,0.0004425048828451384,"StraightLane index=('>>', '>>>', 0)",True,0.0,True,False,0.6693018674850464,0.9299386739730835,0.0,0.9299386739730835,True,0.0,0.0,0.5812116712331772,0.0,0.5812116712331772,0.0
57.759048,"[258.6390686035156, 4.49954891204834, 0.0]","[316.0125732421875, 4.5, 0.0]",6.731075287061778,7.870329380035401,7.876204799300945,1.6051292419525964,1.8160487413406372,57.346618647156994,1.1615066526356728,-1.1200666427787276,52.846618647156994,-1.1392540929736237,6.683926105499268,1.2349944114685059,57.274871826171875,True,0,7.918920516967773,7.870329380035401,0.5173540115356445,0.24731846133657617,1.0335147407331222,-0.10357606676003872,"StraightLane index=('>>>', '1S0_0_', 0)",True,208.5057373046875,0.00045013427734375,0.0004425048828451384,"StraightLane index=('>>', '>>>', 0)",True,0.0,True,False,0.6693018674850464,0.9299386739730835,0.0,0.9299386739730835,True,0.0,0.0,0.5812116712331772,0.0,0.5812116712331772,0.0
57.780178,"[258.7730407714844, 4.499547958374023, 0.0]","[316.170166015625, 4.5, 0.0]",6.763177871900979,7.880019664764404,7.886424072581996,1.6051292419600571,1.7889326810836792,57.37350463371306,1.1392540929736237,-1.1126279831024544,52.87350463371306,-1.1168417928634256,6.717116355895996,1.2349944114685059,57.274871826171875,True,0,7.952110767364502,7.880019664764404,0.5173540115356445,0.24731846133657617,1.0335147407331222,-0.10357606676003872,"StraightLane index=('>>>', '1S0_0_', 0)",True,208.63906860351562,0.00045108795166015625,0.0004272460937481719,"StraightLane index=('>>', '>>>', 0)",True,0.0,True,False,0.6693018674850464,0.9299386739730835,0.0,0.9299386739730835,True,0.0,0.0,0.5812116712331772,0.0,0.5812116712331772,0.0
57.800097,"[258.90765380859375, 4.499547004699707, 0.0]","[316.32763671875, 4.5, 0.0]",6.795280456740438,7.889702320098877,7.896070795278107,1.6051292419729801,1.7268645763397217,57.39712523905636,1.1168417928634256,-1.1206150055099062,52.89712523905636,-1.0944218633584386,6.763680458068848,1.2349944114685059,57.274871826171875,True,0,7.9986748695373535,7.889702320098877,0.48390865325927734,0.23952341806699326,0.9508976292499784,-0.020958955276894953,"StraightLane index=('>>>', '1S0_0_', 0)",True,208.77304077148438,0.0004520416259765625,0.0004348754882712107,"StraightLane index=('>>', '>>>', 0)",True,0.0,True,False,0.6693018674850464,0.9299386739730835,0.0,0.9299386739730835,True,0.0,0.0,0.5812116712331772,0.0,0.5812116712331772,0.0
57.819328,"[259.04290771484375, 4.499546051025391, 0.0]","[316.482421875, 4.5, 0.0]",6.827383041582218,7.899514198303223,7.905860397373601,1.6051292420889762,1.7272099256515503,57.41998290470444,1.0944218633584386,-1.1209964752493473,52.91998290470444,-1.0721311567210048,6.780985355377197,1.1168417930603027,57.397125244140625,True,0,7.8978271484375,7.899514198303223,0.48390865325927734,0.23952341806699326,0.9508976292499784,-0.020958955276894953,"StraightLane index=('>>>', '1S0_0_', 0)",True,208.90765380859375,0.00045299530029296875,0.000457763671891216,"StraightLane index=('>>', '>>>', 0)",True,0.0,True,False,0.6807554960250854,0.9299386739730835,0.0,0.9299386739730835,True,0.0,0.0,0.5812116712331772,0.0,0.5812116712331772,0.0
57.839299,"[259.1788024902344, 4.499545097351074, 0.0]","[316.64105224609375, 4.5, 0.0]",6.856935501301162,7.9097065925598145,7.916024607685844,1.4776229859472245,1.6974529027938843,57.4395141546962,1.0721311567210048,-1.114535331871691,52.9395141546962,-1.052771091258652,6.812124252319336,1.1168417930603027,57.397125244140625,True,0,7.928966045379639,7.9097065925598145,0.48390865325927734,0.23952341806699326,0.9508976292499784,-0.0948336672672514,"StraightLane index=('>>>', '1S0_0_', 0)",True,209.04290771484375,0.000453948974609375,0.000457763671891216,"StraightLane index=('>>', '>>>', 0)",True,0.0,True,False,0.6807554960250854,0.856063961982727,0.0,0.856063961982727,True,0.0,0.0,0.5350399762392044,0.0,0.5350399762392044,0.0
57.859109,"[259.3153381347656, 4.499544143676758, 0.0]","[316.802490234375, 4.5, 0.0]",6.886487961019424,7.920080661773682,7.92611249292617,1.477622985913074,1.6710313558578491,57.46224975075152,1.052771091258652,-0.9680032731176347,52.96224975075152,-1.0335927007542578,6.843008518218994,1.1168417930603027,57.397125244140625,True,0,7.959850311279297,7.920080661773682,0.48390865325927734,0.23952341806699326,0.9508976292499784,-0.0948336672672514,"StraightLane index=('>>>', '1S0_0_', 0)",True,209.17880249023438,0.00045490264892578125,0.0004348754882712107,"StraightLane index=('>>', '>>>', 0)",True,0.0,True,False,0.6807554960250854,0.856063961982727,0.0,0.856063961982727,True,0.0,0.0,0.5350399762392044,0.0,0.5350399762392044,0.0
57.879939,"[259.4524841308594, 4.499543190002441, 0.0]","[316.961669921875, 4.5, 0.0]",6.916040420737642,7.930309295654297,7.936707463322831,1.477622985910898,1.6432507038116455,57.48715209437424,1.0335927007542578,-0.9589195252197147,52.98715209437424,-1.014268874916655,6.87326192855835,1.1168417930603027,57.397125244140625,True,0,7.990103721618652,7.930309295654297,0.48390865325927734,0.23952341806699326,0.9508976292499784,-0.0948336672672514,"StraightLane index=('>>>', '1S0_0_', 0)",True,209.31533813476562,0.0004558563232421875,0.0004425048828451384,"StraightLane index=('>>', '>>>', 0)",True,0.0,True,False,0.6807554960250854,0.856063961982727,0.0,0.856063961982727,True,0.0,0.0,0.5350399762392044,0.0,0.5350399762392044,0.0
57.899691,"[259.5902099609375, 4.499542236328125, 0.0]","[317.11962890625, 4.5, 0.0]",6.945592880460058,7.940457820892335,7.946752842502768,1.477622986120819,1.6130388975143433,57.509185785651994,1.014268874916655,-0.9661912918801363,53.009185785651994,-0.9948649404322767,6.9026641845703125,1.1168417930603027,57.397125244140625,True,0,8.019505977630615,7.940457820892335,0.5075550079345792,0.2333355015380042,0.8799977128189841,-0.02393375083625704,"StraightLane index=('>>>', '1S0_0_', 0)",True,209.45248413085938,0.00045680999755859375,0.0004501342773681772,"StraightLane index=('>>', '>>>', 0)",True,0.0,True,False,0.6807554960250854,0.856063961982727,0.0,0.856063961982727,True,0.0,0.0,0.5350399762392044,0.0,0.5350399762392044,0.0
57.920326,"[259.728515625, 4.499541282653809, 0.0]","[317.2790832519531, 4.5, 0.0]",6.975145340180742,7.951256275177002,7.958143189541205,1.4776229860341772,1.5615469217300415,57.529418939819095,0.9948649404322767,-0.9701967242189191,53.029418939819095,-0.9761109349962602,6.945116996765137,1.0142688751220703,57.509185791015625,True,0,7.959385871887207,7.951256275177002,0.5075550079345792,0.2333355015380042,0.8799977128189841,-0.02393375083625704,"StraightLane index=('>>>', '1S0_0_', 0)",True,209.5902099609375,0.000457763671875,0.000457763671891216,"StraightLane index=('>>', '>>>', 0)",True,0.0,True,False,0.6807554960250854,0.856063961982727,0.0,0.856063961982727,True,0.0,0.0,0.5350399762392044,0.0,0.5350399762392044,0.0
57.939351,"[259.867431640625, 4.499540328979492, 0.0]","[317.4350280761719, 4.5, 0.0]",7.002517700413525,7.962050437927246,7.968646619601083,1.3686180116391444,1.560431718826294,57.55056762145143,0.9761109349962602,-0.9377002718008232,53.05056762145143,-0.9595327375137215,6.960615158081055,1.0142688751220703,57.509185791015625,True,0,7.974884033203125,7.962050437927246,0.5075550079345792,0.2333355015380042,0.8799977128189841,-0.08707605048835665,"StraightLane index=('>>>', '1S0_0_', 0)",True,209.728515625,0.00045871734619140625,0.000457763671891216,"StraightLane index=('>>', '>>>', 0)",True,0.0,True,False,0.6807554960250854,0.7929216623306274,0.0,0.7929216623306274,True,0.0,0.0,0.49557603895664215,0.0,0.49557603895664215,0.0
57.959121,"[260.0069274902344, 4.499539375305176, 0.0]","[317.597412109375, 4.5, 0.0]",7.029890060647768,7.97329044342041,7.979536063244241,1.3686180117121527,1.5362470149993896,57.567596430158964,0.9595327375137215,-0.8289098741269374,53.067596430158964,-0.9434003827726425,6.989018440246582,1.0142688751220703,57.509185791015625,True,0,8.003287315368652,7.97329044342041,0.5075550079345792,0.2333355015380042,0.8799977128189841,-0.08707605048835665,"StraightLane index=('>>>', '1S0_0_', 0)",True,209.867431640625,0.0004596710205078125,0.0004501342773681772,"StraightLane index=('>>', '>>>', 0)",True,0.0,True,False,0.6807554960250854,0.7929216623306274,0.0,0.7929216623306274,True,0.0,0.0,0.49557603895664215,0.0,0.49557603895664215,0.0
57.980217,"[260.14697265625, 4.499538421630859, 0.0]","[317.7574462890625, 4.5, 0.0]",7.057262420876272,7.984368801116943,7.9911850467581775,1.3686180114252267,1.5143747329711914,57.590484613622415,0.9434003827726425,-0.8066177370539496,53.090484613622415,-0.9271063802406712,7.017216205596924,1.0142688751220703,57.509185791015625,True,0,8.031485080718994,7.984368801116943,0.5075550079345792,0.2333355015380042,0.8799977128189841,-0.08707605048835665,"StraightLane index=('>>>', '1S0_0_', 0)",True,210.00692749023438,0.00046062469482421875,0.000457763671891216,"StraightLane index=('>>', '>>>', 0)",True,0.0,True,False,0.6807554960250854,0.7929216623306274,0.0,0.7929216623306274,True,0.0,0.0,0.49557603895664215,0.0,0.49557603895664215,0.0
57.999756,"[260.2875671386719, 4.499537467956543, 0.0]","[317.916748046875, 4.5, 0.0]",7.084634781105703,7.995396137237549,8.001972831340879,1.3686180114715452,1.4915930032730103,57.610473627529494,0.9271063802406712,-0.8147001265985665,53.110473627529494,-0.9107613561318457,7.044874668121338,1.0142688751220703,57.509185791015625,True,0,8.059143543243408,7.995396137237549,0.5493831634521396,0.22923036210502867,0.8212252435907285,-0.02830358126010102,"StraightLane index=('>>>', '1S0_0_', 0)",True,210.14697265625,0.000461578369140625,0.0004425048828451384,"StraightLane index=('>>', '>>>', 0)",True,0.0,True,False,0.6807554960250854,0.7929216623306274,0.0,0.7929216623306274,True,0.0,0.0,0.49557603895664215,0.0,0.49557603895664215,0.0
58.019975,"[260.4287109375, 4.499536514282227, 0.0]","[318.07763671875, 4.5, 0.0]",7.112007141337737,8.00722885131836,8.014228067668178,1.3686180116017077,1.4695523977279663,57.629180902790836,0.9107613561318457,-0.8172512054412717,53.129180902790836,-0.8952217099806221,7.0721564292907715,0.9271063804626465,57.6104736328125,True,0,7.999262809753418,8.00722885131836,0.5493831634521396,0.22923036210502867,0.8212252435907285,-0.02830358126010102,"StraightLane index=('>>>', '1S0_0_', 0)",True,210.28756713867188,0.00046253204345703125,0.0004501342773681772,"StraightLane index=('>>', '>>>', 0)",True,0.0,True,False,0.6934868693351746,0.7929216623306274,0.0,0.7929216623306274,True,0.0,0.0,0.49557603895664215,0.0,0.49557603895664215,0.0
58.040376,"[260.5704040527344, 4.49953556060791, 0.0]","[318.2384033203125, 4.5, 0.0]",7.13759231590007,8.01935863494873,8.026591514847905,1.27925872811665,1.444770097732544,57.64892577582961,0.8952217099806221,-0.7769823075611804,53.14892577582961,-0.8817663190486602,7.098718643188477,0.9271063804626465,57.6104736328125,True,0,8.025825023651123,8.01935863494873,0.5493831634521396,0.22923036210502867,0.8212252435907285,-0.08006562568988007,"StraightLane index=('>>>', '1S0_0_', 0)",True,210.4287109375,0.0004634857177734375,0.0004501342773681772,"StraightLane index=('>>', '>>>', 0)",True,0.0,True,False,0.6934868693351746,0.7411596179008484,0.0,0.7411596179008484,True,0.0,0.0,0.46322476118803024,0.0,0.46322476118803024,0.0
58.059506,"[260.712646484375, 4.499534606933594, 0.0]","[318.39801025390625, 4.5, 0.0]",7.163177490464398,8.031399726867678,8.038184995986427,1.2792587282163925,1.4202756881713867,57.66799926202697,0.8817663190486602,-0.6727695465980954,53.16799926202697,-0.8682222364032794,7.124789237976074,0.9271063804626465,57.6104736328125,True,0,8.05189561843872,8.031399726867678,0.5493831634521396,0.22923036210502867,0.8212252435907285,-0.08006562568988007,"StraightLane index=('>>>', '1S0_0_', 0)",True,210.57040405273438,0.00046443939208984375,0.000457763671891216,"StraightLane index=('>>', '>>>', 0)",True,0.0,True,False,0.6934868693351746,0.7411596179008484,0.0,0.7411596179008484,True,0.0,0.0,0.46322476118803024,0.0,0.46322476118803024,0.0
58.08007,"[260.85540771484375, 4.499533653259277, 0.0]","[318.5592956542969, 4.5, 0.0]",7.1887626650300005,8.043567657470703,8.050644611706863,1.2792587282801193,1.4013595581054688,57.685363763723196,0.8682222364032794,-0.6772041322690381,53.185363763723196,-0.8548049924407026,7.1509833335876465,0.9271063804626465,57.6104736328125,True,0,8.078089714050293,8.043567657470703,0.5493831634521396,0.22923036210502867,0.8212252435907285,-0.08006562568988007,"StraightLane index=('>>>', '1S0_0_', 0)",True,210.712646484375,0.00046539306640625,0.0004730224609372935,"StraightLane index=('>>', '>>>', 0)",True,0.0,True,False,0.6934868693351746,0.7411596179008484,0.0,0.7411596179008484,True,0.0,0.0,0.46322476118803024,0.0,0.46322476118803024,0.0
58.099665,"[260.9986572265625, 4.499532699584961, 0.0]","[318.7195739746094, 4.5, 0.0]",7.214347839596433,8.058995246887207,8.062504008075827,1.2792587283216417,1.3829461336135864,57.703887933636565,0.8548049924407026,-0.670862198128841,53.203887933636565,-0.8446474072907737,7.176878452301025,0.9271063804626465,57.6104736328125,True,0,8.103984832763672,8.058995246887207,0.635991096496582,0.22856701427190618,0.7775878290109091,-0.03642821111006067,"StraightLane index=('>>>', '1S0_0_', 0)",True,210.85540771484375,0.00046634674072265625,0.0004730224609372935,"StraightLane index=('>>', '>>>', 0)",True,0.0,True,False,0.6934868693351746,0.7411596179008484,0.0,0.7411596179008484,True,0.0,0.0,0.46322476118803024,0.0,0.46322476118803024,0.0
58.119808,"[261.1424255371094, 4.4995317459106445, 0.0]","[318.8815612792969, 4.5, 0.0]",7.239933014160858,8.06531810760498,8.075920242516462,1.279258728221233,1.3621271848678589,57.72091674222186,0.8446474072907737,-0.5078792574964464,53.22091674222186,-0.8253850934441225,7.2021379470825195,0.8548049926757812,57.703887939453125,True,0,8.0569429397583,8.06531810760498,0.635991096496582,0.22856701427190618,0.7775878290109091,-0.03642821111006067,"StraightLane index=('>>>', '1S0_0_', 0)",True,210.9986572265625,0.0004673004150390625,0.0004730224609372935,"StraightLane index=('>>', '>>>', 0)",True,0.0,True,False,0.6934868693351746,0.7411596179008484,0.0,0.7411596179008484,True,0.0,0.0,0.46322476118803024,0.0,0.46322476118803024,0.0
58.13925,"[261.2867126464844, 4.499530792236328, 0.0]","[319.0396728515625, 4.5, 0.0]",7.264102936038906,8.084990501403809,8.088867726741963,1.2084960939024114,1.3408679962158203,57.73913573635399,0.8253850934441225,-0.9631156923325612,53.23913573635399,-0.8208875653649024,7.226930141448975,0.8548049926757812,57.703887939453125,True,0,8.081735134124756,8.084990501403809,0.635991096496582,0.22856701427190618,0.7775878290109091,-0.07743125953001306,"StraightLane index=('>>>', '1S0_0_', 0)",True,211.14242553710938,0.00046825408935546875,0.0004730224609372935,"StraightLane index=('>>', '>>>', 0)",True,0.0,True,False,0.6934868693351746,0.700156569480896,0.0,0.700156569480896,True,0.0,0.0,0.43759785592556,0.0,0.43759785592556,0.0
58.159161,"[261.4315185546875, 4.499529838562012, 0.0]","[319.2046203613281, 4.5, 0.0]",7.288272857913906,8.091891288757324,8.102135143386164,1.20849609375,1.320589542388916,57.75296019936172,0.8208875653649024,-0.22487640396100517,53.25296019936172,-0.803618430843418,7.25140380859375,0.8548049926757812,57.703887939453125,True,0,8.106208801269531,8.091891288757324,0.635991096496582,0.22856701427190618,0.7775878290109091,-0.07743125953001306,"StraightLane index=('>>>', '1S0_0_', 0)",True,211.28671264648438,0.000469207763671875,0.0004653930664142548,"StraightLane index=('>>', '>>>', 0)",True,0.0,True,False,0.6934868693351746,0.700156569480896,0.0,0.700156569480896,True,0.0,0.0,0.43759785592556,0.0,0.43759785592556,0.0
58.180193,"[261.5768127441406, 4.499528408050537, 0.0]","[319.3644104003906, 4.5, 0.0]",7.312442779789547,8.111705780029297,8.116131969869857,1.2084960937820188,1.302241563796997,57.77310180079021,0.803618430843418,-0.8634567260742188,53.27310180079021,-0.7992630002397503,7.275683403015137,0.8548049926757812,57.703887939453125,True,0,8.130488395690918,8.111705780029297,0.635991096496582,0.22856701427190618,0.7775878290109091,-0.07743125953001306,"StraightLane index=('>>>', '1S0_0_', 0)",True,211.4315185546875,0.00047016143798828125,0.0004730224609372935,"StraightLane index=('>>', '>>>', 0)",True,0.0,True,False,0.6934868693351746,0.700156569480896,0.0,0.700156569480896,True,0.0,0.0,0.43759785592556,0.0,0.43759785592556,0.0
58.19945,"[261.7225646972656, 4.4995269775390625, 0.0]","[319.52886962890625, 4.5, 0.0]",7.336612701663051,8.118566513061523,8.128962036955484,1.2084960936752154,1.286381721496582,57.787597650637885,0.7992630002397503,-0.21777153018338602,53.287597650637885,-0.7819538113984725,7.299868583679199,0.8548049926757812,57.703887939453125,True,0,8.15467357635498,8.118566513061523,0.5957126617431641,0.2265602560057263,0.7348302334147334,-0.03467366393383742,"StraightLane index=('>>>', '1S0_0_', 0)",True,211.57681274414062,0.0004715919494628906,0.000457763671891216,"StraightLane index=('>>', '>>>', 0)",True,0.0,True,False,0.6934868693351746,0.700156569480896,0.0,0.700156569480896,True,0.0,0.0,0.43759785592556,0.0,0.43759785592556,0.0
58.219262,"[261.8688049316406, 4.499525547027588, 0.0]","[319.6881408691406, 4.5, 0.0]",7.360782623539503,8.138999938964844,8.143214739057258,1.2084960938226086,1.2686437368392944,57.80630492601648,0.7819538113984725,-0.8654594420638873,53.30630492601648,-0.7782173154253407,7.323553562164307,0.7992630004882812,57.78759765625,True,0,8.122816562652588,8.138999938964844,0.5957126617431641,0.2265602560057263,0.7348302334147334,-0.03467366393383742,"StraightLane index=('>>>', '1S0_0_', 0)",True,211.72256469726562,0.0004730224609375,0.000457763671891216,"StraightLane index=('>>', '>>>', 0)",True,0.0,True,False,0.7075377702713013,0.700156569480896,0.0,0.700156569480896,True,0.0,0.0,0.43759785592556,0.0,0.43759785592556,0.0
58.239378,"[262.0155334472656, 4.499524116516113, 0.0]","[319.85162353515625, 4.5, 0.0]",7.383993149050862,8.14676570892334,8.157718367125135,1.1605262755679302,1.2513782978057861,57.819335931612585,0.7782173154253407,-0.18682479865659296,53.319335931612585,-0.7627725598724782,7.3469085693359375,0.7992630004882812,57.78759765625,True,0,8.146171569824219,8.14676570892334,0.5957126617431641,0.2265602560057263,0.7348302334147334,-0.06245157416638136,"StraightLane index=('>>>', '1S0_0_', 0)",True,211.86880493164062,0.0004744529724121094,0.0004730224609372935,"StraightLane index=('>>', '>>>', 0)",True,0.0,True,False,0.7075377702713013,0.672378659248352,0.0,0.672378659248352,True,0.0,0.0,0.42023666203022003,0.0,0.42023666203022003,0.0
58.259564,"[262.1627502441406, 4.499522686004639, 0.0]","[320.01812744140625, 4.5, 0.0]",7.407203674563297,8.168136596679688,8.172266790932563,1.1605262756217538,1.2393827438354492,57.83609008211726,0.7627725598724782,-0.7722377776431255,53.33609008211726,-0.7609329221163907,7.3704986572265625,0.7992630004882812,57.78759765625,True,0,8.169761657714844,8.168136596679688,0.5957126617431641,0.2265602560057263,0.7348302334147334,-0.06245157416638136,"StraightLane index=('>>>', '1S0_0_', 0)",True,212.01553344726562,0.00047588348388671875,0.0004653930664142548,"StraightLane index=('>>', '>>>', 0)",True,0.0,True,False,0.7075377702713013,0.672378659248352,0.0,0.672378659248352,True,0.0,0.0,0.42023666203022003,0.0,0.42023666203022003,0.0
58.27976,"[262.3104248046875, 4.499521255493164, 0.0]","[320.1777648925781, 4.5, 0.0]",7.430414200078723,8.175565719604492,8.18682185369811,1.160526275771323,1.20978581905365,57.85537719148001,0.7609329221163907,-0.091981887804371,53.35537719148001,-0.745151519525769,7.404298305511475,0.7992630004882812,57.78759765625,True,0,8.203561305999756,8.175565719604492,0.5957126617431641,0.2265602560057263,0.7348302334147334,-0.06245157416638136,"StraightLane index=('>>>', '1S0_0_', 0)",True,212.16275024414062,0.0004773139953613281,0.0004653930664142548,"StraightLane index=('>>', '>>>', 0)",True,0.0,True,False,0.7075377702713013,0.672378659248352,0.0,0.672378659248352,True,0.0,0.0,0.42023666203022003,0.0,0.42023666203022003,0.0
58.299092,"[262.45855712890625, 4.4995198249816895, 0.0]","[320.3408203125, 4.5, 0.0]",7.453624725593241,8.19663143157959,8.20077692477847,1.1605262757258927,1.2164809703826904,57.867340081838265,0.745151519525769,-0.7890701295310887,53.367340081838265,-0.7430067059863488,7.417098522186279,0.7992630004882812,57.78759765625,True,0,8.21636152267456,8.19663143157959,0.7806491851806641,0.2312269518864769,0.7141813107776036,-0.041802651529251555,"StraightLane index=('>>>', '1S0_0_', 0)",True,212.3104248046875,0.0004787445068359375,0.0004806518554603323,"StraightLane index=('>>', '>>>', 0)",True,0.0,True,False,0.7075377702713013,0.672378659248352,0.0,0.672378659248352,True,0.0,0.0,0.42023666203022003,0.0,0.42023666203022003,0.0
58.31925,"[262.607177734375, 4.499518394470215, 0.0]","[320.50567626953125, 4.5, 0.0]",7.476835251107194,8.205035209655762,8.21617838820218,1.1605262756976487,1.206612467765808,57.882263177784004,0.7430067059863488,-0.10724067697100992,53.382263177784004,-0.7281999585485677,7.440247535705566,0.7451515197753906,57.867340087890625,True,0,8.185399055480957,8.205035209655762,0.7806491851806641,0.2312269518864769,0.7141813107776036,-0.041802651529251555,"StraightLane index=('>>>', '1S0_0_', 0)",True,212.45855712890625,0.0004801750183105469,0.0004653930664142548,"StraightLane index=('>>', '>>>', 0)",True,0.0,True,False,0.7075377702713013,0.672378659248352,0.0,0.672378659248352,True,0.0,0.0,0.42023666203022003,0.0,0.42023666203022003,0.0
58.339201,"[262.7562561035156, 4.49951696395874, 0.0]","[320.6706237792969, 4.5, 0.0]",7.499059677377557,8.227039337158203,8.231447121358851,1.1112213135181293,1.1772946119308472,57.898498529334354,0.7281999585485677,-0.7403373718890549,53.398498529334354,-0.7279796597806465,7.473084449768066,0.7451515197753906,57.867340087890625,True,0,8.218235969543457,8.227039337158203,0.7806491851806641,0.2312269518864769,0.7141813107776036,-0.07040656292909286,"StraightLane index=('>>>', '1S0_0_', 0)",True,212.607177734375,0.00048160552978515625,0.0004653930664142548,"StraightLane index=('>>', '>>>', 0)",True,0.0,True,False,0.7075377702713013,0.6437747478485107,0.0,0.6437747478485107,True,0.0,0.0,0.4023592174053192,0.0,0.4023592174053192,0.0
58.359331,"[262.9057922363281, 4.499515533447266, 0.0]","[320.8385009765625, 4.5, 0.0]",7.521284103650368,8.235976219177246,8.24688433696338,1.1112213136405646,1.1850824356079102,57.91436766981973,0.7279796597806465,-0.011014938396058938,53.41436766981973,-0.7146921155268782,7.4856743812561035,0.7451515197753906,57.867340087890625,True,0,8.230825901031494,8.235976219177246,0.7806491851806641,0.2312269518864769,0.7141813107776036,-0.07040656292909286,"StraightLane index=('>>>', '1S0_0_', 0)",True,212.75625610351562,0.0004830360412597656,0.0004730224609372935,"StraightLane index=('>>', '>>>', 0)",True,0.0,True,False,0.7075377702713013,0.6437747478485107,0.0,0.6437747478485107,True,0.0,0.0,0.4023592174053192,0.0,0.4023592174053192,0.0
58.380456,"[263.0557861328125, 4.499514102935791, 0.0]","[320.99945068359375, 4.5, 0.0]",7.543508529919858,8.257609367370605,8.26305965409669,1.1112213134745197,1.1783674955368042,57.93270873413171,0.7146921155268782,-0.6643772126884162,53.43270873413171,-0.7141008374507472,7.508540630340576,0.7451515197753906,57.867340087890625,True,0,8.253692150115967,8.257609367370605,0.7806491851806641,0.2312269518864769,0.7141813107776036,-0.07040656292909286,"StraightLane index=('>>>', '1S0_0_', 0)",True,212.90579223632812,0.000484466552734375,0.0004806518554603323,"StraightLane index=('>>', '>>>', 0)",True,0.0,True,False,0.7075377702713013,0.6437747478485107,0.0,0.6437747478485107,True,0.0,0.0,0.4023592174053192,0.0,0.4023592174053192,0.0
58.39914,"[263.2062072753906, 4.499512672424316, 0.0]","[321.16522216796875, 4.5, 0.0]",7.565732956189661,8.26635265350342,8.27737466515935,1.1112213134901516,1.1698122024536133,57.943664544923,0.7141008374507472,-0.02956390380655094,53.443664544923,-0.7006196973137584,7.531068801879883,0.7451515197753906,57.867340087890625,True,0,8.276220321655273,8.26635265350342,0.697212219238299,0.23250668437116967,0.6879094876251126,-0.04413473977660187,"StraightLane index=('>>>', '1S0_0_', 0)",True,213.0557861328125,0.0004858970642089844,0.0004653930664142548,"StraightLane index=('>>', '>>>', 0)",True,0.0,True,False,0.7075377702713013,0.6437747478485107,0.0,0.6437747478485107,True,0.0,0.0,0.4023592174053192,0.0,0.4023592174053192,0.0
58.419656,"[263.3570861816406, 4.499511241912842, 0.0]","[321.3327331542969, 4.5, 0.0]",7.587957382457167,8.2888765335083,8.293636565936882,1.1112213133752658,1.1604722738265991,57.959014886834815,0.7006196973137584,-0.6740570068494378,53.459014886834815,-0.7009191510511341,7.553338527679443,0.7141008377075195,57.94366455078125,True,0,8.267439365386963,8.2888765335083,0.697212219238299,0.23250668437116967,0.6879094876251126,-0.04413473977660187,"StraightLane index=('>>>', '1S0_0_', 0)",True,213.20620727539062,0.00048732757568359375,0.000457763671891216,"StraightLane index=('>>', '>>>', 0)",True,0.0,True,False,0.722393810749054,0.6437747478485107,0.0,0.6437747478485107,True,0.0,0.0,0.4023592174053192,0.0,0.4023592174053192,0.0
58.439449,"[263.5083923339844, 4.499509811401367, 0.0]","[321.49700927734375, 4.5, 0.0]",7.609920501962522,8.29788875579834,8.309356708340092,1.0981559752677672,1.1511436700820923,57.97564696690098,0.7009191510511341,0.014972686868786056,53.47564696690098,-0.6879682538358178,7.5754218101501465,0.7141008377075195,57.94366455078125,True,0,8.289522647857666,8.29788875579834,0.697212219238299,0.23250668437116967,0.6879094876251126,-0.05165899171446808,"StraightLane index=('>>>', '1S0_0_', 0)",True,213.35708618164062,0.0004887580871582031,0.000457763671891216,"StraightLane index=('>>', '>>>', 0)",True,0.0,True,False,0.722393810749054,0.6362504959106445,0.0,0.6362504959106445,True,0.0,0.0,0.39765655994415283,0.0,0.39765655994415283,0.0
58.45904,"[263.66015625, 4.499508380889893, 0.0]","[321.66680908203125, 4.5, 0.0]",7.631883621466513,8.320767402648926,8.324918478704094,1.098155975199555,1.1423909664154053,57.98861693759226,0.6879682538358178,-0.6475448607658141,53.48861693759226,-0.6888837811824127,7.597381114959717,0.7141008377075195,57.94366455078125,True,0,8.311481952667236,8.320767402648926,0.697212219238299,0.23250668437116967,0.6879094876251126,-0.05165899171446808,"StraightLane index=('>>>', '1S0_0_', 0)",True,213.50839233398438,0.0004901885986328125,0.000457763671891216,"StraightLane index=('>>', '>>>', 0)",True,0.0,True,False,0.722393810749054,0.6362504959106445,0.0,0.6362504959106445,True,0.0,0.0,0.39765655994415283,0.0,0.39765655994415283,0.0
58.479961,"[263.8123474121094, 4.499506950378418, 0.0]","[321.83367919921875, 4.5, 0.0]",7.653846740971863,8.330026626586914,8.34151379566911,1.0981559752675008,1.1345798969268799,58.006652826252136,0.6888837811824127,0.045776367329741774,53.506652826252136,-0.6761798856150509,7.619268417358398,0.7141008377075195,57.94366455078125,True,0,8.333369255065918,8.330026626586914,0.697212219238299,0.23250668437116967,0.6879094876251126,-0.05165899171446808,"StraightLane index=('>>>', '1S0_0_', 0)",True,213.66015625,0.0004916191101074219,0.000457763671891216,"StraightLane index=('>>', '>>>', 0)",True,0.0,True,False,0.722393810749054,0.6362504959106445,0.0,0.6362504959106445,True,0.0,0.0,0.39765655994415283,0.0,0.39765655994415283,0.0
58.499376,"[263.9649963378906, 4.499505519866943, 0.0]","[321.99932861328125, 4.5, 0.0]",7.675809860477769,8.352509498596191,8.356942416996322,1.0981559752953007,1.1233031749725342,58.02133178144523,0.6761798856150509,-0.6351947783680867,53.52133178144523,-0.6766996381184223,7.640641689300537,0.7141008377075195,57.94366455078125,True,0,8.354742527008057,8.352509498596191,0.8615684509277166,0.2394109117165228,0.6792656764934972,-0.0430151805828527,"StraightLane index=('>>>', '1S0_0_', 0)",True,213.81234741210938,0.0004930496215820312,0.0004501342773681772,"StraightLane index=('>>', '>>>', 0)",True,0.0,True,False,0.722393810749054,0.6362504959106445,0.0,0.6362504959106445,True,0.0,0.0,0.39765655994415283,0.0,0.39765655994415283,0.0
58.519807,"[264.1180725097656, 4.499504089355469, 0.0]","[322.1675109863281, 4.5, 0.0]",7.697772979984246,8.361927032470703,8.373357685856963,1.0981559753238557,1.096260905265808,58.034332269587765,0.6766996381184223,0.025987625168566453,53.534332269587765,-0.6641540524864569,7.671213626861572,0.6761798858642578,58.021331787109375,True,0,8.34739351272583,8.361927032470703,0.8615684509277166,0.2394109117165228,0.6792656764934972,-0.0430151805828527,"StraightLane index=('>>>', '1S0_0_', 0)",True,213.96499633789062,0.0004944801330566406,0.000457763671891216,"StraightLane index=('>>', '>>>', 0)",True,0.0,True,False,0.722393810749054,0.6362504959106445,0.0,0.6362504959106445,True,0.0,0.0,0.39765655994415283,0.0,0.39765655994415283,0.0
58.539605,"[264.2715759277344, 4.499502658843994, 0.0]","[322.3359069824219, 4.5, 0.0]",7.719137192022721,8.384718894958496,8.389251481072604,1.068210601923747,1.1025439500808716,58.04943847074773,0.6641540524864569,-0.6272792815982697,53.54943847074773,-0.6655817029357749,7.682835102081299,0.6761798858642578,58.021331787109375,True,0,8.359014987945557,8.384718894958496,0.8615684509277166,0.2394109117165228,0.6792656764934972,-0.06040811395153556,"StraightLane index=('>>>', '1S0_0_', 0)",True,214.11807250976562,0.00049591064453125,0.000457763671891216,"StraightLane index=('>>', '>>>', 0)",True,0.0,True,False,0.722393810749054,0.6188575625419617,0.0,0.6188575625419617,True,0.0,0.0,0.38678597658872604,0.0,0.38678597658872604,0.0
58.559337,"[264.425537109375, 4.4995012283325195, 0.0]","[322.50347900390625, 4.5, 0.0]",7.74050140406052,8.394092559814453,8.405146037660515,1.0682106018899518,1.0973840951919556,58.06433104886083,0.6655817029357749,0.07138252246590149,53.56433104886083,-0.6535911557539329,7.704215049743652,0.6761798858642578,58.021331787109375,True,0,8.38039493560791,8.394092559814453,0.8615684509277166,0.2394109117165228,0.6792656764934972,-0.06040811395153556,"StraightLane index=('>>>', '1S0_0_', 0)",True,214.27157592773438,0.0004973411560058594,0.000457763671891216,"StraightLane index=('>>', '>>>', 0)",True,0.0,True,False,0.722393810749054,0.6188575625419617,0.0,0.6188575625419617,True,0.0,0.0,0.38678597658872604,0.0,0.38678597658872604,0.0
58.579965,"[264.5799255371094, 4.499499797821045, 0.0]","[322.6712646484375, 4.5, 0.0]",7.761865616095351,8.416827201843262,8.421708994840014,1.0682106017415371,1.0948622226715088,58.077941888692706,0.6535911557539329,-0.5995273590921002,53.577941888692706,-0.6549615857479107,7.7257819175720215,0.6761798858642578,58.021331787109375,True,0,8.40196180343628,8.416827201843262,0.8615684509277166,0.2394109117165228,0.6792656764934972,-0.06040811395153556,"StraightLane index=('>>>', '1S0_0_', 0)",True,214.425537109375,0.0004987716674804688,0.000457763671891216,"StraightLane index=('>>', '>>>', 0)",True,0.0,True,False,0.722393810749054,0.6188575625419617,0.0,0.6188575625419617,True,0.0,0.0,0.38678597658872604,0.0,0.38678597658872604,0.0
58.599556,"[264.7347412109375, 4.49949836730957, 0.0]","[322.8388671875, 4.5, 0.0]",7.783229828130908,8.426204681396484,8.437471764575548,1.0682106017778636,1.0846518278121948,58.09133910547773,0.6549615857479107,0.06852149969889254,53.59133910547773,-0.6429748532655761,7.757446765899658,0.6761798858642578,58.021331787109375,True,0,8.433626651763916,8.426204681396484,0.7369518280029297,0.24126313452497306,0.6591967891475976,-0.040339226605635936,"StraightLane index=('>>>', '1S0_0_', 0)",True,214.57992553710938,0.0005002021789550781,0.000457763671891216,"StraightLane index=('>>', '>>>', 0)",True,0.0,True,False,0.722393810749054,0.6188575625419617,0.0,0.6188575625419617,True,0.0,0.0,0.38678597658872604,0.0,0.38678597658872604,0.0
58.620354,"[264.8899841308594, 4.499496936798096, 0.0]","[323.0063781738281, 4.5, 0.0]",7.80459404016944,8.448709487915039,8.454052580998125,1.0682106019265891,1.0907323360443115,58.10412597070027,0.6429748532655761,-0.5993366241167308,53.60412597070027,-0.644115447745599,7.768930912017822,0.6549615859985352,58.091339111328125,True,0,8.423892498016357,8.448709487915039,0.7369518280029297,0.24126313452497306,0.6591967891475976,-0.040339226605635936,"StraightLane index=('>>>', '1S0_0_', 0)",True,214.7347412109375,0.0005016326904296875,0.000457763671891216,"StraightLane index=('>>', '>>>', 0)",True,0.0,True,False,0.7378188371658325,0.6188575625419617,0.0,0.6188575625419617,True,0.0,0.0,0.38678597658872604,0.0,0.38678597658872604,0.0
58.640408,"[265.045654296875, 4.499495506286621, 0.0]","[323.1783447265625, 4.5, 0.0]",7.825902939092094,8.461542129516602,8.470038018778949,1.0654449461326987,1.0858149528503418,58.1163940370947,0.644115447745599,0.057029724001145254,53.6163940370947,-0.6356391904245076,7.79010009765625,0.6549615859985352,58.091339111328125,True,0,8.445061683654785,8.461542129516602,0.7369518280029297,0.24126313452497306,0.6591967891475976,-0.04194938647959834,"StraightLane index=('>>>', '1S0_0_', 0)",True,214.88998413085938,0.0005030632019042969,0.000457763671891216,"StraightLane index=('>>', '>>>', 0)",True,0.0,True,False,0.7378188371658325,0.6172474026679993,0.0,0.6172474026679993,True,0.0,0.0,0.38577962666749954,0.0,0.38577962666749954,0.0
58.659202,"[265.2017517089844, 4.4994940757751465, 0.0]","[323.3468933105469, 4.5, 0.0]",7.847211838015947,8.477389335632324,8.485023907751652,1.0654449461926507,1.0742534399032593,58.132690424309345,0.6356391904245076,-0.4238128660545737,53.632690424309345,-0.6301774976163772,7.821332931518555,0.6549615859985352,58.091339111328125,True,0,8.47629451751709,8.477389335632324,0.7369518280029297,0.24126313452497306,0.6591967891475976,-0.04194938647959834,"StraightLane index=('>>>', '1S0_0_', 0)",True,215.045654296875,0.0005044937133789062,0.0004272460937481719,"StraightLane index=('>>', '>>>', 0)",True,0.0,True,False,0.7378188371658325,0.6172474026679993,0.0,0.6172474026679993,True,0.0,0.0,0.38577962666749954,0.0,0.38577962666749954,0.0
58.67986,"[265.3582763671875, 4.499492645263672, 0.0]","[323.5169677734375, 4.5, 0.0]",7.868520736938253,8.493377685546875,8.501475315548094,1.0654449461152904,1.0803377628326416,58.14514159592106,0.6301774976163772,-0.2730846404065179,53.64514159592106,-0.6248569486086222,7.832713603973389,0.6549615859985352,58.091339111328125,True,0,8.487675189971924,8.493377685546875,0.7369518280029297,0.24126313452497306,0.6591967891475976,-0.04194938647959834,"StraightLane index=('>>>', '1S0_0_', 0)",True,215.20175170898438,0.0005059242248535156,0.0004425048828451384,"StraightLane index=('>>', '>>>', 0)",True,0.0,True,False,0.7378188371658325,0.6172474026679993,0.0,0.6172474026679993,True,0.0,0.0,0.38577962666749954,0.0,0.38577962666749954,0.0
58.699487,"[265.5152282714844, 4.499491214752197, 0.0]","[323.686279296875, 4.5, 0.0]",7.889829635862314,8.509295463562012,8.517121027288514,1.0654449462030424,1.0759142637252808,58.15869140046922,0.6248569486086222,-0.26602745038775133,53.65869140046922,-0.619465827699698,7.853728294372559,0.6549615859985352,58.091339111328125,True,0,8.508689880371094,8.509295463562012,0.8309078216552734,0.2462185948304103,0.6488713828352141,-0.031623980167214794,"StraightLane index=('>>>', '1S0_0_', 0)",True,215.3582763671875,0.000507354736328125,0.0004501342773681772,"StraightLane index=('>>', '>>>', 0)",True,0.0,True,False,0.7378188371658325,0.6172474026679993,0.0,0.6172474026679993,True,0.0,0.0,0.38577962666749954,0.0,0.38577962666749954,0.0
58.719969,"[265.672607421875, 4.499489784240723, 0.0]","[323.8578186035156, 4.5, 0.0]",7.911138534787123,8.52501106262207,8.533008941935986,1.0654449462404791,1.0752224922180176,58.17105101972631,0.619465827699698,-0.2695560454462065,53.67105101972631,-0.6138725278349471,7.87506628036499,0.6248569488525391,58.15869140625,True,0,8.49992322921753,8.52501106262207,0.8309078216552734,0.2462185948304103,0.6488713828352141,-0.031623980167214794,"StraightLane index=('>>>', '1S0_0_', 0)",True,215.51522827148438,0.0005087852478027344,0.0004425048828451384,"StraightLane index=('>>', '>>>', 0)",True,0.0,True,False,0.7378188371658325,0.6172474026679993,0.0,0.6172474026679993,True,0.0,0.0,0.38577962666749954,0.0,0.38577962666749954,0.0
58.739775,"[265.8304138183594, 4.499488353729248, 0.0]","[324.0231628417969, 4.5, 0.0]",7.932031631710178,8.539987564086916,8.548357824686537,1.044654846152726,1.0726126432418823,58.185211175964845,0.6138725278349471,-0.27966499323754945,53.685211175964845,-0.6079559323767381,7.896203517913818,0.6248569488525391,58.15869140625,True,0,8.521060466766357,8.539987564086916,0.8309078216552734,0.2462185948304103,0.6488713828352141,-0.04365386641294233,"StraightLane index=('>>>', '1S0_0_', 0)",True,215.672607421875,0.0005102157592773438,0.0004425048828451384,"StraightLane index=('>>', '>>>', 0)",True,0.0,True,False,0.7378188371658325,0.6052175164222717,0.0,0.6052175164222717,True,0.0,0.0,0.37826094776391983,0.0,0.37826094776391983,0.0
58.759286,"[265.9886474609375, 4.499486923217773, 0.0]","[324.1988220214844, 4.5, 0.0]",7.952924728633464,8.555898666381836,8.563486420670962,1.0446548461643168,1.0695258378982544,58.19274901775045,0.6079559323767381,-0.29582977291044976,53.69274901775045,-0.6029739377483718,7.917210578918457,0.6248569488525391,58.15869140625,True,0,8.542067527770996,8.555898666381836,0.8309078216552734,0.2462185948304103,0.6488713828352141,-0.04365386641294233,"StraightLane index=('>>>', '1S0_0_', 0)",True,215.83041381835938,0.0005116462707519531,0.0004425048828451384,"StraightLane index=('>>', '>>>', 0)",True,0.0,True,False,0.7378188371658325,0.6052175164222717,0.0,0.6052175164222717,True,0.0,0.0,0.37826094776391983,0.0,0.37826094776391983,0.0
58.779969,"[266.14727783203125, 4.499485492706299, 0.0]","[324.3706970214844, 4.5, 0.0]",7.973817825559747,8.571464538574219,8.579504905745855,1.0446548463141525,1.1006267070770264,58.21017455484826,0.6029739377483718,-0.24909973141831188,53.71017455484826,-0.5976467130144716,7.942131042480469,0.6248569488525391,58.15869140625,True,0,8.566987991333008,8.571464538574219,0.8309078216552734,0.2462185948304103,0.6488713828352141,-0.04365386641294233,"StraightLane index=('>>>', '1S0_0_', 0)",True,215.9886474609375,0.0005130767822265625,0.0004425048828451384,"StraightLane index=('>>', '>>>', 0)",True,0.0,True,False,0.7378188371658325,0.6052175164222717,0.0,0.6052175164222717,True,0.0,0.0,0.37826094776391983,0.0,0.37826094776391983,0.0
58.799596,"[266.30633544921875, 4.499484062194824, 0.0]","[324.54229736328125, 4.5, 0.0]",7.994710922487566,8.587008476257324,8.594719414337309,1.0446548463909355,1.08797287940979,58.22341918361416,0.5976467130144716,-0.2663612366950119,53.72341918361416,-0.5922975537697583,7.96267032623291,0.6248569488525391,58.15869140625,True,0,8.58752727508545,8.587008476257324,0.777130126953125,0.24879628979072865,0.6337896997410716,-0.02857218331879985,"StraightLane index=('>>>', '1S0_0_', 0)",True,216.14727783203125,0.0005145072937011719,0.0004501342773681772,"StraightLane index=('>>', '>>>', 0)",True,0.0,True,False,0.7378188371658325,0.6052175164222717,0.0,0.6052175164222717,True,0.0,0.0,0.37826094776391983,0.0,0.37826094776391983,0.0
58.820425,"[266.4658203125, 4.49948263168335, 0.0]","[324.71917724609375, 4.5, 0.0]",8.015604019414292,8.60240650177002,8.610127169621308,1.0446548463363126,1.0633879899978638,58.235961907950596,0.5922975537697583,-0.2674579622356621,53.735961907950596,-0.5868024823557274,7.992455005645752,0.6029739379882812,58.210174560546875,True,0,8.595428943634033,8.60240650177002,0.777130126953125,0.24879628979072865,0.6337896997410716,-0.02857218331879985,"StraightLane index=('>>>', '1S0_0_', 0)",True,216.30633544921875,0.0005159378051757812,0.0004653930664142548,"StraightLane index=('>>', '>>>', 0)",True,0.0,True,False,0.7534123659133911,0.6052175164222717,0.0,0.6052175164222717,True,0.0,0.0,0.37826094776391983,0.0,0.37826094776391983,0.0
58.840663,"[266.6257019042969, 4.499481201171875, 0.0]","[324.886962890625, 4.5, 0.0]",8.036355972541706,8.616771697998047,8.625077291117792,1.0375976563707034,1.0666890144348145,58.25335692760104,0.5868024823557274,-0.27475357070154693,53.75335692760104,-0.5804157254563407,8.003435134887695,0.6029739379882812,58.210174560546875,True,0,8.606409072875977,8.616771697998047,0.777130126953125,0.24879628979072865,0.6337896997410716,-0.032695990272230024,"StraightLane index=('>>>', '1S0_0_', 0)",True,216.4658203125,0.0005173683166503906,0.000457763671891216,"StraightLane index=('>>', '>>>', 0)",True,0.0,True,False,0.7534123659133911,0.6010937094688416,0.0,0.6010937094688416,True,0.0,0.0,0.37568356841802597,0.0,0.37568356841802597,0.0
58.859122,"[266.7860107421875, 4.4994797706604, 0.0]","[325.0585632324219, 4.5, 0.0]",8.057107925668669,8.631461143493652,8.638729218721345,1.0375976563481437,1.0468302965164185,58.261260980323726,0.5804157254563407,-0.31933784496933626,53.761260980323726,-0.5743532178249833,8.033123016357422,0.6029739379882812,58.210174560546875,True,0,8.636096954345703,8.631461143493652,0.777130126953125,0.24879628979072865,0.6337896997410716,-0.032695990272230024,"StraightLane index=('>>>', '1S0_0_', 0)",True,216.62570190429688,0.000518798828125,0.000457763671891216,"StraightLane index=('>>', '>>>', 0)",True,0.0,True,False,0.7534123659133911,0.6010937094688416,0.0,0.6010937094688416,True,0.0,0.0,0.37568356841802597,0.0,0.37568356841802597,0.0
58.879804,"[266.9467468261719, 4.499478340148926, 0.0]","[325.2319030761719, 4.5, 0.0]",8.077859878792813,8.646302223205566,8.654004040557147,1.0375976562071898,1.051788568496704,58.27255248421819,0.5743532178249833,-0.3031253815678703,53.77255248421819,-0.5684423444127535,8.044111251831055,0.6029739379882812,58.210174560546875,True,0,8.647085189819336,8.646302223205566,0.777130126953125,0.24879628979072865,0.6337896997410716,-0.032695990272230024,"StraightLane index=('>>>', '1S0_0_', 0)",True,216.7860107421875,0.0005202293395996094,0.000457763671891216,"StraightLane index=('>>', '>>>', 0)",True,0.0,True,False,0.7534123659133911,0.6010937094688416,0.0,0.6010937094688416,True,0.0,0.0,0.37568356841802597,0.0,0.37568356841802597,0.0
58.89946,"[267.1078796386719, 4.499476909637451, 0.0]","[325.404052734375, 4.5, 0.0]",8.098611831920106,8.661039352416992,8.668536614475435,1.0375976563646638,1.0469712018966675,58.28515624423285,0.5684423444127535,-0.2955436706114867,53.78515624423285,-0.562427520496886,8.064508438110352,0.6029739379882812,58.210174560546875,True,0,8.667482376098633,8.661039352416992,0.7403087615966797,0.2498274674675396,0.6154053557905155,-0.014311646321673921,"StraightLane index=('>>>', '1S0_0_', 0)",True,216.94674682617188,0.0005216598510742188,0.0004425048828451384,"StraightLane index=('>>', '>>>', 0)",True,0.0,True,False,0.7534123659133911,0.6010937094688416,0.0,0.6010937094688416,True,0.0,0.0,0.37568356841802597,0.0,0.37568356841802597,0.0
58.919813,"[267.2694396972656, 4.499475479125977, 0.0]","[325.57861328125, 4.5, 0.0]",8.119363785047133,8.675297737121582,8.682694420011716,1.0375976563513412,1.0431530475616455,58.296173089794486,0.562427520496886,-0.30074119579337477,53.796173089794486,-0.5559339520744491,8.084945678710938,0.5684423446655273,58.28515625,True,0,8.653388023376465,8.675297737121582,0.7403087615966797,0.2498274674675396,0.6154053557905155,-0.014311646321673921,"StraightLane index=('>>>', '1S0_0_', 0)",True,217.10787963867188,0.0005230903625488281,0.0004501342773681772,"StraightLane index=('>>', '>>>', 0)",True,0.0,True,False,0.7534123659133911,0.6010937094688416,0.0,0.6010937094688416,True,0.0,0.0,0.37568356841802597,0.0,0.37568356841802597,0.0
58.939963,"[267.4314270019531, 4.499474048614502, 0.0]","[325.75244140625, 4.5, 0.0]",8.13942909266813,8.68919849395752,8.696743024120341,1.0032653810498893,1.0410023927688599,58.30917357793273,0.5559339520744491,-0.32467842112184897,53.80917357793273,-0.5497694012893888,8.105463981628418,0.5684423446655273,58.28515625,True,0,8.673906326293945,8.68919849395752,0.7403087615966797,0.2498274674675396,0.6154053557905155,-0.034173225263019136,"StraightLane index=('>>>', '1S0_0_', 0)",True,217.26943969726562,0.0005245208740234375,0.000457763671891216,"StraightLane index=('>>', '>>>', 0)",True,0.0,True,False,0.7534123659133911,0.5812321305274963,0.0,0.5812321305274963,True,0.0,0.0,0.3632700815796852,0.0,0.3632700815796852,0.0
58.959161,"[267.59381103515625, 4.499472618103027, 0.0]","[325.9255676269531, 4.5, 0.0]",8.159494400285519,8.703042984008789,8.710112084426918,1.0032653808694114,1.0394405126571655,58.32101439810083,0.5497694012893888,-0.30822753925301427,53.82101439810083,-0.5435485837232701,8.126029014587402,0.5684423446655273,58.28515625,True,0,8.69447135925293,8.703042984008789,0.7403087615966797,0.2498274674675396,0.6154053557905155,-0.034173225263019136,"StraightLane index=('>>>', '1S0_0_', 0)",True,217.43142700195312,0.0005259513854980469,0.0004653930664142548,"StraightLane index=('>>', '>>>', 0)",True,0.0,True,False,0.7534123659133911,0.5812321305274963,0.0,0.5812321305274963,True,0.0,0.0,0.3632700815796852,0.0,0.3632700815796852,0.0
58.980328,"[267.756591796875, 4.499471187591553, 0.0]","[326.1003723144531, 4.5, 0.0]",8.179559707903195,8.717020988464355,8.724835200924193,1.0032653808838,1.0345079898834229,58.33175658572165,0.5435485837232701,-0.31104087830593485,53.83175658572165,-0.5374612805611605,8.146191596984863,0.5684423446655273,58.28515625,True,0,8.71463394165039,8.717020988464355,0.7403087615966797,0.2498274674675396,0.6154053557905155,-0.034173225263019136,"StraightLane index=('>>>', '1S0_0_', 0)",True,217.59381103515625,0.0005273818969726562,0.000457763671891216,"StraightLane index=('>>', '>>>', 0)",True,0.0,True,False,0.7534123659133911,0.5812321305274963,0.0,0.5812321305274963,True,0.0,0.0,0.3632700815796852,0.0,0.3632700815796852,0.0
58.999461,"[267.9197692871094, 4.499469757080078, 0.0]","[326.2745056152344, 4.5, 0.0]",8.199625015521015,8.730944633483888,8.738153620970902,1.0032653808909942,1.0274831056594849,58.34378051149109,0.5374612805611605,-0.3043651581054796,53.84378051149109,-0.5313196179628736,8.166023254394531,0.5684423446655273,58.28515625,True,0,8.734465599060059,8.730944633483888,0.6990528106689631,0.24931156909419933,0.5946693207700672,-0.01343719024257084,"StraightLane index=('>>>', '1S0_0_', 0)",True,217.756591796875,0.0005288124084472656,0.000457763671891216,"StraightLane index=('>>', '>>>', 0)",True,0.0,True,False,0.7534123659133911,0.5812321305274963,0.0,0.5812321305274963,True,0.0,0.0,0.3632700815796852,0.0,0.3632700815796852,0.0
59.019671,"[268.0833740234375, 4.4994683265686035, 0.0]","[326.4496765136719, 4.5, 0.0]",8.21969032314129,8.744152069091797,8.751186695661278,1.0032653810137404,1.0240082740783691,58.354736322026184,0.5313196179628736,-0.30708312991434283,53.854736322026184,-0.5244617459505072,8.186080932617188,0.5374612808227539,58.343780517578125,True,0,8.723542213439941,8.744152069091797,0.6990528106689631,0.24931156909419933,0.5946693207700672,-0.01343719024257084,"StraightLane index=('>>>', '1S0_0_', 0)",True,217.91976928710938,0.000530242919921875,0.000457763671891216,"StraightLane index=('>>', '>>>', 0)",True,0.0,True,False,0.7688127756118774,0.5812321305274963,0.0,0.5812321305274963,True,0.0,0.0,0.3632700815796852,0.0,0.3632700815796852,0.0
59.040121,"[268.24737548828125, 4.499466896057129, 0.0]","[326.62554931640625, 4.5, 0.0]",8.239179611476125,8.757067680358888,8.764365818201563,0.9744644167417604,1.012060284614563,58.366302484123764,0.5244617459505072,-0.3428936006183214,53.866302484123764,-0.5178880688827636,8.215441703796387,0.5374612808227539,58.343780517578125,True,0,8.75290298461914,8.757067680358888,0.6990528106689631,0.24931156909419933,0.5946693207700672,-0.030162313171190225,"StraightLane index=('>>>', '1S0_0_', 0)",True,218.0833740234375,0.0005316734313964844,0.000457763671891216,"StraightLane index=('>>', '>>>', 0)",True,0.0,True,False,0.7688127756118774,0.564507007598877,0.0,0.564507007598877,True,0.0,0.0,0.3528168797492981,0.0,0.3528168797492981,0.0
59.059111,"[268.4117736816406, 4.499465465545654, 0.0]","[326.79962158203125, 4.5, 0.0]",8.25866889980975,8.77318286895752,8.77660040397744,0.9744644166812755,1.007394790649414,58.378173821598644,0.5178880688827636,-0.3286838533871794,53.878173821598644,-0.5145139691477691,8.235260009765625,0.5374612808227539,58.343780517578125,True,0,8.772721290588379,8.77318286895752,0.6990528106689631,0.24931156909419933,0.5946693207700672,-0.030162313171190225,"StraightLane index=('>>>', '1S0_0_', 0)",True,218.24737548828125,0.0005331039428710938,0.0004806518554603323,"StraightLane index=('>>', '>>>', 0)",True,0.0,True,False,0.7688127756118774,0.564507007598877,0.0,0.564507007598877,True,0.0,0.0,0.3528168797492981,0.0,0.3528168797492981,0.0
59.079862,"[268.5765686035156, 4.49946403503418, 0.0]","[326.975341796875, 4.5, 0.0]",8.27815818813981,8.779417037963869,8.789955155632807,0.9744644165030181,1.0016742944717407,58.387847894122665,0.5145139691477691,-0.16870498674972367,53.887847894122665,-0.5012588498240582,8.254867553710938,0.5374612808227539,58.343780517578125,True,0,8.792328834533691,8.779417037963869,0.6990528106689631,0.24931156909419933,0.5946693207700672,-0.030162313171190225,"StraightLane index=('>>>', '1S0_0_', 0)",True,218.41177368164062,0.0005345344543457031,0.0004653930664142548,"StraightLane index=('>>', '>>>', 0)",True,0.0,True,False,0.7688127756118774,0.564507007598877,0.0,0.564507007598877,True,0.0,0.0,0.3528168797492981,0.0,0.3528168797492981,0.0
59.100098,"[268.7417297363281, 4.499462604522705, 0.0]","[327.1505432128906, 4.5, 0.0]",8.297647476470317,8.798948287963867,8.802982648210284,0.9744644165253113,1.0074243545532227,58.39877318734643,0.5012588498240582,-0.6627559661855464,53.89877318734643,-0.5013008114935502,8.265487670898438,0.5374612808227539,58.343780517578125,True,0,8.802948951721191,8.798948287963867,0.6800365447997869,0.24818169125277192,0.5740272187235795,-0.009520211124702582,"StraightLane index=('>>>', '1S0_0_', 0)",True,218.57656860351562,0.0005359649658203125,0.0004501342773681772,"StraightLane index=('>>', '>>>', 0)",True,0.0,True,False,0.7688127756118774,0.564507007598877,0.0,0.564507007598877,True,0.0,0.0,0.3528168797492981,0.0,0.3528168797492981,0.0
59.119824,"[268.90728759765625, 4.4994611740112305, 0.0]","[327.3275451660156, 4.5, 0.0]",8.317136764803797,8.804391860961914,8.81452179017969,0.9744644166739924,1.001296043395996,58.408813470404816,0.5013008114935502,0.0020980834745998322,53.908813470404816,-0.48725509615811724,8.28487491607666,0.5012588500976562,58.398773193359375,True,0,8.786133766174316,8.804391860961914,0.6800365447997869,0.24818169125277192,0.5740272187235795,-0.009520211124702582,"StraightLane index=('>>>', '1S0_0_', 0)",True,218.74172973632812,0.0005373954772949219,0.000457763671891216,"StraightLane index=('>>', '>>>', 0)",True,0.0,True,False,0.7688127756118774,0.564507007598877,0.0,0.564507007598877,True,0.0,0.0,0.3528168797492981,0.0,0.3528168797492981,0.0
59.140015,"[269.0732421875, 4.499459743499756, 0.0]","[327.50445556640625, 4.5, 0.0]",8.33582115201271,8.82277774810791,8.82633399610507,0.9342193604456206,0.9954438209533691,58.42025756192003,0.48725509615811724,-0.7022857667716487,53.92025756192003,-0.4869565960952009,8.304168701171875,0.5012588500976562,58.398773193359375,True,0,8.805427551269531,8.82277774810791,0.6800365447997869,0.24818169125277192,0.5740272187235795,-0.03283570041684736,"StraightLane index=('>>>', '1S0_0_', 0)",True,218.90728759765625,0.0005388259887695312,0.0004730224609372935,"StraightLane index=('>>', '>>>', 0)",True,0.0,True,False,0.7688127756118774,0.5411915183067322,0.0,0.5411915183067322,True,0.0,0.0,0.3382446989417076,0.0,0.3382446989417076,0.0
59.1593,"[269.2395935058594, 4.499458312988281, 0.0]","[327.67999267578125, 4.5, 0.0]",8.354505539221485,8.827735900878906,8.837589811444607,0.9342193604387816,0.9901437759399414,58.43121337259037,0.4869565960952009,-0.014925003145815907,53.93121337259037,-0.4732303616574214,8.323406219482422,0.5012588500976562,58.398773193359375,True,0,8.824665069580078,8.827735900878906,0.6800365447997869,0.24818169125277192,0.5740272187235795,-0.03283570041684736,"StraightLane index=('>>>', '1S0_0_', 0)",True,219.0732421875,0.0005402565002441406,0.0004653930664142548,"StraightLane index=('>>', '>>>', 0)",True,0.0,True,False,0.7688127756118774,0.5411915183067322,0.0,0.5411915183067322,True,0.0,0.0,0.3382446989417076,0.0,0.3382446989417076,0.0
59.18011,"[269.40631103515625, 4.499456882476807, 0.0]","[327.8569641113281, 4.5, 0.0]",8.373189926429585,8.846126556396484,8.849785469657483,0.9342193604050308,0.9747642278671265,58.44039916372889,0.4732303616574214,-0.6863117218889769,53.94039916372889,-0.4729366299668989,8.351339340209961,0.5012588500976562,58.398773193359375,True,0,8.852598190307617,8.846126556396484,0.6800365447997869,0.24818169125277192,0.5740272187235795,-0.03283570041684736,"StraightLane index=('>>>', '1S0_0_', 0)",True,219.23959350585938,0.00054168701171875,0.000457763671891216,"StraightLane index=('>>', '>>>', 0)",True,0.0,True,False,0.7688127756118774,0.5411915183067322,0.0,0.5411915183067322,True,0.0,0.0,0.3382446989417076,0.0,0.3382446989417076,0.0
59.199828,"[269.5733947753906, 4.499455451965332, 0.0]","[328.0336608886719, 4.5, 0.0]",8.391874313635142,8.851161003112793,8.861292279847232,0.9342193602778437,0.9713630080223083,58.45065306983212,0.4729366299668989,-0.01468658452612459,53.95065306983212,-0.4592866894776506,8.370548248291016,0.5012588500976562,58.398773193359375,True,0,8.871807098388672,8.851161003112793,0.5221271514892578,0.24163797242961876,0.5401743205900917,0.001017197716640439,"StraightLane index=('>>>', '1S0_0_', 0)",True,219.40631103515625,0.0005431175231933594,0.0004653930664142548,"StraightLane index=('>>', '>>>', 0)",True,0.0,True,False,0.7688127756118774,0.5411915183067322,0.0,0.5411915183067322,True,0.0,0.0,0.3382446989417076,0.0,0.3382446989417076,0.0
59.220265,"[269.7408447265625, 4.499454021453857, 0.0]","[328.21160888671875, 4.5, 0.0]",8.410558700841424,8.868685722351074,8.871999312301806,0.9342193603140814,0.9603166580200195,58.46026610692956,0.4592866894776506,-0.682497024462414,53.96026610692956,-0.45812702150965023,8.38884449005127,0.47293663024902344,58.450653076171875,True,0,8.861781120300293,8.868685722351074,0.5221271514892578,0.24163797242961876,0.5401743205900917,0.001017197716640439,"StraightLane index=('>>>', '1S0_0_', 0)",True,219.57339477539062,0.0005445480346679688,0.0004653930664142548,"StraightLane index=('>>', '>>>', 0)",True,0.0,True,False,0.783717155456543,0.5411915183067322,0.0,0.5411915183067322,True,0.0,0.0,0.3382446989417076,0.0,0.3382446989417076,0.0
59.240619,"[269.90869140625, 4.499452590942383, 0.0]","[328.3896789550781, 4.5, 0.0]",8.428670883455922,8.872475624084474,8.882599757358316,0.9056091307249048,0.9529323577880859,58.470764153928016,0.45812702150965023,-0.05798339840001887,53.970764153928016,-0.44380474062855235,8.407322883605957,0.47293663024902344,58.450653076171875,True,0,8.88025951385498,8.872475624084474,0.5221271514892578,0.24163797242961876,0.5401743205900917,-0.015525177371097598,"StraightLane index=('>>>', '1S0_0_', 0)",True,219.7408447265625,0.0005459785461425781,0.000457763671891216,"StraightLane index=('>>', '>>>', 0)",True,0.0,True,False,0.783717155456543,0.5246491432189941,0.0,0.5246491432189941,True,0.0,0.0,0.32790571451187134,0.0,0.32790571451187134,0.0
59.259146,"[270.076904296875, 4.499451160430908, 0.0]","[328.56622314453125, 4.5, 0.0]",8.446783066071532,8.88951301574707,8.892300311999513,0.9056091307805048,0.9592175483703613,58.48098754258813,0.44380474062855235,-0.7161140440548941,53.98098754258813,-0.44272994967553814,8.417511940002441,0.47293663024902344,58.450653076171875,True,0,8.890448570251465,8.88951301574707,0.5221271514892578,0.24163797242961876,0.5401743205900917,-0.015525177371097598,"StraightLane index=('>>>', '1S0_0_', 0)",True,219.90869140625,0.0005474090576171875,0.000457763671891216,"StraightLane index=('>>', '>>>', 0)",True,0.0,True,False,0.783717155456543,0.5246491432189941,0.0,0.5246491432189941,True,0.0,0.0,0.32790571451187134,0.0,0.32790571451187134,0.0
59.279701,"[270.2454833984375, 4.499449729919434, 0.0]","[328.7420959472656, 4.5, 0.0]",8.464895248684924,8.89317512512207,8.90301660919923,0.9056091306695713,0.9515648484230042,58.489318841673104,0.44272994967553814,-0.05373954765071076,53.989318841673104,-0.4282798764371467,8.435787200927734,0.47293663024902344,58.450653076171875,True,0,8.908723831176758,8.89317512512207,0.5221271514892578,0.24163797242961876,0.5401743205900917,-0.015525177371097598,"StraightLane index=('>>>', '1S0_0_', 0)",True,220.076904296875,0.0005488395690917969,0.0004425048828451384,"StraightLane index=('>>', '>>>', 0)",True,0.0,True,False,0.783717155456543,0.5246491432189941,0.0,0.5246491432189941,True,0.0,0.0,0.32790571451187134,0.0,0.32790571451187134,0.0
59.299032,"[270.4144287109375, 4.499448299407959, 0.0]","[328.91717529296875, 4.5, 0.0]",8.483007431302424,8.910125732421875,8.91311703672074,0.9056091308750069,0.9437737464904785,58.496612542564776,0.4282798764371467,-0.7225036619195713,53.996612542564776,-0.42711830111945126,8.45386791229248,0.47293663024902344,58.450653076171875,True,0,8.926804542541504,8.910125732421875,0.5896472930908203,0.2381118304448356,0.515738726172479,0.008910417046515184,"StraightLane index=('>>>', '1S0_0_', 0)",True,220.2454833984375,0.0005502700805664062,0.000457763671891216,"StraightLane index=('>>', '>>>', 0)",True,0.0,True,False,0.783717155456543,0.5246491432189941,0.0,0.5246491432189941,True,0.0,0.0,0.32790571451187134,0.0,0.32790571451187134,0.0
59.320336,"[270.583740234375, 4.499446868896484, 0.0]","[329.10101318359375, 4.5, 0.0]",8.50111961392195,8.913293838500977,8.922890530318442,0.9056091309763481,0.9225414395332336,58.50274657575628,0.42711830111945126,-0.058078765884772565,54.00274657575628,-0.41217422457902586,8.479762077331543,0.4282798767089844,58.496612548828125,True,0,8.908041954040527,8.913293838500977,0.5896472930908203,0.2381118304448356,0.515738726172479,0.008910417046515184,"StraightLane index=('>>>', '1S0_0_', 0)",True,220.4144287109375,0.0005517005920410156,0.000457763671891216,"StraightLane index=('>>', '>>>', 0)",True,0.0,True,False,0.783717155456543,0.5246491432189941,0.0,0.5246491432189941,True,0.0,0.0,0.32790571451187134,0.0,0.32790571451187134,0.0
59.340971,"[270.7533874511719, 4.49944543838501, 0.0]","[329.27764892578125, 4.5, 0.0]",8.518037796296351,8.928976058959961,8.932301689048252,0.845909118720023,0.9284671545028687,58.517272942657996,0.41217422457902586,-0.74720382702127,54.017272942657996,-0.4109382626636098,8.489609718322754,0.4282798767089844,58.496612548828125,True,0,8.917889595031738,8.928976058959961,0.5896472930908203,0.2381118304448356,0.515738726172479,-0.025649190459283155,"StraightLane index=('>>>', '1S0_0_', 0)",True,220.583740234375,0.000553131103515625,0.0004730224609372935,"StraightLane index=('>>', '>>>', 0)",True,0.0,True,False,0.783717155456543,0.4900895357131958,0.0,0.4900895357131958,True,0.0,0.0,0.3063059598207474,0.0,0.3063059598207474,0.0
59.359865,"[270.92340087890625, 4.499444007873535, 0.0]","[329.4577941894531, 4.5, 0.0]",8.534955978670544,8.931499481201172,8.940919048917667,0.8459091187096313,0.9217018485069275,58.52426146831086,0.4109382626636098,-0.061798095770804196,54.02426146831086,-0.3965435025306281,8.507365226745605,0.4282798767089844,58.496612548828125,True,0,8.93564510345459,8.931499481201172,0.5896472930908203,0.2381118304448356,0.515738726172479,-0.025649190459283155,"StraightLane index=('>>>', '1S0_0_', 0)",True,220.75338745117188,0.0005545616149902344,0.000457763671891216,"StraightLane index=('>>', '>>>', 0)",True,0.0,True,False,0.783717155456543,0.4900895357131958,0.0,0.4900895357131958,True,0.0,0.0,0.3063059598207474,0.0,0.3063059598207474,0.0
59.379905,"[271.09375, 4.4994425773620605, 0.0]","[329.63720703125, 4.5, 0.0]",8.551874161044857,8.947322845458984,8.950054463077755,0.8459091187156709,0.9117491245269775,58.5343933042366,0.3965435025306281,-0.7197380066490844,54.0343933042366,-0.39544868441412717,8.524632453918457,0.4282798767089844,58.496612548828125,True,0,8.952912330627441,8.947322845458984,0.5896472930908203,0.2381118304448356,0.515738726172479,-0.025649190459283155,"StraightLane index=('>>>', '1S0_0_', 0)",True,220.92340087890625,0.0005559921264648438,0.000457763671891216,"StraightLane index=('>>', '>>>', 0)",True,0.0,True,False,0.783717155456543,0.4900895357131958,0.0,0.4900895357131958,True,0.0,0.0,0.3063059598207474,0.0,0.3063059598207474,0.0
59.399536,"[271.2644348144531, 4.499441146850586, 0.0]","[329.8155822753906, 4.5, 0.0]",8.568792343421958,8.949757575988771,8.959005203183926,0.8459091188550261,0.9047490954399109,58.54345702492802,0.39544868441412717,-0.05474090582504587,54.04345702492802,-0.3809652325668136,8.542000770568848,0.4282798767089844,58.496612548828125,True,0,8.970280647277832,8.949757575988771,0.3963184356689631,0.22817179264876575,0.4757991938171946,0.014290341896001202,"StraightLane index=('>>>', '1S0_0_', 0)",True,221.09375,0.0005574226379394531,0.000457763671891216,"StraightLane index=('>>', '>>>', 0)",True,0.0,True,False,0.783717155456543,0.4900895357131958,0.0,0.4900895357131958,True,0.0,0.0,0.3063059598207474,0.0,0.3063059598207474,0.0
59.420086,"[271.43548583984375, 4.499439716339111, 0.0]","[329.9954833984375, 4.5, 0.0]",8.585710525800717,8.964652061462402,8.967050591573864,0.8459091189379819,0.8995469212532043,58.55114745432835,0.3809652325668136,-0.7241725923656794,54.05114745432835,-0.378941535661685,8.559453010559082,0.3954486846923828,58.54345703125,True,0,8.954901695251465,8.964652061462402,0.3963184356689631,0.22817179264876575,0.4757991938171946,0.014290341896001202,"StraightLane index=('>>>', '1S0_0_', 0)",True,221.26443481445312,0.0005588531494140625,0.0004730224609372935,"StraightLane index=('>>', '>>>', 0)",True,0.0,True,False,0.7978835701942444,0.4900895357131958,0.0,0.4900895357131958,True,0.0,0.0,0.3063059598207474,0.0,0.3063059598207474,0.0
59.439503,"[271.60687255859375, 4.499438285827637, 0.0]","[330.1707763671875, 4.5, 0.0]",8.601823807054656,8.965599060058594,8.974617508076992,0.8056640626969092,0.8920537233352661,58.55999755169245,0.378941535661685,-0.10118484525643012,54.05999755169245,-0.3637752530039382,8.576546669006348,0.3954486846923828,58.54345703125,True,0,8.97199535369873,8.965599060058594,0.3963184356689631,0.22817179264876575,0.4757991938171946,-0.00907807632070412,"StraightLane index=('>>>', '1S0_0_', 0)",True,221.43548583984375,0.0005602836608886719,0.0004882812499833711,"StraightLane index=('>>', '>>>', 0)",True,0.0,True,False,0.7978835701942444,0.4667211174964905,0.0,0.4667211174964905,True,0.0,0.0,0.29170069843530655,0.0,0.29170069843530655,0.0
59.459008,"[271.7785949707031, 4.499436855316162, 0.0]","[330.349609375, 4.5, 0.0]",8.61793708830759,8.980033874511719,8.982230691451917,0.8056640626467271,0.8833889365196228,58.56390380196055,0.3637752530039382,-0.7583141328873388,54.06390380196055,-0.36209678620412866,8.593360900878906,0.3954486846923828,58.54345703125,True,0,8.988809585571289,8.980033874511719,0.3963184356689631,0.22817179264876575,0.4757991938171946,-0.00907807632070412,"StraightLane index=('>>>', '1S0_0_', 0)",True,221.60687255859375,0.0005617141723632812,0.0004730224609372935,"StraightLane index=('>>', '>>>', 0)",True,0.0,True,False,0.7978835701942444,0.4667211174964905,0.0,0.4667211174964905,True,0.0,0.0,0.29170069843530655,0.0,0.29170069843530655,0.0
59.479837,"[271.95062255859375, 4.4994354248046875, 0.0]","[330.5335998535156, 4.5, 0.0]",8.634050369562718,8.981358528137207,8.990350886905148,0.8056640627564171,0.8744199872016907,58.57101439765162,0.36209678620412866,-0.08392333999047707,54.07101439765162,-0.3473081585744886,8.609967231750488,0.3954486846923828,58.54345703125,True,0,9.005415916442871,8.981358528137207,0.3963184356689631,0.22817179264876575,0.4757991938171946,-0.00907807632070412,"StraightLane index=('>>>', '1S0_0_', 0)",True,221.77859497070312,0.0005631446838378906,0.0004730224609372935,"StraightLane index=('>>', '>>>', 0)",True,0.0,True,False,0.7978835701942444,0.4667211174964905,0.0,0.4667211174964905,True,0.0,0.0,0.29170069843530655,0.0,0.29170069843530655,0.0
59.499348,"[272.12298583984375, 4.499433994293213, 0.0]","[330.71282958984375, 4.5, 0.0]",8.650163650816419,8.995810508728027,8.99796405390131,0.8056640626850076,0.8611730933189392,58.58297728784098,0.3473081585744886,-0.739431381482003,54.08297728784098,-0.34564685791160876,8.625946998596191,0.3954486846923828,58.54345703125,True,0,9.021395683288574,8.995810508728027,0.46052932739256036,0.22147313984262879,0.4461435974851745,0.020577520011315964,"StraightLane index=('>>>', '1S0_0_', 0)",True,221.95062255859375,0.0005645751953125,0.0004959106445572987,"StraightLane index=('>>', '>>>', 0)",True,0.0,True,False,0.7978835701942444,0.4667211174964905,0.0,0.4667211174964905,True,0.0,0.0,0.29170069843530655,0.0,0.29170069843530655,0.0
59.519674,"[272.295654296875, 4.499432563781738, 0.0]","[330.8934631347656, 4.5, 0.0]",8.66627693207193,8.996088981628418,9.00464196408859,0.8056640627756018,0.8464213609695435,58.589843743048846,0.34564685791160876,-0.08306503314399194,54.089843743048846,-0.32981204955648735,8.64146900177002,0.3473081588745117,58.582977294921875,True,0,8.988777160644531,8.996088981628418,0.46052932739256036,0.22147313984262879,0.4461435974851745,0.020577520011315964,"StraightLane index=('>>>', '1S0_0_', 0)",True,222.12298583984375,0.0005660057067871094,0.0004882812499833711,"StraightLane index=('>>', '>>>', 0)",True,0.0,True,False,0.7978835701942444,0.4667211174964905,0.0,0.4667211174964905,True,0.0,0.0,0.29170069843530655,0.0,0.29170069843530655,0.0
59.539669,"[272.4686584472656, 4.499431133270264, 0.0]","[331.07183837890625, 4.5, 0.0]",8.680982590037564,9.009227752685547,9.011186230782437,0.7352828982816639,0.8353816866874695,58.597808830784416,0.32981204955648735,-0.7917404177560705,54.097808830784416,-0.328245162647983,8.6571044921875,0.3473081588745117,58.582977294921875,True,0,9.004412651062012,9.009227752685547,0.46052932739256036,0.22147313984262879,0.4461435974851745,-0.020100057245840408,"StraightLane index=('>>>', '1S0_0_', 0)",True,222.295654296875,0.0005674362182617188,0.0004959106445572987,"StraightLane index=('>>', '>>>', 0)",True,0.0,True,False,0.7978835701942444,0.4260435402393341,0.0,0.4260435402393341,True,0.0,0.0,0.2662772126495838,0.0,0.2662772126495838,0.0
59.559267,"[272.6419982910156, 4.499429702758789, 0.0]","[331.2532958984375, 4.5, 0.0]",8.69568824800143,9.012476921081543,9.017596727010288,0.7352828981932902,0.8173364400863647,58.60317992423318,0.328245162647983,-0.07834434542521862,54.10317992423318,-0.31678867308011327,8.68007755279541,0.3473081588745117,58.582977294921875,True,0,9.027385711669922,9.012476921081543,0.46052932739256036,0.22147313984262879,0.4461435974851745,-0.020100057245840408,"StraightLane index=('>>>', '1S0_0_', 0)",True,222.46865844726562,0.0005688667297363281,0.0005111694336033763,"StraightLane index=('>>', '>>>', 0)",True,0.0,True,False,0.7978835701942444,0.4260435402393341,0.0,0.4260435402393341,True,0.0,0.0,0.2662772126495838,0.0,0.2662772126495838,0.0
59.580218,"[272.81561279296875, 4.4994282722473145, 0.0]","[331.43389892578125, 4.5, 0.0]",8.710393905963993,9.019026756286621,9.024444582473185,0.7352828981281867,0.8181290030479431,58.6112976002904,0.31678867308011327,-0.5728244783934855,54.1112976002904,-0.30863285032262766,8.688334465026855,0.3473081588745117,58.582977294921875,True,0,9.035642623901367,9.019026756286621,0.46052932739256036,0.22147313984262879,0.4461435974851745,-0.020100057245840408,"StraightLane index=('>>>', '1S0_0_', 0)",True,222.64199829101562,0.0005702972412109375,0.0004959106445572987,"StraightLane index=('>>', '>>>', 0)",True,0.0,True,False,0.7978835701942444,0.4260435402393341,0.0,0.4260435402393341,True,0.0,0.0,0.2662772126495838,0.0,0.2662772126495838,0.0
59.599746,"[272.9895324707031, 4.49942684173584, 0.0]","[331.61395263671875, 4.5, 0.0]",8.725099563922626,9.025559425354004,9.030831744960615,0.7352828979316328,0.804032564163208,58.61828612566838,0.30863285032262766,-0.40779113787428045,54.11828612566838,-0.3004598614313778,8.703088760375977,0.3473081588745117,58.582977294921875,True,0,9.050396919250488,9.025559425354004,0.2974891662597656,0.2097379466774577,0.40503685660785327,0.021006683631480838,"StraightLane index=('>>>', '1S0_0_', 0)",True,222.81561279296875,0.0005717277526855469,0.0004959106445572987,"StraightLane index=('>>', '>>>', 0)",True,0.0,True,False,0.7978835701942444,0.4260435402393341,0.0,0.4260435402393341,True,0.0,0.0,0.2662772126495838,0.0,0.2662772126495838,0.0
59.619892,"[273.1637268066406, 4.499425411224365, 0.0]","[331.7957763671875, 4.5, 0.0]",8.739805221878855,9.031328201293945,9.036261755882123,0.7352828978114623,0.792155921459198,58.62442015914459,0.3004598614313778,-0.4086494445624922,54.12442015914459,-0.29152297941509,8.717780113220215,3.4635000228881836,45.406837463378906,False,-1,12.181280136108398,9.031328201293945,0.2974891662597656,0.2097379466774577,0.40503685660785327,0.021006683631480838,"StraightLane index=('>>>', '1S0_0_', 0)",True,222.98953247070312,0.0005731582641601562,0.0004806518554603323,"StraightLane index=('>>', '>>>', 0)",True,0.0,True,False,0.8111283779144287,0.4260435402393341,0.0,0.4260435402393341,True,0.0,0.0,0.2662772126495838,0.0,0.2662772126495838,0.0
59.639565,"[273.3382263183594, 4.499423980712891, 0.0]","[331.97662353515625, 4.5, 0.0]",8.745676040966364,9.036706924438477,9.041552279487922,0.2935409543754375,0.7818523049354553,58.63204955366357,0.29152297941509,-0.44684410081439196,54.13204955366357,-0.2910308834721125,8.732431411743164,3.4635000228881836,45.406837463378906,False,-1,12.195931434631348,9.036706924438477,0.2974891662597656,0.2097379466774577,0.40503685660785327,-0.40503685660785327,"StraightLane index=('>>>', '1S0_0_', 0)",True,223.16372680664062,0.0005745887756347656,0.0004806518554603323,"StraightLane index=('>>', '>>>', 0)",True,0.0,True,False,0.8111283779144287,0.0,0.0,0.0,True,0.0,0.0,0.1062772126495838,0.0,0.1062772126495838,0.0
59.659022,"[273.5130310058594, 4.499422550201416, 0.0]","[332.1524658203125, 4.5, 0.0]",8.738401413274778,9.041936874389648,9.04679008823572,-0.3637313845793244,0.769408643245697,58.638397210183676,0.2910308834721125,-0.02460479714887498,54.138397210183676,-0.30353546111487084,8.7466402053833,3.4635000228881836,45.406837463378906,False,-1,12.210140228271484,9.041936874389648,0.2974891662597656,0.2097379466774577,0.40503685660785327,-0.40503685660785327,"StraightLane index=('>>>', '1S0_0_', 0)",True,223.33822631835938,0.000576019287109375,0.0004653930664142548,"StraightLane index=('>>', '>>>', 0)",True,0.0,True,False,0.8111283779144287,0.0,0.0,0.0,True,0.0,0.0,0.0,-0.0,0.0,-0.0
59.680004,"[273.6879577636719, 4.499421119689941, 0.0]","[332.3377685546875, 4.5, 0.0]",8.731126785579304,9.04744815826416,9.052416884710139,-0.36373138477365785,0.7423765659332275,58.63943480810683,0.30353546111487084,0.6252288821379182,54.13943480810683,-0.3163213726848557,8.759063720703125,3.4635000228881836,45.406837463378906,False,-1,12.222563743591309,9.04744815826416,0.2974891662597656,0.2097379466774577,0.40503685660785327,-0.40503685660785327,"StraightLane index=('>>>', '1S0_0_', 0)",True,223.51303100585938,0.0005774497985839844,0.0004501342773681772,"StraightLane index=('>>', '>>>', 0)",True,0.0,True,False,0.8111283779144287,0.0,0.0,0.0,True,0.0,0.0,0.0,-0.0,0.0,-0.0
59.700417,"[273.86273193359375, 4.499419689178467, 0.0]","[332.51800537109375, 4.5, 0.0]",8.723852157884535,9.05280876159668,9.05790088143777,-0.363731384738486,0.6765478849411011,58.64981078451881,0.3163213726848557,0.6392955784992438,54.14981078451881,-0.32895660371214497,8.766763687133789,3.4635000228881836,45.406837463378906,False,-1,12.230263710021973,9.05280876159668,0.2724933624267578,0.19830141969464846,0.41212321210754266,-0.41212321210754266,"StraightLane index=('>>>', '1S0_0_', 0)",True,223.68795776367188,0.0005788803100585938,0.000457763671891216,"StraightLane index=('>>', '>>>', 0)",True,0.0,True,False,0.8111283779144287,0.0,0.0,0.0,True,0.0,0.0,0.0,-0.0,0.0,-0.0
59.720146,"[274.037353515625, 4.499418258666992, 0.0]","[332.7001647949219, 4.5, 0.0]",8.716577530195176,9.057533264160158,9.062241828599898,-0.36373138446794684,0.5670434236526489,58.65527343099158,0.32895660371214497,0.6317615513644625,54.15527343099158,-0.34095573396498224,8.76834487915039,3.4635000228881836,45.406837463378906,False,-1,12.231844902038574,9.057533264160158,0.2724933624267578,0.19830141969464846,0.41212321210754266,-0.41212321210754266,"StraightLane index=('>>>', '1S0_0_', 0)",True,223.86273193359375,0.0005803108215332031,0.000457763671891216,"StraightLane index=('>>', '>>>', 0)",True,0.0,True,False,0.8111283779144287,0.0,0.0,0.0,True,0.0,0.0,0.0,-0.0,0.0,-0.0
59.739975,"[274.2118225097656, 4.499416828155518, 0.0]","[332.8818054199219, 4.5, 0.0]",8.709302902503406,9.06194019317627,9.066600622815267,-0.36373138458847265,0.4339279532432556,58.662811272916144,0.34095573396498224,0.5999565126418638,54.162811272916144,-0.3526372906728632,8.765093803405762,3.4635000228881836,45.406837463378906,False,-1,12.228593826293945,9.06194019317627,0.2724933624267578,0.19830141969464846,0.41212321210754266,-0.41212321210754266,"StraightLane index=('>>>', '1S0_0_', 0)",True,224.037353515625,0.0005817413330078125,0.0004501342773681772,"StraightLane index=('>>', '>>>', 0)",True,0.0,True,False,0.8111283779144287,0.0,0.0,0.0,True,0.0,0.0,0.0,-0.0,0.0,-0.0
59.75911,"[274.3861389160156, 4.499415397644043, 0.0]","[333.06207275390625, 4.5, 0.0]",8.70202827481353,9.066312789916992,9.070816167780386,-0.36373138449379283,0.2914271354675293,58.6699829036245,0.3526372906728632,0.5840778353940479,54.1699829036245,-0.3642845151034617,8.758158683776855,3.4635000228881836,45.406837463378906,False,-1,12.221658706665039,9.066312789916992,0.2724933624267578,0.19830141969464846,0.41212321210754266,-0.41212321210754266,"StraightLane index=('>>>', '1S0_0_', 0)",True,224.21182250976562,0.0005831718444824219,0.000457763671891216,"StraightLane index=('>>', '>>>', 0)",True,0.0,True,False,0.8111283779144287,0.0,0.0,0.0,True,0.0,0.0,0.0,-0.0,0.0,-0.0
59.780042,"[274.5603332519531, 4.499413967132568, 0.0]","[333.2441101074219, 4.5, 0.0]",8.694753647127376,9.070728302001953,9.07541368729896,-0.36373138430771945,0.1470545530319214,58.67593383148701,0.3642845151034617,0.5823612215299256,54.17593383148701,-0.37597465487457704,8.748153686523438,3.4635000228881836,45.406837463378906,False,-1,12.211653709411621,9.070728302001953,0.2724933624267578,0.19830141969464846,0.41212321210754266,-0.41212321210754266,"StraightLane index=('>>>', '1S0_0_', 0)",True,224.38613891601562,0.0005846023559570312,0.0004501342773681772,"StraightLane index=('>>', '>>>', 0)",True,0.0,True,False,0.8111283779144287,0.0,0.0,0.0,True,0.0,0.0,0.0,-0.0,0.0,-0.0
59.799635,"[274.734375, 4.499412536621094, 0.0]","[333.4251403808594, 4.5, 0.0]",8.687479019440957,9.07512092590332,9.07972984375544,-0.3637313843209533,0.014752008020877838,58.68377684905365,0.37597465487457704,0.5845069885557663,54.18377684905365,-0.3876419064623633,8.736555099487305,3.4635000228881836,45.406837463378906,False,-1,12.200055122375488,9.07512092590332,0.22312164306640625,0.18628053523250782,0.43824777443304397,-0.43824777443304397,"StraightLane index=('>>>', '1S0_0_', 0)",True,224.56033325195312,0.0005860328674316406,0.0004501342773681772,"StraightLane index=('>>', '>>>', 0)",True,0.0,True,False,0.8111283779144287,0.0,0.0,0.0,True,0.0,0.0,0.0,-0.0,0.0,-0.0
59.820513,"[274.90826416015625, 4.499411106109619, 0.0]","[333.6074523925781, 4.5, 0.0]",8.680204391754549,9.07899284362793,9.083518888081425,-0.3637313843204204,-0.10165518522262573,58.69076537429268,0.3876419064623633,0.5833625793893127,54.19076537429268,-0.3987884518733811,8.724078178405762,4.215516090393066,46.02048110961914,False,-1,12.939594268798828,9.07899284362793,0.22312164306640625,0.18628053523250782,0.43824777443304397,-0.43824777443304397,"StraightLane index=('>>>', '1S0_0_', 0)",True,224.734375,0.00058746337890625,0.000457763671891216,"StraightLane index=('>>', '>>>', 0)",True,0.0,True,False,0.8233427405357361,0.0,0.0,0.0,True,0.0,0.0,0.0,-0.0,0.0,-0.0
59.8411,"[275.0820007324219, 4.4994096755981445, 0.0]","[333.7893371582031, 4.5, 0.0]",8.672929764065712,9.08261489868164,9.087246301445761,-0.3637313844418344,-0.203576922416687,58.69918822584348,0.3987884518733811,0.5573272705508892,54.19918822584348,-0.4096851346159287,8.710862159729004,4.215516090393066,46.02048110961914,False,-1,12.92637825012207,9.08261489868164,0.22312164306640625,0.18628053523250782,0.43824777443304397,-0.43824777443304397,"StraightLane index=('>>>', '1S0_0_', 0)",True,224.90826416015625,0.0005888938903808594,0.000457763671891216,"StraightLane index=('>>', '>>>', 0)",True,0.0,True,False,0.8233427405357361,0.0,0.0,0.0,True,0.0,0.0,0.0,-0.0,0.0,-0.0
59.859052,"[275.255615234375, 4.49940824508667, 0.0]","[333.9700622558594, 4.5, 0.0]",8.665655136375278,9.086213111877441,9.09049751140966,-0.36373138452168163,-0.2844041585922241,58.70733641933171,0.4096851346159287,0.5448341371273813,54.20733641933171,-0.4205579755021631,8.697900772094727,4.215516090393066,46.02048110961914,False,-1,12.913416862487793,9.086213111877441,0.22312164306640625,0.18628053523250782,0.43824777443304397,-0.43824777443304397,"StraightLane index=('>>>', '1S0_0_', 0)",True,225.08200073242188,0.0005903244018554688,0.0004501342773681772,"StraightLane index=('>>', '>>>', 0)",True,0.0,True,False,0.8233427405357361,0.0,0.0,0.0,True,0.0,0.0,0.0,-0.0,0.0,-0.0
59.879997,"[275.4290771484375, 4.499406814575195, 0.0]","[334.1528015136719, 4.5, 0.0]",8.658380508684184,9.089852333068848,9.094277874151244,-0.36373138455472187,-0.3460629880428314,58.71444701516307,0.4205579755021631,0.5436420443117207,54.21444701516307,-0.4314718243846638,8.685456275939941,4.215516090393066,46.02048110961914,False,-1,12.900972366333008,9.089852333068848,0.22312164306640625,0.18628053523250782,0.43824777443304397,-0.43824777443304397,"StraightLane index=('>>>', '1S0_0_', 0)",True,225.255615234375,0.0005917549133300781,0.0004425048828451384,"StraightLane index=('>>', '>>>', 0)",True,0.0,True,False,0.8233427405357361,0.0,0.0,0.0,True,0.0,0.0,0.0,-0.0,0.0,-0.0
59.899407,"[275.6023864746094, 4.499405384063721, 0.0]","[334.33404541015625, 4.5, 0.0]",8.65110588099525,9.093461990356445,9.097792274774081,-0.3637313844467194,-0.38963454961776733,58.72372435890175,0.4314718243846638,0.5456924441250344,54.22372435890175,-0.44235610936119585,8.673745155334473,4.215516090393066,46.02048110961914,False,-1,12.889261245727539,9.093461990356445,0.18341064453125,0.1740718542678508,0.46160332535262816,-0.46160332535262816,"StraightLane index=('>>>', '1S0_0_', 0)",True,225.4290771484375,0.0005931854248046875,0.0004425048828451384,"StraightLane index=('>>', '>>>', 0)",True,0.0,True,False,0.8233427405357361,0.0,0.0,0.0,True,0.0,0.0,0.0,-0.0,0.0,-0.0
59.919337,"[275.7755432128906, 4.499403953552246, 0.0]","[334.51177978515625, 4.5, 0.0]",8.643831253310069,9.096593856811523,9.100818977222369,-0.3637313842590473,-0.4184403717517853,58.731658929202965,0.44235610936119585,0.5442142488266022,54.231658929202965,-0.4527626035014549,8.662813186645508,4.215516090393066,46.02048110961914,False,-1,12.878329277038574,9.096593856811523,0.18341064453125,0.1740718542678508,0.46160332535262816,-0.46160332535262816,"StraightLane index=('>>>', '1S0_0_', 0)",True,225.60238647460938,0.0005946159362792969,0.0004425048828451384,"StraightLane index=('>>', '>>>', 0)",True,0.0,True,False,0.8233427405357361,0.0,0.0,0.0,True,0.0,0.0,0.0,-0.0,0.0,-0.0
59.939347,"[275.9485778808594, 4.4994025230407715, 0.0]","[334.694091796875, 4.5, 0.0]",8.636556625624277,9.099617004394531,9.103840458684456,-0.3637313842896006,-0.43889644742012024,58.73623656577024,0.4527626035014549,0.5203247070129535,54.23623656577024,-0.46306037877025474,8.652223587036133,4.215516090393066,46.02048110961914,False,-1,12.8677396774292,9.099617004394531,0.18341064453125,0.1740718542678508,0.46160332535262816,-0.46160332535262816,"StraightLane index=('>>>', '1S0_0_', 0)",True,225.77554321289062,0.0005960464477539062,0.0004501342773681772,"StraightLane index=('>>', '>>>', 0)",True,0.0,True,False,0.8233427405357361,0.0,0.0,0.0,True,0.0,0.0,0.0,-0.0,0.0,-0.0
59.958963,"[276.1214599609375, 4.499401092529297, 0.0]","[334.8750915527344, 4.5, 0.0]",8.629281997938646,9.102619171142578,9.106810773494827,-0.3637313842815182,-0.44757044315338135,58.745513909649205,0.46306037877025474,0.5148887634399912,54.245513909649205,-0.473337173203932,8.642498970031738,4.215516090393066,46.02048110961914,False,-1,12.858015060424805,9.102619171142578,0.18341064453125,0.1740718542678508,0.46160332535262816,-0.46160332535262816,"StraightLane index=('>>>', '1S0_0_', 0)",True,225.94857788085938,0.0005974769592285156,0.0004425048828451384,"StraightLane index=('>>', '>>>', 0)",True,0.0,True,False,0.8233427405357361,0.0,0.0,0.0,True,0.0,0.0,0.0,-0.0,0.0,-0.0
59.979367,"[276.294189453125, 4.499399662017822, 0.0]","[335.0576477050781, 4.5, 0.0]",8.622007370252888,9.108980178833008,9.10988928327462,-0.3637313842879131,-0.44378915429115295,58.753631585419164,0.473337173203932,0.5138397216838619,54.253631585419164,-0.48697280858011993,8.629495620727539,4.215516090393066,46.02048110961914,False,-1,12.845011711120605,9.108980178833008,0.18341064453125,0.1740718542678508,0.46160332535262816,-0.46160332535262816,"StraightLane index=('>>>', '1S0_0_', 0)",True,226.1214599609375,0.000598907470703125,0.0004425048828451384,"StraightLane index=('>>', '>>>', 0)",True,0.0,True,False,0.8233427405357361,0.0,0.0,0.0,True,0.0,0.0,0.0,-0.0,0.0,-0.0
59.999079,"[276.4667663574219, 4.499398231506348, 0.0]","[335.2396545410156, 4.5, 0.0]",8.61473274256703,9.105330467224121,9.112867459597735,-0.3637313842928869,-0.4332164227962494,58.76345824556407,0.48697280858011993,0.6817817688093974,54.26345824556407,-0.49059772465709095,8.621747016906738,4.215516090393066,46.02048110961914,False,-1,12.837263107299805,9.105330467224121,0.11868476867675781,0.16081863574475225,0.4797071567718614,-0.4797071567718614,"StraightLane index=('>>>', '1S0_0_', 0)",True,226.294189453125,0.0006003379821777344,0.0004425048828451384,"StraightLane index=('>>', '>>>', 0)",True,0.0,True,False,0.8233427405357361,0.0,0.0,0.0,True,0.0,0.0,0.0,-0.0,0.0,-0.0
60.019691,"[276.63922119140625, 4.499396800994873, 0.0]","[335.42730712890625, 4.5, 0.0]",8.60745811487879,9.114870071411133,9.115638737512112,-0.3637313844119916,-0.42458876967430115,58.77288817733343,0.49059772465709095,0.18124580384855093,54.27288817733343,-0.5074119565323425,8.613995552062988,5.205355644226074,42.30229949951172,False,-1,13.819351196289062,9.114870071411133,0.11868476867675781,0.16081863574475225,0.4797071567718614,-0.4797071567718614,"StraightLane index=('>>>', '1S0_0_', 0)",True,226.46676635742188,0.0006017684936523438,0.0004348754882712107,"StraightLane index=('>>', '>>>', 0)",True,0.0,True,False,0.8344734311103821,0.0,0.0,0.0,True,0.0,0.0,0.0,-0.0,0.0,-0.0
60.039421,"[276.8115234375, 4.499395370483398, 0.0]","[335.6051940917969, 4.5, 0.0]",8.600183487191588,9.110816001892092,9.11828797030705,-0.363731384360122,-0.42476582527160645,58.78808593122838,0.5074119565323425,0.8407115937625775,54.28808593122838,-0.5106325147005037,8.60973072052002,5.205355644226074,42.30229949951172,False,-1,13.815086364746094,9.110816001892092,0.11868476867675781,0.16081863574475225,0.4797071567718614,-0.4797071567718614,"StraightLane index=('>>>', '1S0_0_', 0)",True,226.63922119140625,0.0006031990051269531,0.0004348754882712107,"StraightLane index=('>>', '>>>', 0)",True,0.0,True,False,0.8344734311103821,0.0,0.0,0.0,True,0.0,0.0,0.0,-0.0,0.0,-0.0
60.058769,"[276.9836730957031, 4.499393939971924, 0.0]","[335.7864685058594, 4.5, 0.0]",8.592908859504762,9.120147705078125,9.12088181018451,-0.3637313843412926,-0.40449070930480957,58.79367064787378,0.5106325147005037,0.16102790840806236,54.29367064787378,-0.527238845573363,8.599287986755371,5.205355644226074,42.30229949951172,False,-1,13.804643630981445,9.120147705078125,0.11868476867675781,0.16081863574475225,0.4797071567718614,-0.4797071567718614,"StraightLane index=('>>>', '1S0_0_', 0)",True,226.8115234375,0.0006046295166015625,0.0004425048828451384,"StraightLane index=('>>', '>>>', 0)",True,0.0,True,False,0.8344734311103821,0.0,0.0,0.0,True,0.0,0.0,0.0,-0.0,0.0,-0.0
60.07976,"[277.1556701660156, 4.499392509460449, 0.0]","[335.9691467285156, 4.5, 0.0]",8.5856342318206,9.11616325378418,9.123686045067908,-0.36373138420806583,-0.3956214189529419,58.80279540386248,0.527238845573363,0.8303165436429616,54.30279540386248,-0.530529021963579,8.592140197753906,5.205355644226074,42.30229949951172,False,-1,13.79749584197998,9.11616325378418,0.11868476867675781,0.16081863574475225,0.4797071567718614,-0.4797071567718614,"StraightLane index=('>>>', '1S0_0_', 0)",True,226.98367309570312,0.0006060600280761719,0.0004348754882712107,"StraightLane index=('>>', '>>>', 0)",True,0.0,True,False,0.8344734311103821,0.0,0.0,0.0,True,0.0,0.0,0.0,-0.0,0.0,-0.0
60.099895,"[277.3275146484375, 4.499391078948975, 0.0]","[336.15130615234375, 4.5, 0.0]",8.57835960414094,9.125508308410645,9.126385106567351,-0.3637313839830014,-0.3964085280895233,58.813476555769384,0.530529021963579,0.1645088195108002,54.313476555769384,-0.5471487042697039,8.588101387023926,5.205355644226074,42.30229949951172,False,-1,13.79345703125,9.125508308410645,0.20177841186523438,0.15179901658556022,0.5074456743608677,-0.5074456743608677,"StraightLane index=('>>>', '1S0_0_', 0)",True,227.15567016601562,0.0006074905395507812,0.000457763671891216,"StraightLane index=('>>', '>>>', 0)",True,0.0,True,False,0.8344734311103821,0.0,0.0,0.0,True,0.0,0.0,0.0,-0.0,0.0,-0.0
60.119831,"[277.4992370605469, 4.4993896484375, 0.0]","[336.3392639160156, 4.5, 0.0]",8.571084976458993,9.121557235717773,9.128997387172229,-0.3637313840973988,-0.3882494270801544,58.823791496874456,0.5471487042697039,0.8309841153062436,54.323791496874456,-0.5504722592587807,8.58108901977539,5.205355644226074,42.30229949951172,False,-1,13.786444664001465,9.121557235717773,0.20177841186523438,0.15179901658556022,0.5074456743608677,-0.5074456743608677,"StraightLane index=('>>>', '1S0_0_', 0)",True,227.3275146484375,0.0006089210510253906,0.0004730224609372935,"StraightLane index=('>>', '>>>', 0)",True,0.0,True,False,0.8344734311103821,0.0,0.0,0.0,True,0.0,0.0,0.0,-0.0,0.0,-0.0
60.139954,"[277.6708068847656, 4.499388217926025, 0.0]","[336.5222473144531, 4.5, 0.0]",8.563810348776114,9.130849838256836,9.131633514449739,-0.36373138414393935,-0.38041800260543823,58.84002684871442,0.5504722592587807,0.16617774945384411,54.34002684871442,-0.567039489480722,8.574228286743164,5.205355644226074,42.30229949951172,False,-1,13.779583930969238,9.130849838256836,0.20177841186523438,0.15179901658556022,0.5074456743608677,-0.5074456743608677,"StraightLane index=('>>>', '1S0_0_', 0)",True,227.49923706054688,0.0006103515625,0.000457763671891216,"StraightLane index=('>>', '>>>', 0)",True,0.0,True,False,0.8344734311103821,0.0,0.0,0.0,True,0.0,0.0,0.0,-0.0,0.0,-0.0
60.159063,"[277.84222412109375, 4.499386787414551, 0.0]","[336.70404052734375, 4.5, 0.0]",8.556535721092423,9.126790046691895,9.134143741037795,-0.3637313841845291,-0.3725716471672058,58.85144042292138,0.567039489480722,0.8283615110970644,54.35144042292138,-0.5702543255994712,8.56750202178955,5.205355644226074,42.30229949951172,False,-1,13.772857666015625,9.126790046691895,0.20177841186523438,0.15179901658556022,0.5074456743608677,-0.5074456743608677,"StraightLane index=('>>>', '1S0_0_', 0)",True,227.67080688476562,0.0006117820739746094,0.000457763671891216,"StraightLane index=('>>', '>>>', 0)",True,0.0,True,False,0.8344734311103821,0.0,0.0,0.0,True,0.0,0.0,0.0,-0.0,0.0,-0.0
60.179054,"[278.01348876953125, 4.499385356903076, 0.0]","[336.88214111328125, 4.5, 0.0]",8.549261093410742,9.136012077331543,9.136761388798371,-0.3637313840840761,-0.365917831659317,58.861816399472126,0.5702543255994712,0.1607418059374588,54.361816399472126,-0.5867509839208012,8.560827255249023,5.205355644226074,42.30229949951172,False,-1,13.766182899475098,9.136012077331543,0.20177841186523438,0.15179901658556022,0.5074456743608677,-0.5074456743608677,"StraightLane index=('>>>', '1S0_0_', 0)",True,227.84222412109375,0.0006132125854492188,0.000457763671891216,"StraightLane index=('>>', '>>>', 0)",True,0.0,True,False,0.8344734311103821,0.0,0.0,0.0,True,0.0,0.0,0.0,-0.0,0.0,-0.0
60.199439,"[278.18463134765625, 4.499383926391602, 0.0]","[337.06756591796875, 4.5, 0.0]",8.54198646572781,9.132003784179688,9.139425849151577,-0.3637313841466039,-0.36439794301986694,58.86865233696047,0.5867509839208012,0.824832916066498,54.36865233696047,-0.5900173184518778,8.553718566894531,5.205355644226074,42.30229949951172,False,-1,13.759074211120605,9.132003784179688,0.06495475769042969,0.13889253144616923,0.5224037884398898,-0.5224037884398898,"StraightLane index=('>>>', '1S0_0_', 0)",True,228.01348876953125,0.0006146430969238281,0.000457763671891216,"StraightLane index=('>>', '>>>', 0)",True,0.0,True,False,0.8344734311103821,0.0,0.0,0.0,True,0.0,0.0,0.0,-0.0,0.0,-0.0
60.219775,"[278.3556213378906, 4.499382495880127, 0.0]","[337.2486572265625, 4.5, 0.0]",8.534711838047166,9.14146900177002,9.142392615069646,-0.3637313840322065,-0.36200544238090515,58.88293456351109,0.5900173184518778,0.16331672655383045,54.38293456351109,-0.6067571637228539,8.546712875366211,4.600461959838867,44.772117614746094,False,-1,13.147174835205078,9.14146900177002,0.06495475769042969,0.13889253144616923,0.5224037884398898,-0.5224037884398898,"StraightLane index=('>>>', '1S0_0_', 0)",True,228.18463134765625,0.0006160736083984375,0.000457763671891216,"StraightLane index=('>>', '>>>', 0)",True,0.0,True,False,0.8444884419441223,0.0,0.0,0.0,True,0.0,0.0,0.0,-0.0,0.0,-0.0
60.239658,"[278.5264587402344, 4.499381065368652, 0.0]","[337.43109130859375, 4.5, 0.0]",8.527437210364765,9.137713432312013,9.145296085243764,-0.36373138412004735,-0.3598649203777313,58.89303588156687,0.6067571637228539,0.8369922635488081,54.39303588156687,-0.6102762219472488,8.539751052856445,4.600461959838867,44.772117614746094,False,-1,13.140213012695312,9.137713432312013,0.06495475769042969,0.13889253144616923,0.5224037884398898,-0.5224037884398898,"StraightLane index=('>>>', '1S0_0_', 0)",True,228.35562133789062,0.0006175041198730469,0.0004730224609372935,"StraightLane index=('>>', '>>>', 0)",True,0.0,True,False,0.8444884419441223,0.0,0.0,0.0,True,0.0,0.0,0.0,-0.0,0.0,-0.0
60.258515,"[278.6971435546875, 4.499379634857178, 0.0]","[337.61285400390625, 4.5, 0.0]",8.520162582681372,9.147282600402832,9.148049167822592,-0.3637313841696077,-0.36031919717788696,58.904632561094466,0.6102762219472488,0.17595291121974554,54.404632561094466,-0.6271200177214595,8.528919219970703,4.600461959838867,44.772117614746094,False,-1,13.12938117980957,9.147282600402832,0.06495475769042969,0.13889253144616923,0.5224037884398898,-0.5224037884398898,"StraightLane index=('>>>', '1S0_0_', 0)",True,228.52645874023438,0.0006189346313476562,0.0004806518554603323,"StraightLane index=('>>', '>>>', 0)",True,0.0,True,False,0.8444884419441223,0.0,0.0,0.0,True,0.0,0.0,0.0,-0.0,0.0,-0.0
60.279518,"[278.8677062988281, 4.499378204345703, 0.0]","[337.79669189453125, 4.5, 0.0]",8.512887955000565,9.143548965454102,9.151113451448106,-0.36373138404037775,-0.362213134765625,58.9157104422362,0.6271200177214595,0.8421897887105345,54.4157104422362,-0.6306610104535366,8.525116920471191,4.600461959838867,44.772117614746094,False,-1,13.125578880310059,9.143548965454102,0.06495475769042969,0.13889253144616923,0.5224037884398898,-0.5224037884398898,"StraightLane index=('>>>', '1S0_0_', 0)",True,228.6971435546875,0.0006203651428222656,0.0004653930664142548,"StraightLane index=('>>', '>>>', 0)",True,0.0,True,False,0.8444884419441223,0.0,0.0,0.0,True,0.0,0.0,0.0,-0.0,0.0,-0.0
60.299208,"[279.0381164550781, 4.4993767738342285, 0.0]","[337.98382568359375, 4.5, 0.0]",8.505613327317748,9.153203964233398,9.153990968513897,-0.3637313841408307,-0.3619697093963623,58.92898558856146,0.6306610104535366,0.1770496366038543,54.42898558856146,-0.6475906369156501,8.517942428588867,4.600461959838867,44.772117614746094,False,-1,13.118404388427734,9.153203964233398,0.21200180053710938,0.13242334132035113,0.5533572553155237,-0.5533572553155237,"StraightLane index=('>>>', '1S0_0_', 0)",True,228.86770629882812,0.000621795654296875,0.0004730224609372935,"StraightLane index=('>>', '>>>', 0)",True,0.0,True,False,0.8444884419441223,0.0,0.0,0.0,True,0.0,0.0,0.0,-0.0,0.0,-0.0
60.319437,"[279.2083740234375, 4.499375343322754, 0.0]","[338.1632385253906, 4.5, 0.0]",8.498338699631207,9.149812698364258,9.15754755395907,-0.36373138432708174,-0.35561898350715637,58.945709221361575,0.6475906369156501,0.8464813231056745,54.445709221361575,-0.6514739987330511,8.507787704467773,4.600461959838867,44.772117614746094,False,-1,13.10824966430664,9.149812698364258,0.21200180053710938,0.13242334132035113,0.5533572553155237,-0.5533572553155237,"StraightLane index=('>>>', '1S0_0_', 0)",True,229.03811645507812,0.0006232261657714844,0.0004730224609372935,"StraightLane index=('>>', '>>>', 0)",True,0.0,True,False,0.8444884419441223,0.0,0.0,0.0,True,0.0,0.0,0.0,-0.0,0.0,-0.0
60.340823,"[279.37847900390625, 4.499373912811279, 0.0]","[338.35125732421875, 4.5, 0.0]",8.491064071945305,9.160113334655762,9.161322348532238,-0.3637313842951073,-0.35932397842407227,58.95486449478695,0.6514739987330511,0.1941680908700505,54.45486449478695,-0.6690492627104572,8.503843307495117,4.600461959838867,44.772117614746094,False,-1,13.104305267333984,9.160113334655762,0.21200180053710938,0.13242334132035113,0.5533572553155237,-0.5533572553155237,"StraightLane index=('>>>', '1S0_0_', 0)",True,229.2083740234375,0.0006246566772460938,0.0004730224609372935,"StraightLane index=('>>', '>>>', 0)",True,0.0,True,False,0.8444884419441223,0.0,0.0,0.0,True,0.0,0.0,0.0,-0.0,0.0,-0.0
60.359261,"[279.5484313964844, 4.499372482299805, 0.0]","[338.53338623046875, 4.5, 0.0]",8.48378944425948,9.156962394714355,9.164597959031234,-0.36373138429119933,-0.3620021641254425,58.972778313133915,0.6690492627104572,0.8787631988703026,54.472778313133915,-0.6731729504548749,8.496404647827148,4.600461959838867,44.772117614746094,False,-1,13.096866607666016,9.156962394714355,0.21200180053710938,0.13242334132035113,0.5533572553155237,-0.5533572553155237,"StraightLane index=('>>>', '1S0_0_', 0)",True,229.37847900390625,0.0006260871887207031,0.0004730224609372935,"StraightLane index=('>>', '>>>', 0)",True,0.0,True,False,0.8444884419441223,0.0,0.0,0.0,True,0.0,0.0,0.0,-0.0,0.0,-0.0
60.38003,"[279.71826171875, 4.49937105178833, 0.0]","[338.7171936035156, 4.5, 0.0]",8.476514816573584,9.167181968688965,9.168271881479013,-0.36373138429484086,-0.3627355396747589,58.98495482694145,0.6731729504548749,0.20618438722088683,54.48495482694145,-0.6906671521153811,8.489100456237793,4.600461959838867,44.772117614746094,False,-1,13.08956241607666,9.167181968688965,0.21200180053710938,0.13242334132035113,0.5533572553155237,-0.5533572553155237,"StraightLane index=('>>>', '1S0_0_', 0)",True,229.54843139648438,0.0006275177001953125,0.0004653930664142548,"StraightLane index=('>>', '>>>', 0)",True,0.0,True,False,0.8444884419441223,0.0,0.0,0.0,True,0.0,0.0,0.0,-0.0,0.0,-0.0
60.399671,"[279.887939453125, 4.4993696212768555, 0.0]","[338.9002685546875, 4.5, 0.0]",8.469240188890275,9.164050102233887,9.17174938808626,-0.36373138416543327,-0.36276954412460327,58.99893187771061,0.6906671521153811,0.8747100830253096,54.49893187771061,-0.6948099133436116,8.481884956359863,4.600461959838867,44.772117614746094,False,-1,13.08234691619873,9.164050102233887,0.10846138000488281,0.12297715548848692,0.5746035991618346,-0.5746035991618346,"StraightLane index=('>>>', '1S0_0_', 0)",True,229.71826171875,0.0006289482116699219,0.0004653930664142548,"StraightLane index=('>>', '>>>', 0)",True,0.0,True,False,0.8444884419441223,0.0,0.0,0.0,True,0.0,0.0,0.0,-0.0,0.0,-0.0
60.41983,"[280.0574645996094, 4.499368190765381, 0.0]","[339.0797424316406, 4.5, 0.0]",8.46196556120846,9.17487907409668,9.17635094997207,-0.36373138409073746,-0.35660457611083984,59.012329094197796,0.6948099133436116,0.20713806141152702,54.512329094197796,-0.7129135128882194,8.471684455871582,4.287363052368164,45.7488899230957,False,-1,12.759047508239746,9.17487907409668,0.10846138000488281,0.12297715548848692,0.5746035991618346,-0.5746035991618346,"StraightLane index=('>>>', '1S0_0_', 0)",True,229.887939453125,0.0006303787231445312,0.0004806518554603323,"StraightLane index=('>>', '>>>', 0)",True,0.0,True,False,0.8533833026885986,0.0,0.0,0.0,True,0.0,0.0,0.0,-0.0,0.0,-0.0
60.439301,"[280.2268371582031, 4.499366760253906, 0.0]","[339.2626953125, 4.5, 0.0]",8.45469093353076,9.172773361206055,9.18080989966127,-0.36373138388503534,-0.36032193899154663,59.02227782435198,0.7129135128882194,0.9051799772303859,54.52227782435198,-0.7180824276752951,8.467728614807129,4.287363052368164,45.7488899230957,False,-1,12.755091667175293,9.172773361206055,0.10846138000488281,0.12297715548848692,0.5746035991618346,-0.5746035991618346,"StraightLane index=('>>>', '1S0_0_', 0)",True,230.05746459960938,0.0006318092346191406,0.0004959106445572987,"StraightLane index=('>>', '>>>', 0)",True,0.0,True,False,0.8533833026885986,0.0,0.0,0.0,True,0.0,0.0,0.0,-0.0,0.0,-0.0
60.458859,"[280.3960876464844, 4.499365329742432, 0.0]","[339.44598388671875, 4.5, 0.0]",8.447416305847266,9.184012413024902,9.185289803989743,-0.3637313841746703,-0.36297234892845154,59.03585814675655,0.7180824276752951,0.25844573935378534,54.53585814675655,-0.7365961071776361,8.460272789001465,4.287363052368164,45.7488899230957,False,-1,12.747635841369629,9.184012413024902,0.10846138000488281,0.12297715548848692,0.5746035991618346,-0.5746035991618346,"StraightLane index=('>>>', '1S0_0_', 0)",True,230.22683715820312,0.00063323974609375,0.0004882812499833711,"StraightLane index=('>>', '>>>', 0)",True,0.0,True,False,0.8533833026885986,0.0,0.0,0.0,True,0.0,0.0,0.0,-0.0,0.0,-0.0
60.479807,"[280.565185546875, 4.499363899230957, 0.0]","[339.63507080078125, 4.5, 0.0]",8.440141678163371,9.185392379760742,9.190084999411878,-0.36373138419474316,-0.3636269271373749,59.04989623268135,0.7365961071776361,0.9256839751170531,54.54989623268135,-0.7452507015973708,8.452958106994629,4.287363052368164,45.7488899230957,False,-1,12.740321159362793,9.185392379760742,0.10846138000488281,0.12297715548848692,0.5746035991618346,-0.5746035991618346,"StraightLane index=('>>>', '1S0_0_', 0)",True,230.39608764648438,0.0006346702575683594,0.0004882812499833711,"StraightLane index=('>>', '>>>', 0)",True,0.0,True,False,0.8533833026885986,0.0,0.0,0.0,True,0.0,0.0,0.0,-0.0,0.0,-0.0
60.498895,"[280.734130859375, 4.499362468719482, 0.0]","[339.81378173828125, 4.5, 0.0]",8.432867050479183,9.189849853515625,9.194457410221878,-0.3637313842093981,-0.3635523319244385,59.06988524634031,0.7452507015973708,0.43272972098673534,54.56988524634031,-0.7569828030364416,8.4457368850708,4.287363052368164,45.7488899230957,False,-1,12.733099937438965,9.189849853515625,0.2579975128173828,0.11970935288824663,0.6117481748619338,-0.6117481748619338,"StraightLane index=('>>>', '1S0_0_', 0)",True,230.565185546875,0.0006361007690429688,0.0004882812499833711,"StraightLane index=('>>', '>>>', 0)",True,0.0,True,False,0.8533833026885986,0.0,0.0,0.0,True,0.0,0.0,0.0,-0.0,0.0,-0.0
60.519031,"[280.9029235839844, 4.499361038208008, 0.0]","[339.9983215332031, 4.5, 0.0]",8.425592422791661,9.195368766784668,9.200384223944262,-0.3637313843761092,-0.36561381816864014,59.079650871327765,0.7569828030364416,0.5866050719535387,54.579650871327765,-0.7697763439930068,8.434605598449707,4.287363052368164,45.7488899230957,False,-1,12.721968650817871,9.195368766784668,0.2579975128173828,0.11970935288824663,0.6117481748619338,-0.6117481748619338,"StraightLane index=('>>>', '1S0_0_', 0)",True,230.734130859375,0.0006375312805175781,0.0004882812499833711,"StraightLane index=('>>', '>>>', 0)",True,0.0,True,False,0.8533833026885986,0.0,0.0,0.0,True,0.0,0.0,0.0,-0.0,0.0,-0.0
60.539107,"[281.07159423828125, 4.499359607696533, 0.0]","[340.18280029296875, 4.5, 0.0]",8.418317795105228,9.201338768005371,9.206362918674643,-0.36373138432166385,-0.36772486567497253,59.0953979416275,0.7697763439930068,0.6396770478282576,54.5953979416275,-0.7830209729001432,8.4307279586792,4.287363052368164,45.7488899230957,False,-1,12.718091011047363,9.201338768005371,0.2579975128173828,0.11970935288824663,0.6117481748619338,-0.6117481748619338,"StraightLane index=('>>>', '1S0_0_', 0)",True,230.90292358398438,0.0006389617919921875,0.0004882812499833711,"StraightLane index=('>>', '>>>', 0)",True,0.0,True,False,0.8533833026885986,0.0,0.0,0.0,True,0.0,0.0,0.0,-0.0,0.0,-0.0
60.558775,"[281.2401123046875, 4.499358177185059, 0.0]","[340.3655090332031, 4.5, 0.0]",8.411043167418944,9.20725154876709,9.212230390571454,-0.36373138431420315,-0.36755695939064026,59.11120604708349,0.7830209729001432,0.6622314453568201,54.61120604708349,-0.796208381348146,8.423434257507324,4.287363052368164,45.7488899230957,False,-1,12.710797309875488,9.20725154876709,0.2579975128173828,0.11970935288824663,0.6117481748619338,-0.6117481748619338,"StraightLane index=('>>>', '1S0_0_', 0)",True,231.07159423828125,0.0006403923034667969,0.0004882812499833711,"StraightLane index=('>>', '>>>', 0)",True,0.0,True,False,0.8533833026885986,0.0,0.0,0.0,True,0.0,0.0,0.0,-0.0,0.0,-0.0
60.579824,"[281.4084777832031, 4.499356746673584, 0.0]","[340.55035400390625, 4.5, 0.0]",8.403768539732331,9.213232040405273,9.218493226215697,-0.36373138433063446,-0.36593344807624817,59.12539672105094,0.796208381348146,0.6593704224001407,54.62539672105094,-0.8094635006729423,8.416279792785645,4.287363052368164,45.7488899230957,False,-1,12.703642845153809,9.213232040405273,0.2579975128173828,0.11970935288824663,0.6117481748619338,-0.6117481748619338,"StraightLane index=('>>>', '1S0_0_', 0)",True,231.2401123046875,0.0006418228149414062,0.0004806518554603323,"StraightLane index=('>>', '>>>', 0)",True,0.0,True,False,0.8533833026885986,0.0,0.0,0.0,True,0.0,0.0,0.0,-0.0,0.0,-0.0
60.599937,"[281.5766906738281, 4.499355316162109, 0.0]","[340.7346496582031, 4.5, 0.0]",8.396493912045772,9.219195365905762,9.224488278764172,-0.3637313843279699,-0.3609398305416107,59.141876213225856,0.8094635006729423,0.6627559662398141,54.641876213225856,-0.8227014538599899,8.405896186828613,4.287363052368164,45.7488899230957,False,-1,12.693259239196777,9.219195365905762,0.2934551239013672,0.11800934693596982,0.6527652919449634,-0.6527652919449634,"StraightLane index=('>>>', '1S0_0_', 0)",True,231.40847778320312,0.0006432533264160156,0.0004806518554603323,"StraightLane index=('>>', '>>>', 0)",True,0.0,True,False,0.8533833026885986,0.0,0.0,0.0,True,0.0,0.0,0.0,-0.0,0.0,-0.0
60.619728,"[281.7447509765625, 4.499353885650635, 0.0]","[340.9245910644531, 4.5, 0.0]",8.389219284359502,9.226526260375977,9.232085750649125,-0.3637313843134926,-0.3661143481731415,59.15795897688517,0.8227014538599899,0.661897659352384,54.65795897688517,-0.8373069760164746,8.40174388885498,2.7540531158447266,46.032649993896484,False,-1,11.155797004699707,9.226526260375977,0.2934551239013672,0.11800934693596982,0.6527652919449634,-0.6527652919449634,"StraightLane index=('>>>', '1S0_0_', 0)",True,231.57669067382812,0.000644683837890625,0.0004806518554603323,"StraightLane index=('>>', '>>>', 0)",True,0.0,True,False,0.861176609992981,0.0,0.0,0.0,True,0.0,0.0,0.0,-0.0,0.0,-0.0
60.639282,"[281.9126892089844, 4.49935245513916, 0.0]","[341.10382080078125, 4.5, 0.0]",8.381944656673403,9.233972549438478,9.239600283136964,-0.3637313843049661,-0.3661253750324249,59.17984008038802,0.8373069760164746,0.7302761078242348,54.67984008038802,-0.8520278927650757,8.394437789916992,2.7540531158447266,46.032649993896484,False,-1,11.148490905761719,9.233972549438478,0.2934551239013672,0.11800934693596982,0.6527652919449634,-0.6527652919449634,"StraightLane index=('>>>', '1S0_0_', 0)",True,231.7447509765625,0.0006461143493652344,0.0004806518554603323,"StraightLane index=('>>', '>>>', 0)",True,0.0,True,False,0.861176609992981,0.0,0.0,0.0,True,0.0,0.0,0.0,-0.0,0.0,-0.0
60.658714,"[282.0804748535156, 4.4993510246276855, 0.0]","[341.288330078125, 4.5, 0.0]",8.374670028987376,9.241636276245117,9.247065773433446,-0.36373138430132457,-0.3654402792453766,59.19113158428187,0.8520278927650757,0.7360458374300549,54.69113158428187,-0.8669662472577411,8.38723373413086,2.7540531158447266,46.032649993896484,False,-1,11.141286849975586,9.241636276245117,0.2934551239013672,0.11800934693596982,0.6527652919449634,-0.6527652919449634,"StraightLane index=('>>>', '1S0_0_', 0)",True,231.91268920898438,0.0006475448608398438,0.0004806518554603323,"StraightLane index=('>>', '>>>', 0)",True,0.0,True,False,0.861176609992981,0.0,0.0,0.0,True,0.0,0.0,0.0,-0.0,0.0,-0.0
60.679805,"[282.24810791015625, 4.499349594116211, 0.0]","[341.4788818359375, 4.5, 0.0]",8.367395401301366,9.24955177307129,9.255159014264493,-0.3637313843005252,-0.3635784983634949,59.207855217081786,0.8669662472577411,0.746917724633267,54.707855217081786,-0.8821563717699252,8.380146980285645,2.7540531158447266,46.032649993896484,False,-1,11.134200096130371,9.24955177307129,0.2934551239013672,0.11800934693596982,0.6527652919449634,-0.6527652919449634,"StraightLane index=('>>>', '1S0_0_', 0)",True,232.08047485351562,0.0006489753723144531,0.0004806518554603323,"StraightLane index=('>>', '>>>', 0)",True,0.0,True,False,0.861176609992981,0.0,0.0,0.0,True,0.0,0.0,0.0,-0.0,0.0,-0.0
60.698912,"[282.41558837890625, 4.499348163604736, 0.0]","[341.6585388183594, 4.5, 0.0]",8.360120773615487,9.257015228271484,9.262500000251828,-0.3637313842939527,-0.36172032356262207,59.23077391824085,0.8821563717699252,0.7595062256092078,54.73077391824085,-0.8968944546559978,8.373123168945312,2.7540531158447266,46.032649993896484,False,-1,11.127176284790039,9.257015228271484,0.37819862365722656,0.11944536407037576,0.7024267595967744,-0.7024267595967744,"StraightLane index=('>>>', '1S0_0_', 0)",True,232.24810791015625,0.0006504058837890625,0.0004806518554603323,"StraightLane index=('>>', '>>>', 0)",True,0.0,True,False,0.861176609992981,0.0,0.0,0.0,True,0.0,0.0,0.0,-0.0,0.0,-0.0
60.719462,"[282.58294677734375, 4.499346733093262, 0.0]","[341.8446350097656, 4.5, 0.0]",8.352846145929643,9.266012191772461,9.27226353087984,-0.36373138429217633,-0.363860160112381,59.2429504319003,0.8968944546559978,0.7369041443036295,54.7429504319003,-0.9131660458428179,8.36569595336914,2.7540531158447266,46.032649993896484,False,-1,11.119749069213867,9.266012191772461,0.37819862365722656,0.11944536407037576,0.7024267595967744,-0.7024267595967744,"StraightLane index=('>>>', '1S0_0_', 0)",True,232.41558837890625,0.0006518363952636719,0.0004806518554603323,"StraightLane index=('>>', '>>>', 0)",True,0.0,True,False,0.861176609992981,0.0,0.0,0.0,True,0.0,0.0,0.0,-0.0,0.0,-0.0
60.739171,"[282.7501525878906, 4.499345302581787, 0.0]","[342.03057861328125, 4.5, 0.0]",8.3455715182437,9.275623321533203,9.281704397914558,-0.36373138429715013,-0.3640998601913452,59.261688224856385,0.9131660458428179,0.8135795593410045,54.761688224856385,-0.9300518032895031,8.358409881591797,2.7540531158447266,46.032649993896484,False,-1,11.112462997436523,9.275623321533203,0.37819862365722656,0.11944536407037576,0.7024267595967744,-0.7024267595967744,"StraightLane index=('>>>', '1S0_0_', 0)",True,232.58294677734375,0.0006532669067382812,0.0004806518554603323,"StraightLane index=('>>', '>>>', 0)",True,0.0,True,False,0.861176609992981,0.0,0.0,0.0,True,0.0,0.0,0.0,-0.0,0.0,-0.0
60.758813,"[282.9172058105469, 4.4993438720703125, 0.0]","[342.2156677246094, 4.5, 0.0]",8.338296890557604,9.285189628601074,9.291152023836599,-0.36373138430478846,-0.3637017011642456,59.280426017658556,0.9300518032895031,0.8442878723342595,54.780426017658556,-0.94689273804347,8.351214408874512,2.7540531158447266,46.032649993896484,False,-1,11.105267524719238,9.285189628601074,0.37819862365722656,0.11944536407037576,0.7024267595967744,-0.7024267595967744,"StraightLane index=('>>>', '1S0_0_', 0)",True,232.75015258789062,0.0006546974182128906,0.0004882812499833711,"StraightLane index=('>>', '>>>', 0)",True,0.0,True,False,0.861176609992981,0.0,0.0,0.0,True,0.0,0.0,0.0,-0.0,0.0,-0.0
60.779116,"[283.0841064453125, 4.499342441558838, 0.0]","[342.40142822265625, 4.5, 0.0]",8.331022262871612,9.29478931427002,9.30089480847642,-0.36373138429963703,-0.366757333278656,59.29846190631759,0.94689273804347,0.8420467376983432,54.79846190631759,-0.963767051398408,8.343645095825195,2.7540531158447266,46.032649993896484,False,-1,11.097698211669922,9.29478931427002,0.37819862365722656,0.11944536407037576,0.7024267595967744,-0.7024267595967744,"StraightLane index=('>>>', '1S0_0_', 0)",True,232.91720581054688,0.0006561279296875,0.0004882812499833711,"StraightLane index=('>>', '>>>', 0)",True,0.0,True,False,0.861176609992981,0.0,0.0,0.0,True,0.0,0.0,0.0,-0.0,0.0,-0.0
60.799072,"[283.2508850097656, 4.499341011047363, 0.0]","[342.58697509765625, 4.5, 0.0]",8.323747635185724,9.304380416870117,9.31047535407413,-0.3637313842943968,-0.37508222460746765,59.31732176958596,0.963767051398408,0.8437156677469027,54.81732176958596,-0.9806327816843936,8.335357666015625,2.7540531158447266,46.032649993896484,False,-1,11.089410781860352,9.304380416870117,0.4736518859863281,0.12407864367285967,0.7614899517677156,-0.7614899517677156,"StraightLane index=('>>>', '1S0_0_', 0)",True,233.0841064453125,0.0006575584411621094,0.0004882812499833711,"StraightLane index=('>>', '>>>', 0)",True,0.0,True,False,0.861176609992981,0.0,0.0,0.0,True,0.0,0.0,0.0,-0.0,0.0,-0.0
60.8193,"[283.4175109863281, 4.499339580535889, 0.0]","[342.7740783691406, 4.5, 0.0]",8.316473007499816,9.315437316894531,9.322234318233935,-0.36373138429537377,-0.37198764085769653,59.33609008011996,0.9806327816843936,0.8432865142992796,54.83609008011996,-0.9989643093947151,8.328239440917969,2.7540531158447266,46.032649993896484,False,-1,11.082292556762695,9.315437316894531,0.4736518859863281,0.12407864367285967,0.7614899517677156,-0.7614899517677156,"StraightLane index=('>>>', '1S0_0_', 0)",True,233.25088500976562,0.0006589889526367188,0.0004882812499833711,"StraightLane index=('>>', '>>>', 0)",True,0.0,True,False,0.861176609992981,0.0,0.0,0.0,True,0.0,0.0,0.0,-0.0,0.0,-0.0
60.839807,"[283.583984375, 4.499338150024414, 0.0]","[342.9617919921875, 4.5, 0.0]",8.309198379814084,9.327215194702148,9.334249623562117,-0.3637313842865808,-0.36801692843437195,59.3565673750289,0.9989643093947151,0.9165763855160769,54.8565673750289,-1.018016814888064,8.32125473022461,2.265805244445801,47.36842727661133,False,-1,10.58705997467041,9.327215194702148,0.4736518859863281,0.12407864367285967,0.7614899517677156,-0.7614899517677156,"StraightLane index=('>>>', '1S0_0_', 0)",True,233.41751098632812,0.0006604194641113281,0.0004882812499833711,"StraightLane index=('>>', '>>>', 0)",True,0.0,True,False,0.8679059743881226,0.0,0.0,0.0,True,0.0,0.0,0.0,-0.0,0.0,-0.0
60.859516,"[283.75030517578125, 4.4993367195129395, 0.0]","[343.1517333984375, 4.5, 0.0]",8.301923752130946,9.339130401611328,9.345798594776857,-0.36373138415690676,-0.3605261445045471,59.37780760939094,1.018016814888064,0.9526252746674402,54.87780760939094,-1.0372066494803818,8.3110990524292,2.265805244445801,47.36842727661133,False,-1,10.576904296875,9.339130401611328,0.4736518859863281,0.12407864367285967,0.7614899517677156,-0.7614899517677156,"StraightLane index=('>>>', '1S0_0_', 0)",True,233.583984375,0.0006618499755859375,0.0004882812499833711,"StraightLane index=('>>', '>>>', 0)",True,0.0,True,False,0.8679059743881226,0.0,0.0,0.0,True,0.0,0.0,0.0,-0.0,0.0,-0.0
60.879978,"[283.91650390625, 4.499335289001465, 0.0]","[343.33953857421875, 4.5, 0.0]",8.294649124447004,9.35091495513916,9.357788906605416,-0.36373138419714124,-0.3651143014431,59.401428214846646,1.0372066494803818,0.9594917296158911,54.901428214846646,-1.0562658306921566,8.307011604309082,2.265805244445801,47.36842727661133,False,-1,10.572816848754883,9.35091495513916,0.4736518859863281,0.12407864367285967,0.7614899517677156,-0.7614899517677156,"StraightLane index=('>>>', '1S0_0_', 0)",True,233.75030517578125,0.0006632804870605469,0.0004882812499833711,"StraightLane index=('>>', '>>>', 0)",True,0.0,True,False,0.8679059743881226,0.0,0.0,0.0,True,0.0,0.0,0.0,-0.0,0.0,-0.0
60.8988,"[284.0825500488281, 4.49933385848999, 0.0]","[343.5209655761719, 4.5, 0.0]",8.287374496762393,9.365630149841309,9.368814472585475,-0.36373138423053675,-0.3642701506614685,59.423034660146165,1.0562658306921566,0.9529590605887428,54.923034660146165,-1.0782556530789158,8.299819946289062,2.265805244445801,47.36842727661133,False,-1,10.565625190734863,9.365630149841309,0.6124973297119141,0.1331081858454907,0.833974360346786,-0.833974360346786,"StraightLane index=('>>>', '1S0_0_', 0)",True,233.91650390625,0.0006647109985351562,0.0004882812499833711,"StraightLane index=('>>', '>>>', 0)",True,0.0,True,False,0.8679059743881226,0.0,0.0,0.0,True,0.0,0.0,0.0,-0.0,0.0,-0.0
60.919253,"[284.2484436035156, 4.499332427978516, 0.0]","[343.7090148925781, 4.5, 0.0]",8.280099869077372,9.372145652770996,9.382870954736644,-0.36373138425105367,-0.3630925118923187,59.43841551950842,1.0782556530789158,1.0994911193379586,54.93841551950842,-1.0920457836936244,8.292707443237305,2.265805244445801,47.36842727661133,False,-1,10.558512687683105,9.372145652770996,0.6124973297119141,0.1331081858454907,0.833974360346786,-0.833974360346786,"StraightLane index=('>>>', '1S0_0_', 0)",True,234.08255004882812,0.0006661415100097656,0.0004882812499833711,"StraightLane index=('>>', '>>>', 0)",True,0.0,True,False,0.8679059743881226,0.0,0.0,0.0,True,0.0,0.0,0.0,-0.0,0.0,-0.0
60.939878,"[284.4141845703125, 4.499330997467041, 0.0]","[343.8973388671875, 4.5, 0.0]",8.272825241392338,9.392690658569336,9.397126481037075,-0.3637313842516754,-0.36413487792015076,59.46057128121417,1.0920457836936244,0.6895065307354287,54.96057128121417,-1.1198654171769977,8.281708717346191,2.265805244445801,47.36842727661133,False,-1,10.547513961791992,9.392690658569336,0.6124973297119141,0.1331081858454907,0.833974360346786,-0.833974360346786,"StraightLane index=('>>>', '1S0_0_', 0)",True,234.24844360351562,0.000667572021484375,0.0004882812499833711,"StraightLane index=('>>', '>>>', 0)",True,0.0,True,False,0.8679059743881226,0.0,0.0,0.0,True,0.0,0.0,0.0,-0.0,0.0,-0.0
60.959729,"[284.57977294921875, 4.499329566955566, 0.0]","[344.0892333984375, 4.5, 0.0]",8.265550613706989,9.400162696838379,9.41092361415659,-0.36373138426748497,-0.3660479784011841,59.48315428901366,1.1198654171769977,1.3909816741686676,54.98315428901366,-1.1346120831313904,8.27786636352539,2.265805244445801,47.36842727661133,False,-1,10.543671607971191,9.400162696838379,0.6124973297119141,0.1331081858454907,0.833974360346786,-0.833974360346786,"StraightLane index=('>>>', '1S0_0_', 0)",True,234.4141845703125,0.0006690025329589844,0.0004882812499833711,"StraightLane index=('>>', '>>>', 0)",True,0.0,True,False,0.8679059743881226,0.0,0.0,0.0,True,0.0,0.0,0.0,-0.0,0.0,-0.0
60.980446,"[284.7452392578125, 4.499328136444092, 0.0]","[344.27801513671875, 4.5, 0.0]",8.258275986021642,9.420742988586426,9.42526261019964,-0.36373138426730733,-0.3630145192146301,59.50946044134426,1.1346120831313904,0.7373332977196334,55.00946044134426,-1.1624670025647834,8.267251968383789,2.265805244445801,47.36842727661133,False,-1,10.53305721282959,9.420742988586426,0.6124973297119141,0.1331081858454907,0.833974360346786,-0.833974360346786,"StraightLane index=('>>>', '1S0_0_', 0)",True,234.57977294921875,0.0006704330444335938,0.0004882812499833711,"StraightLane index=('>>', '>>>', 0)",True,0.0,True,False,0.8679059743881226,0.0,0.0,0.0,True,0.0,0.0,0.0,-0.0,0.0,-0.0
60.998958,"[284.9105529785156, 4.499326705932617, 0.0]","[344.460693359375, 4.5, 0.0]",8.251001358335957,9.42753791809082,9.43810726125589,-0.36373138428427154,-0.36398616433143616,59.53277587101873,1.1624670025647834,1.392745971669651,55.03277587101873,-1.1765365597548634,8.263520240783691,2.265805244445801,47.36842727661133,False,-1,10.529325485229492,9.42753791809082,0.6190776824951172,0.14146508614827072,0.906213849988932,-0.906213849988932,"StraightLane index=('>>>', '1S0_0_', 0)",True,234.7452392578125,0.0006718635559082031,0.0004882812499833711,"StraightLane index=('>>', '>>>', 0)",True,0.0,True,False,0.8679059743881226,0.0,0.0,0.0,True,0.0,0.0,0.0,-0.0,0.0,-0.0
61.020305,"[285.0757141113281, 4.499325275421143, 0.0]","[344.6507263183594, 4.5, 0.0]",8.243726730650241,9.449576377868652,9.455069676783122,-0.36373138428578144,-0.36836132407188416,59.550140372959035,1.1765365597548634,0.7034778595039981,55.050140372959035,-1.205849647218411,8.251958847045898,2.265805244445801,47.36842727661133,False,-1,10.5177640914917,9.449576377868652,0.6190776824951172,0.14146508614827072,0.906213849988932,-0.906213849988932,"StraightLane index=('>>>', '1S0_0_', 0)",True,234.91055297851562,0.0006732940673828125,0.0004882812499833711,"StraightLane index=('>>', '>>>', 0)",True,0.0,True,False,0.8679059743881226,0.0,0.0,0.0,True,0.0,0.0,0.0,-0.0,0.0,-0.0
61.039904,"[285.24072265625, 4.499323844909668, 0.0]","[344.8453063964844, 4.5, 0.0]",8.245935440366944,9.459330558776857,9.47075939839352,0.1104354858351364,-0.371611088514328,59.57501219911781,1.205849647218411,1.465654373177383,55.07501219911781,-1.2133951184099132,8.247934341430664,1.1624670028686523,59.53277587890625,True,0,9.410401344299316,9.459330558776857,0.6190776824951172,0.14146508614827072,0.906213849988932,-0.15061029812430793,"StraightLane index=('>>>', '1S0_0_', 0)",True,235.07571411132812,0.0006747245788574219,0.0004882812499833711,"StraightLane index=('>>', '>>>', 0)",True,0.0,True,False,0.8736200928688049,0.755603551864624,0.0,0.755603551864624,True,0.0,0.0,0.04,0.0,0.04,0.0
61.059286,"[285.4056091308594, 4.499322414398193, 0.0]","[345.0336608886719, 4.5, 0.0]",8.252565384214853,9.481895446777344,9.486268329593539,0.33149719239542463,-0.3684033155441284,59.60458373230767,1.2133951184099132,0.37727355957510866,55.10458373230767,-1.2293300625624912,8.240872383117676,1.1624670028686523,59.53277587890625,True,0,9.403339385986328,9.481895446777344,0.6190776824951172,0.14146508614827072,0.906213849988932,-0.15061029812430793,"StraightLane index=('>>>', '1S0_0_', 0)",True,235.24072265625,0.0006761550903320312,0.0004882812499833711,"StraightLane index=('>>', '>>>', 0)",True,0.0,True,False,0.8736200928688049,0.755603551864624,0.0,0.755603551864624,True,0.0,0.0,0.12,0.0,0.12,0.0
61.080331,"[285.5705261230469, 4.499320983886719, 0.0]","[345.2235107421875, 4.5, 0.0]",8.26361274749688,9.491250991821289,9.503095291202143,0.5523681641014022,-0.3430539667606354,59.62805174987275,1.2293300625624912,0.7967472076289006,55.12805174987275,-1.2276382443244085,8.236268997192383,1.1624670028686523,59.53277587890625,True,0,9.398736000061035,9.491250991821289,0.6190776824951172,0.14146508614827072,0.906213849988932,-0.15061029812430793,"StraightLane index=('>>>', '1S0_0_', 0)",True,235.40560913085938,0.0006775856018066406,0.0004882812499833711,"StraightLane index=('>>', '>>>', 0)",True,0.0,True,False,0.8736200928688049,0.755603551864624,0.0,0.755603551864624,True,0.0,0.0,0.2,0.0,0.2,0.0
61.100068,"[285.7355651855469, 4.499319553375244, 0.0]","[345.4127197265625, 4.5, 0.0]",8.279077530215257,9.513886451721191,9.51889940138785,0.7732391359188462,-0.2949589788913727,59.65298461102914,1.2276382443244085,-0.08459091190413659,55.15298461102914,-1.234808921505934,8.234635353088379,1.1624670028686523,59.53277587890625,True,0,9.397102355957031,9.513886451721191,0.8634853363037109,0.15754056430407354,0.9601663632829307,-0.20456281141830668,"StraightLane index=('>>>', '1S0_0_', 0)",True,235.57052612304688,0.00067901611328125,0.0004959106445572987,"StraightLane index=('>>', '>>>', 0)",True,0.0,True,False,0.8736200928688049,0.755603551864624,0.0,0.755603551864624,True,0.0,0.0,0.28,0.0,0.28,0.0
61.119414,"[285.9008483886719, 4.4993181228637695, 0.0]","[345.5995788574219, 4.5, 0.0]",8.298963547068851,9.524238586425781,9.536299906001611,0.9943008426796851,-0.1724601536989212,59.677154532730945,1.234808921505934,0.358533859076271,55.177154532730945,-1.22527503935693,8.239720344543457,1.1624670028686523,59.53277587890625,True,0,9.40218734741211,9.524238586425781,0.8634853363037109,0.15754056430407354,0.9601663632829307,-0.20456281141830668,"StraightLane index=('>>>', '1S0_0_', 0)",True,235.73556518554688,0.0006804466247558594,0.0005035400390803375,"StraightLane index=('>>', '>>>', 0)",True,0.0,True,False,0.8736200928688049,0.755603551864624,0.0,0.755603551864624,True,0.0,0.0,0.36,0.0,0.36,0.0
61.13931,"[286.0664367675781, 4.499316692352295, 0.0]","[345.7910461425781, 4.5, 0.0]",8.323266983351179,9.548924446105957,9.554220273983034,1.215171814116367,-0.05429750680923462,59.69873046012847,1.22527503935693,-0.4766941074501929,55.19873046012847,-1.2256574627547785,8.249299049377441,1.2276382446289062,59.652984619140625,True,0,9.476937294006348,9.548924446105957,0.8634853363037109,0.15754056430407354,0.9601663632829307,-0.14055147604538187,"StraightLane index=('>>>', '1S0_0_', 0)",True,235.90084838867188,0.0006818771362304688,0.0005187988281264151,"StraightLane index=('>>', '>>>', 0)",True,0.0,True,False,0.8736200928688049,0.8196148872375488,0.0,0.8196148872375488,True,0.0,0.0,0.43999999999999995,0.0,0.43999999999999995,0.0
61.159548,"[286.232421875, 4.49931526184082, 0.0]","[345.9863586425781, 4.5, 0.0]",8.351560592973101,9.560635566711426,9.572429190998035,1.41468048109612,0.029829438775777817,59.72460936684868,1.2256574627547785,0.019121169892422074,55.22460936684868,-1.2090749737383248,8.257580757141113,1.2276382446289062,59.652984619140625,True,0,9.48521900177002,9.560635566711426,0.8634853363037109,0.15754056430407354,0.9601663632829307,-0.14055147604538187,"StraightLane index=('>>>', '1S0_0_', 0)",True,236.06643676757812,0.0006833076477050781,0.0004959106445572987,"StraightLane index=('>>', '>>>', 0)",True,0.0,True,False,0.8736200928688049,0.8196148872375488,0.0,0.8196148872375488,True,0.0,0.0,0.512259304523468,0.0,0.512259304523468,0.0
61.180127,"[286.3988952636719, 4.499313831329346, 0.0]","[346.17767333984375, 4.5, 0.0]",8.37985420259151,9.585307121276855,9.590951513187562,1.4146804809204383,0.19472399353981018,59.75393675957285,1.2090749737383248,-0.8291244508226825,55.25393675957285,-1.2054529186853458,8.276179313659668,1.2276382446289062,59.652984619140625,True,0,9.503817558288574,9.585307121276855,0.8634853363037109,0.15754056430407354,0.9601663632829307,-0.14055147604538187,"StraightLane index=('>>>', '1S0_0_', 0)",True,236.232421875,0.0006847381591796875,0.0004882812499833711,"StraightLane index=('>>', '>>>', 0)",True,0.0,True,False,0.8736200928688049,0.8196148872375488,0.0,0.8196148872375488,True,0.0,0.0,0.512259304523468,0.0,0.512259304523468,0.0
61.200611,"[286.56591796875, 4.499312400817871, 0.0]","[346.368896484375, 4.5, 0.0]",8.408147812207925,9.596634864807129,9.60938420400759,1.4146804808207847,0.3816884160041809,59.77877806799377,1.2054529186853458,-0.18110275264895392,55.27877806799377,-1.1884870525992035,8.300450325012207,1.2276382446289062,59.652984619140625,True,0,9.528088569641113,9.596634864807129,0.827484130859375,0.17074845245374431,0.9432650366432267,-0.12365014940567787,"StraightLane index=('>>>', '1S0_0_', 0)",True,236.39889526367188,0.0006861686706542969,0.0004959106445572987,"StraightLane index=('>>', '>>>', 0)",True,0.0,True,False,0.8736200928688049,0.8196148872375488,0.0,0.8196148872375488,True,0.0,0.0,0.512259304523468,0.0,0.512259304523468,0.0
61.219677,"[286.7335205078125, 4.4993109703063965, 0.0]","[346.5576171875, 4.5, 0.0]",8.436441421826112,9.622103691101074,9.62823545025815,1.414680480909336,0.664272665977478,59.8029785072726,1.1884870525992035,-0.8482933043071128,55.3029785072726,-1.185662269274962,8.344396591186523,1.2276382446289062,59.652984619140625,True,0,9.57203483581543,9.622103691101074,0.827484130859375,0.17074845245374431,0.9432650366432267,-0.12365014940567787,"StraightLane index=('>>>', '1S0_0_', 0)",True,236.56591796875,0.0006875991821289062,0.0005035400390803375,"StraightLane index=('>>', '>>>', 0)",True,0.0,True,False,0.8736200928688049,0.8196148872375488,0.0,0.8196148872375488,True,0.0,0.0,0.512259304523468,0.0,0.512259304523468,0.0
61.239567,"[286.90167236328125, 4.499309539794922, 0.0]","[346.7507629394531, 4.5, 0.0]",8.465314865426004,9.635153770446777,9.647811811738846,1.4436721799945929,0.7703614234924316,59.82409667180221,1.185662269274962,-0.14123916621207044,55.32409667180221,-1.1698389050207734,8.362168312072754,1.2054529190063477,59.778778076171875,True,0,9.567621231079102,9.635153770446777,0.827484130859375,0.17074845245374431,0.9432650366432267,-0.10685868650742347,"StraightLane index=('>>>', '1S0_0_', 0)",True,236.7335205078125,0.0006890296936035156,0.0004806518554603323,"StraightLane index=('>>', '>>>', 0)",True,0.0,True,False,0.8783483505249023,0.8364063501358032,0.0,0.8364063501358032,True,0.0,0.0,0.522753968834877,0.0,0.522753968834877,0.0
61.261068,"[287.0704040527344, 4.499308109283447, 0.0]","[346.9495544433594, 4.5, 0.0]",8.49418830903041,9.662115097045898,9.669019691663003,1.443672180220279,0.9435381889343262,59.84909056827371,1.1698389050207734,-0.7911682127094366,55.34909056827371,-1.1679267880154889,8.39650821685791,1.2054529190063477,59.778778076171875,True,0,9.601961135864258,9.662115097045898,0.827484130859375,0.17074845245374431,0.9432650366432267,-0.10685868650742347,"StraightLane index=('>>>', '1S0_0_', 0)",True,236.90167236328125,0.000690460205078125,0.0004806518554603323,"StraightLane index=('>>', '>>>', 0)",True,0.0,True,False,0.8783483505249023,0.8364063501358032,0.0,0.8364063501358032,True,0.0,0.0,0.522753968834877,0.0,0.522753968834877,0.0
61.27962,"[287.2397155761719, 4.499306678771973, 0.0]","[347.1374816894531, 4.5, 0.0]",8.523061752637457,9.674633979797363,9.68734297238805,1.4436721803523511,1.1555920839309692,59.879150382393604,1.1679267880154889,-0.0956058502642243,55.379150382393604,-1.1515722271599067,8.44926643371582,1.2054529190063477,59.778778076171875,True,0,9.654719352722168,9.674633979797363,0.827484130859375,0.17074845245374431,0.9432650366432267,-0.10685868650742347,"StraightLane index=('>>>', '1S0_0_', 0)",True,237.07040405273438,0.0006918907165527344,0.0004959106445572987,"StraightLane index=('>>', '>>>', 0)",True,0.0,True,False,0.8783483505249023,0.8364063501358032,0.0,0.8364063501358032,True,0.0,0.0,0.522753968834877,0.0,0.522753968834877,0.0
61.29932,"[287.40960693359375, 4.499305248260498, 0.0]","[347.3337707519531, 4.5, 0.0]",8.55193519624051,9.70134162902832,9.706754602834085,1.4436721801526886,1.2732949256896973,59.89776610503678,1.1515722271599067,-0.8177280427791089,55.39776610503678,-1.14940643278781,8.485475540161133,1.2054529190063477,59.778778076171875,True,0,9.69092845916748,9.70134162902832,1.047067642211914,0.19032097468578688,0.9374351559978634,-0.1010288058620602,"StraightLane index=('>>>', '1S0_0_', 0)",True,237.23971557617188,0.0006933212280273438,0.0004959106445572987,"StraightLane index=('>>', '>>>', 0)",True,0.0,True,False,0.8783483505249023,0.8364063501358032,0.0,0.8364063501358032,True,0.0,0.0,0.522753968834877,0.0,0.522753968834877,0.0
61.320334,"[287.580078125, 4.499303817749023, 0.0]","[347.52703857421875, 4.5, 0.0]",8.580808639844406,9.715195655822754,9.728875869746659,1.4436721801947883,1.3635008335113525,59.924163810262584,1.14940643278781,-0.10828971860483705,55.424163810262584,-1.1343870159783478,8.521014213562012,1.2054529190063477,59.778778076171875,True,0,9.72646713256836,9.715195655822754,1.047067642211914,0.19032097468578688,0.9374351559978634,-0.1010288058620602,"StraightLane index=('>>>', '1S0_0_', 0)",True,237.40960693359375,0.0006947517395019531,0.0004882812499833711,"StraightLane index=('>>', '>>>', 0)",True,0.0,True,False,0.8783483505249023,0.8364063501358032,0.0,0.8364063501358032,True,0.0,0.0,0.522753968834877,0.0,0.522753968834877,0.0
61.339728,"[287.7511291503906, 4.499302387237549, 0.0]","[347.7245178222656, 4.5, 0.0]",8.605264664014753,9.743188858032227,9.7493172859362,1.2228012085173212,1.437113881111145,59.94696044110894,1.1343870159783478,-0.7509708404731086,55.44696044110894,-1.137924194017474,8.556532859802246,2.584261894226074,47.86833572387695,False,-1,11.14079475402832,9.743188858032227,1.047067642211914,0.19032097468578688,0.9374351559978634,-0.9374351559978634,"StraightLane index=('>>>', '1S0_0_', 0)",True,237.580078125,0.0006961822509765625,0.0004882812499833711,"StraightLane index=('>>', '>>>', 0)",True,0.0,True,False,0.8783483505249023,0.0,0.0,0.0,True,0.0,0.0,0.442753968834877,0.0,0.442753968834877,0.0
61.359109,"[287.9227600097656, 4.499300956726074, 0.0]","[347.9188537597656, 4.5, 0.0]",8.620882034617363,9.75750732421875,9.769754931961119,0.7808685301305296,1.4769740104675293,59.97338866375204,1.137924194017474,0.1768589019563116,55.47338866375204,-1.1366252896013869,8.575085639953613,2.584261894226074,47.86833572387695,False,-1,11.159347534179688,9.75750732421875,1.047067642211914,0.19032097468578688,0.9374351559978634,-0.9374351559978634,"StraightLane index=('>>>', '1S0_0_', 0)",True,237.75112915039062,0.0006976127624511719,0.0004882812499833711,"StraightLane index=('>>', '>>>', 0)",True,0.0,True,False,0.8783483505249023,0.0,0.0,0.0,True,0.0,0.0,0.28275396883487697,0.0,0.28275396883487697,0.0
61.379842,"[288.0948791503906, 4.4992995262146, 0.0]","[348.114501953125, 4.5, 0.0]",8.627660751659443,9.78530216217041,9.791594134483127,0.33893585210398314,1.5060755014419556,59.996093742024655,1.1366252896013869,-0.06494522080435772,55.496093742024655,-1.1576414105109674,8.62287425994873,2.584261894226074,47.86833572387695,False,-1,11.207136154174805,9.78530216217041,1.047067642211914,0.19032097468578688,0.9374351559978634,-0.9374351559978634,"StraightLane index=('>>>', '1S0_0_', 0)",True,237.92276000976562,0.0006990432739257812,0.0004806518554603323,"StraightLane index=('>>', '>>>', 0)",True,0.0,True,False,0.8783483505249023,0.0,0.0,0.0,True,0.0,0.0,0.12275396883487695,0.0,0.12275396883487695,0.0
61.399687,"[288.2673034667969, 4.499298095703125, 0.0]","[348.3106994628906, 4.5, 0.0]",8.620386123973562,9.803157806396484,9.812517504799635,-0.3637313842940415,1.5049937963485718,60.019622794423434,1.1576414105109674,1.0508060454790247,55.519622794423434,-1.1827716824229224,8.637821197509766,2.584261894226074,47.86833572387695,False,-1,11.22208309173584,9.803157806396484,1.0181617736816406,0.2069245392960656,0.9757261328709652,-0.9757261328709652,"StraightLane index=('>>>', '1S0_0_', 0)",True,238.09487915039062,0.0007004737854003906,0.0004959106445572987,"StraightLane index=('>>', '>>>', 0)",True,0.0,True,False,0.8783483505249023,0.0,0.0,0.0,True,0.0,0.0,0.0,-0.0,0.0,-0.0
61.419345,"[288.4398498535156, 4.49929666519165, 0.0]","[348.50201416015625, 4.5, 0.0]",8.613111496287544,9.820891380310059,9.83404817940211,-0.3637313843008805,1.4419801235198975,60.043395987769536,1.1827716824229224,1.2565135955977524,55.543395987769536,-1.2077798840225142,8.661051750183105,3.0250959396362305,44.8938102722168,False,-1,11.686147689819336,9.820891380310059,1.0181617736816406,0.2069245392960656,0.9757261328709652,-0.9757261328709652,"StraightLane index=('>>>', '1S0_0_', 0)",True,238.26730346679688,0.000701904296875,0.0004959106445572987,"StraightLane index=('>>', '>>>', 0)",True,0.0,True,False,0.8820710778236389,0.0,0.0,0.0,True,0.0,0.0,0.0,-0.0,0.0,-0.0
61.440024,"[288.61224365234375, 4.499295234680176, 0.0]","[348.6992492675781, 4.5, 0.0]",8.605836868604518,9.849466323852539,9.85670820955243,-0.36373138415131123,1.3034172058105469,60.06216429862695,1.2077798840225142,1.2504100799795914,55.56216429862695,-1.243629455248021,8.674803733825684,3.0250959396362305,44.8938102722168,False,-1,11.699899673461914,9.849466323852539,1.0181617736816406,0.2069245392960656,0.9757261328709652,-0.9757261328709652,"StraightLane index=('>>>', '1S0_0_', 0)",True,238.43984985351562,0.0007033348083496094,0.0004806518554603323,"StraightLane index=('>>', '>>>', 0)",True,0.0,True,False,0.8820710778236389,0.0,0.0,0.0,True,0.0,0.0,0.0,-0.0,0.0,-0.0
61.459275,"[288.7845153808594, 4.499293804168701, 0.0]","[348.9005432128906, 4.5, 0.0]",8.598562240923336,9.865155220031738,9.877819339624466,-0.3637313840591183,1.1048500537872314,60.087005606883764,1.243629455248021,1.7924785612753347,55.587005606883764,-1.2665929791084025,8.679122924804688,3.0250959396362305,44.8938102722168,False,-1,11.704218864440918,9.865155220031738,1.0181617736816406,0.2069245392960656,0.9757261328709652,-0.9757261328709652,"StraightLane index=('>>>', '1S0_0_', 0)",True,238.61224365234375,0.0007047653198242188,0.0004959106445572987,"StraightLane index=('>>', '>>>', 0)",True,0.0,True,False,0.8820710778236389,0.0,0.0,0.0,True,0.0,0.0,0.0,-0.0,0.0,-0.0
61.479908,"[288.9566345214844, 4.499292373657227, 0.0]","[349.0986633300781, 4.5, 0.0]",8.591287613243804,9.893829345703125,9.900417695669084,-0.36373138397660654,0.7581121325492859,60.1160278233384,1.2665929791084025,1.1481761930190792,55.6160278233384,-1.3025417324593214,8.672514915466309,3.0250959396362305,44.8938102722168,False,-1,11.697610855102539,9.893829345703125,1.0181617736816406,0.2069245392960656,0.9757261328709652,-0.9757261328709652,"StraightLane index=('>>>', '1S0_0_', 0)",True,238.78451538085938,0.0007061958312988281,0.0005111694336033763,"StraightLane index=('>>', '>>>', 0)",True,0.0,True,False,0.8820710778236389,0.0,0.0,0.0,True,0.0,0.0,0.0,-0.0,0.0,-0.0
61.499477,"[289.12860107421875, 4.499290943145752, 0.0]","[349.29583740234375, 4.5, 0.0]",8.584012985561955,9.909061431884766,9.921878086982154,-0.363731384092425,0.5174195766448975,60.142028800052245,1.3025417324593214,1.7974376675459425,55.642028800052245,-1.3250484463228105,8.661178588867188,3.0250959396362305,44.8938102722168,False,-1,11.686274528503418,9.909061431884766,1.0590362548828125,0.22329835428735748,1.0845798443971844,-1.0845798443971844,"StraightLane index=('>>>', '1S0_0_', 0)",True,238.95663452148438,0.0007076263427734375,0.0005035400390803375,"StraightLane index=('>>', '>>>', 0)",True,0.0,True,False,0.8820710778236389,0.0,0.0,0.0,True,0.0,0.0,0.0,-0.0,0.0,-0.0
61.519424,"[289.3004150390625, 4.499289512634277, 0.0]","[349.495361328125, 4.5, 0.0]",8.576738357882498,9.937858581542969,9.943934051147231,-0.3637313839728762,0.40208107233047485,60.167236319238164,1.3250484463228105,1.1253356931744563,55.667236319238164,-1.3611202236604711,8.654253005981445,3.0250959396362305,44.8938102722168,False,-1,11.679348945617676,9.937858581542969,1.0590362548828125,0.22329835428735748,1.0845798443971844,-1.0845798443971844,"StraightLane index=('>>>', '1S0_0_', 0)",True,239.12860107421875,0.0007090568542480469,0.0005187988281264151,"StraightLane index=('>>', '>>>', 0)",True,0.0,True,False,0.8820710778236389,0.0,0.0,0.0,True,0.0,0.0,0.0,-0.0,0.0,-0.0
61.53963,"[289.47210693359375, 4.499288082122803, 0.0]","[349.6949462890625, 4.5, 0.0]",8.569463730201026,9.953315734863281,9.966259288251493,-0.3637313840735956,0.19196251034736633,60.19494628049381,1.3611202236604711,1.8035888668830324,55.69494628049381,-1.3838520046622556,8.639214515686035,3.0250959396362305,44.8938102722168,False,-1,11.664310455322266,9.953315734863281,1.0590362548828125,0.22329835428735748,1.0845798443971844,-1.0845798443971844,"StraightLane index=('>>>', '1S0_0_', 0)",True,239.3004150390625,0.0007104873657226562,0.0005035400390803375,"StraightLane index=('>>', '>>>', 0)",True,0.0,True,False,0.8820710778236389,0.0,0.0,0.0,True,0.0,0.0,0.0,-0.0,0.0,-0.0
61.558962,"[289.6436462402344, 4.499286651611328, 0.0]","[349.8880310058594, 4.5, 0.0]",8.562189102521446,9.981386184692383,9.987668945382616,-0.3637313839790046,-0.06488693505525589,60.22283934655373,1.3838520046622556,1.1365890500892206,55.72283934655373,-1.4191970821709372,8.61528491973877,3.0250959396362305,44.8938102722168,False,-1,11.640380859375,9.981386184692383,1.0590362548828125,0.22329835428735748,1.0845798443971844,-1.0845798443971844,"StraightLane index=('>>>', '1S0_0_', 0)",True,239.47210693359375,0.0007119178771972656,0.0005187988281264151,"StraightLane index=('>>', '>>>', 0)",True,0.0,True,False,0.8820710778236389,0.0,0.0,0.0,True,0.0,0.0,0.0,-0.0,0.0,-0.0
61.580278,"[289.8150329589844, 4.4992852210998535, 0.0]","[350.0926208496094, 4.5, 0.0]",8.554914474839926,9.997397422790527,10.011224097617818,-0.3637313840759937,-0.14094752073287964,60.24438475652798,1.4191970821709372,1.7672538754340827,55.74438475652798,-1.4424829479506016,8.606657028198242,3.0250959396362305,44.8938102722168,False,-1,11.631752967834473,9.997397422790527,1.0590362548828125,0.22329835428735748,1.0845798443971844,-1.0845798443971844,"StraightLane index=('>>>', '1S0_0_', 0)",True,239.64364624023438,0.000713348388671875,0.0005264282226494539,"StraightLane index=('>>', '>>>', 0)",True,0.0,True,False,0.8820710778236389,0.0,0.0,0.0,True,0.0,0.0,0.0,-0.0,0.0,-0.0
61.601498,"[289.98626708984375, 4.499283790588379, 0.0]","[350.291748046875, 4.5, 0.0]",8.547639847157338,10.026135444641113,10.034669157582217,-0.3637313841293732,-0.26517805457115173,60.27758788151343,1.4424829479506016,1.1642932889832203,55.77758788151343,-1.478495597483775,8.590188026428223,3.0250959396362305,44.8938102722168,False,-1,11.615283966064453,10.026135444641113,1.1707401275634766,0.2419444233233434,1.2029665616877971,-1.2029665616877971,"StraightLane index=('>>>', '1S0_0_', 0)",True,239.81503295898438,0.0007147789001464844,0.0005264282226494539,"StraightLane index=('>>', '>>>', 0)",True,0.0,True,False,0.8820710778236389,0.0,0.0,0.0,True,0.0,0.0,0.0,-0.0,0.0,-0.0
61.620452,"[290.1573791503906, 4.499282360076904, 0.0]","[350.49505615234375, 4.5, 0.0]",8.540365219473774,10.041749000549316,10.055544366896035,-0.36373138417822304,-0.3580918312072754,60.305480947905366,1.478495597483775,1.80063247665867,55.805480947905366,-1.5013837810755426,8.574655532836914,2.072606086730957,45.99348068237305,False,-1,10.647261619567871,10.041749000549316,1.1707401275634766,0.2419444233233434,1.2029665616877971,-1.2029665616877971,"StraightLane index=('>>>', '1S0_0_', 0)",True,239.98626708984375,0.0007162094116210938,0.0005264282226494539,"StraightLane index=('>>', '>>>', 0)",True,0.0,True,False,0.884775698184967,0.0,0.0,0.0,True,0.0,0.0,0.0,-0.0,0.0,-0.0
61.639218,"[290.3283386230469, 4.49928092956543, 0.0]","[350.6916809082031, 4.5, 0.0]",8.53309059178989,10.069856643676758,10.076184450091793,-0.36373138419421025,-0.4455099403858185,60.33767699281274,1.5013837810755426,1.1444091795883793,55.83767699281274,-1.5367660518868682,8.553768157958984,2.072606086730957,45.99348068237305,False,-1,10.626374244689941,10.069856643676758,1.1707401275634766,0.2419444233233434,1.2029665616877971,-1.2029665616877971,"StraightLane index=('>>>', '1S0_0_', 0)",True,240.15737915039062,0.0007176399230957031,0.0005264282226494539,"StraightLane index=('>>', '>>>', 0)",True,0.0,True,False,0.884775698184967,0.0,0.0,0.0,True,0.0,0.0,0.0,-0.0,0.0,-0.0
61.659414,"[290.4991455078125, 4.499279499053955, 0.0]","[350.8970642089844, 4.5, 0.0]",8.525815964102003,10.085584640502931,10.098408377082201,-0.36373138439431685,-0.4655885398387909,60.36334227600163,1.5367660518868682,1.7691135405662806,55.86334227600163,-1.5597686764009282,8.54720687866211,2.072606086730957,45.99348068237305,False,-1,10.619812965393066,10.085584640502931,1.1707401275634766,0.2419444233233434,1.2029665616877971,-1.2029665616877971,"StraightLane index=('>>>', '1S0_0_', 0)",True,240.32833862304688,0.0007190704345703125,0.0005264282226494539,"StraightLane index=('>>', '>>>', 0)",True,0.0,True,False,0.884775698184967,0.0,0.0,0.0,True,0.0,0.0,0.0,-0.0,0.0,-0.0
61.679791,"[290.6697998046875, 4.4992780685424805, 0.0]","[351.0940856933594, 4.5, 0.0]",8.518541336411735,10.11373519897461,10.120792921686775,-0.3637313845134216,-0.49190545082092285,60.39791869234018,1.5597686764009282,1.1501312257029994,55.89791869234018,-1.5951938625628745,8.530157089233398,2.072606086730957,45.99348068237305,False,-1,10.602763175964355,10.11373519897461,1.1707401275634766,0.2419444233233434,1.2029665616877971,-1.2029665616877971,"StraightLane index=('>>>', '1S0_0_', 0)",True,240.4991455078125,0.0007205009460449219,0.0005111694336033763,"StraightLane index=('>>', '>>>', 0)",True,0.0,True,False,0.884775698184967,0.0,0.0,0.0,True,0.0,0.0,0.0,-0.0,0.0,-0.0
61.7003,"[290.8403015136719, 4.499276638031006, 0.0]","[351.30047607421875, 4.5, 0.0]",8.511266708722482,10.129572868347168,10.143360000379264,-0.36373138446261777,-0.49937009811401367,60.424285879993754,1.5951938625628745,1.7712593080973171,55.924285879993754,-1.6183061596246855,8.519451141357422,2.072606086730957,45.99348068237305,False,-1,10.592057228088379,10.129572868347168,1.0343742370605469,0.2539530792881282,1.3058520830441738,-1.3058520830441738,"StraightLane index=('>>>', '1S0_0_', 0)",True,240.6697998046875,0.0007219314575195312,0.0005035400390803375,"StraightLane index=('>>', '>>>', 0)",True,0.0,True,False,0.884775698184967,0.0,0.0,0.0,True,0.0,0.0,0.0,-0.0,0.0,-0.0
61.719575,"[291.01068115234375, 4.499275207519531, 0.0]","[351.4998779296875, 4.5, 0.0]",8.503992081034472,10.1572847366333,10.163766311581362,-0.3637313844005341,-0.49110308289527893,60.46017455168718,1.6183061596246855,1.1556148530905475,55.96017455168718,-1.653292655598829,8.510330200195312,2.072606086730957,45.99348068237305,False,-1,10.58293628692627,10.1572847366333,1.0343742370605469,0.2539530792881282,1.3058520830441738,-1.3058520830441738,"StraightLane index=('>>>', '1S0_0_', 0)",True,240.84030151367188,0.0007233619689941406,0.0005111694336033763,"StraightLane index=('>>', '>>>', 0)",True,0.0,True,False,0.884775698184967,0.0,0.0,0.0,True,0.0,0.0,0.0,-0.0,0.0,-0.0
61.739849,"[291.180908203125, 4.499273777008057, 0.0]","[351.7088928222656, 4.5, 0.0]",8.496717453350223,10.172348022460938,10.185258586460492,-0.3637313842124179,-0.48980745673179626,60.48919676847014,1.653292655598829,1.7493247987071747,55.98919676847014,-1.675630569110714,8.505555152893066,2.072606086730957,45.99348068237305,False,-1,10.578161239624023,10.172348022460938,1.0343742370605469,0.2539530792881282,1.3058520830441738,-1.3058520830441738,"StraightLane index=('>>>', '1S0_0_', 0)",True,241.01068115234375,0.00072479248046875,0.0005111694336033763,"StraightLane index=('>>', '>>>', 0)",True,0.0,True,False,0.884775698184967,0.0,0.0,0.0,True,0.0,0.0,0.0,-0.0,0.0,-0.0
61.758642,"[291.3509826660156, 4.499272346496582, 0.0]","[351.9057922363281, 4.5, 0.0]",8.48944282566791,10.199487686157227,10.20521682506276,-0.3637313841156953,-0.4786742627620697,60.52798460991335,1.675630569110714,1.1168956755942538,56.02798460991335,-1.710044860489317,8.497018814086914,2.072606086730957,45.99348068237305,False,-1,10.569624900817871,10.199487686157227,1.0343742370605469,0.2539530792881282,1.3058520830441738,-1.3058520830441738,"StraightLane index=('>>>', '1S0_0_', 0)",True,241.180908203125,0.0007262229919433594,0.0005264282226494539,"StraightLane index=('>>', '>>>', 0)",True,0.0,True,False,0.884775698184967,0.0,0.0,0.0,True,0.0,0.0,0.0,-0.0,0.0,-0.0
61.780071,"[291.5209045410156, 4.499270915985107, 0.0]","[352.1161804199219, 4.5, 0.0]",8.482168197984151,10.214691162109375,10.227915966115777,-0.3637313841879042,-0.4625033140182495,60.55480956107095,1.710044860489317,1.7207145689301484,56.05480956107095,-1.7325229641252236,8.489237785339355,2.072606086730957,45.99348068237305,False,-1,10.561843872070312,10.214691162109375,1.0343742370605469,0.2539530792881282,1.3058520830441738,-1.3058520830441738,"StraightLane index=('>>>', '1S0_0_', 0)",True,241.35098266601562,0.0007276535034179688,0.0005264282226494539,"StraightLane index=('>>', '>>>', 0)",True,0.0,True,False,0.884775698184967,0.0,0.0,0.0,True,0.0,0.0,0.0,-0.0,0.0,-0.0
61.80003,"[291.6907043457031, 4.499269485473633, 0.0]","[352.3194885253906, 4.5, 0.0]",8.474893570299644,10.242493629455566,10.249072569961314,-0.3637313842253853,-0.44446614384651184,60.59527586999013,1.7325229641252236,1.123905181795326,56.09527586999013,-1.7676000591559227,8.482011795043945,2.072606086730957,45.99348068237305,False,-1,10.554617881774902,10.242493629455566,1.1292076110839844,0.26808003774725486,1.4170200761986047,-1.4170200761986047,"StraightLane index=('>>>', '1S0_0_', 0)",True,241.52090454101562,0.0007290840148925781,0.0005111694336033763,"StraightLane index=('>>', '>>>', 0)",True,0.0,True,False,0.884775698184967,0.0,0.0,0.0,True,0.0,0.0,0.0,-0.0,0.0,-0.0
61.820045,"[291.8603515625, 4.499268054962158, 0.0]","[352.52587890625, 4.5, 0.0]",8.467618942614564,10.259490013122559,10.26888524988451,-0.36373138425398466,-0.4120277464389801,60.62878417041653,1.7676000591559227,1.7538547515349556,56.12878417041653,-1.7918710705079945,8.47238540649414,3.8798580169677734,45.91366195678711,False,-1,12.352243423461914,10.259490013122559,1.1292076110839844,0.26808003774725486,1.4170200761986047,-1.4170200761986047,"StraightLane index=('>>>', '1S0_0_', 0)",True,241.69070434570312,0.0007305145263671875,0.0005264282226494539,"StraightLane index=('>>', '>>>', 0)",True,0.0,True,False,0.8865720629692078,0.0,0.0,0.0,True,0.0,0.0,0.0,-0.0,0.0,-0.0
61.839892,"[292.02984619140625, 4.499266624450684, 0.0]","[352.732177734375, 4.5, 0.0]",8.4603443149266,10.279321670532227,10.288534139255239,-0.36373138439822483,-0.4076883792877197,60.665527334464336,1.7918710705079945,1.213550567603594,56.165527334464336,-1.818977355605627,8.468720436096191,3.8798580169677734,45.91366195678711,False,-1,12.348578453063965,10.279321670532227,1.1292076110839844,0.26808003774725486,1.4170200761986047,-1.4170200761986047,"StraightLane index=('>>>', '1S0_0_', 0)",True,241.8603515625,0.0007319450378417969,0.0005264282226494539,"StraightLane index=('>>', '>>>', 0)",True,0.0,True,False,0.8865720629692078,0.0,0.0,0.0,True,0.0,0.0,0.0,-0.0,0.0,-0.0
61.85898,"[292.1991882324219, 4.499265193939209, 0.0]","[352.9321594238281, 4.5, 0.0]",8.453069687236681,10.298548698425293,10.307439608915187,-0.36373138449592446,-0.3957248032093048,60.70233153401008,1.818977355605627,1.3553142548816233,56.20233153401008,-1.845479011188612,8.461925506591797,3.8798580169677734,45.91366195678711,False,-1,12.34178352355957,10.298548698425293,1.1292076110839844,0.26808003774725486,1.4170200761986047,-1.4170200761986047,"StraightLane index=('>>>', '1S0_0_', 0)",True,242.02984619140625,0.0007333755493164062,0.0005111694336033763,"StraightLane index=('>>', '>>>', 0)",True,0.0,True,False,0.8865720629692078,0.0,0.0,0.0,True,0.0,0.0,0.0,-0.0,0.0,-0.0
61.879747,"[292.368408203125, 4.499263763427734, 0.0]","[353.1434020996094, 4.5, 0.0]",8.44579505954542,10.318855285644531,10.327988213247039,-0.36373138456307075,-0.38401320576667786,60.73297118277143,1.845479011188612,1.3250827791492448,56.23297118277143,-1.8730602260991116,8.455318450927734,3.8798580169677734,45.91366195678711,False,-1,12.335176467895508,10.318855285644531,1.1292076110839844,0.26808003774725486,1.4170200761986047,-1.4170200761986047,"StraightLane index=('>>>', '1S0_0_', 0)",True,242.19918823242188,0.0007348060607910156,0.0004959106445572987,"StraightLane index=('>>', '>>>', 0)",True,0.0,True,False,0.8865720629692078,0.0,0.0,0.0,True,0.0,0.0,0.0,-0.0,0.0,-0.0
61.899019,"[292.5374755859375, 4.49926233291626, 0.0]","[353.3436584472656, 4.5, 0.0]",8.438520431855885,10.338105201721191,10.347074847947692,-0.3637313844767398,-0.3739178776741028,60.77499388766699,1.8730602260991116,1.3790607455249848,56.27499388766699,-1.8995847698653066,8.448793411254883,3.8798580169677734,45.91366195678711,False,-1,12.328651428222656,10.338105201721191,0.95611572265625,0.2747360842654981,1.5094661846779474,-1.5094661846779474,"StraightLane index=('>>>', '1S0_0_', 0)",True,242.368408203125,0.000736236572265625,0.0005035400390803375,"StraightLane index=('>>', '>>>', 0)",True,0.0,True,False,0.8865720629692078,0.0,0.0,0.0,True,0.0,0.0,0.0,-0.0,0.0,-0.0
61.919149,"[292.7063903808594, 4.499260902404785, 0.0]","[353.551513671875, 4.5, 0.0]",8.431245804169992,10.357291221618652,10.366032325493755,-0.36373138429466323,-0.36946800351142883,60.80618285249696,1.8995847698653066,1.3262271883097476,56.30618285249696,-1.9260454174486608,8.441847801208496,3.8798580169677734,45.91366195678711,False,-1,12.32170581817627,10.357291221618652,0.95611572265625,0.2747360842654981,1.5094661846779474,-1.5094661846779474,"StraightLane index=('>>>', '1S0_0_', 0)",True,242.5374755859375,0.0007376670837402344,0.0005035400390803375,"StraightLane index=('>>', '>>>', 0)",True,0.0,True,False,0.8865720629692078,0.0,0.0,0.0,True,0.0,0.0,0.0,-0.0,0.0,-0.0
61.941633,"[292.8751525878906, 4.4992594718933105, 0.0]","[353.7600402832031, 4.5, 0.0]",8.423971176486718,10.376148223876953,10.387016375074047,-0.3637313841636569,-0.36468857526779175,60.845123282000216,1.9260454174486608,1.32303237916771,56.345123282000216,-1.9521770473902347,8.435002326965332,3.8798580169677734,45.91366195678711,False,-1,12.314860343933105,10.376148223876953,0.95611572265625,0.2747360842654981,1.5094661846779474,-1.5094661846779474,"StraightLane index=('>>>', '1S0_0_', 0)",True,242.70639038085938,0.0007390975952148438,0.0005111694336033763,"StraightLane index=('>>', '>>>', 0)",True,0.0,True,False,0.8865720629692078,0.0,0.0,0.0,True,0.0,0.0,0.0,-0.0,0.0,-0.0
61.958563,"[293.0437927246094, 4.499258041381836, 0.0]","[353.9664001464844, 4.5, 0.0]",8.416696548799276,10.394808769226074,10.403090419254033,-0.3637313843721124,-0.36069172620773315,60.88488768611128,1.9521770473902347,1.306581497078696,56.38488768611128,-1.978112220426798,8.428193092346191,3.8798580169677734,45.91366195678711,False,-1,12.308051109313965,10.394808769226074,0.95611572265625,0.2747360842654981,1.5094661846779474,-1.5094661846779474,"StraightLane index=('>>>', '1S0_0_', 0)",True,242.87515258789062,0.0007405281066894531,0.0005187988281264151,"StraightLane index=('>>', '>>>', 0)",True,0.0,True,False,0.8865720629692078,0.0,0.0,0.0,True,0.0,0.0,0.0,-0.0,0.0,-0.0
61.979302,"[293.2122802734375, 4.499256610870361, 0.0]","[354.17529296875, 4.5, 0.0]",8.409421921112857,10.4136962890625,10.422580135789934,-0.3637313843209533,-0.35084250569343567,60.922607412830985,1.978112220426798,1.296758651828167,56.422607412830985,-2.004274367949643,8.41848373413086,3.8798580169677734,45.91366195678711,False,-1,12.298341751098633,10.4136962890625,0.95611572265625,0.2747360842654981,1.5094661846779474,-1.5094661846779474,"StraightLane index=('>>>', '1S0_0_', 0)",True,243.04379272460938,0.0007419586181640625,0.0005111694336033763,"StraightLane index=('>>', '>>>', 0)",True,0.0,True,False,0.8865720629692078,0.0,0.0,0.0,True,0.0,0.0,0.0,-0.0,0.0,-0.0
62.002375,"[293.380615234375, 4.499255180358887, 0.0]","[354.3885803222656, 4.5, 0.0]",8.402147293423646,10.432983398437502,10.444075270288623,-0.36373138446057496,-0.3538568913936615,60.96301268625412,2.004274367949643,1.3081073761422424,56.46301268625412,-2.030836105013856,8.41465950012207,3.8798580169677734,45.91366195678711,False,-1,12.294517517089844,10.432983398437502,0.9487819671631037,0.2804698446896569,1.6005133129486635,-1.6005133129486635,"StraightLane index=('>>>', '1S0_0_', 0)",True,243.2122802734375,0.0007433891296386719,0.0005111694336033763,"StraightLane index=('>>', '>>>', 0)",True,0.0,True,False,0.8865720629692078,0.0,0.0,0.0,True,0.0,0.0,0.0,-0.0,0.0,-0.0
62.019767,"[293.5487976074219, 4.499253749847412, 0.0]","[354.5950927734375, 4.5, 0.0]",8.39487266573581,10.450450897216797,10.459019301101682,-0.36373138439174113,-0.35421088337898254,61.00796507898881,2.030836105013856,1.3280868532106638,56.50796507898881,-2.055578231480986,8.404021263122559,3.196272850036621,45.78556823730469,False,-1,11.60029411315918,10.450450897216797,0.9487819671631037,0.2804698446896569,1.6005133129486635,-1.6005133129486635,"StraightLane index=('>>>', '1S0_0_', 0)",True,243.380615234375,0.0007448196411132812,0.0005035400390803375,"StraightLane index=('>>', '>>>', 0)",True,0.0,True,False,0.8875340819358826,0.0,0.0,0.0,True,0.0,0.0,0.0,-0.0,0.0,-0.0
62.0399,"[293.7168273925781, 4.4992523193359375, 0.0]","[354.80328369140625, 4.5, 0.0]",8.387598038048612,10.46752643585205,10.47634342746972,-0.36373138435994434,-0.3562735617160797,61.046295157099756,2.055578231480986,1.237106323356496,56.546295157099756,-2.079928397803439,8.400261878967285,3.196272850036621,45.78556823730469,False,-1,11.596534729003906,10.46752643585205,0.9487819671631037,0.2804698446896569,1.6005133129486635,-1.6005133129486635,"StraightLane index=('>>>', '1S0_0_', 0)",True,243.54879760742188,0.0007462501525878906,0.0005035400390803375,"StraightLane index=('>>', '>>>', 0)",True,0.0,True,False,0.8875340819358826,0.0,0.0,0.0,True,0.0,0.0,0.0,-0.0,0.0,-0.0
62.059496,"[293.8847351074219, 4.499250888824463, 0.0]","[355.0160827636719, 4.5, 0.0]",8.380323410364891,10.484980583190918,10.493203625983325,-0.363731384186039,-0.35656824707984924,61.08645628989813,2.079928397803439,1.2175083161226397,56.58645628989813,-2.104657172826027,8.393147468566895,3.196272850036621,45.78556823730469,False,-1,11.589420318603516,10.484980583190918,0.9487819671631037,0.2804698446896569,1.6005133129486635,-1.6005133129486635,"StraightLane index=('>>>', '1S0_0_', 0)",True,243.71682739257812,0.0007476806640625,0.0005035400390803375,"StraightLane index=('>>', '>>>', 0)",True,0.0,True,False,0.8875340819358826,0.0,0.0,0.0,True,0.0,0.0,0.0,-0.0,0.0,-0.0
62.079366,"[294.052490234375, 4.499249458312988, 0.0]","[355.2215576171875, 4.5, 0.0]",8.373048782683162,10.50183391571045,10.510286033894982,-0.3637313840864742,-0.3559403717517853,61.131347646960954,2.104657172826027,1.2364387511293984,56.631347646960954,-2.1287851330272876,8.386103630065918,3.196272850036621,45.78556823730469,False,-1,11.582376480102539,10.50183391571045,0.9487819671631037,0.2804698446896569,1.6005133129486635,-1.6005133129486635,"StraightLane index=('>>>', '1S0_0_', 0)",True,243.88473510742188,0.0007491111755371094,0.0005187988281264151,"StraightLane index=('>>', '>>>', 0)",True,0.0,True,False,0.8875340819358826,0.0,0.0,0.0,True,0.0,0.0,0.0,-0.0,0.0,-0.0
62.099821,"[294.2200927734375, 4.499248027801514, 0.0]","[355.43609619140625, 4.5, 0.0]",8.365774154999674,10.519432067871094,10.527861134927836,-0.36373138417440387,-0.35542330145835876,61.16906737350896,2.1287851330272876,1.2063980100630367,56.66906737350896,-2.15365791287142,8.379085540771484,3.196272850036621,45.78556823730469,False,-1,11.575358390808105,10.519432067871094,0.8644866943359197,0.2826798945224484,1.6825575378888715,-1.6825575378888715,"StraightLane index=('>>>', '1S0_0_', 0)",True,244.052490234375,0.0007505416870117188,0.0005187988281264151,"StraightLane index=('>>', '>>>', 0)",True,0.0,True,False,0.8875340819358826,0.0,0.0,0.0,True,0.0,0.0,0.0,-0.0,0.0,-0.0
62.119813,"[294.3875427246094, 4.499246597290039, 0.0]","[355.6473083496094, 4.5, 0.0]",8.358499527318486,10.535964012145996,10.544082789746344,-0.36373138405938477,-0.35792848467826843,61.21600340847585,2.15365791287142,1.2436389922066304,56.71600340847585,-2.17746448482751,8.368149757385254,3.196272850036621,45.78556823730469,False,-1,11.564422607421875,10.535964012145996,0.8644866943359197,0.2826798945224484,1.6825575378888715,-1.6825575378888715,"StraightLane index=('>>>', '1S0_0_', 0)",True,244.2200927734375,0.0007519721984863281,0.0005264282226494539,"StraightLane index=('>>', '>>>', 0)",True,0.0,True,False,0.8875340819358826,0.0,0.0,0.0,True,0.0,0.0,0.0,-0.0,0.0,-0.0
62.142953,"[294.55487060546875, 4.4992451667785645, 0.0]","[355.86309814453125, 4.5, 0.0]",8.351224899632994,10.552502632141113,10.562770754964905,-0.3637313842745904,-0.3603886365890503,61.25976561531629,2.17746448482751,1.190328597804502,56.75976561531629,-2.201277732508119,8.364312171936035,3.196272850036621,45.78556823730469,False,-1,11.560585021972656,10.552502632141113,0.8644866943359197,0.2826798945224484,1.6825575378888715,-1.6825575378888715,"StraightLane index=('>>>', '1S0_0_', 0)",True,244.38754272460938,0.0007534027099609375,0.0005340576171724927,"StraightLane index=('>>', '>>>', 0)",True,0.0,True,False,0.8875340819358826,0.0,0.0,0.0,True,0.0,0.0,0.0,-0.0,0.0,-0.0
62.160618,"[294.7220458984375, 4.49924373626709, 0.0]","[356.0694580078125, 4.5, 0.0]",8.343950271947612,10.568318367004395,10.577137852136975,-0.3637313842690837,-0.36110177636146545,61.308227529539415,2.201277732508119,1.1906623840304498,56.808227529539415,-2.224368095056782,8.35706901550293,3.196272850036621,45.78556823730469,False,-1,11.55334186553955,10.568318367004395,0.8644866943359197,0.2826798945224484,1.6825575378888715,-1.6825575378888715,"StraightLane index=('>>>', '1S0_0_', 0)",True,244.55487060546875,0.0007548332214355469,0.0005264282226494539,"StraightLane index=('>>', '>>>', 0)",True,0.0,True,False,0.8875340819358826,0.0,0.0,0.0,True,0.0,0.0,0.0,-0.0,0.0,-0.0
62.181995,"[294.8890686035156, 4.499242305755615, 0.0]","[356.277587890625, 4.5, 0.0]",8.336675644262339,10.584269523620605,10.594442519610046,-0.3637313842636658,-0.3651045560836792,61.347412100012335,2.224368095056782,1.1545181274331462,56.847412100012335,-2.2475938793582664,8.349447250366211,3.196272850036621,45.78556823730469,False,-1,11.545720100402832,10.584269523620605,0.8644866943359197,0.2826798945224484,1.6825575378888715,-1.6825575378888715,"StraightLane index=('>>>', '1S0_0_', 0)",True,244.7220458984375,0.0007562637329101562,0.0005187988281264151,"StraightLane index=('>>', '>>>', 0)",True,0.0,True,False,0.8875340819358826,0.0,0.0,0.0,True,0.0,0.0,0.0,-0.0,0.0,-0.0
62.199835,"[295.0559387207031, 4.499240875244141, 0.0]","[356.4921569824219, 4.5, 0.0]",8.329401016574142,10.600714683532715,10.608877680284959,-0.36373138440985997,-0.3665909171104431,61.38851927790644,2.2475938793582664,1.1612892150742127,56.88851927790644,-2.271313666958573,8.341999053955078,3.196272850036621,45.78556823730469,False,-1,11.5382719039917,10.600714683532715,0.8128261566162109,0.282860820551771,1.7592147040748434,-1.7592147040748434,"StraightLane index=('>>>', '1S0_0_', 0)",True,244.88906860351562,0.0007576942443847656,0.0005111694336033763,"StraightLane index=('>>', '>>>', 0)",True,0.0,True,False,0.8875340819358826,0.0,0.0,0.0,True,0.0,0.0,0.0,-0.0,0.0,-0.0
62.220242,"[295.2226867675781, 4.499239444732666, 0.0]","[356.7055969238281, 4.5, 0.0]",8.322126388886877,10.616150856018066,10.62421375448792,-0.3637313843632306,-0.3669261038303375,61.43621825250115,2.271313666958573,1.1859893800153287,56.93621825250115,-2.294024467131189,8.334671974182129,3.405416488647461,43.08448791503906,False,-1,11.74008846282959,10.616150856018066,0.8128261566162109,0.282860820551771,1.7592147040748434,-1.7592147040748434,"StraightLane index=('>>>', '1S0_0_', 0)",True,245.05593872070312,0.000759124755859375,0.0005111694336033763,"StraightLane index=('>>', '>>>', 0)",True,0.0,True,False,0.8877301812171936,0.0,0.0,0.0,True,0.0,0.0,0.0,-0.0,0.0,-0.0
62.240791,"[295.3892822265625, 4.499238014221191, 0.0]","[356.9195861816406, 4.5, 0.0]",8.314851761199764,10.63455867767334,10.63961347825278,-0.3637313843556811,-0.3656965494155884,61.482910147017776,2.294024467131189,1.1355400086308087,56.982910147017776,-2.319706916473576,8.327486991882324,3.405416488647461,43.08448791503906,False,-1,11.732903480529785,10.63455867767334,0.8128261566162109,0.282860820551771,1.7592147040748434,-1.7592147040748434,"StraightLane index=('>>>', '1S0_0_', 0)",True,245.22268676757812,0.0007605552673339844,0.0005111694336033763,"StraightLane index=('>>', '>>>', 0)",True,0.0,True,False,0.8877301812171936,0.0,0.0,0.0,True,0.0,0.0,0.0,-0.0,0.0,-0.0
62.25932,"[295.55572509765625, 4.499236583709717, 0.0]","[357.1301574707031, 4.5, 0.0]",8.30757713351,10.642724990844728,10.653525974504358,-0.3637313844881973,-0.36111095547676086,61.530303946005276,2.319706916473576,1.284122467119353,57.030303946005276,-2.3351478573347286,8.317063331604004,3.405416488647461,43.08448791503906,False,-1,11.722479820251465,10.642724990844728,0.8128261566162109,0.282860820551771,1.7592147040748434,-1.7592147040748434,"StraightLane index=('>>>', '1S0_0_', 0)",True,245.3892822265625,0.0007619857788085938,0.0005035400390803375,"StraightLane index=('>>', '>>>', 0)",True,0.0,True,False,0.8877301812171936,0.0,0.0,0.0,True,0.0,0.0,0.0,-0.0,0.0,-0.0
62.279709,"[295.7220153808594, 4.499235153198242, 0.0]","[357.3387756347656, 4.5, 0.0]",8.30030250582143,10.664090156555176,10.668808954750771,-0.3637313844285117,-0.3663784861564636,61.57443236395975,2.3351478573347286,0.7720470430576221,57.07443236395975,-2.3637876507337463,8.312899589538574,3.405416488647461,43.08448791503906,False,-1,11.718316078186035,10.664090156555176,0.8128261566162109,0.282860820551771,1.7592147040748434,-1.7592147040748434,"StraightLane index=('>>>', '1S0_0_', 0)",True,245.55572509765625,0.0007634162902832031,0.0005035400390803375,"StraightLane index=('>>', '>>>', 0)",True,0.0,True,False,0.8877301812171936,0.0,0.0,0.0,True,0.0,0.0,0.0,-0.0,0.0,-0.0
62.300458,"[295.8881530761719, 4.499233722686768, 0.0]","[357.5563659667969, 4.5, 0.0]",8.293027878134234,10.672750473022461,10.684348928996247,-0.3637313843597667,-0.36194080114364624,61.616760244804915,2.3637876507337463,1.4319896699508838,57.116760244804915,-2.379722594888227,8.302388191223145,3.405416488647461,43.08448791503906,False,-1,11.707804679870605,10.672750473022461,0.7203578948974609,0.27978726481800503,1.8266069514953525,-1.8266069514953525,"StraightLane index=('>>>', '1S0_0_', 0)",True,245.72201538085938,0.0007648468017578125,0.0005035400390803375,"StraightLane index=('>>', '>>>', 0)",True,0.0,True,False,0.8877301812171936,0.0,0.0,0.0,True,0.0,0.0,0.0,-0.0,0.0,-0.0
62.31914,"[296.0541687011719, 4.499232292175293, 0.0]","[357.7653503417969, 4.5, 0.0]",8.285753250450103,10.693399429321289,10.697428596288432,-0.36373138420655593,-0.3659038841724396,61.668212881509106,2.379722594888227,0.7967472077240245,57.168212881509106,-2.407646178871186,8.29835319519043,3.405416488647461,43.08448791503906,False,-1,11.70376968383789,10.693399429321289,0.7203578948974609,0.27978726481800503,1.8266069514953525,-1.8266069514953525,"StraightLane index=('>>>', '1S0_0_', 0)",True,245.88815307617188,0.0007662773132324219,0.0005035400390803375,"StraightLane index=('>>', '>>>', 0)",True,0.0,True,False,0.8877301812171936,0.0,0.0,0.0,True,0.0,0.0,0.0,-0.0,0.0,-0.0
62.339127,"[296.22003173828125, 4.499230861663818, 0.0]","[357.9800720214844, 4.5, 0.0]",8.278478622768056,10.700755119323732,10.711419963887078,-0.3637313841023726,-0.36867058277130127,61.711181631143795,2.407646178871186,1.3961791991479622,57.211181631143795,-2.4222764965556767,8.290772438049316,3.405416488647461,43.08448791503906,False,-1,11.696188926696777,10.700755119323732,0.7203578948974609,0.27978726481800503,1.8266069514953525,-1.8266069514953525,"StraightLane index=('>>>', '1S0_0_', 0)",True,246.05416870117188,0.0007677078247070312,0.0005187988281264151,"StraightLane index=('>>', '>>>', 0)",True,0.0,True,False,0.8877301812171936,0.0,0.0,0.0,True,0.0,0.0,0.0,-0.0,0.0,-0.0
62.358692,"[296.3857421875, 4.499229431152344, 0.0]","[358.1933288574219, 4.5, 0.0]",8.271203995084829,10.721348762512207,10.725119448291139,-0.36373138416134765,-0.3690624535083771,61.76004027370696,2.4222764965556767,0.7315158842245317,57.26004027370696,-2.4501447674273784,8.28337287902832,3.405416488647461,43.08448791503906,False,-1,11.688789367675781,10.721348762512207,0.7203578948974609,0.27978726481800503,1.8266069514953525,-1.8266069514953525,"StraightLane index=('>>>', '1S0_0_', 0)",True,246.22003173828125,0.0007691383361816406,0.0005187988281264151,"StraightLane index=('>>', '>>>', 0)",True,0.0,True,False,0.8877301812171936,0.0,0.0,0.0,True,0.0,0.0,0.0,-0.0,0.0,-0.0
62.379246,"[296.5513000488281, 4.499228000640869, 0.0]","[358.407958984375, 4.5, 0.0]",8.263929367400642,10.728697776794434,10.739498259590823,-0.3637313842093093,-0.3684702515602112,61.80758666041081,2.4501447674273784,1.393413543585087,57.30758666041081,-2.464768409393791,8.27609920501709,3.405416488647461,43.08448791503906,False,-1,11.68151569366455,10.728697776794434,0.7203578948974609,0.27978726481800503,1.8266069514953525,-1.8266069514953525,"StraightLane index=('>>>', '1S0_0_', 0)",True,246.3857421875,0.00077056884765625,0.0005187988281264151,"StraightLane index=('>>', '>>>', 0)",True,0.0,True,False,0.8877301812171936,0.0,0.0,0.0,True,0.0,0.0,0.0,-0.0,0.0,-0.0
62.401353,"[296.71673583984375, 4.4992265701293945, 0.0]","[358.6293640136719, 4.5, 0.0]",8.256654739716076,10.749823570251465,10.754947342678673,-0.3637313842283163,-0.36648839712142944,61.85665892602085,2.464768409393791,0.7311820983206374,57.35665892602085,-2.4931688305353887,8.268965721130371,3.405416488647461,43.08448791503906,False,-1,11.674382209777832,10.749823570251465,0.7707309722900391,0.2787841223663559,1.8993438622143586,-1.8993438622143586,"StraightLane index=('>>>', '1S0_0_', 0)",True,246.55130004882812,0.0007719993591308594,0.0005187988281264151,"StraightLane index=('>>', '>>>', 0)",True,0.0,True,False,0.8877301812171936,0.0,0.0,0.0,True,0.0,0.0,0.0,-0.0,0.0,-0.0
62.420796,"[296.88201904296875, 4.49922513961792, 0.0]","[358.84429931640625, 4.5, 0.0]",8.249380112030911,10.756848335266113,10.768156880551716,-0.3637313842582479,-0.36108627915382385,61.91262816428685,2.4931688305353887,1.4200210570798788,57.41262816428685,-2.507468223235202,8.258612632751465,3.292837142944336,47.05792999267578,False,-1,11.5514497756958,10.756848335266113,0.7707309722900391,0.2787841223663559,1.8993438622143586,-1.8993438622143586,"StraightLane index=('>>>', '1S0_0_', 0)",True,246.71673583984375,0.0007734298706054688,0.0005187988281264151,"StraightLane index=('>>', '>>>', 0)",True,0.0,True,False,0.8872257471084595,0.0,0.0,0.0,True,0.0,0.0,0.0,-0.0,0.0,-0.0
62.440022,"[297.0471496582031, 4.499223709106445, 0.0]","[359.0599365234375, 4.5, 0.0]",8.242105484345666,10.777109146118164,10.781212129148654,-0.3637313842622447,-0.36615970730781555,61.96228026388124,2.507468223235202,0.7149696349906698,57.46228026388124,-2.535003661772498,8.254469871520996,3.292837142944336,47.05792999267578,False,-1,11.547307014465332,10.777109146118164,0.7707309722900391,0.2787841223663559,1.8993438622143586,-1.8993438622143586,"StraightLane index=('>>>', '1S0_0_', 0)",True,246.88201904296875,0.0007748603820800781,0.0005187988281264151,"StraightLane index=('>>', '>>>', 0)",True,0.0,True,False,0.8872257471084595,0.0,0.0,0.0,True,0.0,0.0,0.0,-0.0,0.0,-0.0
62.459156,"[297.2121276855469, 4.499222278594971, 0.0]","[359.2745361328125, 4.5, 0.0]",8.234830856660182,10.783968925476074,10.794261008871718,-0.3637313842742351,-0.3660130798816681,62.012786855663094,2.535003661772498,1.3767719268647838,57.512786855663094,-2.5491380688158927,8.247179985046387,3.292837142944336,47.05792999267578,False,-1,11.540017127990723,10.783968925476074,0.7707309722900391,0.2787841223663559,1.8993438622143586,-1.8993438622143586,"StraightLane index=('>>>', '1S0_0_', 0)",True,247.04714965820312,0.0007762908935546875,0.0005187988281264151,"StraightLane index=('>>', '>>>', 0)",True,0.0,True,False,0.8872257471084595,0.0,0.0,0.0,True,0.0,0.0,0.0,-0.0,0.0,-0.0
62.479351,"[297.3769836425781, 4.499220848083496, 0.0]","[359.48602294921875, 4.5, 0.0]",8.22755622897471,10.803966522216797,10.807985373400617,-0.3637313842736134,-0.3652229309082031,62.06240843767936,2.5491380688158927,0.7067203521697429,57.56240843767936,-2.5764102932420876,8.239989280700684,3.292837142944336,47.05792999267578,False,-1,11.53282642364502,10.803966522216797,0.7707309722900391,0.2787841223663559,1.8993438622143586,-1.8993438622143586,"StraightLane index=('>>>', '1S0_0_', 0)",True,247.21212768554688,0.0007777214050292969,0.0005187988281264151,"StraightLane index=('>>', '>>>', 0)",True,0.0,True,False,0.8872257471084595,0.0,0.0,0.0,True,0.0,0.0,0.0,-0.0,0.0,-0.0
62.498862,"[297.54168701171875, 4.4992194175720215, 0.0]","[359.7004699707031, 4.5, 0.0]",8.220281601289352,10.810816764831545,10.821257268639048,-0.36373138426784024,-0.36329975724220276,62.109039297039494,2.5764102932420876,1.3636112213097462,57.609039297039494,-2.5905351635421923,8.232914924621582,3.292837142944336,47.05792999267578,False,-1,11.525752067565918,10.810816764831545,0.609931945800799,0.2722533282327483,1.9561011845351732,-1.9561011845351732,"StraightLane index=('>>>', '1S0_0_', 0)",True,247.37698364257812,0.0007791519165039062,0.0005187988281264151,"StraightLane index=('>>', '>>>', 0)",True,0.0,True,False,0.8872257471084595,0.0,0.0,0.0,True,0.0,0.0,0.0,-0.0,0.0,-0.0
62.520222,"[297.70623779296875, 4.499217987060547, 0.0]","[359.9235534667969, 4.5, 0.0]",8.213006973603648,10.831208229064941,10.83536941671383,-0.36373138428524854,-0.35829848051071167,62.15878294936825,2.5905351635421923,0.7062435150052337,57.65878294936825,-2.618201255461294,8.222612380981445,3.292837142944336,47.05792999267578,False,-1,11.515449523925781,10.831208229064941,0.609931945800799,0.2722533282327483,1.9561011845351732,-1.9561011845351732,"StraightLane index=('>>>', '1S0_0_', 0)",True,247.54168701171875,0.0007805824279785156,0.0005187988281264151,"StraightLane index=('>>', '>>>', 0)",True,0.0,True,False,0.8872257471084595,0.0,0.0,0.0,True,0.0,0.0,0.0,-0.0,0.0,-0.0
62.540817,"[297.8706359863281, 4.499216556549072, 0.0]","[360.1409912109375, 4.5, 0.0]",8.205732345918065,10.837759971618652,10.848965487989362,-0.3637313842791201,-0.36355456709861755,62.21731566419665,2.618201255461294,1.3833045959550816,57.71731566419665,-2.6320276257005872,8.218477249145508,3.292837142944336,47.05792999267578,False,-1,11.511314392089844,10.837759971618652,0.609931945800799,0.2722533282327483,1.9561011845351732,-1.9561011845351732,"StraightLane index=('>>>', '1S0_0_', 0)",True,247.70623779296875,0.000782012939453125,0.0005187988281264151,"StraightLane index=('>>', '>>>', 0)",True,0.0,True,False,0.8872257471084595,0.0,0.0,0.0,True,0.0,0.0,0.0,-0.0,0.0,-0.0
62.559086,"[298.0348815917969, 4.499215126037598, 0.0]","[360.35662841796875, 4.5, 0.0]",8.19845771823243,10.857539176940918,10.861031505687743,-0.36373138428178464,-0.36381104588508606,62.27035521514162,2.6320276257005872,0.691318511964667,57.77035521514162,-2.6590814587084886,8.211195945739746,3.292837142944336,47.05792999267578,False,-1,11.504033088684082,10.857539176940918,0.609931945800799,0.2722533282327483,1.9561011845351732,-1.9561011845351732,"StraightLane index=('>>>', '1S0_0_', 0)",True,247.87063598632812,0.0007834434509277344,0.0005111694336033763,"StraightLane index=('>>', '>>>', 0)",True,0.0,True,False,0.8872257471084595,0.0,0.0,0.0,True,0.0,0.0,0.0,-0.0,0.0,-0.0
62.580613,"[298.1990051269531, 4.499213695526123, 0.0]","[360.57440185546875, 4.5, 0.0]",8.191183090547115,10.86411190032959,10.875229054775437,-0.3637313842657086,-0.3634410798549652,62.32174681668931,2.6590814587084886,1.352691650395066,57.82174681668931,-2.6729288097824746,8.20400333404541,3.292837142944336,47.05792999267578,False,-1,11.496840476989746,10.86411190032959,0.609931945800799,0.2722533282327483,1.9561011845351732,-1.9561011845351732,"StraightLane index=('>>>', '1S0_0_', 0)",True,248.03488159179688,0.0007848739624023438,0.0005111694336033763,"StraightLane index=('>>', '>>>', 0)",True,0.0,True,False,0.8872257471084595,0.0,0.0,0.0,True,0.0,0.0,0.0,-0.0,0.0,-0.0
62.599034,"[298.36297607421875, 4.499212265014648, 0.0]","[360.7861022949219, 4.5, 0.0]",8.1839084628613,10.883651733398438,10.887390866863308,-0.36373138429075524,-0.36653417348861694,62.375396719018156,2.6729288097824746,0.6923675536993024,57.875396719018156,-2.6997432705371374,8.19643497467041,3.292837142944336,47.05792999267578,False,-1,11.489272117614746,10.883651733398438,0.7283496856689275,0.2705202344078859,2.0253533602570255,-2.0253533602570255,"StraightLane index=('>>>', '1S0_0_', 0)",True,248.19900512695312,0.0007863044738769531,0.0005111694336033763,"StraightLane index=('>>', '>>>', 0)",True,0.0,True,False,0.8872257471084595,0.0,0.0,0.0,True,0.0,0.0,0.0,-0.0,0.0,-0.0
62.619188,"[298.52679443359375, 4.499210834503174, 0.0]","[361.0046691894531, 4.5, 0.0]",8.176633835178368,10.890084266662598,10.900500760990369,-0.3637313841466039,-0.36292728781700134,62.42312621083068,2.6997432705371374,1.340723037733138,57.92312621083068,-2.7134504314842296,8.185823440551758,2.8834152221679688,45.97500991821289,False,-1,11.069238662719727,10.890084266662598,0.7283496856689275,0.2705202344078859,2.0253533602570255,-2.0253533602570255,"StraightLane index=('>>>', '1S0_0_', 0)",True,248.36297607421875,0.0007877349853515625,0.0005264282226494539,"StraightLane index=('>>', '>>>', 0)",True,0.0,True,False,0.8860846161842346,0.0,0.0,0.0,True,0.0,0.0,0.0,-0.0,0.0,-0.0
62.642383,"[298.6904602050781, 4.499209403991699, 0.0]","[361.2303771972656, 4.5, 0.0]",8.16935920749698,10.910187721252441,10.915548917498787,-0.3637313840694212,-0.367058664560318,62.477874745971484,2.7134504314842296,0.6853580473546117,57.977874745971484,-2.7408285137554618,8.181760787963867,2.8834152221679688,45.97500991821289,False,-1,11.065176010131836,10.910187721252441,0.7283496856689275,0.2705202344078859,2.0253533602570255,-2.0253533602570255,"StraightLane index=('>>>', '1S0_0_', 0)",True,248.52679443359375,0.0007891654968261719,0.0005264282226494539,"StraightLane index=('>>', '>>>', 0)",True,0.0,True,False,0.8860846161842346,0.0,0.0,0.0,True,0.0,0.0,0.0,-0.0,0.0,-0.0
62.659751,"[298.85400390625, 4.499207973480225, 0.0]","[361.4462890625, 4.5, 0.0]",8.162084579813722,10.916370391845705,10.926834228536286,-0.36373138416285755,-0.3654206097126007,62.53991698228384,2.7408285137554618,1.3689041135616087,58.03991698228384,-2.7542858120319824,8.174617767333984,2.8834152221679688,45.97500991821289,False,-1,11.058032989501953,10.916370391845705,0.7283496856689275,0.2705202344078859,2.0253533602570255,-2.0253533602570255,"StraightLane index=('>>>', '1S0_0_', 0)",True,248.69046020507812,0.0007905960083007812,0.0005264282226494539,"StraightLane index=('>>', '>>>', 0)",True,0.0,True,False,0.8860846161842346,0.0,0.0,0.0,True,0.0,0.0,0.0,-0.0,0.0,-0.0
62.679985,"[299.01739501953125, 4.49920654296875, 0.0]","[361.6650390625, 4.5, 0.0]",8.154809952129796,10.936058044433594,10.939979719992376,-0.3637313841963419,-0.3636094033718109,62.59228514633099,2.7542858120319824,0.6728649138260323,58.09228514633099,-2.781248092303798,8.167551040649414,2.8834152221679688,45.97500991821289,False,-1,11.050966262817383,10.936058044433594,0.7283496856689275,0.2705202344078859,2.0253533602570255,-2.0253533602570255,"StraightLane index=('>>>', '1S0_0_', 0)",True,248.85400390625,0.0007920265197753906,0.0005264282226494539,"StraightLane index=('>>', '>>>', 0)",True,0.0,True,False,0.8860846161842346,0.0,0.0,0.0,True,0.0,0.0,0.0,-0.0,0.0,-0.0
62.698964,"[299.1806335449219, 4.499205112457275, 0.0]","[361.8774108886719, 4.5, 0.0]",8.147535324445691,10.942031860351562,10.95234457118681,-0.36373138420522366,-0.3656688928604126,62.647644033034254,2.781248092303798,1.3481140135907843,58.147644033034254,-2.7944965359058713,8.160094261169434,2.8834152221679688,45.97500991821289,False,-1,11.043509483337402,10.942031860351562,0.58380126953125,0.2639012554006911,2.0803240037395074,-2.0803240037395074,"StraightLane index=('>>>', '1S0_0_', 0)",True,249.01739501953125,0.00079345703125,0.0005264282226494539,"StraightLane index=('>>', '>>>', 0)",True,0.0,True,False,0.8860846161842346,0.0,0.0,0.0,True,0.0,0.0,0.0,-0.0,0.0,-0.0
62.719385,"[299.3437194824219, 4.499203681945801, 0.0]","[362.0973815917969, 4.5, 0.0]",8.140260696760985,10.962008476257324,10.965986909486293,-0.3637313842353329,-0.363982617855072,62.6967773338003,2.7944965359058713,0.6624221801036612,58.1967773338003,-2.8217477794963397,8.156615257263184,2.8834152221679688,45.97500991821289,False,-1,11.040030479431152,10.962008476257324,0.58380126953125,0.2639012554006911,2.0803240037395074,-2.0803240037395074,"StraightLane index=('>>>', '1S0_0_', 0)",True,249.18063354492188,0.0007948875427246094,0.0005264282226494539,"StraightLane index=('>>', '>>>', 0)",True,0.0,True,False,0.8860846161842346,0.0,0.0,0.0,True,0.0,0.0,0.0,-0.0,0.0,-0.0
62.73949,"[299.5066833496094, 4.499202251434326, 0.0]","[362.3173828125, 4.5, 0.0]",8.13298606907562,10.968756675720215,10.979446353224978,-0.3637313842681955,-0.3651208281517029,62.75366209940975,2.8217477794963397,1.3625621795234188,58.25366209940975,-2.8357706066445942,8.145586967468262,2.8834152221679688,45.97500991821289,False,-1,11.02900218963623,10.968756675720215,0.58380126953125,0.2639012554006911,2.0803240037395074,-2.0803240037395074,"StraightLane index=('>>>', '1S0_0_', 0)",True,249.34371948242188,0.0007963180541992188,0.0005264282226494539,"StraightLane index=('>>', '>>>', 0)",True,0.0,True,False,0.8860846161842346,0.0,0.0,0.0,True,0.0,0.0,0.0,-0.0,0.0,-0.0
62.758545,"[299.66949462890625, 4.499200820922852, 0.0]","[362.53558349609375, 4.5, 0.0]",8.125711441390312,10.98873233795166,10.992252096053912,-0.36373138426544216,-0.3679332733154297,62.81069945290982,2.8357706066445942,0.7011413574127268,58.31069945290982,-2.8630208965613484,8.138016700744629,2.8834152221679688,45.97500991821289,False,-1,11.021431922912598,10.98873233795166,0.58380126953125,0.2639012554006911,2.0803240037395074,-2.0803240037395074,"StraightLane index=('>>>', '1S0_0_', 0)",True,249.50668334960938,0.0007977485656738281,0.0005264282226494539,"StraightLane index=('>>', '>>>', 0)",True,0.0,True,False,0.8860846161842346,0.0,0.0,0.0,True,0.0,0.0,0.0,-0.0,0.0,-0.0
62.781115,"[299.8321533203125, 4.499199390411377, 0.0]","[362.7557373046875, 4.5, 0.0]",8.1184368137048,10.998823165893555,11.00723597941053,-0.3637313842755674,-0.36840248107910156,62.866088857191215,2.8630208965613484,1.3625144958377078,58.366088857191215,-2.8803863521887543,8.130622863769531,2.8834152221679688,45.97500991821289,False,-1,11.0140380859375,10.998823165893555,0.58380126953125,0.2639012554006911,2.0803240037395074,-2.0803240037395074,"StraightLane index=('>>>', '1S0_0_', 0)",True,249.66949462890625,0.0007991790771484375,0.0005264282226494539,"StraightLane index=('>>', '>>>', 0)",True,0.0,True,False,0.8860846161842346,0.0,0.0,0.0,True,0.0,0.0,0.0,-0.0,0.0,-0.0
62.799565,"[299.9946594238281, 4.499197959899902, 0.0]","[362.9761962890625, 4.5, 0.0]",8.111162186019575,11.01226806640625,11.019727308656789,-0.3637313842612677,-0.3679053783416748,62.92358397436315,2.8803863521887543,0.868272781370294,58.42358397436315,-2.901105880386675,8.12335205078125,2.8834152221679688,45.97500991821289,False,-1,11.006767272949219,11.01226806640625,0.702362060546875,0.2620938019797626,2.1478126242311015,-2.1478126242311015,"StraightLane index=('>>>', '1S0_0_', 0)",True,249.8321533203125,0.0008006095886230469,0.0005264282226494539,"StraightLane index=('>>', '>>>', 0)",True,0.0,True,False,0.8860846161842346,0.0,0.0,0.0,True,0.0,0.0,0.0,-0.0,0.0,-0.0
62.819112,"[300.1570129394531, 4.499196529388428, 0.0]","[363.1971740722656, 4.5, 0.0]",8.103887558333964,11.025957107543945,11.033217279121281,-0.3637313842805412,-0.3606719970703125,62.98153685520693,2.901105880386675,1.0359764098960333,58.48153685520693,-2.922069549209981,8.113120079040527,2.8803863525390625,62.923583984375,True,0,10.99350643157959,11.025957107543945,0.702362060546875,0.2620938019797626,2.1478126242311015,-2.1478126242311015,"StraightLane index=('>>>', '1S0_0_', 0)",True,249.99465942382812,0.0008020401000976562,0.0005264282226494539,"StraightLane index=('>>', '>>>', 0)",True,0.0,True,False,0.8843696117401123,0.0,0.0,0.0,True,0.0,0.0,0.0,-0.0,0.0,-0.0
62.839116,"[300.3192443847656, 4.499195098876953, 0.0]","[363.4183349609375, 4.5, 0.0]",8.108304977767908,11.039761543273926,11.04702197042684,0.22087097169718461,-0.3640056252479553,63.04016112276944,2.922069549209981,1.0481834411653068,58.54016112276944,-2.931456565506018,8.109163284301758,2.8803863525390625,62.923583984375,True,0,10.98954963684082,11.039761543273926,0.702362060546875,0.2620938019797626,2.1478126242311015,-0.275561471238853,"StraightLane index=('>>>', '1S0_0_', 0)",True,250.15701293945312,0.0008034706115722656,0.0005264282226494539,"StraightLane index=('>>', '>>>', 0)",True,0.0,True,False,0.8843696117401123,1.8722511529922485,0.0,1.8722511529922485,True,0.0,0.0,0.08,0.0,0.08,0.0
62.858935,"[300.4813232421875, 4.4991936683654785, 0.0]","[363.6383361816406, 4.5, 0.0]",8.117143631332757,11.053494453430176,11.060686677298044,0.44193267824246263,-0.3658929765224457,63.09909056611318,2.931456565506018,0.4693508148018388,58.59909056611318,-2.9363508220974186,8.101717948913574,2.8803863525390625,62.923583984375,True,0,10.982104301452637,11.053494453430176,0.702362060546875,0.2620938019797626,2.1478126242311015,-0.275561471238853,"StraightLane index=('>>>', '1S0_0_', 0)",True,250.31924438476562,0.000804901123046875,0.0005264282226494539,"StraightLane index=('>>', '>>>', 0)",True,0.0,True,False,0.8843696117401123,1.8722511529922485,0.0,1.8722511529922485,True,0.0,0.0,0.16,0.0,0.16,0.0
62.879387,"[300.64349365234375, 4.499192237854004, 0.0]","[363.8592224121094, 4.5, 0.0]",8.130399704328585,11.067281723022461,11.074801995574498,0.6628036497914103,-0.34739166498184204,63.157012929378844,2.9363508220974186,0.24471282957003737,58.657012929378844,-2.9368820186938756,8.096358299255371,2.8803863525390625,62.923583984375,True,0,10.976744651794434,11.067281723022461,0.702362060546875,0.2620938019797626,2.1478126242311015,-0.275561471238853,"StraightLane index=('>>>', '1S0_0_', 0)",True,250.4813232421875,0.0008063316345214844,0.0005264282226494539,"StraightLane index=('>>', '>>>', 0)",True,0.0,True,False,0.8843696117401123,1.8722511529922485,0.0,1.8722511529922485,True,0.0,0.0,0.24000000000000002,0.0,0.24000000000000002,0.0
62.899555,"[300.80584716796875, 4.499190807342529, 0.0]","[364.07958984375, 4.5, 0.0]",8.148073196759203,11.081035614013672,11.088703053664476,0.8836746215308722,-0.29151859879493713,63.215728749675726,2.9368820186938756,0.026559829822847547,58.715728749675726,-2.932962417254469,8.095470428466797,2.8803863525390625,62.923583984375,True,0,10.97585678100586,11.081035614013672,0.6876754760742188,0.259953063444384,2.166378634659789,-0.29412748166754055,"StraightLane index=('>>>', '1S0_0_', 0)",True,250.64349365234375,0.0008077621459960938,0.0005264282226494539,"StraightLane index=('>>', '>>>', 0)",True,0.0,True,False,0.8843696117401123,1.8722511529922485,0.0,1.8722511529922485,True,0.0,0.0,0.32,0.0,0.32,0.0
62.919825,"[300.96844482421875, 4.499189376831055, 0.0]","[364.3032531738281, 4.5, 0.0]",8.170167923324287,11.095608711242676,11.103687021242921,1.10473632825423,-0.1481436789035797,63.273742665675755,2.932962417254469,-0.1959800719703253,58.773742665675755,-2.9254407879183884,8.10303783416748,2.9368820190429688,63.215728759765625,True,0,11.03991985321045,11.095608711242676,0.6876754760742188,0.259953063444384,2.166378634659789,-0.29412748166754055,"StraightLane index=('>>>', '1S0_0_', 0)",True,250.80584716796875,0.0008091926574707031,0.0005264282226494539,"StraightLane index=('>>', '>>>', 0)",True,0.0,True,False,0.8843696117401123,1.8722511529922485,0.0,1.8722511529922485,True,0.0,0.0,0.39999999999999997,0.0,0.39999999999999997,0.0
62.940961,"[301.13140869140625, 4.49918794631958, 0.0]","[364.5275573730469, 4.5, 0.0]",8.196680069322184,11.110527038574219,11.119333196443158,1.3256072998948376,-0.07482991367578506,63.33480833930217,2.9254407879183884,-0.37608146680403465,58.83480833930217,-2.9138469692520346,8.109247207641602,2.9368820190429688,63.215728759765625,True,0,11.04612922668457,11.110527038574219,0.6876754760742188,0.259953063444384,2.166378634659789,-0.24116064855291652,"StraightLane index=('>>>', '1S0_0_', 0)",True,250.96844482421875,0.0008106231689453125,0.0005340576171724927,"StraightLane index=('>>', '>>>', 0)",True,0.0,True,False,0.8843696117401123,1.9252179861068726,0.0,1.9252179861068726,True,0.0,0.0,0.4799999999999999,0.0,0.4799999999999999,0.0
62.959233,"[301.2947998046875, 4.4991865158081055, 0.0]","[364.7534484863281, 4.5, 0.0]",8.227609634756895,11.125551223754883,11.13283336570498,1.5464782717355519,0.1529964953660965,63.39614867113004,2.9138469692520346,-0.5796909333176892,58.89614867113004,-2.8979415889979876,8.133063316345215,2.9368820190429688,63.215728759765625,True,0,11.069945335388184,11.125551223754883,0.6876754760742188,0.259953063444384,2.166378634659789,-0.24116064855291652,"StraightLane index=('>>>', '1S0_0_', 0)",True,251.13140869140625,0.0008120536804199219,0.0005416870116955315,"StraightLane index=('>>', '>>>', 0)",True,0.0,True,False,0.8843696117401123,1.9252179861068726,0.0,1.9252179861068726,True,0.0,0.0,0.5599999999999999,0.0,0.5599999999999999,0.0
62.981505,"[301.458740234375, 4.499185085296631, 0.0]","[364.9747009277344, 4.5, 0.0]",8.26296043431828,11.14026737213135,11.149333820596338,1.7675399780692658,0.2594512403011322,63.4586486714879,2.8979415889979876,-0.7952690127023487,58.9586486714879,-2.877306937813069,8.145760536193848,2.9368820190429688,63.215728759765625,True,0,11.082642555236816,11.14026737213135,0.6876754760742188,0.259953063444384,2.166378634659789,-0.24116064855291652,"StraightLane index=('>>>', '1S0_0_', 0)",True,251.2947998046875,0.0008134841918945312,0.0005264282226494539,"StraightLane index=('>>', '>>>', 0)",True,0.0,True,False,0.8843696117401123,1.9252179861068726,0.0,1.9252179861068726,True,0.0,0.0,0.64,0.0,0.64,0.0
62.999545,"[301.623291015625, 4.499183654785156, 0.0]","[365.1983337402344, 4.5, 0.0]",8.302728653319893,11.15514087677002,11.162670217522653,1.988410950080599,0.4617568254470825,63.515960682816385,2.877306937813069,-1.0317325592459348,59.015960682816385,-2.852412223450127,8.173026084899902,2.9368820190429688,63.215728759765625,True,0,11.109908103942871,11.15514087677002,0.7410526275634766,0.2598945990646673,2.11396254430725,-0.18874455820037728,"StraightLane index=('>>>', '1S0_0_', 0)",True,251.458740234375,0.0008149147033691406,0.0005416870116955315,"StraightLane index=('>>', '>>>', 0)",True,0.0,True,False,0.8843696117401123,1.9252179861068726,0.0,1.9252179861068726,True,0.0,0.0,0.7200000000000001,0.0,0.7200000000000001,0.0
63.02027,"[301.7885437011719, 4.499182224273682, 0.0]","[365.4228515625, 4.5, 0.0]",8.346914291752892,11.170561790466309,11.17883831262309,2.209281921649975,0.6798936724662781,63.57504271423839,2.852412223450127,-1.2447357181470942,59.07504271423839,-2.8236474987134166,8.206052780151367,2.8773069381713867,63.515960693359375,True,0,11.083359718322754,11.170561790466309,0.7410526275634766,0.2598945990646673,2.11396254430725,-0.18874455820037728,"StraightLane index=('>>>', '1S0_0_', 0)",True,251.623291015625,0.00081634521484375,0.0005340576171724927,"StraightLane index=('>>', '>>>', 0)",True,0.0,True,False,0.8843696117401123,1.9252179861068726,0.0,1.9252179861068726,True,0.0,0.0,0.8000000000000002,0.0,0.8000000000000002,0.0
63.04013,"[301.95458984375, 4.499180793762207, 0.0]","[365.6470947265625, 4.5, 0.0]",8.395521164316344,11.186176300048828,11.19433043938258,2.4303436281726043,0.9083659648895264,63.634307850752805,2.8236474987134166,-1.4382362368355217,59.134307850752805,-2.790655135732484,8.24457836151123,2.8773069381713867,63.515960693359375,True,0,11.121885299682617,11.186176300048828,0.7410526275634766,0.2598945990646673,2.11396254430725,-0.20798589120818978,"StraightLane index=('>>>', '1S0_0_', 0)",True,251.78854370117188,0.0008177757263183594,0.0005416870116955315,"StraightLane index=('>>', '>>>', 0)",True,0.0,True,False,0.8821004629135132,1.90597665309906,0.0,1.90597665309906,True,0.0,0.0,0.8800000000000002,0.0,0.8800000000000002,0.0
63.059148,"[302.12152099609375, 4.499179363250732, 0.0]","[365.86981201171875, 4.5, 0.0]",8.44854545631588,11.20168399810791,11.209174847938819,2.6512145999768144,1.1433676481246948,63.69250487203122,2.790655135732484,-1.6496181490466277,59.19250487203122,-2.7531385417920298,8.288363456726074,2.8773069381713867,63.515960693359375,True,0,11.165670394897461,11.20168399810791,0.7410526275634766,0.2598945990646673,2.11396254430725,-0.20798589120818978,"StraightLane index=('>>>', '1S0_0_', 0)",True,251.95458984375,0.0008192062377929688,0.0005493164062694592,"StraightLane index=('>>', '>>>', 0)",True,0.0,True,False,0.8821004629135132,1.90597665309906,0.0,1.90597665309906,True,0.0,0.0,0.9600000000000003,0.0,0.9600000000000003,0.0
63.079726,"[302.2894287109375, 4.499177932739258, 0.0]","[366.09429931640625, 4.5, 0.0]",8.503778458034244,11.217315673828125,11.22520355855883,2.761650085918177,1.3810755014419556,63.74829100425038,2.7531385417920298,-1.8758296970227128,59.24829100425038,-2.713537215793881,8.337142944335938,2.8773069381713867,63.515960693359375,True,0,11.214449882507324,11.217315673828125,0.7410526275634766,0.2598945990646673,2.11396254430725,-0.20798589120818978,"StraightLane index=('>>>', '1S0_0_', 0)",True,252.12152099609375,0.0008206367492675781,0.0005722045898385755,"StraightLane index=('>>', '>>>', 0)",True,0.0,True,False,0.8821004629135132,1.90597665309906,0.0,1.90597665309906,True,0.0,0.0,1.0,0.0,1.0,0.0
63.099432,"[302.4584045410156, 4.499176502227783, 0.0]","[366.3179626464844, 4.5, 0.0]",8.559011459747289,11.232889175415039,11.240591639563323,2.7616500856522563,1.6193362474441528,63.80487059465488,2.713537215793881,-1.9800662999074348,59.30487059465488,-2.67387771566775,8.39070987701416,2.8773069381713867,63.515960693359375,True,0,11.268016815185547,11.232889175415039,0.7774829864501953,0.2611170436839574,1.999137558867995,-0.09316090576893488,"StraightLane index=('>>>', '1S0_0_', 0)",True,252.2894287109375,0.0008220672607421875,0.0005493164062694592,"StraightLane index=('>>', '>>>', 0)",True,0.0,True,False,0.8821004629135132,1.90597665309906,0.0,1.90597665309906,True,0.0,0.0,1.0,0.0,1.0,0.0
63.11956,"[302.62847900390625, 4.499175071716309, 0.0]","[366.5438232421875, 4.5, 0.0]",8.614244461459856,11.249095916748047,11.257070771641795,2.7616500856283643,1.8558638095855713,63.85955809463864,2.67387771566775,-1.9829750063065532,59.35955809463864,-2.6348514552881905,8.448846817016602,2.8773069381713867,63.515960693359375,True,0,11.326153755187988,11.249095916748047,0.7774829864501953,0.2611170436839574,1.999137558867995,-0.09316090576893488,"StraightLane index=('>>>', '1S0_0_', 0)",True,252.45840454101562,0.0008234977722167969,0.0005493164062694592,"StraightLane index=('>>', '>>>', 0)",True,0.0,True,False,0.8821004629135132,1.90597665309906,0.0,1.90597665309906,True,0.0,0.0,1.0,0.0,1.0,0.0
63.140086,"[302.7996520996094, 4.499173641204834, 0.0]","[366.7640686035156, 4.5, 0.0]",8.669477463172111,11.265105247497559,11.273903602884149,2.7616500856127324,2.0806469917297363,63.91534422743487,2.6348514552881905,-1.9513130189779737,59.41534422743487,-2.5956277843254476,8.510438919067383,2.7135372161865234,63.80487060546875,True,0,11.223976135253906,11.265105247497559,0.7774829864501953,0.2611170436839574,1.999137558867995,-0.007877745559279115,"StraightLane index=('>>>', '1S0_0_', 0)",True,252.62847900390625,0.0008249282836914062,0.0005493164062694592,"StraightLane index=('>>', '>>>', 0)",True,0.0,True,False,0.8821004629135132,1.9912598133087158,0.0,1.9912598133087158,True,0.0,0.0,1.0,0.0,1.0,0.0
63.159577,"[302.971923828125, 4.499172210693359, 0.0]","[366.99420166015625, 4.5, 0.0]",8.724710464884136,11.281829833984375,11.289874499359632,2.761650085601275,2.3494012355804443,63.9644164930439,2.5956277843254476,-1.9611835481371465,59.4644164930439,-2.5571193691002385,8.603874206542969,2.7135372161865234,63.80487060546875,True,0,11.317411422729492,11.281829833984375,0.7774829864501953,0.2611170436839574,1.999137558867995,-0.007877745559279115,"StraightLane index=('>>>', '1S0_0_', 0)",True,252.79965209960938,0.0008263587951660156,0.0005493164062694592,"StraightLane index=('>>', '>>>', 0)",True,0.0,True,False,0.8821004629135132,1.9912598133087158,0.0,1.9912598133087158,True,0.0,0.0,1.0,0.0,1.0,0.0
63.180142,"[303.14532470703125, 4.499170303344727, 0.0]","[367.2158508300781, 4.5, 0.0]",8.779943466592595,11.297941207885742,11.306708321172392,2.7616500854229287,2.4581990242004395,64.02227782153416,2.5571193691002385,-1.9254207612604546,59.52227782153416,-2.517997741293147,8.63878059387207,2.7135372161865234,63.80487060546875,True,0,11.352317810058594,11.297941207885742,0.7774829864501953,0.2611170436839574,1.999137558867995,-0.007877745559279115,"StraightLane index=('>>>', '1S0_0_', 0)",True,252.971923828125,0.000827789306640625,0.0005340576171724927,"StraightLane index=('>>', '>>>', 0)",True,0.0,True,False,0.8821004629135132,1.9912598133087158,0.0,1.9912598133087158,True,0.0,0.0,1.0,0.0,1.0,0.0
63.198847,"[303.31982421875, 4.499168395996094, 0.0]","[367.44012451171875, 4.5, 0.0]",8.835176468305987,11.317575454711914,11.322091098883886,2.761650085669576,2.6024932861328125,64.07052611233935,2.517997741293147,-1.9560813903545693,59.57052611233935,-2.4823989864059275,8.703590393066406,2.7135372161865234,63.80487060546875,True,0,11.41712760925293,11.317575454711914,0.84686279296875,0.2646455370694679,1.878204878233321,0.11305493507539488,"StraightLane index=('>>>', '1S0_0_', 0)",True,253.14532470703125,0.0008296966552734375,0.0005416870116955315,"StraightLane index=('>>', '>>>', 0)",True,0.0,True,False,0.8821004629135132,1.9912598133087158,0.0,1.9912598133087158,True,0.0,0.0,1.0,0.0,1.0,0.0
63.219593,"[303.49542236328125, 4.499166488647461, 0.0]","[367.6681213378906, 4.5, 0.0]",8.890409470015157,11.327668190002441,11.33944378790562,2.7616500854585446,2.7163569927215576,64.12030028224098,2.4823989864059275,-1.779937744360982,59.620300282240976,-2.437258719987284,8.767940521240234,2.7135372161865234,63.80487060546875,True,0,11.481477737426758,11.327668190002441,0.84686279296875,0.2646455370694679,1.878204878233321,0.11305493507539488,"StraightLane index=('>>>', '1S0_0_', 0)",True,253.31982421875,0.00083160400390625,0.0005416870116955315,"StraightLane index=('>>', '>>>', 0)",True,0.0,True,False,0.8821004629135132,1.9912598133087158,0.0,1.9912598133087158,True,0.0,0.0,1.0,0.0,1.0,0.0
63.239788,"[303.672119140625, 4.499164581298828, 0.0]","[367.8944091796875, 4.5, 0.0]",8.936807632850568,11.35106086730957,11.356457837563939,2.3199081417705436,2.801687002182007,64.17269896405243,2.437258719987284,-2.2570133209321774,59.67269896405243,-2.414253234459002,8.831428527832031,3.5460147857666016,51.16269302368164,False,-1,12.377443313598633,11.35106086730957,0.84686279296875,0.2646455370694679,1.878204878233321,-1.878204878233321,"StraightLane index=('>>>', '1S0_0_', 0)",True,253.49542236328125,0.0008335113525390625,0.0005340576171724927,"StraightLane index=('>>', '>>>', 0)",True,0.0,True,False,0.8792024850845337,0.0,0.0,0.0,True,0.0,0.0,0.8400000000000001,0.0,0.8400000000000001,0.0
63.259368,"[303.84991455078125, 4.499162673950195, 0.0]","[368.1211242675781, 4.5, 0.0]",8.974367142120924,11.361148834228516,11.372909438301576,1.877975463517778,2.857992649078369,64.22229002905335,2.414253234459002,-1.1502742764140983,59.722290029053354,-2.3867816921075917,8.922061920166016,3.5460147857666016,51.16269302368164,False,-1,12.468076705932617,11.361148834228516,0.84686279296875,0.2646455370694679,1.878204878233321,-1.878204878233321,"StraightLane index=('>>>', '1S0_0_', 0)",True,253.672119140625,0.000835418701171875,0.0005111694336033763,"StraightLane index=('>>', '>>>', 0)",True,0.0,True,False,0.8792024850845337,0.0,0.0,0.0,True,0.0,0.0,0.6800000000000002,0.0,0.6800000000000002,0.0
63.27959,"[304.0286560058594, 4.4991607666015625, 0.0]","[368.3492736816406, 4.5, 0.0]",9.003087997829216,11.384678840637207,11.389868505751949,1.4360427854145819,2.853137254714966,64.27120970676877,2.3867816921075917,-1.3735771175705125,59.77120970676877,-2.3815908428079915,8.9789457321167,3.5460147857666016,51.16269302368164,False,-1,12.5249605178833,11.384678840637207,0.84686279296875,0.2646455370694679,1.878204878233321,-1.878204878233321,"StraightLane index=('>>>', '1S0_0_', 0)",True,253.84991455078125,0.0008373260498046875,0.0005111694336033763,"StraightLane index=('>>', '>>>', 0)",True,0.0,True,False,0.8792024850845337,0.0,0.0,0.0,True,0.0,0.0,0.5200000000000002,0.0,0.5200000000000002,0.0
63.299137,"[304.2081298828125, 4.49915885925293, 0.0]","[368.575927734375, 4.5, 0.0]",9.02297401467179,11.394763946533205,11.406312039152256,0.994300842128748,2.7938437461853027,64.32061766535556,2.3815908428079915,-0.25954246498001154,59.820617665355556,-2.3717899318614144,9.029723167419434,3.5460147857666016,51.16269302368164,False,-1,12.575737953186035,11.394763946533205,0.7718849182129084,0.2651969554999729,1.8068604112098923,-1.8068604112098923,"StraightLane index=('>>>', '1S0_0_', 0)",True,254.02865600585938,0.0008392333984375,0.0005264282226494539,"StraightLane index=('>>', '>>>', 0)",True,0.0,True,False,0.8792024850845337,0.0,0.0,0.0,True,0.0,0.0,0.3600000000000002,0.0,0.3600000000000002,0.0
63.320197,"[304.38818359375, 4.499156951904297, 0.0]","[368.81103515625, 4.5, 0.0]",9.03402137794757,11.419000625610352,11.42440677323763,0.552368163788941,2.6658523082733154,64.36779784130748,2.3717899318614144,-0.4900455473288545,59.86779784130748,-2.3849792476627822,9.071725845336914,3.5460147857666016,51.16269302368164,False,-1,12.617740631103516,11.419000625610352,0.7718849182129084,0.2651969554999729,1.8068604112098923,-1.8068604112098923,"StraightLane index=('>>>', '1S0_0_', 0)",True,254.2081298828125,0.0008411407470703125,0.0005187988281264151,"StraightLane index=('>>', '>>>', 0)",True,0.0,True,False,0.8792024850845337,0.0,0.0,0.0,True,0.0,0.0,0.20000000000000018,0.0,0.20000000000000018,0.0
63.339438,"[304.5686340332031, 4.499155044555664, 0.0]","[369.0348205566406, 4.5, 0.0]",9.03623008766386,11.429140090942383,11.440910408005353,0.11043548581453067,2.5837135314941406,64.4228515518433,2.3849792476627822,0.659465790068392,59.922851551843294,-2.392910003278523,9.089767456054688,3.5460147857666016,51.16269302368164,False,-1,12.635782241821289,11.429140090942383,0.7718849182129084,0.2651969554999729,1.8068604112098923,-1.8068604112098923,"StraightLane index=('>>>', '1S0_0_', 0)",True,254.38818359375,0.000843048095703125,0.0005340576171724927,"StraightLane index=('>>', '>>>', 0)",True,0.0,True,False,0.8792024850845337,0.0,0.0,0.0,True,0.0,0.0,0.040000000000000174,0.0,0.040000000000000174,0.0
63.358984,"[304.74932861328125, 4.4991536140441895, 0.0]","[369.2677307128906, 4.5, 0.0]",9.028955459976732,11.453303337097168,11.457770559238622,-0.36373138435639163,2.2169904708862305,64.46618651314391,2.392910003278523,0.39653778078703183,59.96618651314391,-2.424347877120436,9.125397682189941,3.5460147857666016,51.16269302368164,False,-1,12.671412467956543,11.453303337097168,0.7718849182129084,0.2651969554999729,1.8068604112098923,-1.8068604112098923,"StraightLane index=('>>>', '1S0_0_', 0)",True,254.56863403320312,0.0008449554443359375,0.0005187988281264151,"StraightLane index=('>>', '>>>', 0)",True,0.0,True,False,0.8792024850845337,0.0,0.0,0.0,True,0.0,0.0,0.0,-0.0,0.0,-0.0
63.379916,"[304.9300537109375, 4.499152183532715, 0.0]","[369.4972229003906, 4.5, 0.0]",9.021680832293036,11.463871955871582,11.4757141031957,-0.36373138418479556,2.068840980529785,64.51840208910961,2.424347877120436,1.5718936920956494,60.018402089109614,-2.442191123578546,9.132025718688965,3.5460147857666016,51.16269302368164,False,-1,12.678040504455566,11.463871955871582,0.7718849182129084,0.2651969554999729,1.8068604112098923,-1.8068604112098923,"StraightLane index=('>>>', '1S0_0_', 0)",True,254.74932861328125,0.0008463859558105469,0.0005264282226494539,"StraightLane index=('>>', '>>>', 0)",True,0.0,True,False,0.8792024850845337,0.0,0.0,0.0,True,0.0,0.0,0.0,-0.0,0.0,-0.0
63.399611,"[305.1106262207031, 4.49915075302124, 0.0]","[369.7265930175781, 4.5, 0.0]",9.014406204614918,11.48776626586914,11.492658521504842,-0.36373138390590753,1.5500657558441162,64.5671691787457,2.442191123578546,0.8921623229054987,60.0671691787457,-2.4733600612542226,9.13469123840332,3.5460147857666016,51.16269302368164,False,-1,12.680706024169922,11.48776626586914,0.9300231933593572,0.27122807171755314,1.8789121115327978,-1.8789121115327978,"StraightLane index=('>>>', '1S0_0_', 0)",True,254.9300537109375,0.0008478164672851562,0.0005340576171724927,"StraightLane index=('>>', '>>>', 0)",True,0.0,True,False,0.8792024850845337,0.0,0.0,0.0,True,0.0,0.0,0.0,-0.0,0.0,-0.0
63.41932,"[305.2910461425781, 4.499149322509766, 0.0]","[369.9516296386719, 4.5, 0.0]",9.007131576936795,11.49751091003418,11.509072417967488,-0.363731383906174,1.3634507656097412,64.61596678536984,2.4733600612542226,1.5584468837838372,60.115966785369835,-2.490379333097385,9.130616188049316,3.5460147857666016,51.16269302368164,False,-1,12.676630973815918,11.49751091003418,0.9300231933593572,0.27122807171755314,1.8789121115327978,-1.8789121115327978,"StraightLane index=('>>>', '1S0_0_', 0)",True,255.11062622070312,0.0008492469787597656,0.0005645751953155367,"StraightLane index=('>>', '>>>', 0)",True,0.0,True,False,0.8792024850845337,0.0,0.0,0.0,True,0.0,0.0,0.0,-0.0,0.0,-0.0
63.439618,"[305.4713439941406, 4.499147415161133, 0.0]","[370.1882019042969, 4.5, 0.0]",8.99985694925996,11.52120304107666,11.525908641767398,-0.36373138384169224,0.9986014366149902,64.66058348457231,2.490379333097385,0.8509635921581271,60.160583484572314,-2.5213460918166994,9.117812156677246,2.058037757873535,45.748382568359375,False,-1,11.175849914550781,11.52120304107666,0.9300231933593572,0.27122807171755314,1.8789121115327978,-1.8789121115327978,"StraightLane index=('>>>', '1S0_0_', 0)",True,255.29104614257812,0.000850677490234375,0.0005645751953155367,"StraightLane index=('>>', '>>>', 0)",True,0.0,True,False,0.8756678104400635,0.0,0.0,0.0,True,0.0,0.0,0.0,-0.0,0.0,-0.0
63.45922,"[305.6514892578125, 4.4991455078125, 0.0]","[370.4175109863281, 4.5, 0.0]",8.992582321579844,11.531036376953125,11.542195060298196,-0.3637313840058276,0.5053172707557678,64.71685789841426,2.5213460918166994,1.5483379359657157,60.21685789841426,-2.538454055373281,9.090892791748047,2.058037757873535,45.748382568359375,False,-1,11.148930549621582,11.531036376953125,0.9300231933593572,0.27122807171755314,1.8789121115327978,-1.8789121115327978,"StraightLane index=('>>>', '1S0_0_', 0)",True,255.47134399414062,0.0008525848388671875,0.0005722045898385755,"StraightLane index=('>>', '>>>', 0)",True,0.0,True,False,0.8756678104400635,0.0,0.0,0.0,True,0.0,0.0,0.0,-0.0,0.0,-0.0
63.479809,"[305.83148193359375, 4.499143600463867, 0.0]","[370.6486511230469, 4.5, 0.0]",8.98530769389817,11.554335594177246,11.559257899013407,-0.36373138408372085,0.354502409696579,64.76602171714967,2.538454055373281,0.8553981778290698,60.26602171714967,-2.5690279002790763,9.080124855041504,2.058037757873535,45.748382568359375,False,-1,11.138162612915039,11.554335594177246,0.9300231933593572,0.27122807171755314,1.8789121115327978,-1.8789121115327978,"StraightLane index=('>>>', '1S0_0_', 0)",True,255.6514892578125,0.0008544921875,0.000556945800792498,"StraightLane index=('>>', '>>>', 0)",True,0.0,True,False,0.8756678104400635,0.0,0.0,0.0,True,0.0,0.0,0.0,-0.0,0.0,-0.0
63.499998,"[306.0113220214844, 4.499141693115234, 0.0]","[370.8787536621094, 4.5, 0.0]",8.978033066218952,11.56422519683838,11.57603169934149,-0.3637313839608858,-0.018611393868923187,64.81716917806621,2.5690279002790763,1.5286922452897755,60.31716917806621,-2.5861921306194287,9.0476655960083,2.058037757873535,45.748382568359375,False,-1,11.105703353881836,11.56422519683838,0.7645893096924006,0.27086589038503184,1.9518907752876604,-1.9518907752876604,"StraightLane index=('>>>', '1S0_0_', 0)",True,255.83148193359375,0.0008563995361328125,0.000556945800792498,"StraightLane index=('>>', '>>>', 0)",True,0.0,True,False,0.8756678104400635,0.0,0.0,0.0,True,0.0,0.0,0.0,-0.0,0.0,-0.0
63.519073,"[306.1910400390625, 4.499139785766602, 0.0]","[371.1057434082031, 4.5, 0.0]",8.970758438542024,11.586880683898926,11.591486464521092,-0.3637313838463996,-0.20479576289653778,64.86743162921717,2.5861921306194287,0.8582115170176152,60.367431629217165,-2.6161222453569017,9.026741027832031,2.058037757873535,45.748382568359375,False,-1,11.084778785705566,11.586880683898926,0.7645893096924006,0.27086589038503184,1.9518907752876604,-1.9518907752876604,"StraightLane index=('>>>', '1S0_0_', 0)",True,256.0113220214844,0.000858306884765625,0.000556945800792498,"StraightLane index=('>>', '>>>', 0)",True,0.0,True,False,0.8756678104400635,0.0,0.0,0.0,True,0.0,0.0,0.0,-0.0,0.0,-0.0
63.539233,"[306.37060546875, 4.499137878417969, 0.0]","[371.3384094238281, 4.5, 0.0]",8.963483810865501,11.596434593200684,11.607816591814858,-0.3637313838261491,-0.28603851795196533,64.91470335751288,2.6161222453569017,1.4965057368736545,60.41470335751288,-2.6329507823351825,9.016170501708984,2.058037757873535,45.748382568359375,False,-1,11.07420825958252,11.596434593200684,0.7645893096924006,0.27086589038503184,1.9518907752876604,-1.9518907752876604,"StraightLane index=('>>>', '1S0_0_', 0)",True,256.1910400390625,0.0008602142333984375,0.0005645751953155367,"StraightLane index=('>>', '>>>', 0)",True,0.0,True,False,0.8756678104400635,0.0,0.0,0.0,True,0.0,0.0,0.0,-0.0,0.0,-0.0
63.558635,"[306.5500183105469, 4.499135971069336, 0.0]","[371.5702819824219, 4.5, 0.0]",8.95620918318612,11.619271278381348,11.623535341658513,-0.363731383969057,-0.4565922021865845,64.96780394302661,2.6329507823351825,0.8414268489140397,60.46780394302661,-2.6630620951952277,8.98780632019043,2.058037757873535,45.748382568359375,False,-1,11.045844078063965,11.619271278381348,0.7645893096924006,0.27086589038503184,1.9518907752876604,-1.9518907752876604,"StraightLane index=('>>>', '1S0_0_', 0)",True,256.37060546875,0.00086212158203125,0.0005798339843616143,"StraightLane index=('>>', '>>>', 0)",True,0.0,True,False,0.8756678104400635,0.0,0.0,0.0,True,0.0,0.0,0.0,-0.0,0.0,-0.0
63.580071,"[306.7292785644531, 4.499134063720703, 0.0]","[371.808349609375, 4.5, 0.0]",8.948934555505067,11.629203796386719,11.64088726372685,-0.3637313840526346,-0.496277391910553,65.0202636598015,2.6630620951952277,1.5055656430022601,60.5202636598015,-2.6802692408816515,8.979077339172363,2.058037757873535,45.748382568359375,False,-1,11.037115097045898,11.629203796386719,0.7645893096924006,0.27086589038503184,1.9518907752876604,-1.9518907752876604,"StraightLane index=('>>>', '1S0_0_', 0)",True,256.5500183105469,0.0008640289306640625,0.0005798339843616143,"StraightLane index=('>>', '>>>', 0)",True,0.0,True,False,0.8756678104400635,0.0,0.0,0.0,True,0.0,0.0,0.0,-0.0,0.0,-0.0
63.598863,"[306.9084167480469, 4.49913215637207, 0.0]","[372.03411865234375, 4.5, 0.0]",8.94165992781562,11.651613235473633,11.656116613996796,-0.36373138447238773,-0.561044454574585,65.07907103342988,2.6802692408816515,0.8603572843211893,60.579071033429884,-2.7099533076580133,8.956626892089844,2.058037757873535,45.748382568359375,False,-1,11.014664649963379,11.651613235473633,0.8738803863525213,0.2743651148688669,2.0358347648465758,-2.0358347648465758,"StraightLane index=('>>>', '1S0_0_', 0)",True,256.7292785644531,0.000865936279296875,0.000556945800792498,"StraightLane index=('>>', '>>>', 0)",True,0.0,True,False,0.8756678104400635,0.0,0.0,0.0,True,0.0,0.0,0.0,-0.0,0.0,-0.0
63.61993,"[307.08740234375, 4.4991302490234375, 0.0]","[372.2694091796875, 4.5, 0.0]",8.934385300124298,11.66073799133301,11.67233146999002,-0.36373138456609055,-0.5720404982566833,65.12570189318154,2.7099533076580133,1.4842033388180909,60.62570189318154,-2.726352691208712,8.949862480163574,2.058037757873535,45.748382568359375,False,-1,11.00790023803711,11.66073799133301,0.8738803863525213,0.2743651148688669,2.0358347648465758,-2.0358347648465758,"StraightLane index=('>>>', '1S0_0_', 0)",True,256.9084167480469,0.0008678436279296875,0.0005416870116955315,"StraightLane index=('>>', '>>>', 0)",True,0.0,True,False,0.8756678104400635,0.0,0.0,0.0,True,0.0,0.0,0.0,-0.0,0.0,-0.0
63.639463,"[307.2662353515625, 4.499128341674805, 0.0]","[372.5028991699219, 4.5, 0.0]",8.927110672435116,11.682778358459473,11.687382659992725,-0.36373138445906505,-0.5698990821838379,65.18200682440356,2.726352691208712,0.8199691775349294,60.68200682440356,-2.7556676860243563,8.932888984680176,2.8102006912231445,48.8888053894043,False,-1,11.74308967590332,11.682778358459473,0.8738803863525213,0.2743651148688669,2.0358347648465758,-2.0358347648465758,"StraightLane index=('>>>', '1S0_0_', 0)",True,257.08740234375,0.0008697509765625,0.000556945800792498,"StraightLane index=('>>', '>>>', 0)",True,0.0,True,False,0.8716074824333191,0.0,0.0,0.0,True,0.0,0.0,0.0,-0.0,0.0,-0.0
63.658742,"[307.4449157714844, 4.499126434326172, 0.0]","[372.7354736328125, 4.5, 0.0]",8.919836044746772,11.691422462463379,11.702270186504173,-0.36373138441723185,-0.5691624283790588,65.23666380680432,2.7556676860243563,1.4657497407822184,60.736663806804316,-2.771586417716607,8.927268028259277,2.8102006912231445,48.8888053894043,False,-1,11.737468719482422,11.691422462463379,0.8738803863525213,0.2743651148688669,2.0358347648465758,-2.0358347648465758,"StraightLane index=('>>>', '1S0_0_', 0)",True,257.2662353515625,0.0008716583251953125,0.000556945800792498,"StraightLane index=('>>', '>>>', 0)",True,0.0,True,False,0.8716074824333191,0.0,0.0,0.0,True,0.0,0.0,0.0,-0.0,0.0,-0.0
63.679179,"[307.6234436035156, 4.499124526977539, 0.0]","[372.96990966796875, 4.5, 0.0]",8.912561417055537,11.71352481842041,11.717998931064793,-0.3637313845617385,-0.5505588054656982,65.29055784995224,2.771586417716607,0.7959365846125444,60.790557849952236,-2.800963401364873,8.917936325073242,2.8102006912231445,48.8888053894043,False,-1,11.728137016296387,11.71352481842041,0.8738803863525213,0.2743651148688669,2.0358347648465758,-2.0358347648465758,"StraightLane index=('>>>', '1S0_0_', 0)",True,257.4449157714844,0.000873565673828125,0.0005493164062694592,"StraightLane index=('>>', '>>>', 0)",True,0.0,True,False,0.8716074824333191,0.0,0.0,0.0,True,0.0,0.0,0.0,-0.0,0.0,-0.0
63.698949,"[307.8018493652344, 4.499122619628906, 0.0]","[373.20306396484375, 4.5, 0.0]",8.905286789366519,11.725541114807129,11.733226060684244,-0.3637313844508938,-0.5093076229095459,65.3464660528558,2.800963401364873,1.468849182413301,60.8464660528558,-2.82025432544061,8.90616226196289,2.8102006912231445,48.8888053894043,False,-1,11.716362953186035,11.725541114807129,0.7392787933349609,0.27280336114870385,2.1059686726851004,-2.1059686726851004,"StraightLane index=('>>>', '1S0_0_', 0)",True,257.6234436035156,0.0008754730224609375,0.000556945800792498,"StraightLane index=('>>', '>>>', 0)",True,0.0,True,False,0.8716074824333191,0.0,0.0,0.0,True,0.0,0.0,0.0,-0.0,0.0,-0.0
63.719229,"[307.9801025390625, 4.499120712280273, 0.0]","[373.4391174316406, 4.5, 0.0]",8.8980121616747,11.74021053314209,11.747683193120057,-0.36373138459095955,-0.477446049451828,65.40121458819183,2.82025432544061,0.9645462037868313,60.901214588191834,-2.84219837146739,8.899446487426758,2.8102006912231445,48.8888053894043,False,-1,11.709647178649902,11.74021053314209,0.7392787933349609,0.27280336114870385,2.1059686726851004,-2.1059686726851004,"StraightLane index=('>>>', '1S0_0_', 0)",True,257.8018493652344,0.00087738037109375,0.0005493164062694592,"StraightLane index=('>>', '>>>', 0)",True,0.0,True,False,0.8716074824333191,0.0,0.0,0.0,True,0.0,0.0,0.0,-0.0,0.0,-0.0
63.740395,"[308.158203125, 4.499118804931641, 0.0]","[373.6748046875, 4.5, 0.0]",8.890737533981689,11.75442886352539,11.762709653002268,-0.3637313846505563,-0.4673088490962982,65.45901488173637,2.84219837146739,1.0972023013390064,60.959014881736366,-2.863691329543702,8.895734786987305,2.8102006912231445,48.8888053894043,False,-1,11.70593547821045,11.75442886352539,0.7392787933349609,0.27280336114870385,2.1059686726851004,-2.1059686726851004,"StraightLane index=('>>>', '1S0_0_', 0)",True,257.9801025390625,0.0008792877197265625,0.0005264282226494539,"StraightLane index=('>>', '>>>', 0)",True,0.0,True,False,0.8716074824333191,0.0,0.0,0.0,True,0.0,0.0,0.0,-0.0,0.0,-0.0
63.758743,"[308.3361511230469, 4.499116897583008, 0.0]","[373.90875244140625, 4.5, 0.0]",8.88346290628703,11.768540382385254,11.77574289509753,-0.3637313847329793,-0.4436286389827728,65.5166015514402,2.863691329543702,1.0746479038155954,61.0166015514402,-2.8850774760982247,8.889036178588867,2.8102006912231445,48.8888053894043,False,-1,11.699236869812012,11.768540382385254,0.7392787933349609,0.27280336114870385,2.1059686726851004,-2.1059686726851004,"StraightLane index=('>>>', '1S0_0_', 0)",True,258.158203125,0.000881195068359375,0.0005340576171724927,"StraightLane index=('>>', '>>>', 0)",True,0.0,True,False,0.8716074824333191,0.0,0.0,0.0,True,0.0,0.0,0.0,-0.0,0.0,-0.0
63.77936,"[308.51397705078125, 4.499114990234375, 0.0]","[374.1448059082031, 4.5, 0.0]",8.87618827859185,11.782781600952148,11.790357830453024,-0.3637313847590029,-0.42068424820899963,65.57260130767501,2.8850774760982247,1.0693073277261433,61.072601307675015,-2.9065933223602993,8.882706642150879,2.8102006912231445,48.8888053894043,False,-1,11.692907333374023,11.782781600952148,0.7392787933349609,0.27280336114870385,2.1059686726851004,-2.1059686726851004,"StraightLane index=('>>>', '1S0_0_', 0)",True,258.3361511230469,0.0008831024169921875,0.0005187988281264151,"StraightLane index=('>>', '>>>', 0)",True,0.0,True,False,0.8716074824333191,0.0,0.0,0.0,True,0.0,0.0,0.0,-0.0,0.0,-0.0
63.799003,"[308.691650390625, 4.499113082885742, 0.0]","[374.380126953125, 4.5, 0.0]",8.868913650902803,11.796977043151857,11.80432523302577,-0.3637313844523149,-0.40038439631462097,65.63082884671785,2.9065933223602993,1.0757923131037295,61.13082884671785,-2.9280633922490544,8.876570701599121,2.8102006912231445,48.8888053894043,False,-1,11.686771392822266,11.796977043151857,0.7143592834472834,0.2705255999544884,2.1737668049163736,-2.1737668049163736,"StraightLane index=('>>>', '1S0_0_', 0)",True,258.51397705078125,0.000885009765625,0.0005187988281264151,"StraightLane index=('>>', '>>>', 0)",True,0.0,True,False,0.8716074824333191,0.0,0.0,0.0,True,0.0,0.0,0.0,-0.0,0.0,-0.0
63.820264,"[308.8691711425781, 4.499111175537109, 0.0]","[374.62384033203125, 4.5, 0.0]",8.861639023214233,11.810779571533203,11.81820072389761,-0.3637313844285117,-0.38707974553108215,65.68847655137941,2.9280633922490544,1.0735034944377553,61.18847655137941,-2.9491405483189705,8.870071411132812,2.1729793548583984,49.17668533325195,False,-1,11.043050765991211,11.810779571533203,0.7143592834472834,0.2705255999544884,2.1737668049163736,-2.1737668049163736,"StraightLane index=('>>>', '1S0_0_', 0)",True,258.691650390625,0.0008869171142578125,0.0005340576171724927,"StraightLane index=('>>', '>>>', 0)",True,0.0,True,False,0.8670715689659119,0.0,0.0,0.0,True,0.0,0.0,0.0,-0.0,0.0,-0.0
63.840532,"[309.0465393066406, 4.499109745025635, 0.0]","[374.8540344238281, 4.5, 0.0]",8.854364395523056,11.823419570922852,11.831366941242013,-0.3637313845588075,-0.36538323760032654,65.75466917831189,2.9491405483189705,1.0538578034958057,61.254669178311886,-2.969055175399795,8.86093807220459,2.1729793548583984,49.17668533325195,False,-1,11.033917427062988,11.823419570922852,0.7143592834472834,0.2705255999544884,2.1737668049163736,-2.1737668049163736,"StraightLane index=('>>>', '1S0_0_', 0)",True,258.8691711425781,0.000888824462890625,0.0005340576171724927,"StraightLane index=('>>', '>>>', 0)",True,0.0,True,False,0.8670715689659119,0.0,0.0,0.0,True,0.0,0.0,0.0,-0.0,0.0,-0.0
63.860027,"[309.2237854003906, 4.49910831451416, 0.0]","[375.0952453613281, 4.5, 0.0]",8.847089767830532,11.836665153503418,11.844016610095569,-0.36373138462622023,-0.3650963604450226,65.80749510623026,2.969055175399795,0.9957313540412294,61.30749510623026,-2.989575385672886,8.857314109802246,2.1729793548583984,49.17668533325195,False,-1,11.030293464660645,11.836665153503418,0.7143592834472834,0.2705255999544884,2.1737668049163736,-2.1737668049163736,"StraightLane index=('>>>', '1S0_0_', 0)",True,259.0465393066406,0.0008902549743652344,0.0005264282226494539,"StraightLane index=('>>', '>>>', 0)",True,0.0,True,False,0.8670715689659119,0.0,0.0,0.0,True,0.0,0.0,0.0,-0.0,0.0,-0.0
63.880179,"[309.40087890625, 4.4991068840026855, 0.0]","[375.3291015625, 4.5, 0.0]",8.839815140143621,11.849506378173828,11.857139519895428,-0.36373138434555585,-0.3567532002925873,65.87145994996442,2.989575385672886,1.0260105136545405,61.37145994996442,-3.009691238030207,8.850950241088867,2.1729793548583984,49.17668533325195,False,-1,11.023929595947266,11.849506378173828,0.7143592834472834,0.2705255999544884,2.1737668049163736,-2.1737668049163736,"StraightLane index=('>>>', '1S0_0_', 0)",True,259.2237854003906,0.0008916854858398438,0.0005264282226494539,"StraightLane index=('>>', '>>>', 0)",True,0.0,True,False,0.8670715689659119,0.0,0.0,0.0,True,0.0,0.0,0.0,-0.0,0.0,-0.0
63.898818,"[309.57781982421875, 4.499105453491211, 0.0]","[375.56341552734375, 4.5, 0.0]",8.832540512456742,11.862372398376465,11.86926195034408,-0.36373138434395713,-0.3507082760334015,65.92822264526139,3.009691238030207,1.0057926178660637,61.428222645261386,-3.029831885919723,8.844525337219238,2.1729793548583984,49.17668533325195,False,-1,11.017504692077637,11.862372398376465,0.653953552246076,0.2663614142876522,2.2357521401354723,-2.2357521401354723,"StraightLane index=('>>>', '1S0_0_', 0)",True,259.40087890625,0.0008931159973144531,0.0005264282226494539,"StraightLane index=('>>', '>>>', 0)",True,0.0,True,False,0.8670715689659119,0.0,0.0,0.0,True,0.0,0.0,0.0,-0.0,0.0,-0.0
63.919388,"[309.7546081542969, 4.499104022979736, 0.0]","[375.8017272949219, 4.5, 0.0]",8.825265884763603,11.874470710754395,11.881270547235735,-0.3637313846569512,-0.35054638981819153,65.98559569212082,3.029831885919723,1.007032394475793,61.485595692120825,-3.049204825990792,8.837573051452637,2.1729793548583984,49.17668533325195,False,-1,11.010552406311035,11.874470710754395,0.653953552246076,0.2663614142876522,2.2357521401354723,-2.2357521401354723,"StraightLane index=('>>>', '1S0_0_', 0)",True,259.57781982421875,0.0008945465087890625,0.0005264282226494539,"StraightLane index=('>>', '>>>', 0)",True,0.0,True,False,0.8670715689659119,0.0,0.0,0.0,True,0.0,0.0,0.0,-0.0,0.0,-0.0
63.93978,"[309.9312438964844, 4.499102592468262, 0.0]","[376.04571533203125, 4.5, 0.0]",8.817991257073336,11.88636302947998,11.893098077763105,-0.36373138451333276,-0.34996259212493896,66.0471191298046,3.049204825990792,0.9686470035534356,61.5471191298046,-3.0683717724066444,8.830645561218262,2.1729793548583984,49.17668533325195,False,-1,11.00362491607666,11.88636302947998,0.653953552246076,0.2663614142876522,2.2357521401354723,-2.2357521401354723,"StraightLane index=('>>>', '1S0_0_', 0)",True,259.7546081542969,0.0008959770202636719,0.0005187988281264151,"StraightLane index=('>>', '>>>', 0)",True,0.0,True,False,0.8670715689659119,0.0,0.0,0.0,True,0.0,0.0,0.0,-0.0,0.0,-0.0
63.959233,"[310.1077575683594, 4.499101161956787, 0.0]","[376.2823791503906, 4.5, 0.0]",8.810716629384451,11.897899627685547,11.904383283921751,-0.3637313844442325,-0.3498404026031494,66.11447142510684,3.0683717724066444,0.9583473207926296,61.61447142510684,-3.0871829983010954,8.82370376586914,2.1729793548583984,49.17668533325195,False,-1,10.996683120727539,11.897899627685547,0.653953552246076,0.2663614142876522,2.2357521401354723,-2.2357521401354723,"StraightLane index=('>>>', '1S0_0_', 0)",True,259.9312438964844,0.0008974075317382812,0.0005035400390803375,"StraightLane index=('>>', '>>>', 0)",True,0.0,True,False,0.8670715689659119,0.0,0.0,0.0,True,0.0,0.0,0.0,-0.0,0.0,-0.0
63.979744,"[310.28411865234375, 4.4990997314453125, 0.0]","[376.5149230957031, 4.5, 0.0]",8.803442001693668,11.909235000610352,11.91625836284319,-0.36373138453917875,-0.3539356589317322,66.17462157137861,3.0871829983010954,0.9405612947225528,61.67462157137861,-3.1057929989166837,8.816298484802246,2.1729793548583984,49.17668533325195,False,-1,10.989277839660645,11.909235000610352,0.653953552246076,0.2663614142876522,2.2357521401354723,-2.2357521401354723,"StraightLane index=('>>>', '1S0_0_', 0)",True,260.1077575683594,0.0008988380432128906,0.0005111694336033763,"StraightLane index=('>>', '>>>', 0)",True,0.0,True,False,0.8670715689659119,0.0,0.0,0.0,True,0.0,0.0,0.0,-0.0,0.0,-0.0
63.999974,"[310.4603271484375, 4.499098300933838, 0.0]","[376.7586364746094, 4.5, 0.0]",8.796167374007432,11.921113967895508,11.928008353992599,-0.3637313843118051,-0.35616594552993774,66.23080443288971,3.1057929989166837,0.9305000307794131,61.73080443288971,-3.124946593888076,8.808992385864258,2.1729793548583984,49.17668533325195,False,-1,10.981971740722656,11.921113967895508,0.5874156951904297,0.26028482219055205,2.2915001082178015,-2.2915001082178015,"StraightLane index=('>>>', '1S0_0_', 0)",True,260.28411865234375,0.0009002685546875,0.0005035400390803375,"StraightLane index=('>>', '>>>', 0)",True,0.0,True,False,0.8670715689659119,0.0,0.0,0.0,True,0.0,0.0,0.0,-0.0,0.0,-0.0
64.019413,"[310.6363830566406, 4.499096870422363, 0.0]","[376.9922790527344, 4.5, 0.0]",8.788892746324315,11.931390762329102,11.93772661949345,-0.36373138415584094,-0.3576624393463135,66.29830931508877,3.124946593888076,0.9576797485696176,61.79830931508877,-3.1424980160047866,8.80174732208252,2.4908828735351562,49.7421760559082,False,-1,11.292630195617676,11.931390762329102,0.5874156951904297,0.26028482219055205,2.2915001082178015,-2.2915001082178015,"StraightLane index=('>>>', '1S0_0_', 0)",True,260.4603271484375,0.0009016990661621094,0.0005264282226494539,"StraightLane index=('>>', '>>>', 0)",True,0.0,True,False,0.8621000647544861,0.0,0.0,0.0,True,0.0,0.0,0.0,-0.0,0.0,-0.0
64.039144,"[310.81231689453125, 4.499095439910889, 0.0]","[377.23095703125, 4.5, 0.0]",8.781618118640262,11.941374778747559,11.947594529498136,-0.36373138420264794,-0.3534621298313141,66.35589598499507,3.1424980160047866,0.8775711058355284,61.85589598499507,-3.1597566601072966,8.791473388671875,2.4908828735351562,49.7421760559082,False,-1,11.282356262207031,11.941374778747559,0.5874156951904297,0.26028482219055205,2.2915001082178015,-2.2915001082178015,"StraightLane index=('>>>', '1S0_0_', 0)",True,260.6363830566406,0.0009031295776367188,0.0005264282226494539,"StraightLane index=('>>', '>>>', 0)",True,0.0,True,False,0.8621000647544861,0.0,0.0,0.0,True,0.0,0.0,0.0,-0.0,0.0,-0.0
64.058561,"[310.98809814453125, 4.499094009399414, 0.0]","[377.46929931640625, 4.5, 0.0]",8.77434349095534,11.951344490051271,11.957294293999558,-0.36373138424607987,-0.35775026679039,66.41864012600534,3.1597566601072966,0.8629322051254995,61.91864012600534,-3.177000999095931,8.78748893737793,2.4908828735351562,49.7421760559082,False,-1,11.278371810913086,11.951344490051271,0.5874156951904297,0.26028482219055205,2.2915001082178015,-2.2915001082178015,"StraightLane index=('>>>', '1S0_0_', 0)",True,260.81231689453125,0.0009045600891113281,0.0005111694336033763,"StraightLane index=('>>', '>>>', 0)",True,0.0,True,False,0.8621000647544861,0.0,0.0,0.0,True,0.0,0.0,0.0,-0.0,0.0,-0.0
64.079467,"[311.1637268066406, 4.4990925788879395, 0.0]","[377.709228515625, 4.5, 0.0]",8.767068863270445,11.961380958557129,11.967750975498467,-0.3637313842447476,-0.361399382352829,66.48120116094614,3.177000999095931,0.8622169494317156,61.98120116094614,-3.1943120952866835,8.779973983764648,2.4908828735351562,49.7421760559082,False,-1,11.270856857299805,11.961380958557129,0.5874156951904297,0.26028482219055205,2.2915001082178015,-2.2915001082178015,"StraightLane index=('>>>', '1S0_0_', 0)",True,260.98809814453125,0.0009059906005859375,0.0005187988281264151,"StraightLane index=('>>', '>>>', 0)",True,0.0,True,False,0.8621000647544861,0.0,0.0,0.0,True,0.0,0.0,0.0,-0.0,0.0,-0.0
64.099274,"[311.3392028808594, 4.499091148376465, 0.0]","[377.9468078613281, 4.5, 0.0]",8.759794235585431,11.971319198608398,11.977658501491652,-0.3637313842506984,-0.3588831126689911,66.54550169803991,3.1943120952866835,0.8655548095376275,62.045501698039914,-3.211524963022967,8.769391059875488,2.4908828735351562,49.7421760559082,False,-1,11.260273933410645,11.971319198608398,0.5020523071289062,0.25182817072100855,2.339319396685937,-2.339319396685937,"StraightLane index=('>>>', '1S0_0_', 0)",True,261.1637268066406,0.0009074211120605469,0.0005187988281264151,"StraightLane index=('>>', '>>>', 0)",True,0.0,True,False,0.8621000647544861,0.0,0.0,0.0,True,0.0,0.0,0.0,-0.0,0.0,-0.0
64.119665,"[311.5145568847656, 4.49908971786499, 0.0]","[378.1878662109375, 4.5, 0.0]",8.752519607900453,11.983504295349121,11.986080022106647,-0.36373138424892204,-0.36340439319610596,66.60760496930688,3.211524963022967,0.860643386814175,62.10760496930688,-3.230984687448668,8.765328407287598,2.4908828735351562,49.7421760559082,False,-1,11.256211280822754,11.983504295349121,0.5020523071289062,0.25182817072100855,2.339319396685937,-2.339319396685937,"StraightLane index=('>>>', '1S0_0_', 0)",True,261.3392028808594,0.0009088516235351562,0.0005264282226494539,"StraightLane index=('>>', '>>>', 0)",True,0.0,True,False,0.8621000647544861,0.0,0.0,0.0,True,0.0,0.0,0.0,-0.0,0.0,-0.0
64.139338,"[311.68975830078125, 4.499088287353516, 0.0]","[378.4280700683594, 4.5, 0.0]",8.745244980212632,11.985043525695803,11.994145833617251,-0.3637313843910306,-0.36253753304481506,66.67330931539729,3.230984687448668,0.9729862212850549,62.17330931539729,-3.23979854548317,8.758172988891602,2.4908828735351562,49.7421760559082,False,-1,11.249055862426758,11.985043525695803,0.5020523071289062,0.25182817072100855,2.339319396685937,-2.339319396685937,"StraightLane index=('>>>', '1S0_0_', 0)",True,261.5145568847656,0.0009102821350097656,0.0005111694336033763,"StraightLane index=('>>', '>>>', 0)",True,0.0,True,False,0.8621000647544861,0.0,0.0,0.0,True,0.0,0.0,0.0,-0.0,0.0,-0.0
64.158681,"[311.86480712890625, 4.499086856842041, 0.0]","[378.6669921875, 4.5, 0.0]",8.73797035252547,11.99987506866455,12.002080292609055,-0.36373138435807917,-0.35863935947418213,66.73831175678819,3.23979854548317,0.4406929017251038,62.23831175678819,-3.26190471613908,8.74776554107666,2.4908828735351562,49.7421760559082,False,-1,11.238648414611816,11.99987506866455,0.5020523071289062,0.25182817072100855,2.339319396685937,-2.339319396685937,"StraightLane index=('>>>', '1S0_0_', 0)",True,261.68975830078125,0.000911712646484375,0.0005111694336033763,"StraightLane index=('>>', '>>>', 0)",True,0.0,True,False,0.8621000647544861,0.0,0.0,0.0,True,0.0,0.0,0.0,-0.0,0.0,-0.0
64.179787,"[312.0397033691406, 4.499085426330566, 0.0]","[378.9067077636719, 4.5, 0.0]",8.730695724835828,12.001398086547852,12.01072694127116,-0.3637313844821577,-0.3641494810581207,66.80218504778851,3.26190471613908,1.1053085327954904,62.30218504778851,-3.270702361712024,8.743600845336914,2.4908828735351562,49.7421760559082,False,-1,11.23448371887207,12.001398086547852,0.5020523071289062,0.25182817072100855,2.339319396685937,-2.339319396685937,"StraightLane index=('>>>', '1S0_0_', 0)",True,261.86480712890625,0.0009131431579589844,0.0005111694336033763,"StraightLane index=('>>', '>>>', 0)",True,0.0,True,False,0.8621000647544861,0.0,0.0,0.0,True,0.0,0.0,0.0,-0.0,0.0,-0.0
64.198946,"[312.2144775390625, 4.499083995819092, 0.0]","[379.1463623046875, 4.5, 0.0]",8.723421097150377,12.016256332397461,12.018585499425418,-0.3637313842725476,-0.3604205250740051,66.8670043839113,3.270702361712024,0.43988227864719676,62.36700438391129,-3.292835235247084,8.733076095581055,2.4908828735351562,49.7421760559082,False,-1,11.223958969116211,12.016256332397461,0.449371337890625,0.24237335047507957,2.3827162533856843,-2.3827162533856843,"StraightLane index=('>>>', '1S0_0_', 0)",True,262.0397033691406,0.0009145736694335938,0.0005035400390803375,"StraightLane index=('>>', '>>>', 0)",True,0.0,True,False,0.8621000647544861,0.0,0.0,0.0,True,0.0,0.0,0.0,-0.0,0.0,-0.0
64.219259,"[312.38909912109375, 4.499082565307617, 0.0]","[379.3885803222656, 4.5, 0.0]",8.716146469467535,12.01690673828125,12.02556228389521,-0.3637313841420742,-0.36207568645477295,66.93188475458699,3.292835235247084,1.1066436767530163,62.43188475458699,-3.3007602688137148,8.725651741027832,3.270702362060547,66.86700439453125,True,0,11.996354103088379,12.01690673828125,0.449371337890625,0.24237335047507957,2.3827162533856843,-2.3827162533856843,"StraightLane index=('>>>', '1S0_0_', 0)",True,262.2144775390625,0.0009160041809082031,0.0005187988281264151,"StraightLane index=('>>', '>>>', 0)",True,0.0,True,False,0.8567318916320801,0.0,0.0,0.0,True,0.0,0.0,0.0,-0.0,0.0,-0.0
64.239999,"[312.5635681152344, 4.499081134796143, 0.0]","[379.6294860839844, 4.5, 0.0]",8.720563888906666,12.030379295349121,12.032611553197727,0.2208709719565327,-0.36776620149612427,66.99948118970987,3.3007602688137148,0.3962516783315273,62.49948118970987,-3.309815406442455,8.721434593200684,3.270702362060547,66.86700439453125,True,0,11.99213695526123,12.030379295349121,0.449371337890625,0.24237335047507957,2.3827162533856843,-0.2567597180463288,"StraightLane index=('>>>', '1S0_0_', 0)",True,262.38909912109375,0.0009174346923828125,0.0005340576171724927,"StraightLane index=('>>', '>>>', 0)",True,0.0,True,False,0.8567318916320801,2.1259565353393555,0.0,2.0,True,0.0,0.0,0.08,0.0,0.08,0.0
64.258682,"[312.7378845214844, 4.499079704284668, 0.0]","[379.86871337890625, 4.5, 0.0]",8.729402542474585,12.030468940734863,12.038968914678787,0.44193267839593986,-0.36409685015678406,67.0659179576806,3.309815406442455,0.452756881437022,62.5659179576806,-3.3010663982602786,8.71079158782959,3.270702362060547,66.86700439453125,True,0,11.981493949890137,12.030468940734863,0.449371337890625,0.24237335047507957,2.3827162533856843,-0.2567597180463288,"StraightLane index=('>>>', '1S0_0_', 0)",True,262.5635681152344,0.0009188652038574219,0.0005187988281264151,"StraightLane index=('>>', '>>>', 0)",True,0.0,True,False,0.8567318916320801,2.1259565353393555,0.0,2.0,True,0.0,0.0,0.16,0.0,0.16,0.0
64.281462,"[312.91229248046875, 4.499078273773193, 0.0]","[380.1122741699219, 4.5, 0.0]",8.742658615478694,12.044017791748047,12.04670830067387,0.662803650205479,-0.34974032640457153,67.13082884613277,3.3010663982602786,-0.4374504091088305,62.63082884613277,-3.3013591762693526,8.708657264709473,3.270702362060547,66.86700439453125,True,0,11.97935962677002,12.044017791748047,0.449371337890625,0.24237335047507957,2.3827162533856843,-0.2567597180463288,"StraightLane index=('>>>', '1S0_0_', 0)",True,262.7378845214844,0.0009202957153320312,0.0005264282226494539,"StraightLane index=('>>', '>>>', 0)",True,0.0,True,False,0.8567318916320801,2.1259565353393555,0.0,2.0,True,0.0,0.0,0.24000000000000002,0.0,0.24000000000000002,0.0
64.299897,"[313.0868835449219, 4.499076843261719, 0.0]","[380.3574523925781, 4.5, 0.0]",8.76033210791153,12.044275283813478,12.052860862139731,0.8836746216418057,-0.29281848669052124,67.19998167773568,3.3013591762693526,0.014638900453700643,62.69998167773568,-3.283943175901948,8.707812309265137,3.270702362060547,66.86700439453125,True,0,11.978514671325684,12.044275283813478,0.280189514160174,0.2279426484231777,2.362505712759444,-0.23654917742008852,"StraightLane index=('>>>', '1S0_0_', 0)",True,262.91229248046875,0.0009217262268066406,0.0005416870116955315,"StraightLane index=('>>', '>>>', 0)",True,0.0,True,False,0.8567318916320801,2.1259565353393555,0.0,2.0,True,0.0,0.0,0.32,0.0,0.32,0.0
64.319283,"[313.2617492675781, 4.499075412750244, 0.0]","[380.5926818847656, 4.5, 0.0]",8.782426834478375,12.056230545043945,12.057638117120602,1.1047363283422484,-0.15140269696712494,67.27056883633496,3.283943175901948,-0.8708000183702325,62.77056883633496,-3.27380371056557,8.71516227722168,3.301359176635742,67.19998168945312,True,0,12.016521453857422,12.056230545043945,0.280189514160174,0.2279426484231777,2.362505712759444,-0.23654917742008852,"StraightLane index=('>>>', '1S0_0_', 0)",True,263.0868835449219,0.00092315673828125,0.0005264282226494539,"StraightLane index=('>>', '>>>', 0)",True,0.0,True,False,0.8567318916320801,2.1259565353393555,0.0,2.0,True,0.0,0.0,0.39999999999999997,0.0,0.39999999999999997,0.0
64.339926,"[313.43695068359375, 4.4990739822387695, 0.0]","[380.8404541015625, 4.5, 0.0]",8.808938980478333,12.05449104309082,12.062591357355938,1.3256072999978663,-0.07516127079725266,67.33093260585052,3.27380371056557,-0.5069732668188998,62.83093260585052,-3.2455520626124876,8.721646308898926,3.301359176635742,67.19998168945312,True,0,12.023005485534668,12.05449104309082,0.280189514160174,0.2279426484231777,2.362505712759444,-0.20956377054447817,"StraightLane index=('>>>', '1S0_0_', 0)",True,263.2617492675781,0.0009245872497558594,0.0005264282226494539,"StraightLane index=('>>', '>>>', 0)",True,0.0,True,False,0.8567318916320801,2.152941942214966,0.0,2.0,True,0.0,0.0,0.4799999999999999,0.0,0.4799999999999999,0.0
64.359377,"[313.61260986328125, 4.499072551727295, 0.0]","[381.0738220214844, 4.5, 0.0]",8.839868545908095,12.065801620483398,12.067262629760895,1.5464782714881053,0.08252666890621185,67.40350340661556,3.2455520626124876,-1.4125823976541163,62.903503406615556,-3.2259330745753036,8.73733901977539,3.301359176635742,67.19998168945312,True,0,12.038698196411133,12.065801620483398,0.280189514160174,0.2279426484231777,2.362505712759444,-0.20956377054447817,"StraightLane index=('>>>', '1S0_0_', 0)",True,263.43695068359375,0.0009260177612304688,0.0005264282226494539,"StraightLane index=('>>', '>>>', 0)",True,0.0,True,False,0.8567318916320801,2.152941942214966,0.0,2.0,True,0.0,0.0,0.5599999999999999,0.0,0.5599999999999999,0.0
64.380179,"[313.7887878417969, 4.49907112121582, 0.0]","[381.3223571777344, 4.5, 0.0]",8.875219345472829,12.064077377319336,12.072251859681215,1.7675399782366874,0.2619870901107788,67.46121214683436,3.2259330745753036,-0.9809494018591991,62.961212146834356,-3.1888580318465074,8.75857925415039,3.301359176635742,67.19998168945312,True,0,12.059938430786133,12.064077377319336,0.280189514160174,0.2279426484231777,2.362505712759444,-0.20956377054447817,"StraightLane index=('>>>', '1S0_0_', 0)",True,263.61260986328125,0.0009274482727050781,0.0005264282226494539,"StraightLane index=('>>', '>>>', 0)",True,0.0,True,False,0.8567318916320801,2.152941942214966,0.0,2.0,True,0.0,0.0,0.64,0.0,0.64,0.0
64.398929,"[313.965576171875, 4.499069690704346, 0.0]","[381.5570068359375, 4.5, 0.0]",8.914987564470305,12.075413703918457,12.076753363517577,1.9884109498738312,0.5479655861854553,67.53356932455253,3.1888580318465074,-1.8537521364398124,63.03356932455253,-3.160426139448152,8.799235343933105,3.301359176635742,67.19998168945312,True,0,12.100594520568848,12.075413703918457,0.3113842010497869,0.2160468306176025,2.2703238212589016,-0.11738187904393582,"StraightLane index=('>>>', '1S0_0_', 0)",True,263.7887878417969,0.0009288787841796875,0.0005264282226494539,"StraightLane index=('>>', '>>>', 0)",True,0.0,True,False,0.8567318916320801,2.152941942214966,0.0,2.0,True,0.0,0.0,0.7200000000000001,0.0,0.7200000000000001,0.0
64.419345,"[314.14306640625, 4.499068260192871, 0.0]","[381.7995910644531, 4.5, 0.0]",8.959173202900756,12.072622299194336,12.080296036497224,2.2092819215225212,0.7684186100959778,67.59143065266196,3.160426139448152,-1.4215946199177765,63.091430652661955,-3.1134490962935804,8.834577560424805,2.501871109008789,49.10110855102539,False,-1,11.336448669433594,12.072622299194336,0.3113842010497869,0.2160468306176025,2.2703238212589016,-0.11738187904393582,"StraightLane index=('>>>', '1S0_0_', 0)",True,263.965576171875,0.0009303092956542969,0.0005264282226494539,"StraightLane index=('>>', '>>>', 0)",True,0.0,True,False,0.850968599319458,2.152941942214966,0.0,2.0,True,0.0,0.0,0.8000000000000002,0.0,0.8000000000000002,0.0
64.439221,"[314.3213806152344, 4.4990668296813965, 0.0]","[382.0408935546875, 4.5, 0.0]",8.994524002462907,12.082684516906738,12.08367439260945,1.7675399781075463,0.9000164270401001,67.65652464678669,3.1134490962935804,-2.348852157728576,63.15652464678669,-3.0881605144438318,8.856066703796387,2.501871109008789,49.10110855102539,False,-1,11.357937812805176,12.082684516906738,0.3113842010497869,0.2160468306176025,2.2703238212589016,-2.2703238212589016,"StraightLane index=('>>>', '1S0_0_', 0)",True,264.14306640625,0.0009317398071289062,0.0005264282226494539,"StraightLane index=('>>', '>>>', 0)",True,0.0,True,False,0.850968599319458,0.0,0.0,0.0,True,0.0,0.0,0.6400000000000002,0.0,0.6400000000000002,0.0
64.459418,"[314.50054931640625, 4.499065399169922, 0.0]","[382.2877502441406, 4.5, 0.0]",9.021036148464,12.079488754272461,12.087109170696698,1.3256073000547097,1.134010910987854,67.7195129284327,3.0881605144438318,-1.264429092487429,63.21951292843271,-3.0584526058084602,8.89957332611084,2.501871109008789,49.10110855102539,False,-1,11.401444435119629,12.079488754272461,0.3113842010497869,0.2160468306176025,2.2703238212589016,-2.2703238212589016,"StraightLane index=('>>>', '1S0_0_', 0)",True,264.3213806152344,0.0009331703186035156,0.0005111694336033763,"StraightLane index=('>>', '>>>', 0)",True,0.0,True,False,0.850968599319458,0.0,0.0,0.0,True,0.0,0.0,0.48000000000000026,0.0,0.48000000000000026,0.0
64.480548,"[314.6804504394531, 4.499063491821289, 0.0]","[382.5296325683594, 4.5, 0.0]",9.03870964089913,12.089559555053711,12.090698304536694,0.8836746217564695,1.3531384468078613,67.78720091628614,3.0584526058084602,-1.485395431768577,63.28720091628614,-3.050849914154581,8.946215629577637,2.501871109008789,49.10110855102539,False,-1,11.448086738586426,12.089559555053711,0.3113842010497869,0.2160468306176025,2.2703238212589016,-2.2703238212589016,"StraightLane index=('>>>', '1S0_0_', 0)",True,264.50054931640625,0.000934600830078125,0.0005264282226494539,"StraightLane index=('>>', '>>>', 0)",True,0.0,True,False,0.850968599319458,0.0,0.0,0.0,True,0.0,0.0,0.32000000000000023,0.0,0.32000000000000023,0.0
64.499923,"[314.8608703613281, 4.499061584472656, 0.0]","[382.7710266113281, 4.5, 0.0]",9.047548294465566,12.086286544799805,12.093994222716777,0.44193267832177696,1.573232650756836,67.84918211702004,3.050849914154581,-0.3801345826939695,63.349182117020035,-3.038738250334239,9.012395858764648,2.501871109008789,49.10110855102539,False,-1,11.514266967773438,12.086286544799805,0.10872840881347656,0.19824764186431393,2.173427504581569,-2.173427504581569,"StraightLane index=('>>>', '1S0_0_', 0)",True,264.6804504394531,0.0009365081787109375,0.0005416870116955315,"StraightLane index=('>>', '>>>', 0)",True,0.0,True,False,0.850968599319458,0.0,0.0,0.0,True,0.0,0.0,0.1600000000000002,0.0,0.1600000000000002,0.0
64.519328,"[315.0416564941406, 4.499059677124023, 0.0]","[383.0080871582031, 4.5, 0.0]",9.047548294469788,12.095479965209961,12.096130871707631,2.1112001036271977e-10,1.6171914339065552,67.91015623830287,3.038738250334239,-0.6055831910170895,63.410156238302875,-3.047931670740173,9.032739639282227,2.501871109008789,49.10110855102539,False,-1,11.534610748291016,12.095479965209961,0.10872840881347656,0.19824764186431393,2.173427504581569,-2.173427504581569,"StraightLane index=('>>>', '1S0_0_', 0)",True,264.8608703613281,0.00093841552734375,0.0005340576171724927,"StraightLane index=('>>', '>>>', 0)",True,0.0,True,False,0.850968599319458,0.0,0.0,0.0,True,0.0,0.0,1.942890293094024e-16,0.0,1.942890293094024e-16,0.0
64.539587,"[315.22259521484375, 4.499057769775391, 0.0]","[383.25634765625, 4.5, 0.0]",9.040273666790421,12.091069221496582,12.098359319469367,-0.3637313839683465,1.5920310020446777,67.9664306519236,3.047931670740173,0.4596710202966925,63.4664306519236,-3.050795554706161,9.078774452209473,2.501871109008789,49.10110855102539,False,-1,11.580645561218262,12.091069221496582,0.10872840881347656,0.19824764186431393,2.173427504581569,-2.173427504581569,"StraightLane index=('>>>', '1S0_0_', 0)",True,265.0416564941406,0.0009403228759765625,0.0005493164062694592,"StraightLane index=('>>', '>>>', 0)",True,0.0,True,False,0.850968599319458,0.0,0.0,0.0,True,0.0,0.0,0.0,-0.0,0.0,-0.0
64.55901,"[315.4035339355469, 4.499055862426758, 0.0]","[383.4969177246094, 4.5, 0.0]",9.032999039105345,12.099924087524414,12.100496734309186,-0.363731384253807,1.5396780967712402,68.03375242924598,3.050795554706161,0.14319419829940117,63.53375242924598,-3.066925048419069,9.089202880859375,2.501871109008789,49.10110855102539,False,-1,11.591073989868164,12.099924087524414,0.10872840881347656,0.19824764186431393,2.173427504581569,-2.173427504581569,"StraightLane index=('>>>', '1S0_0_', 0)",True,265.22259521484375,0.000942230224609375,0.0005493164062694592,"StraightLane index=('>>', '>>>', 0)",True,0.0,True,False,0.850968599319458,0.0,0.0,0.0,True,0.0,0.0,0.0,-0.0,0.0,-0.0
64.579817,"[315.5843505859375, 4.499053955078125, 0.0]","[383.73956298828125, 4.5, 0.0]",9.025724411420537,12.09546184539795,12.102781625159027,-0.3637313842403955,1.3731157779693604,68.09338377730407,3.066925048419069,0.8064746856454086,63.59338377730407,-3.069737433977412,9.101826667785645,2.501871109008789,49.10110855102539,False,-1,11.603697776794434,12.09546184539795,0.10872840881347656,0.19824764186431393,2.173427504581569,-2.173427504581569,"StraightLane index=('>>>', '1S0_0_', 0)",True,265.4035339355469,0.0009441375732421875,0.0005340576171724927,"StraightLane index=('>>', '>>>', 0)",True,0.0,True,False,0.850968599319458,0.0,0.0,0.0,True,0.0,0.0,0.0,-0.0,0.0,-0.0
64.600463,"[315.7650146484375, 4.499052047729492, 0.0]","[383.9810485839844, 4.5, 0.0]",9.018449783739223,12.104325294494629,12.1050247825493,-0.36373138406569083,1.1504321098327637,68.15521239056486,3.069737433977412,0.14061927791715334,63.655212390564856,-3.0858755107554057,9.10488510131836,2.501871109008789,49.10110855102539,False,-1,11.606756210327148,12.104325294494629,0.1803874969482422,0.184736440071071,2.190555522062085,-2.190555522062085,"StraightLane index=('>>>', '1S0_0_', 0)",True,265.5843505859375,0.000946044921875,0.0005340576171724927,"StraightLane index=('>>', '>>>', 0)",True,0.0,True,False,0.850968599319458,0.0,0.0,0.0,True,0.0,0.0,0.0,-0.0,0.0,-0.0
64.620706,"[315.9455261230469, 4.499050140380859, 0.0]","[384.22406005859375, 4.5, 0.0]",9.011175156052733,12.102362632751467,12.106037259849836,-0.363731384324506,0.7754421234130859,68.21603392289431,3.0858755107554057,0.8069038388996752,63.71603392289431,-3.0911874766987335,9.096376419067383,3.820315361022949,52.37834548950195,False,-1,12.916691780090332,12.102362632751467,0.1803874969482422,0.184736440071071,2.190555522062085,-2.190555522062085,"StraightLane index=('>>>', '1S0_0_', 0)",True,265.7650146484375,0.0009479522705078125,0.0005645751953155367,"StraightLane index=('>>', '>>>', 0)",True,0.0,True,False,0.8447768092155457,0.0,0.0,0.0,True,0.0,0.0,0.0,-0.0,0.0,-0.0
64.640393,"[316.1258850097656, 4.499048233032227, 0.0]","[384.46734619140625, 4.5, 0.0]",9.003900528366625,12.1000337600708,12.107021686549706,-0.3637313843054102,0.6477929949760437,68.27853392372707,3.0911874766987335,0.2655982971663917,63.77853392372707,-3.096133231704176,9.090739250183105,3.820315361022949,52.37834548950195,False,-1,12.911054611206055,12.1000337600708,0.1803874969482422,0.184736440071071,2.190555522062085,-2.190555522062085,"StraightLane index=('>>>', '1S0_0_', 0)",True,265.9455261230469,0.000949859619140625,0.0005340576171724927,"StraightLane index=('>>', '>>>', 0)",True,0.0,True,False,0.8447768092155457,0.0,0.0,0.0,True,0.0,0.0,0.0,-0.0,0.0,-0.0
64.65909,"[316.3061218261719, 4.499046325683594, 0.0]","[384.7025146484375, 4.5, 0.0]",8.996625900680666,12.107672691345215,12.10795691379899,-0.3637313842979495,0.2974312901496887,68.34146116958816,3.096133231704176,0.24728775027211825,63.84146116958816,-3.111046790664549,9.069830894470215,3.820315361022949,52.37834548950195,False,-1,12.890146255493164,12.107672691345215,0.1803874969482422,0.184736440071071,2.190555522062085,-2.190555522062085,"StraightLane index=('>>>', '1S0_0_', 0)",True,266.1258850097656,0.0009517669677734375,0.0005416870116955315,"StraightLane index=('>>', '>>>', 0)",True,0.0,True,False,0.8447768092155457,0.0,0.0,0.0,True,0.0,0.0,0.0,-0.0,0.0,-0.0
64.67924,"[316.4862060546875, 4.499044418334961, 0.0]","[384.9441223144531, 4.5, 0.0]",8.989351272987351,12.10200309753418,12.108963935499196,-0.3637313846657442,0.18617351353168488,68.39639281019267,3.111046790664549,0.7456779480186526,63.896392810192665,-3.1126518245468286,9.061134338378906,3.820315361022949,52.37834548950195,False,-1,12.881449699401855,12.10200309753418,0.1803874969482422,0.184736440071071,2.190555522062085,-2.190555522062085,"StraightLane index=('>>>', '1S0_0_', 0)",True,266.3061218261719,0.00095367431640625,0.0005416870116955315,"StraightLane index=('>>', '>>>', 0)",True,0.0,True,False,0.8447768092155457,0.0,0.0,0.0,True,0.0,0.0,0.0,-0.0,0.0,-0.0
64.703316,"[316.6661376953125, 4.499042510986328, 0.0]","[385.19696044921875, 4.5, 0.0]",8.982076645296532,12.10971450805664,12.110032679539989,-0.3637313845409551,-0.0029354814905673265,68.45791624767187,3.1126518245468286,0.08025169411398636,63.957916247671875,-3.1276378627601087,9.044051170349121,3.820315361022949,52.37834548950195,False,-1,12.86436653137207,12.10971450805664,0.05389213562011719,0.16814902081066802,2.2011136316047386,-2.2011136316047386,"StraightLane index=('>>>', '1S0_0_', 0)",True,266.4862060546875,0.0009555816650390625,0.0005416870116955315,"StraightLane index=('>>', '>>>', 0)",True,0.0,True,False,0.8447768092155457,0.0,0.0,0.0,True,0.0,0.0,0.0,-0.0,0.0,-0.0
64.719287,"[316.8459167480469, 4.499040603637695, 0.0]","[385.42877197265625, 4.5, 0.0]",8.974802017607164,12.103466033935547,12.110192998300015,-0.36373138446839093,-0.15859203040599823,68.53082274221633,3.1276378627601087,0.749301910664002,64.03082274221633,-3.1286640163283828,9.026886940002441,3.820315361022949,52.37834548950195,False,-1,12.84720230102539,12.103466033935547,0.05389213562011719,0.16814902081066802,2.2011136316047386,-2.2011136316047386,"StraightLane index=('>>>', '1S0_0_', 0)",True,266.6661376953125,0.000957489013671875,0.0005264282226494539,"StraightLane index=('>>', '>>>', 0)",True,0.0,True,False,0.8447768092155457,0.0,0.0,0.0,True,0.0,0.0,0.0,-0.0,0.0,-0.0
64.740177,"[317.0255432128906, 4.4990386962890625, 0.0]","[385.6710205078125, 4.5, 0.0]",8.96752738992225,12.110334396362305,12.11040214991005,-0.3637313842457246,-0.280300110578537,68.58285521289974,3.1286640163283828,0.05130767841370343,64.08285521289974,-3.142807006440055,9.010316848754883,3.820315361022949,52.37834548950195,False,-1,12.830632209777832,12.110334396362305,0.05389213562011719,0.16814902081066802,2.2011136316047386,-2.2011136316047386,"StraightLane index=('>>>', '1S0_0_', 0)",True,266.8459167480469,0.0009593963623046875,0.0005264282226494539,"StraightLane index=('>>', '>>>', 0)",True,0.0,True,False,0.8447768092155457,0.0,0.0,0.0,True,0.0,0.0,0.0,-0.0,0.0,-0.0
64.759085,"[317.2050476074219, 4.49903678894043, 0.0]","[385.9183654785156, 4.5, 0.0]",8.9602527622368,12.103870391845703,12.110591366179985,-0.36373138427245877,-0.37122708559036255,68.64547728276565,3.142807006440055,0.7071495055836152,64.14547728276565,-3.1436176296089027,8.99472427368164,3.820315361022949,52.37834548950195,False,-1,12.81503963470459,12.103870391845703,0.05389213562011719,0.16814902081066802,2.2011136316047386,-2.2011136316047386,"StraightLane index=('>>>', '1S0_0_', 0)",True,267.0255432128906,0.0009613037109375,0.0005416870116955315,"StraightLane index=('>>', '>>>', 0)",True,0.0,True,False,0.8447768092155457,0.0,0.0,0.0,True,0.0,0.0,0.0,-0.0,0.0,-0.0
64.779855,"[317.3843994140625, 4.499034881591797, 0.0]","[386.1611022949219, 4.5, 0.0]",8.952978134554611,12.110738754272461,12.110798920899805,-0.36373138410947803,-0.4386543333530426,68.71331785891645,3.1436176296089027,0.040531158442380644,64.21331785891645,-3.15776061971785,8.979899406433105,3.820315361022949,52.37834548950195,False,-1,12.800214767456055,12.110738754272461,0.05389213562011719,0.16814902081066802,2.2011136316047386,-2.2011136316047386,"StraightLane index=('>>>', '1S0_0_', 0)",True,267.2050476074219,0.0009632110595703125,0.0005416870116955315,"StraightLane index=('>>', '>>>', 0)",True,0.0,True,False,0.8447768092155457,0.0,0.0,0.0,True,0.0,0.0,0.0,-0.0,0.0,-0.0
64.799514,"[317.5635986328125, 4.499032974243164, 0.0]","[386.4034729003906, 4.5, 0.0]",8.94570350687076,12.104270935058596,12.110995511579794,-0.3637313841925227,-0.4896236062049866,68.77670286887572,3.15776061971785,0.7071495054473687,64.27670286887572,-3.158567428187835,8.960753440856934,3.820315361022949,52.37834548950195,False,-1,12.781068801879883,12.104270935058596,-0.054435729980450986,0.14942886818028542,2.202497696502378,-2.202497696502378,"StraightLane index=('>>>', '1S0_0_', 0)",True,267.3843994140625,0.000965118408203125,0.0005340576171724927,"StraightLane index=('>>', '>>>', 0)",True,0.0,True,False,0.8447768092155457,0.0,0.0,0.0,True,0.0,0.0,0.0,-0.0,0.0,-0.0
64.820225,"[317.7426452636719, 4.499031066894531, 0.0]","[386.64654541015625, 4.5, 0.0]",8.93842887918643,12.110859870910645,12.110797327650129,-0.36373138421650353,-0.5028565526008606,68.83987425492582,3.158567428187835,0.040340423499252154,64.33987425492582,-3.172430991724214,8.954468727111816,3.1577606201171875,68.77670288085938,True,0,12.112229347229004,12.110859870910645,-0.054435729980450986,0.14942886818028542,2.202497696502378,-2.202497696502378,"StraightLane index=('>>>', '1S0_0_', 0)",True,267.5635986328125,0.0009670257568359375,0.000556945800792498,"StraightLane index=('>>', '>>>', 0)",True,0.0,True,False,0.8382357358932495,0.0,0.0,0.0,True,0.0,0.0,0.0,-0.0,0.0,-0.0
64.840181,"[317.92156982421875, 4.499029159545898, 0.0]","[386.88885498046875, 4.5, 0.0]",8.942846298614887,12.103991508483887,12.110597836670117,0.2208709714228263,-0.5115150213241577,68.90390013424448,3.172430991724214,0.6931781768189538,64.40390013424448,-3.161145209869,8.938340187072754,3.1577606201171875,68.77670288085938,True,0,12.096100807189941,12.103991508483887,-0.054435729980450986,0.14942886818028542,2.202497696502378,-0.1499533411099221,"StraightLane index=('>>>', '1S0_0_', 0)",True,267.7426452636719,0.00096893310546875,0.0005416870116955315,"StraightLane index=('>>', '>>>', 0)",True,0.0,True,False,0.8382357358932495,2.052544355392456,0.0,2.0,True,0.0,0.0,0.08,0.0,0.08,0.0
64.85907,"[318.100341796875, 4.499027252197266, 0.0]","[387.12322998046875, 4.5, 0.0]",8.951684952176297,12.110466003417969,12.110408808900159,0.4419326780705113,-0.5013675093650818,68.96728514463202,3.161145209869,-0.5642890927607169,64.46728514463202,-3.1587810512416716,8.929183959960938,3.1577606201171875,68.77670288085938,True,0,12.086944580078125,12.110466003417969,-0.054435729980450986,0.14942886818028542,2.202497696502378,-0.1499533411099221,"StraightLane index=('>>>', '1S0_0_', 0)",True,267.92156982421875,0.0009708404541015625,0.0005187988281264151,"StraightLane index=('>>', '>>>', 0)",True,0.0,True,False,0.8382357358932495,2.052544355392456,0.0,2.0,True,0.0,0.0,0.16,0.0,0.16,0.0
64.880228,"[318.2792053222656, 4.499025344848633, 0.0]","[387.3725280761719, 4.5, 0.0]",8.96494102516957,12.103592872619629,12.110197351140144,0.6628036496636014,-0.4806554615497589,69.02288817195623,3.1587810512416716,-0.11820793136640972,64.52288817195623,-3.1386518474500598,8.926342964172363,3.1577606201171875,68.77670288085938,True,0,12.08410358428955,12.103592872619629,-0.054435729980450986,0.14942886818028542,2.202497696502378,-0.1499533411099221,"StraightLane index=('>>>', '1S0_0_', 0)",True,268.100341796875,0.000972747802734375,0.0005187988281264151,"StraightLane index=('>>', '>>>', 0)",True,0.0,True,False,0.8382357358932495,2.052544355392456,0.0,2.0,True,0.0,0.0,0.24000000000000002,0.0,0.24000000000000002,0.0
64.899809,"[318.458251953125, 4.4990234375, 0.0]","[387.61419677734375, 4.5, 0.0]",8.982614517598488,12.110060691833496,12.110001502280124,0.8836746214459623,-0.361104816198349,69.09332274203486,3.1386518474500598,-1.0064601895805936,64.59332274203486,-3.1274461742350077,8.925447463989258,3.1577606201171875,68.77670288085938,True,0,12.083208084106445,12.110060691833496,0.057897567749005674,0.13651239623347208,2.169352409486227,-0.11680805409377104,"StraightLane index=('>>>', '1S0_0_', 0)",True,268.2792053222656,0.0009746551513671875,0.0005264282226494539,"StraightLane index=('>>', '>>>', 0)",True,0.0,True,False,0.8382357358932495,2.052544355392456,0.0,2.0,True,0.0,0.0,0.32,0.0,0.32,0.0
64.920096,"[318.6375427246094, 4.499021530151367, 0.0]","[387.8536071777344, 4.5, 0.0]",9.004709244158896,12.10292148590088,12.109395823820261,1.1047363280203726,-0.23864531517028809,69.15594481232719,3.1274461742350077,-0.5602836607526029,64.65594481232719,-3.098212241741985,8.931709289550781,3.1386518478393555,69.09332275390625,True,0,12.070361137390137,12.10292148590088,0.057897567749005674,0.13651239623347208,2.169352409486227,-0.11680805409377104,"StraightLane index=('>>>', '1S0_0_', 0)",True,268.458251953125,0.0009765625,0.0005264282226494539,"StraightLane index=('>>', '>>>', 0)",True,0.0,True,False,0.8382357358932495,2.052544355392456,0.0,2.0,True,0.0,0.0,0.39999999999999997,0.0,0.39999999999999997,0.0
64.939594,"[318.81719970703125, 4.499020099639893, 0.0]","[388.0995178222656, 4.5, 0.0]",9.031221390157086,12.108981132507324,12.108810891320056,1.3256072999094926,-0.15298719704151154,69.21606444142775,3.098212241741985,-1.4616966246511431,64.71606444142775,-3.0777597423502385,8.938308715820312,3.1386518478393555,69.09332275390625,True,0,12.076960563659668,12.108981132507324,0.057897567749005674,0.13651239623347208,2.169352409486227,-0.14201962674086577,"StraightLane index=('>>>', '1S0_0_', 0)",True,268.6375427246094,0.0009784698486328125,0.0005187988281264151,"StraightLane index=('>>', '>>>', 0)",True,0.0,True,False,0.8382357358932495,2.0273327827453613,0.0,2.0,True,0.0,0.0,0.4799999999999999,0.0,0.4799999999999999,0.0
64.958817,"[318.9972839355469, 4.499018669128418, 0.0]","[388.334228515625, 4.5, 0.0]",9.062150955589132,12.101731300354004,12.108234021740092,1.546478271602325,0.022835126146674156,69.28231810287387,3.0777597423502385,-1.0226249695873157,64.78231810287387,-3.0395803447648717,8.954440116882324,3.1386518478393555,69.09332275390625,True,0,12.09309196472168,12.101731300354004,0.057897567749005674,0.13651239623347208,2.169352409486227,-0.14201962674086577,"StraightLane index=('>>>', '1S0_0_', 0)",True,268.81719970703125,0.0009799003601074219,0.0005416870116955315,"StraightLane index=('>>', '>>>', 0)",True,0.0,True,False,0.8382357358932495,2.0273327827453613,0.0,2.0,True,0.0,0.0,0.5599999999999999,0.0,0.5599999999999999,0.0
64.980118,"[319.17791748046875, 4.499016761779785, 0.0]","[388.58270263671875, 4.5, 0.0]",9.097501755148397,12.107783317565918,12.107595318560081,1.7675399779632173,0.2188020795583725,69.33694456835,3.0395803447648717,-1.9089698792683407,64.83694456835,-3.0102815624175214,8.976302146911621,3.1386518478393555,69.09332275390625,True,0,12.114953994750977,12.107783317565918,0.057897567749005674,0.13651239623347208,2.169352409486227,-0.14201962674086577,"StraightLane index=('>>>', '1S0_0_', 0)",True,268.9972839355469,0.0009813308715820312,0.0005187988281264151,"StraightLane index=('>>', '>>>', 0)",True,0.0,True,False,0.8382357358932495,2.0273327827453613,0.0,2.0,True,0.0,0.0,0.64,0.0,0.64,0.0
64.99947,"[319.3591613769531, 4.499014854431152, 0.0]","[388.820556640625, 4.5, 0.0]",9.137269974145601,12.100525856018066,12.107014620590371,1.988410949860242,0.5254048705101013,69.4047851442866,3.0102815624175214,-1.4649391173675141,64.9047851442866,-2.963255881872465,9.018044471740723,3.1386518478393555,69.09332275390625,True,0,12.156696319580078,12.100525856018066,-0.09534835815429688,0.11952396407472449,2.045640287291827,-0.01830750454646557,"StraightLane index=('>>>', '1S0_0_', 0)",True,269.17791748046875,0.0009832382202148438,0.0005264282226494539,"StraightLane index=('>>', '>>>', 0)",True,0.0,True,False,0.8382357358932495,2.0273327827453613,0.0,2.0,True,0.0,0.0,0.7200000000000001,0.0,0.7200000000000001,0.0
65.019155,"[319.5411071777344, 4.4990129470825195, 0.0]","[389.0622863769531, 4.5, 0.0]",9.181455612579763,12.106460571289062,12.106232029640115,2.2092819217080617,0.6567812561988831,69.46139525168857,2.963255881872465,-2.35128402725282,64.96139525168857,-2.9250049587093,9.037079811096191,1.6873350143432617,54.07453918457031,False,-1,10.724414825439453,12.106460571289062,-0.09534835815429688,0.11952396407472449,2.045640287291827,-0.01830750454646557,"StraightLane index=('>>>', '1S0_0_', 0)",True,269.3591613769531,0.0009851455688476562,0.0005264282226494539,"StraightLane index=('>>', '>>>', 0)",True,0.0,True,False,0.8313522934913635,2.0273327827453613,0.0,2.0,True,0.0,0.0,0.8000000000000002,0.0,0.8000000000000002,0.0
65.039687,"[319.7238464355469, 4.499011039733887, 0.0]","[389.3104553222656, 4.5, 0.0]",9.216806412144468,12.102306365966797,12.105411493720487,1.7675399782352663,0.8926228284835815,69.52117918656039,2.9250049587093,-1.912546158158257,65.02117918656039,-2.885499953822329,9.07595443725586,1.6873350143432617,54.07453918457031,False,-1,10.763289451599121,12.102306365966797,-0.09534835815429688,0.11952396407472449,2.045640287291827,-2.045640287291827,"StraightLane index=('>>>', '1S0_0_', 0)",True,269.5411071777344,0.0009870529174804688,0.0005493164062694592,"StraightLane index=('>>', '>>>', 0)",True,0.0,True,False,0.8313522934913635,0.0,0.0,0.0,True,0.0,0.0,0.6400000000000002,0.0,0.6400000000000002,0.0
65.059148,"[319.907470703125, 4.499009132385254, 0.0]","[389.5509033203125, 4.5, 0.0]",9.243318558143745,12.10151195526123,12.104632112680003,1.325607299963849,1.234114408493042,69.5866088746951,2.885499953822329,-1.9752502443485476,65.0866088746951,-2.8581933971174855,9.141965866088867,1.6873350143432617,54.07453918457031,False,-1,10.829300880432129,12.10151195526123,-0.09534835815429688,0.11952396407472449,2.045640287291827,-2.045640287291827,"StraightLane index=('>>>', '1S0_0_', 0)",True,269.7238464355469,0.0009889602661132812,0.0005264282226494539,"StraightLane index=('>>', '>>>', 0)",True,0.0,True,False,0.8313522934913635,0.0,0.0,0.0,True,0.0,0.0,0.48000000000000026,0.0,0.48000000000000026,0.0
65.080034,"[320.091796875, 4.499007225036621, 0.0]","[389.79364013671875, 4.5, 0.0]",9.260992050577846,12.100709915161133,12.103799808280774,0.883674621705044,1.3580607175827026,69.64343260514393,2.8581933971174855,-1.3653278352421694,65.14343260514393,-2.839717864583287,9.167309761047363,1.6873350143432617,54.07453918457031,False,-1,10.854644775390625,12.100709915161133,-0.09534835815429688,0.11952396407472449,2.045640287291827,-2.045640287291827,"StraightLane index=('>>>', '1S0_0_', 0)",True,269.907470703125,0.0009908676147460938,0.0005264282226494539,"StraightLane index=('>>', '>>>', 0)",True,0.0,True,False,0.8313522934913635,0.0,0.0,0.0,True,0.0,0.0,0.32000000000000023,0.0,0.32000000000000023,0.0
65.099752,"[320.27667236328125, 4.499005317687988, 0.0]","[390.03497314453125, 4.5, 0.0]",9.269830704143754,12.0999116897583,12.103008073040284,0.44193267829539806,1.5311541557312012,69.70184324921779,2.839717864583287,-0.9237766267099268,65.20184324921779,-2.830080985614547,9.213447570800781,1.6873350143432617,54.07453918457031,False,-1,10.900782585144043,12.0999116897583,-0.00614166259765625,0.10735660947633408,1.9469092501257896,-1.9469092501257896,"StraightLane index=('>>>', '1S0_0_', 0)",True,270.091796875,0.0009927749633789062,0.0005416870116955315,"StraightLane index=('>>', '>>>', 0)",True,0.0,True,False,0.8313522934913635,0.0,0.0,0.0,True,0.0,0.0,0.1600000000000002,0.0,0.1600000000000002,0.0
65.119969,"[320.4618835449219, 4.4990034103393555, 0.0]","[390.2777404785156, 4.5, 0.0]",9.269830704147996,12.099109649658203,12.102199480560841,2.120970066243899e-10,1.6273138523101807,69.75830076872847,2.830080985614547,-0.4818439484369996,65.25830076872847,-2.8292789455102074,9.25467300415039,1.6873350143432617,54.07453918457031,False,-1,10.942008018493652,12.099109649658203,-0.00614166259765625,0.10735660947633408,1.9469092501257896,-1.9469092501257896,"StraightLane index=('>>>', '1S0_0_', 0)",True,270.27667236328125,0.0009946823120117188,0.0005416870116955315,"StraightLane index=('>>', '>>>', 0)",True,0.0,True,False,0.8313522934913635,0.0,0.0,0.0,True,0.0,0.0,1.942890293094024e-16,0.0,1.942890293094024e-16,0.0
65.13915,"[320.64727783203125, 4.499001502990723, 0.0]","[390.5144958496094, 4.5, 0.0]",9.262556076464689,12.098326683044434,12.101432151240763,-0.36373138416534445,1.6336463689804077,69.81585692127159,2.8292789455102074,-0.04010200521697982,65.31585692127159,-2.835770606579745,9.28799057006836,1.6873350143432617,54.07453918457031,False,-1,10.975325584411621,12.098326683044434,-0.00614166259765625,0.10735660947633408,1.9469092501257896,-1.9469092501257896,"StraightLane index=('>>>', '1S0_0_', 0)",True,270.4618835449219,0.0009965896606445312,0.0005340576171724927,"StraightLane index=('>>', '>>>', 0)",True,0.0,True,False,0.8313522934913635,0.0,0.0,0.0,True,0.0,0.0,0.0,-0.0,0.0,-0.0
65.159176,"[320.8326721191406, 4.49899959564209, 0.0]","[390.7611999511719, 4.5, 0.0]",9.25528144878399,12.097511291503906,12.100631464639912,-0.36373138403495986,1.5503523349761963,69.86721800479414,2.835770606579745,0.3245830534768679,65.36721800479414,-2.8422298427199166,9.311617851257324,1.6873350143432617,54.07453918457031,False,-1,10.998952865600586,12.097511291503906,-0.00614166259765625,0.10735660947633408,1.9469092501257896,-1.9469092501257896,"StraightLane index=('>>>', '1S0_0_', 0)",True,270.64727783203125,0.0009984970092773438,0.0005493164062694592,"StraightLane index=('>>', '>>>', 0)",True,0.0,True,False,0.8313522934913635,0.0,0.0,0.0,True,0.0,0.0,0.0,-0.0,0.0,-0.0
65.179786,"[321.0179138183594, 4.498997688293457, 0.0]","[390.9989318847656, 4.5, 0.0]",9.248006821105205,12.096725463867188,12.099807143600657,-0.3637313839392142,1.3876386880874634,69.9285278185531,2.8422298427199166,0.32296180700859267,65.4285278185531,-2.848718642761982,9.32485580444336,1.6873350143432617,54.07453918457031,False,-1,11.012190818786621,12.096725463867188,-0.00614166259765625,0.10735660947633408,1.9469092501257896,-1.9469092501257896,"StraightLane index=('>>>', '1S0_0_', 0)",True,270.8326721191406,0.0010004043579101562,0.0005722045898385755,"StraightLane index=('>>', '>>>', 0)",True,0.0,True,False,0.8313522934913635,0.0,0.0,0.0,True,0.0,0.0,0.0,-0.0,0.0,-0.0
65.199659,"[321.2030334472656, 4.498995780944824, 0.0]","[391.2457580566406, 4.5, 0.0]",9.240732193428212,12.09591007232666,12.099011983360862,-0.36373138384968584,1.166075587272644,69.98101805290645,2.848718642761982,0.3244400021032767,65.48101805290645,-2.8551778788984485,9.328354835510254,1.6873350143432617,54.07453918457031,False,-1,11.015689849853516,12.09591007232666,-0.04001617431640625,0.09522038242762645,1.9510860037116182,-1.9510860037116182,"StraightLane index=('>>>', '1S0_0_', 0)",True,271.0179138183594,0.0010023117065429688,0.0005722045898385755,"StraightLane index=('>>', '>>>', 0)",True,0.0,True,False,0.8313522934913635,0.0,0.0,0.0,True,0.0,0.0,0.0,-0.0,0.0,-0.0
65.219663,"[321.38800048828125, 4.498993873596191, 0.0]","[391.4823303222656, 4.5, 0.0]",9.233457565747708,12.09526252746582,12.098410124310467,-0.3637313840251899,0.7851942181587219,70.04272459607932,2.8551778788984485,0.32296180682331865,65.54272459607932,-2.8618049617181125,9.319636344909668,2.8487186431884766,69.98101806640625,True,0,12.168354988098145,12.09526252746582,-0.04001617431640625,0.09522038242762645,1.9510860037116182,-1.9510860037116182,"StraightLane index=('>>>', '1S0_0_', 0)",True,271.2030334472656,0.0010042190551757812,0.0005645751953155367,"StraightLane index=('>>', '>>>', 0)",True,0.0,True,False,0.824091374874115,0.0,0.0,0.0,True,0.0,0.0,0.0,-0.0,0.0,-0.0
65.239596,"[321.57281494140625, 4.498991966247559, 0.0]","[391.7255859375, 4.5, 0.0]",9.237874985182062,12.094658851623535,12.097810852950497,0.22087097171770154,0.5359426736831665,70.0943298206674,2.8618049617181125,0.3313541409831977,65.5943298206674,-2.8567838664414733,9.30789852142334,2.8487186431884766,69.98101806640625,True,0,12.156617164611816,12.094658851623535,-0.04001617431640625,0.09522038242762645,1.9510860037116182,-0.09941883795539264,"StraightLane index=('>>>', '1S0_0_', 0)",True,271.38800048828125,0.0010061264038085938,0.0005645751953155367,"StraightLane index=('>>', '>>>', 0)",True,0.0,True,False,0.824091374874115,1.8516671657562256,0.0,1.8516671657562256,True,0.0,0.0,0.08,0.0,0.08,0.0
65.258657,"[321.7574768066406, 4.498990058898926, 0.0]","[391.96539306640625, 4.5, 0.0]",9.246713638747325,12.094064712524414,12.097238775329897,0.4419326782631572,0.41221967339515686,70.1527709832052,2.8567838664414733,-0.25105476383195935,65.6527709832052,-2.847351073777089,9.30027961730957,2.8487186431884766,69.98101806640625,True,0,12.148998260498047,12.094064712524414,-0.04001617431640625,0.09522038242762645,1.9510860037116182,-0.09941883795539264,"StraightLane index=('>>>', '1S0_0_', 0)",True,271.57281494140625,0.0010080337524414062,0.0005493164062694592,"StraightLane index=('>>', '>>>', 0)",True,0.0,True,False,0.824091374874115,1.8516671657562256,0.0,1.8516671657562256,True,0.0,0.0,0.16,0.0,0.16,0.0
65.279883,"[321.9422302246094, 4.498988151550293, 0.0]","[392.2142639160156, 4.5, 0.0]",9.25996971175036,12.093446731567383,12.096602363700223,0.6628036501517443,0.21177121996879578,70.20791624663153,2.847351073777089,-0.4716396332192119,65.70791624663153,-2.833477019817023,9.286385536193848,2.8487186431884766,69.98101806640625,True,0,12.135104179382324,12.093446731567383,-0.04001617431640625,0.09522038242762645,1.9510860037116182,-0.09941883795539264,"StraightLane index=('>>>', '1S0_0_', 0)",True,271.7574768066406,0.0010099411010742188,0.000556945800792498,"StraightLane index=('>>', '>>>', 0)",True,0.0,True,False,0.824091374874115,1.8516671657562256,0.0,1.8516671657562256,True,0.0,0.0,0.24000000000000002,0.0,0.24000000000000002,0.0
65.299436,"[322.1271667480469, 4.49898624420166, 0.0]","[392.45513916015625, 4.5, 0.0]",9.277643204185637,12.092849731445312,12.096015491549915,0.8836746217638414,0.07818330824375153,70.27203367802426,2.833477019817023,-0.6937026980033068,65.77203367802426,-2.815206527259676,9.275818824768066,2.8487186431884766,69.98101806640625,True,0,12.124537467956543,12.092849731445312,-0.030603408813476562,0.08462722487639213,1.9145114675951815,-0.06284430183895595,"StraightLane index=('>>>', '1S0_0_', 0)",True,271.9422302246094,0.0010118484497070312,0.0005645751953155367,"StraightLane index=('>>', '>>>', 0)",True,0.0,True,False,0.824091374874115,1.8516671657562256,0.0,1.8516671657562256,True,0.0,0.0,0.32,0.0,0.32,0.0
65.319303,"[322.3123779296875, 4.498984336853027, 0.0]","[392.6919250488281, 4.5, 0.0]",9.29973793075099,12.09239673614502,12.09561310479988,1.1047363282676415,0.013291122391819954,70.32797239870588,2.815206527259676,-0.913524627867357,65.82797239870588,-2.79265880539403,9.270100593566895,2.833477020263672,70.27203369140625,True,0,12.103577613830566,12.09239673614502,-0.030603408813476562,0.08462722487639213,1.9145114675951815,-0.06284430183895595,"StraightLane index=('>>>', '1S0_0_', 0)",True,272.1271667480469,0.0010137557983398438,0.0005645751953155367,"StraightLane index=('>>', '>>>', 0)",True,0.0,True,False,0.824091374874115,1.8516671657562256,0.0,1.8516671657562256,True,0.0,0.0,0.39999999999999997,0.0,0.39999999999999997,0.0
65.340658,"[322.4979248046875, 4.4989824295043945, 0.0]","[392.940673828125, 4.5, 0.0]",9.32625007674289,12.091985702514648,12.095186256540357,1.3256072995949886,0.013488493859767914,70.37954710639298,2.79265880539403,-1.12738609328229,65.87954710639298,-2.765735625771759,9.270237922668457,2.833477020263672,70.27203369140625,True,0,12.103714942932129,12.091985702514648,-0.030603408813476562,0.08462722487639213,1.9145114675951815,-0.0959245220614291,"StraightLane index=('>>>', '1S0_0_', 0)",True,272.3123779296875,0.0010156631469726562,0.0005416870116955315,"StraightLane index=('>>', '>>>', 0)",True,0.0,True,False,0.824091374874115,1.8185869455337524,0.0,1.8185869455337524,True,0.0,0.0,0.4799999999999999,0.0,0.4799999999999999,0.0
65.359344,"[322.6839294433594, 4.498980522155762, 0.0]","[393.18084716796875, 4.5, 0.0]",9.357179642170863,12.091588973999023,12.09481211368041,1.5464782713986658,0.07297968119382858,70.44274900999085,2.765735625771759,-1.3461589811135433,65.94274900999085,-2.734409331828161,9.276873588562012,2.833477020263672,70.27203369140625,True,0,12.110350608825684,12.091588973999023,-0.030603408813476562,0.08462722487639213,1.9145114675951815,-0.0959245220614291,"StraightLane index=('>>>', '1S0_0_', 0)",True,272.4979248046875,0.0010175704956054688,0.0005645751953155367,"StraightLane index=('>>', '>>>', 0)",True,0.0,True,False,0.824091374874115,1.8185869455337524,0.0,1.8185869455337524,True,0.0,0.0,0.5599999999999999,0.0,0.5599999999999999,0.0
65.380136,"[322.8704528808594, 4.498978614807129, 0.0]","[393.42376708984375, 4.5, 0.0]",9.392530441733802,12.0911865234375,12.094396550260019,1.7675399781469814,0.24090483784675598,70.49691771159529,2.734409331828161,-1.5663146971799158,65.99691771159529,-2.6986560817036978,9.298166275024414,2.833477020263672,70.27203369140625,True,0,12.131643295288086,12.0911865234375,-0.030603408813476562,0.08462722487639213,1.9145114675951815,-0.0959245220614291,"StraightLane index=('>>>', '1S0_0_', 0)",True,272.6839294433594,0.0010194778442382812,0.0005493164062694592,"StraightLane index=('>>', '>>>', 0)",True,0.0,True,False,0.824091374874115,1.8185869455337524,0.0,1.8185869455337524,True,0.0,0.0,0.64,0.0,0.64,0.0
65.399505,"[323.0575866699219, 4.498976707458496, 0.0]","[393.66558837890625, 4.5, 0.0]",9.432298660729831,12.090786933898926,12.094009178320295,1.9884109498014446,0.3407379984855652,70.5533141957227,2.6986560817036978,-1.7876625062231533,66.0533141957227,-2.6584882731690946,9.311047554016113,2.833477020263672,70.27203369140625,True,0,12.144524574279785,12.090786933898926,-0.020627975463867188,0.07544252324751756,1.803459900807429,0.015127044726323424,"StraightLane index=('>>>', '1S0_0_', 0)",True,272.8704528808594,0.0010213851928710938,0.000556945800792498,"StraightLane index=('>>', '>>>', 0)",True,0.0,True,False,0.824091374874115,1.8185869455337524,0.0,1.8185869455337524,True,0.0,0.0,0.7200000000000001,0.0,0.7200000000000001,0.0
65.419609,"[323.24542236328125, 4.498974800109863, 0.0]","[393.90771484375, 4.5, 0.0]",9.476484299159408,12.090806007385256,12.094196510079781,2.209281921478823,0.6212316751480103,70.60800169570157,2.6584882731690946,-2.0083904267301556,66.10800169570157,-2.614321708225848,9.353408813476562,2.6986560821533203,70.55331420898438,True,0,12.052064895629883,12.090806007385256,-0.020627975463867188,0.07544252324751756,1.803459900807429,0.015127044726323424,"StraightLane index=('>>>', '1S0_0_', 0)",True,273.0575866699219,0.0010232925415039062,0.000556945800792498,"StraightLane index=('>>', '>>>', 0)",True,0.0,True,False,0.8164923191070557,1.8185869455337524,0.0,1.8185869455337524,True,0.0,0.0,0.8000000000000002,0.0,0.8000000000000002,0.0
65.43933,"[323.43408203125, 4.4989728927612305, 0.0]","[394.1430358886719, 4.5, 0.0]",9.525091171716388,12.0910005569458,12.094393709919823,2.430343627849041,0.7538477182388306,70.6622924676183,2.614321708225848,-2.208328247162328,66.1622924676183,-2.5659093852294124,9.37353229522705,2.6986560821533203,70.55331420898438,True,0,12.072188377380371,12.0910005569458,-0.020627975463867188,0.07544252324751756,1.803459900807429,-0.08771767039208478,"StraightLane index=('>>>', '1S0_0_', 0)",True,273.24542236328125,0.0010251998901367188,0.0005416870116955315,"StraightLane index=('>>', '>>>', 0)",True,0.0,True,False,0.8164923191070557,1.7157422304153442,0.0,1.7157422304153442,True,0.0,0.0,0.8800000000000002,0.0,0.8800000000000002,0.0
65.459153,"[323.6236267089844, 4.498970985412598, 0.0]","[394.3839416503906, 4.5, 0.0]",9.57811546370907,12.09453296661377,12.094592006759777,2.6512145996340664,0.9962624907493591,70.70895384409724,2.5659093852294124,-2.420616149821786,66.20895384409724,-2.5164175029047,9.415031433105469,2.6986560821533203,70.55331420898438,True,0,12.113687515258789,12.09453296661377,-0.020627975463867188,0.07544252324751756,1.803459900807429,-0.08771767039208478,"StraightLane index=('>>>', '1S0_0_', 0)",True,273.43408203125,0.0010271072387695312,0.000556945800792498,"StraightLane index=('>>', '>>>', 0)",True,0.0,True,False,0.8164923191070557,1.7157422304153442,0.0,1.7157422304153442,True,0.0,0.0,0.9600000000000003,0.0,0.9600000000000003,0.0
65.479908,"[323.8141174316406, 4.498969078063965, 0.0]","[394.6329345703125, 4.5, 0.0]",9.633348465419461,12.0880708694458,12.094799425620003,2.7616500855195625,1.248186707496643,70.76031492874083,2.5164175029047,-2.474594116235629,66.26031492874083,-2.45472240402634,9.462425231933594,2.6986560821533203,70.55331420898438,True,0,12.161081314086914,12.0880708694458,-0.020627975463867188,0.07544252324751756,1.803459900807429,-0.08771767039208478,"StraightLane index=('>>>', '1S0_0_', 0)",True,273.6236267089844,0.0010290145874023438,0.0005340576171724927,"StraightLane index=('>>', '>>>', 0)",True,0.0,True,False,0.8164923191070557,1.7157422304153442,0.0,1.7157422304153442,True,0.0,0.0,1.0,0.0,1.0,0.0
65.499296,"[324.00567626953125, 4.498967170715332, 0.0]","[394.86846923828125, 4.5, 0.0]",9.688581467126374,12.094934463500977,12.094993423959822,2.761650085345657,1.5046296119689941,70.81881712530497,2.45472240402634,-3.084754943918,66.31881712530497,-2.4063529963746024,9.515329360961914,2.6986560821533203,70.55331420898438,True,0,12.213985443115234,12.094934463500977,0.04147529602050781,0.06934990628348357,1.6334793539269752,0.08226287648836905,"StraightLane index=('>>>', '1S0_0_', 0)",True,273.8141174316406,0.0010309219360351562,0.000556945800792498,"StraightLane index=('>>', '>>>', 0)",True,0.0,True,False,0.8164923191070557,1.7157422304153442,0.0,1.7157422304153442,True,0.0,0.0,1.0,0.0,1.0,0.0
65.519171,"[324.1983337402344, 4.498965263366699, 0.0]","[395.11083984375, 4.5, 0.0]",9.743814468831387,12.08873462677002,12.095576545670047,2.761650085250622,1.7610456943511963,70.8627929555911,2.4063529963746024,-2.418470382586868,66.3627929555911,-2.344920157938633,9.573356628417969,2.6986560821533203,70.55331420898438,True,0,12.272012710571289,12.08873462677002,0.04147529602050781,0.06934990628348357,1.6334793539269752,0.08226287648836905,"StraightLane index=('>>>', '1S0_0_', 0)",True,274.00567626953125,0.0010328292846679688,0.0005493164062694592,"StraightLane index=('>>', '>>>', 0)",True,0.0,True,False,0.8164923191070557,1.7157422304153442,0.0,1.7157422304153442,True,0.0,0.0,1.0,0.0,1.0,0.0
65.539342,"[324.3921203613281, 4.498963356018066, 0.0]","[395.3530578613281, 4.5, 0.0]",9.797750473467573,12.096003532409668,12.096181680319715,2.6968002318093376,2.0057172775268555,70.91250609101543,2.344920157938633,-3.0716419217984736,66.41250609101543,-2.2982530589420946,9.635239601135254,2.4547224044799805,70.81881713867188,True,0,12.089962005615234,12.096003532409668,0.04147529602050781,0.06934990628348357,1.6334793539269752,-0.07103299810727304,"StraightLane index=('>>>', '1S0_0_', 0)",True,274.1983337402344,0.0010347366333007812,0.0005264282226494539,"StraightLane index=('>>', '>>>', 0)",True,0.0,True,False,0.8164923191070557,1.5624463558197021,0.0,1.5624463558197021,True,0.0,0.0,0.9765289723873138,0.0,0.9765289723873138,0.0
65.558641,"[324.5870056152344, 4.498961448669434, 0.0]","[395.5933837890625, 4.5, 0.0]",9.851686478105131,12.08993148803711,12.096760816010065,2.696800231877905,2.2271604537963867,70.96093748725475,2.2982530589420946,-2.3333549498269157,66.46093748725475,-2.238245009931978,9.699474334716797,2.4547224044799805,70.81881713867188,True,0,12.154196739196777,12.08993148803711,0.04147529602050781,0.06934990628348357,1.6334793539269752,-0.07103299810727304,"StraightLane index=('>>>', '1S0_0_', 0)",True,274.3921203613281,0.0010366439819335938,0.0005340576171724927,"StraightLane index=('>>', '>>>', 0)",True,0.0,True,False,0.8164923191070557,1.5624463558197021,0.0,1.5624463558197021,True,0.0,0.0,0.9765289723873138,0.0,0.9765289723873138,0.0
65.579762,"[324.782958984375, 4.498959541320801, 0.0]","[395.8359375, 4.5, 0.0]",9.90562248274385,12.097201347351074,12.09739400506951,2.696800231935903,2.4140260219573975,71.00637816106313,2.238245009931978,-3.0004024505058347,66.50637816106313,-2.1915788646072247,9.764366149902344,2.4547224044799805,70.81881713867188,True,0,12.219088554382324,12.097201347351074,0.04147529602050781,0.06934990628348357,1.6334793539269752,-0.07103299810727304,"StraightLane index=('>>>', '1S0_0_', 0)",True,274.5870056152344,0.0010385513305664062,0.0005340576171724927,"StraightLane index=('>>', '>>>', 0)",True,0.0,True,False,0.8164923191070557,1.5624463558197021,0.0,1.5624463558197021,True,0.0,0.0,0.9765289723873138,0.0,0.9765289723873138,0.0
65.600525,"[324.97998046875, 4.498957633972168, 0.0]","[396.0830383300781, 4.5, 0.0]",9.959558487390225,12.091146469116211,12.098033456840088,2.6968002323187967,2.641831636428833,71.05297850238422,2.1915788646072247,-2.333307266237661,66.55297850238422,-2.1315879817259855,9.838010787963867,2.4547224044799805,70.81881713867188,True,0,12.292733192443848,12.091146469116211,-0.03787994384765625,0.061089117620467245,1.446621305742358,0.11582505007734412,"StraightLane index=('>>>', '1S0_0_', 0)",True,274.782958984375,0.0010404586791992188,0.0005493164062694592,"StraightLane index=('>>', '>>>', 0)",True,0.0,True,False,0.8164923191070557,1.5624463558197021,0.0,1.5624463558197021,True,0.0,0.0,0.9765289723873138,0.0,0.9765289723873138,0.0
65.620314,"[325.1781005859375, 4.498955726623535, 0.0]","[396.32757568359375, 4.5, 0.0]",10.013494492034228,12.098841667175293,12.099221262378736,2.696800232200136,2.738906145095825,71.10305784852336,2.1315879817259855,-2.999544144061961,66.60305784852336,-2.085347175141065,9.928579330444336,2.1915788650512695,71.052978515625,True,0,12.120158195495605,12.098841667175293,-0.03787994384765625,0.061089117620467245,1.446621305742358,0.11582505007734412,"StraightLane index=('>>>', '1S0_0_', 0)",True,274.97998046875,0.0010423660278320312,0.0005340576171724927,"StraightLane index=('>>', '>>>', 0)",True,0.0,True,False,0.8164923191070557,1.5624463558197021,0.0,1.5624463558197021,True,0.0,0.0,0.9765289723873138,0.0,0.9765289723873138,0.0
65.639202,"[325.3772888183594, 4.498953819274902, 0.0]","[396.5627746582031, 4.5, 0.0]",10.06241416976936,12.093338966369629,12.100354508779011,2.4459838867565864,2.788275718688965,71.14947508460371,2.085347175141065,-2.3120403292460345,66.64947508460371,-2.030924796600269,9.96114730834961,2.1915788650512695,71.052978515625,True,0,12.152726173400879,12.093338966369629,-0.03787994384765625,0.061089117620467245,1.446621305742358,-0.02949584225664026,"StraightLane index=('>>>', '1S0_0_', 0)",True,275.1781005859375,0.0010442733764648438,0.0005416870116955315,"StraightLane index=('>>', '>>>', 0)",True,0.0,True,False,0.8084566593170166,1.4171254634857178,0.0,1.4171254634857178,True,0.0,0.0,0.8857034146785736,0.0,0.8857034146785736,0.0
65.659301,"[325.5775451660156, 4.4989519119262695, 0.0]","[396.81005859375, 4.5, 0.0]",10.111333847501697,12.10123348236084,12.101561048299073,2.445983886616876,2.8256676197052,71.18548582722688,2.030924796600269,-2.7211189270397895,66.68548582722688,-1.9898996348591425,10.020788192749023,2.1915788650512695,71.052978515625,True,0,12.212367057800293,12.10123348236084,-0.03787994384765625,0.061089117620467245,1.446621305742358,-0.02949584225664026,"StraightLane index=('>>>', '1S0_0_', 0)",True,275.3772888183594,0.0010461807250976562,0.0005264282226494539,"StraightLane index=('>>', '>>>', 0)",True,0.0,True,False,0.8084566593170166,1.4171254634857178,0.0,1.4171254634857178,True,0.0,0.0,0.8857034146785736,0.0,0.8857034146785736,0.0
65.679414,"[325.77880859375, 4.498950004577637, 0.0]","[397.0464782714844, 4.5, 0.0]",10.16025352523212,12.09573745727539,12.102766868119243,2.4459838865211303,2.8362340927124023,71.23251341487065,1.9898996348591425,-2.051258087056329,66.73251341487065,-1.9354839320432706,10.078295707702637,2.1915788650512695,71.052978515625,True,0,12.269874572753906,12.09573745727539,-0.03787994384765625,0.061089117620467245,1.446621305742358,-0.02949584225664026,"StraightLane index=('>>>', '1S0_0_', 0)",True,275.5775451660156,0.0010480880737304688,0.0005340576171724927,"StraightLane index=('>>', '>>>', 0)",True,0.0,True,False,0.8084566593170166,1.4171254634857178,0.0,1.4171254634857178,True,0.0,0.0,0.8857034146785736,0.0,0.8857034146785736,0.0
65.698902,"[325.9810485839844, 4.498948097229004, 0.0]","[397.2876281738281, 4.5, 0.0]",10.209173202964726,12.103601455688477,12.103936830140183,2.4459838866302874,2.7836861610412598,71.26766966530536,1.9354839320432706,-2.7207851407935912,66.76766966530536,-1.8944282527237508,10.157423973083496,2.1915788650512695,71.052978515625,True,0,12.349002838134766,12.103601455688477,0.12454986572265625,0.05933945115871349,1.2907178154291516,0.12640764805656612,"StraightLane index=('>>>', '1S0_0_', 0)",True,275.77880859375,0.0010499954223632812,0.0005187988281264151,"StraightLane index=('>>', '>>>', 0)",True,0.0,True,False,0.8084566593170166,1.4171254634857178,0.0,1.4171254634857178,True,0.0,0.0,0.8857034146785736,0.0,0.8857034146785736,0.0
65.722835,"[326.18426513671875, 4.498946189880371, 0.0]","[397.5348205566406, 4.5, 0.0]",10.258092880698142,12.098434448242188,12.105817079438827,2.4459838866707884,2.748669385910034,71.3065795771692,1.8944282527237508,-2.0527839659759906,66.8065795771692,-1.840341567544046,10.209485054016113,2.1915788650512695,71.052978515625,True,0,12.401063919067383,12.098434448242188,0.12454986572265625,0.05933945115871349,1.2907178154291516,0.12640764805656612,"StraightLane index=('>>>', '1S0_0_', 0)",True,275.9810485839844,0.0010519027709960938,0.0005264282226494539,"StraightLane index=('>>', '>>>', 0)",True,0.0,True,False,0.8084566593170166,1.4171254634857178,0.0,1.4171254634857178,True,0.0,0.0,0.8857034146785736,0.0,0.8857034146785736,0.0
65.740093,"[326.3884582519531, 4.498944282531738, 0.0]","[397.7732238769531, 4.5, 0.0]",10.301591873621332,12.106677055358887,12.107210807119962,2.1749496461595186,2.746757745742798,71.3505554069997,1.840341567544046,-2.7043342589852415,66.8505554069997,-1.8050851817375548,10.236771583557129,1.9354839324951172,71.26766967773438,True,0,12.172255516052246,12.106677055358887,0.12454986572265625,0.05933945115871349,1.2907178154291516,-0.03063020613807499,"StraightLane index=('>>>', '1S0_0_', 0)",True,276.18426513671875,0.0010538101196289062,0.0005340576171724927,"StraightLane index=('>>', '>>>', 0)",True,0.0,True,False,0.8084566593170166,1.2600876092910767,0.0,1.2600876092910767,True,0.0,0.0,0.7875547558069229,0.0,0.7875547558069229,0.0
65.75869,"[326.5936279296875, 4.4989423751831055, 0.0]","[398.0138854980469, 4.5, 0.0]",10.345090866547695,12.101599693298342,12.10869934424013,2.1749496463181472,2.6979856491088867,71.38476561182874,1.8050851817375548,-1.7628192903245576,66.88476561182874,-1.7565088267506468,10.286118507385254,1.9354839324951172,71.26766967773438,True,0,12.221602439880371,12.101599693298342,0.12454986572265625,0.05933945115871349,1.2907178154291516,-0.03063020613807499,"StraightLane index=('>>>', '1S0_0_', 0)",True,276.3884582519531,0.0010557174682617188,0.0005416870116955315,"StraightLane index=('>>', '>>>', 0)",True,0.0,True,False,0.8084566593170166,1.2600876092910767,0.0,1.2600876092910767,True,0.0,0.0,0.7875547558069229,0.0,0.7875547558069229,0.0
65.779418,"[326.7996520996094, 4.498940467834473, 0.0]","[398.2565612792969, 4.5, 0.0]",10.38858985946862,12.109870910644531,12.110356397758704,2.174949646046276,2.5912680625915527,71.42025755470448,1.7565088267506468,-2.428817749345402,66.92025755470448,-1.721281051175911,10.354849815368652,1.9354839324951172,71.26766967773438,True,0,12.29033374786377,12.109870910644531,0.12454986572265625,0.05933945115871349,1.2907178154291516,-0.03063020613807499,"StraightLane index=('>>>', '1S0_0_', 0)",True,276.5936279296875,0.0010576248168945312,0.000556945800792498,"StraightLane index=('>>', '>>>', 0)",True,0.0,True,False,0.8084566593170166,1.2600876092910767,0.0,1.2600876092910767,True,0.0,0.0,0.7875547558069229,0.0,0.7875547558069229,0.0
65.799085,"[327.0065612792969, 4.49893856048584, 0.0]","[398.4984436035156, 4.5, 0.0]",10.432088852386372,12.104801177978516,12.11193043607939,2.1749496458875583,2.574002742767334,71.45690916693651,1.721281051175911,-1.7613887787367943,66.95690916693651,-1.6727123255921441,10.378951072692871,1.9354839324951172,71.26766967773438,True,0,12.314435005187988,12.104801177978516,0.011997222900390625,0.05382540884435581,1.1410884204792495,0.11899918881182714,"StraightLane index=('>>>', '1S0_0_', 0)",True,276.7996520996094,0.0010595321655273438,0.0005264282226494539,"StraightLane index=('>>', '>>>', 0)",True,0.0,True,False,0.8084566593170166,1.2600876092910767,0.0,1.2600876092910767,True,0.0,0.0,0.7875547558069229,0.0,0.7875547558069229,0.0
65.81961,"[327.2143249511719, 4.498936653137207, 0.0]","[398.748046875, 4.5, 0.0]",10.475587845305885,12.11325740814209,12.113768610428087,2.1749496459756656,2.500493049621582,71.49188231144875,1.6727123255921441,-2.4284362791883396,66.99188231144875,-1.637669562836205,10.422147750854492,1.9354839324951172,71.26766967773438,True,0,12.35763168334961,12.11325740814209,0.011997222900390625,0.05382540884435581,1.1410884204792495,0.11899918881182714,"StraightLane index=('>>>', '1S0_0_', 0)",True,277.0065612792969,0.0010614395141601562,0.0005264282226494539,"StraightLane index=('>>', '>>>', 0)",True,0.0,True,False,0.8084566593170166,1.2600876092910767,0.0,1.2600876092910767,True,0.0,0.0,0.7875547558069229,0.0,0.7875547558069229,0.0
65.840671,"[327.4229736328125, 4.498934745788574, 0.0]","[398.9910583496094, 4.5, 0.0]",10.514486313323559,12.108393669128418,12.11565897087945,1.9449234008837024,2.431985378265381,71.53372191103884,1.637669562836205,-1.7521381377969547,67.03372191103884,-1.593907355804859,10.464418411254883,1.7212810516357422,71.4569091796875,True,0,12.185699462890625,12.108393669128418,0.011997222900390625,0.05382540884435581,1.1410884204792495,-0.014248663513612314,"StraightLane index=('>>>', '1S0_0_', 0)",True,277.2143249511719,0.0010633468627929688,0.0005264282226494539,"StraightLane index=('>>', '>>>', 0)",True,0.0,True,False,0.7999189496040344,1.1268397569656372,0.0,1.1268397569656372,True,0.0,0.0,0.7042748481035233,0.0,0.7042748481035233,0.0
65.859016,"[327.6324768066406, 4.498932838439941, 0.0]","[399.2313537597656, 4.5, 0.0]",10.553384781338215,12.116847038269043,12.117316098038573,1.944923400732801,2.3156797885894775,71.5680847042174,1.593907355804859,-2.188110351567296,67.0680847042174,-1.563462256930828,10.524007797241211,1.7212810516357422,71.4569091796875,True,0,12.245288848876953,12.116847038269043,0.011997222900390625,0.05382540884435581,1.1410884204792495,-0.014248663513612314,"StraightLane index=('>>>', '1S0_0_', 0)",True,277.4229736328125,0.0010652542114257812,0.0005187988281264151,"StraightLane index=('>>', '>>>', 0)",True,0.0,True,False,0.7999189496040344,1.1268397569656372,0.0,1.1268397569656372,True,0.0,0.0,0.7042748481035233,0.0,0.7042748481035233,0.0
65.880459,"[327.8427734375, 4.498930931091309, 0.0]","[399.4750061035156, 4.5, 0.0]",10.59228324935052,12.11198902130127,12.119239628619688,1.944923400615295,2.246600389480591,71.59887694029791,1.563462256930828,-1.522254943701551,67.09887694029791,-1.5197057719507487,10.562907218933105,1.7212810516357422,71.4569091796875,True,0,12.284188270568848,12.11198902130127,0.011997222900390625,0.05382540884435581,1.1410884204792495,-0.014248663513612314,"StraightLane index=('>>>', '1S0_0_', 0)",True,277.6324768066406,0.0010671615600585938,0.0005264282226494539,"StraightLane index=('>>', '>>>', 0)",True,0.0,True,False,0.7999189496040344,1.1268397569656372,0.0,1.1268397569656372,True,0.0,0.0,0.7042748481035233,0.0,0.7042748481035233,0.0
65.8995,"[328.0538330078125, 4.498929023742676, 0.0]","[399.7164611816406, 4.5, 0.0]",10.631181717368735,12.120450019836426,12.120954327519867,1.944923400910703,2.2297942638397217,71.63223265362704,1.5197057719507487,-2.1878242490039668,67.13223265362704,-1.489268302467691,10.583609580993652,1.7212810516357422,71.4569091796875,True,0,12.304890632629395,12.120450019836426,0.15648841857910156,0.05391996261018878,1.021944359214188,0.10489539775144929,"StraightLane index=('>>>', '1S0_0_', 0)",True,277.8427734375,0.0010690689086914062,0.0005111694336033763,"StraightLane index=('>>', '>>>', 0)",True,0.0,True,False,0.7999189496040344,1.1268397569656372,0.0,1.1268397569656372,True,0.0,0.0,0.7042748481035233,0.0,0.7042748481035233,0.0
65.919415,"[328.26568603515625, 4.498927116394043, 0.0]","[399.9537048339844, 4.5, 0.0]",10.670080185383371,12.115677833557129,12.122941435099579,1.944923400731824,2.1639106273651123,71.66262816096331,1.489268302467691,-1.5218734741528905,67.16262816096331,-1.4455976481737576,10.620782852172852,1.7212810516357422,71.4569091796875,True,0,12.342063903808594,12.115677833557129,0.15648841857910156,0.05391996261018878,1.021944359214188,0.10489539775144929,"StraightLane index=('>>>', '1S0_0_', 0)",True,278.0538330078125,0.0010709762573242188,0.0005264282226494539,"StraightLane index=('>>', '>>>', 0)",True,0.0,True,False,0.7999189496040344,1.1268397569656372,0.0,1.1268397569656372,True,0.0,0.0,0.7042748481035233,0.0,0.7042748481035233,0.0
65.939081,"[328.4783020019531, 4.49892520904541, 0.0]","[400.1962585449219, 4.5, 0.0]",10.71132087751712,12.124346733093262,12.124912413797807,2.0620346066873907,2.1043176651000977,71.6880187859447,1.4455976481737576,-2.1835327146966677,67.1880187859447,-1.4130258555761426,10.657326698303223,1.5197057723999023,71.63223266601562,True,0,12.177032470703125,12.124346733093262,0.15648841857910156,0.05391996261018878,1.021944359214188,0.1726913896490323,"StraightLane index=('>>>', '1S0_0_', 0)",True,278.26568603515625,0.0010728836059570312,0.0005264282226494539,"StraightLane index=('>>', '>>>', 0)",True,0.0,True,False,0.7999189496040344,1.1946357488632202,0.0,1.1946357488632202,True,0.0,0.0,0.7466473430395126,0.0,0.7466473430395126,0.0
65.95892,"[328.69171142578125, 4.498923301696777, 0.0]","[400.4372253417969, 4.5, 0.0]",10.752561569649288,12.11966609954834,12.126896952899056,2.0620346066084316,2.052819013595581,71.7179565307534,1.4130258555761426,-1.62858962988075,67.2179565307534,-1.367104529899052,10.69356632232666,1.5197057723999023,71.63223266601562,True,0,12.213272094726562,12.11966609954834,0.15648841857910156,0.05391996261018878,1.021944359214188,0.1726913896490323,"StraightLane index=('>>>', '1S0_0_', 0)",True,278.4783020019531,0.0010747909545898438,0.0005035400390803375,"StraightLane index=('>>', '>>>', 0)",True,0.0,True,False,0.7999189496040344,1.1946357488632202,0.0,1.1946357488632202,True,0.0,0.0,0.7466473430395126,0.0,0.7466473430395126,0.0
65.980457,"[328.90594482421875, 4.4989213943481445, 0.0]","[400.6869201660156, 4.5, 0.0]",10.793802261788011,12.128393173217773,12.129041924199788,2.0620346069361695,2.014810562133789,71.74551390355448,1.367104529899052,-2.2960662838545254,67.24551390355448,-1.3345909114297623,10.73023509979248,1.5197057723999023,71.63223266601562,True,0,12.249940872192383,12.128393173217773,0.15648841857910156,0.05391996261018878,1.021944359214188,0.1726913896490323,"StraightLane index=('>>>', '1S0_0_', 0)",True,278.69171142578125,0.0010766983032226562,0.0005111694336033763,"StraightLane index=('>>', '>>>', 0)",True,0.0,True,False,0.7999189496040344,1.1946357488632202,0.0,1.1946357488632202,True,0.0,0.0,0.7466473430395126,0.0,0.7466473430395126,0.0
65.999445,"[329.1210021972656, 4.498919486999512, 0.0]","[400.9288024902344, 4.5, 0.0]",10.835042953926799,12.127053260803223,12.130949145197752,2.062034606939367,1.9925751686096191,71.78097532954557,1.3345909114297623,-1.6256809234644898,67.28097532954557,-1.2920103068764242,10.767881393432617,1.5197057723999023,71.63223266601562,True,0,12.28758716583252,12.127053260803223,0.06603240966796875,0.05083910068754881,0.8906458001572245,0.3039899487059957,"StraightLane index=('>>>', '1S0_0_', 0)",True,278.90594482421875,0.0010786056518554688,0.0005035400390803375,"StraightLane index=('>>', '>>>', 0)",True,0.0,True,False,0.7999189496040344,1.1946357488632202,0.0,1.1946357488632202,True,0.0,0.0,0.7466473430395126,0.0,0.7466473430395126,0.0
66.019219,"[329.3368835449219, 4.498917579650879, 0.0]","[401.16668701171875, 4.5, 0.0]",10.876283646069584,12.129148483276367,12.133117178027984,2.062034607139296,1.9828885793685913,71.8078002804711,1.2920103068764242,-2.129030227666906,67.3078002804711,-1.2528648372067828,10.806466102600098,1.5197057723999023,71.63223266601562,True,0,12.326171875,12.129148483276367,0.06603240966796875,0.05083910068754881,0.8906458001572245,0.3039899487059957,"StraightLane index=('>>>', '1S0_0_', 0)",True,279.1210021972656,0.0010805130004882812,0.0005111694336033763,"StraightLane index=('>>', '>>>', 0)",True,0.0,True,False,0.7999189496040344,1.1946357488632202,0.0,1.1946357488632202,True,0.0,0.0,0.7466473430395126,0.0,0.7466473430395126,0.0
66.039382,"[329.5535888671875, 4.498915672302246, 0.0]","[401.40936279296875, 4.5, 0.0]",10.908685684642565,12.131348609924316,12.135331670089741,1.6201019286490315,1.9826997518539429,71.82980345381985,1.2528648372067828,-1.9572734834820693,67.32980345381985,-1.2226629252817514,10.845905303955078,3.3442630767822266,57.32956314086914,False,-1,14.190168380737305,12.131348609924316,0.06603240966796875,0.05083910068754881,0.8906458001572245,-0.8906458001572245,"StraightLane index=('>>>', '1S0_0_', 0)",True,279.3368835449219,0.0010824203491210938,0.0005264282226494539,"StraightLane index=('>>', '>>>', 0)",True,0.0,True,False,0.7907278537750244,0.0,0.0,0.0,True,0.0,0.0,0.5866473430395127,0.0,0.5866473430395127,0.0
66.059638,"[329.7711181640625, 4.498913764953613, 0.0]","[401.65704345703125, 4.5, 0.0]",10.93225288434935,12.133593559265137,12.137546462560072,1.1783599853392168,1.967065453529358,71.85577391324765,1.2226629252817514,-1.5100955962515705,67.35577391324765,-1.2013406749157873,10.903602600097656,3.3442630767822266,57.32956314086914,False,-1,14.247865676879883,12.133593559265137,0.06603240966796875,0.05083910068754881,0.8906458001572245,-0.8906458001572245,"StraightLane index=('>>>', '1S0_0_', 0)",True,279.5535888671875,0.0010843276977539062,0.0005111694336033763,"StraightLane index=('>>', '>>>', 0)",True,0.0,True,False,0.7907278537750244,0.0,0.0,0.0,True,0.0,0.0,0.42664734303951274,0.0,0.42664734303951274,0.0
66.079692,"[329.9892883300781, 4.4989118576049805, 0.0]","[401.90020751953125, 4.5, 0.0]",10.946981430487844,12.135797500610352,12.139769997718336,0.736427306924714,1.9749152660369873,71.88592528087446,1.2013406749157873,-1.0661125182982012,67.38592528087446,-1.188816070122508,10.924097061157227,3.3442630767822266,57.32956314086914,False,-1,14.268360137939453,12.135797500610352,0.06603240966796875,0.05083910068754881,0.8906458001572245,-0.8906458001572245,"StraightLane index=('>>>', '1S0_0_', 0)",True,279.7711181640625,0.0010862350463867188,0.0004959106445572987,"StraightLane index=('>>', '>>>', 0)",True,0.0,True,False,0.7907278537750244,0.0,0.0,0.0,True,0.0,0.0,0.2666473430395127,0.0,0.2666473430395127,0.0
66.098945,"[330.20794677734375, 4.498909950256348, 0.0]","[402.1361389160156, 4.5, 0.0]",10.952871323066905,12.137935638427736,12.14188907357771,0.294494628953057,1.8928875923156738,71.9109191768833,1.188816070122508,-0.6262302396639718,67.4109191768833,-1.1850643153608313,10.974087715148926,3.3442630767822266,57.32956314086914,False,-1,14.318350791931152,12.137935638427736,0.10882377624513495,0.04956402278737365,0.8198558277719141,-0.8198558277719141,"StraightLane index=('>>>', '1S0_0_', 0)",True,279.9892883300781,0.0010881423950195312,0.0005111694336033763,"StraightLane index=('>>', '>>>', 0)",True,0.0,True,False,0.7907278537750244,0.0,0.0,0.0,True,0.0,0.0,0.10664734303951269,0.0,0.10664734303951269,0.0
66.120087,"[330.4268798828125, 4.498908042907715, 0.0]","[402.38623046875, 4.5, 0.0]",10.945596695381624,12.140061378479004,12.144012865798897,-0.3637313842640211,1.7800847291946411,71.92819212631431,1.1850643153608313,-0.18758773808382756,67.42819212631431,-1.1944646830973795,10.999666213989258,3.3442630767822266,57.32956314086914,False,-1,14.343929290771484,12.140061378479004,0.10882377624513495,0.04956402278737365,0.8198558277719141,-0.8198558277719141,"StraightLane index=('>>>', '1S0_0_', 0)",True,280.20794677734375,0.0010900497436523438,0.0005035400390803375,"StraightLane index=('>>', '>>>', 0)",True,0.0,True,False,0.7907278537750244,0.0,0.0,0.0,True,0.0,0.0,0.0,-0.0,0.0,-0.0
66.139256,"[330.64593505859375, 4.498906135559082, 0.0]","[402.6239013671875, 4.5, 0.0]",10.938322067692164,12.14201831817627,12.145929910698788,-0.36373138447300946,1.7022850513458252,71.9593505733317,1.1944646830973795,0.4700183868274088,67.4593505733317,-1.2036962504841053,11.009305953979492,3.3442630767822266,57.32956314086914,False,-1,14.353569030761719,12.14201831817627,0.10882377624513495,0.04956402278737365,0.8198558277719141,-0.8198558277719141,"StraightLane index=('>>>', '1S0_0_', 0)",True,280.4268798828125,0.0010919570922851562,0.0005111694336033763,"StraightLane index=('>>', '>>>', 0)",True,0.0,True,False,0.7907278537750244,0.0,0.0,0.0,True,0.0,0.0,0.0,-0.0,0.0,-0.0
66.158566,"[330.8648376464844, 4.498904228210449, 0.0]","[402.8638610839844, 4.5, 0.0]",10.931047440000267,12.143993377685547,12.147860936898388,-0.36373138459486754,1.3635286092758179,71.97796629688466,1.2036962504841053,0.4615783693362907,67.47796629688466,-1.21294593768528,11.021766662597656,3.3442630767822266,57.32956314086914,False,-1,14.366029739379883,12.143993377685547,0.10882377624513495,0.04956402278737365,0.8198558277719141,-0.8198558277719141,"StraightLane index=('>>>', '1S0_0_', 0)",True,280.64593505859375,0.0010938644409179688,0.0004806518554603323,"StraightLane index=('>>', '>>>', 0)",True,0.0,True,False,0.7907278537750244,0.0,0.0,0.0,True,0.0,0.0,0.0,-0.0,0.0,-0.0
66.180127,"[331.0836181640625, 4.498902320861816, 0.0]","[403.1143798828125, 4.5, 0.0]",10.92377281231091,12.146056175231934,12.150016725298366,-0.363731384467858,1.0898089408874512,71.99902342577417,1.21294593768528,0.4624843600587347,67.49902342577417,-1.222283362921024,11.01894760131836,3.3442630767822266,57.32956314086914,False,-1,14.363210678100586,12.146056175231934,0.10882377624513495,0.04956402278737365,0.8198558277719141,-0.8198558277719141,"StraightLane index=('>>>', '1S0_0_', 0)",True,280.8648376464844,0.0010957717895507812,0.0004806518554603323,"StraightLane index=('>>', '>>>', 0)",True,0.0,True,False,0.7907278537750244,0.0,0.0,0.0,True,0.0,0.0,0.0,-0.0,0.0,-0.0
66.199365,"[331.30224609375, 4.498900413513184, 0.0]","[403.35125732421875, 4.5, 0.0]",10.916498184622421,12.148006439208984,12.151940821899217,-0.3637313844244261,0.9431430697441101,72.03076170677978,1.222283362921024,0.46687126178719396,67.53076170677978,-1.2315082545865632,11.014460563659668,3.3442630767822266,57.32956314086914,False,-1,14.358723640441895,12.148006439208984,0.10070800781248224,0.04813240078207316,0.8486127662633393,-0.8486127662633393,"StraightLane index=('>>>', '1S0_0_', 0)",True,281.0836181640625,0.0010976791381835938,0.0004882812499833711,"StraightLane index=('>>', '>>>', 0)",True,0.0,True,False,0.7907278537750244,0.0,0.0,0.0,True,0.0,0.0,0.0,-0.0,0.0,-0.0
66.219961,"[331.5207214355469, 4.498898506164551, 0.0]","[403.5955505371094, 4.5, 0.0]",10.909223556934752,12.150151252746584,12.154199743150093,-0.36373138438348107,0.6640692949295044,72.04901121825279,1.2315082545865632,0.46124458327696516,67.54901121825279,-1.2409276958118323,11.002655029296875,3.3442630767822266,57.32956314086914,False,-1,14.346918106079102,12.150151252746584,0.10070800781248224,0.04813240078207316,0.8486127662633393,-0.8486127662633393,"StraightLane index=('>>>', '1S0_0_', 0)",True,281.30224609375,0.0010995864868164062,0.0004959106445572987,"StraightLane index=('>>', '>>>', 0)",True,0.0,True,False,0.7907278537750244,0.0,0.0,0.0,True,0.0,0.0,0.0,-0.0,0.0,-0.0
66.239468,"[331.7390441894531, 4.498896598815918, 0.0]","[403.83880615234375, 4.5, 0.0]",10.911432266650664,12.152352333068848,12.156345872847886,0.11043548579561246,0.403951495885849,72.07482908932906,1.2409276958118323,0.4709720612634527,67.57482908932906,-1.2409200664181839,10.987360954284668,1.2222833633422852,72.03076171875,True,0,12.209644317626953,12.152352333068848,0.10070800781248224,0.04813240078207316,0.8486127662633393,-0.05412856816992495,"StraightLane index=('>>>', '1S0_0_', 0)",True,281.5207214355469,0.0011014938354492188,0.0004959106445572987,"StraightLane index=('>>', '>>>', 0)",True,0.0,True,False,0.7808846235275269,0.7944841980934143,0.0,0.7944841980934143,True,0.0,0.0,0.04,0.0,0.04,0.0
66.258611,"[331.95721435546875, 4.498894691467285, 0.0]","[404.0801696777344, 4.5, 0.0]",10.91806221049385,12.154536247253418,12.15845263937983,0.3314971921593468,0.1692393571138382,72.09976195063976,1.2409200664181839,-0.00038146968242003254,67.59976195063976,-1.2364740367595672,10.969645500183105,1.2222833633422852,72.03076171875,True,0,12.19192886352539,12.154536247253418,0.10070800781248224,0.04813240078207316,0.8486127662633393,-0.05412856816992495,"StraightLane index=('>>>', '1S0_0_', 0)",True,281.7390441894531,0.0011034011840820312,0.0004959106445572987,"StraightLane index=('>>', '>>>', 0)",True,0.0,True,False,0.7808846235275269,0.7944841980934143,0.0,0.7944841980934143,True,0.0,0.0,0.12,0.0,0.12,0.0
66.281168,"[332.1754455566406, 4.498892784118652, 0.0]","[404.3262023925781, 4.5, 0.0]",10.929109573772703,12.15676212310791,12.160931979318557,0.5523681639425959,-0.014716725796461105,72.12295531022704,1.2364740367595672,-0.22230148293083118,67.62295531022704,-1.2276525493352075,10.952714920043945,1.2222833633422852,72.03076171875,True,0,12.17499828338623,12.15676212310791,0.10070800781248224,0.04813240078207316,0.8486127662633393,-0.05412856816992495,"StraightLane index=('>>>', '1S0_0_', 0)",True,281.95721435546875,0.0011053085327148438,0.0004882812499833711,"StraightLane index=('>>', '>>>', 0)",True,0.0,True,False,0.7808846235275269,0.7944841980934143,0.0,0.7944841980934143,True,0.0,0.0,0.2,0.0,0.2,0.0
66.298784,"[332.393798828125, 4.4988908767700195, 0.0]","[404.5664367675781, 4.5, 0.0]",10.944574356485939,12.158935546875,12.162871461478062,0.7732391356618074,-0.12669482827186584,72.15075682388165,1.2276525493352075,-0.44107437121798654,67.65075682388165,-1.2143611903890612,10.939984321594238,1.2222833633422852,72.03076171875,True,0,12.162267684936523,12.158935546875,0.10929107666015625,0.04714434838697131,0.8364791221398612,-0.04199492404644689,"StraightLane index=('>>>', '1S0_0_', 0)",True,282.1754455566406,0.0011072158813476562,0.0004882812499833711,"StraightLane index=('>>', '>>>', 0)",True,0.0,True,False,0.7808846235275269,0.7944841980934143,0.0,0.7944841980934143,True,0.0,0.0,0.28,0.0,0.28,0.0
66.319907,"[332.6123962402344, 4.498888969421387, 0.0]","[404.810791015625, 4.5, 0.0]",10.964460373330681,12.160876274108887,12.164794439260092,0.9943008422371058,-0.18041735887527466,72.17263792738022,1.2143611903890612,-0.6645679473073152,67.67263792738022,-1.1964159007782058,10.929743766784668,1.2222833633422852,72.03076171875,True,0,12.152027130126953,12.160876274108887,0.10929107666015625,0.04714434838697131,0.8364791221398612,-0.04199492404644689,"StraightLane index=('>>>', '1S0_0_', 0)",True,282.393798828125,0.0011091232299804688,0.0004882812499833711,"StraightLane index=('>>', '>>>', 0)",True,0.0,True,False,0.7808846235275269,0.7944841980934143,0.0,0.7944841980934143,True,0.0,0.0,0.36,0.0,0.36,0.0
66.342271,"[332.831298828125, 4.498887062072754, 0.0]","[405.06494140625, 4.5, 0.0]",10.988763809606064,12.162755966186523,12.16680790378037,1.215171813769178,-0.15602459013462067,72.19839476352978,1.1964159007782058,-0.8972644805427699,67.69839476352978,-1.173992156580459,10.930498123168945,1.2276525497436523,72.1507568359375,True,0,12.158150672912598,12.162755966186523,0.10929107666015625,0.04714434838697131,0.8364791221398612,-0.05652772853558263,"StraightLane index=('>>>', '1S0_0_', 0)",True,282.6123962402344,0.0011110305786132812,0.0004806518554603323,"StraightLane index=('>>', '>>>', 0)",True,0.0,True,False,0.7808846235275269,0.7799513936042786,0.0,0.7799513936042786,True,0.0,0.0,0.43999999999999995,0.0,0.43999999999999995,0.0
66.359264,"[333.05059814453125, 4.498885154724121, 0.0]","[405.3028564453125, 4.5, 0.0]",11.015687942908409,12.164515495300295,12.168338190160517,1.3462066651172222,-0.0789191722869873,72.23364256670212,1.173992156580459,-1.121187209887342,67.73364256670212,-1.1488275523918858,10.935697555541992,1.2276525497436523,72.1507568359375,True,0,12.163350105285645,12.164515495300295,0.10929107666015625,0.04714434838697131,0.8364791221398612,-0.05652772853558263,"StraightLane index=('>>>', '1S0_0_', 0)",True,282.831298828125,0.0011129379272460938,0.0004653930664142548,"StraightLane index=('>>', '>>>', 0)",True,0.0,True,False,0.7808846235275269,0.7799513936042786,0.0,0.7799513936042786,True,0.0,0.0,0.4874696210026741,0.0,0.4874696210026741,0.0
66.379449,"[333.2703857421875, 4.498883247375488, 0.0]","[405.5404357910156, 4.5, 0.0]",11.042612076214185,12.16627311706543,12.170153687709186,1.3462066652888183,0.04928237199783325,72.25225828842562,1.1488275523918858,-1.2582302094286568,67.75225828842562,-1.1236610408512444,10.948036193847656,1.2276525497436523,72.1507568359375,True,0,12.175688743591309,12.16627311706543,0.10929107666015625,0.04714434838697131,0.8364791221398612,-0.05652772853558263,"StraightLane index=('>>>', '1S0_0_', 0)",True,283.05059814453125,0.0011148452758789062,0.0004959106445572987,"StraightLane index=('>>', '>>>', 0)",True,0.0,True,False,0.7808846235275269,0.7799513936042786,0.0,0.7799513936042786,True,0.0,0.0,0.4874696210026741,0.0,0.4874696210026741,0.0
66.399088,"[333.4906921386719, 4.4988813400268555, 0.0]","[405.7837219238281, 4.5, 0.0]",11.069536209521706,12.16807270050049,12.171921704948414,1.3462066653760374,0.21832695603370667,72.27005003575356,1.1236610408512444,-1.2583255770320712,67.77005003575356,-1.098536490978784,10.967432975769043,1.2276525497436523,72.1507568359375,True,0,12.195085525512695,12.16807270050049,0.09137153625490058,0.045627917317195704,0.7596766364534053,0.020274757150873235,"StraightLane index=('>>>', '1S0_0_', 0)",True,283.2703857421875,0.0011167526245117188,0.0005187988281264151,"StraightLane index=('>>', '>>>', 0)",True,0.0,True,False,0.7808846235275269,0.7799513936042786,0.0,0.7799513936042786,True,0.0,0.0,0.4874696210026741,0.0,0.4874696210026741,0.0
66.420212,"[333.7115478515625, 4.498879432678223, 0.0]","[406.02764892578125, 4.5, 0.0]",11.096460342823796,12.173075675964355,12.173619363920297,1.3462066651045212,0.4053505063056946,72.29302977206348,1.098536490978784,-1.2562274936230189,67.79302977206348,-1.076615333140559,10.99223518371582,1.2276525497436523,72.1507568359375,True,0,12.219887733459473,12.173075675964355,0.09137153625490058,0.045627917317195704,0.7596766364534053,0.020274757150873235,"StraightLane index=('>>>', '1S0_0_', 0)",True,283.4906921386719,0.0011186599731445312,0.0005187988281264151,"StraightLane index=('>>', '>>>', 0)",True,0.0,True,False,0.7808846235275269,0.7799513936042786,0.0,0.7799513936042786,True,0.0,0.0,0.4874696210026741,0.0,0.4874696210026741,0.0
66.439425,"[333.9329528808594, 4.49887752532959, 0.0]","[406.2714538574219, 4.5, 0.0]",11.120950699266908,12.168009757995607,12.175156944559422,1.2245178221555797,0.6748561263084412,72.31610106227375,1.076615333140559,-1.0960578919112507,67.81610106227375,-1.0470590587286992,11.035379409790039,1.1236610412597656,72.27005004882812,True,0,12.159040451049805,12.168009757995607,0.09137153625490058,0.045627917317195704,0.7596766364534053,-0.05023783564163775,"StraightLane index=('>>>', '1S0_0_', 0)",True,283.7115478515625,0.0011205673217773438,0.0004806518554603323,"StraightLane index=('>>', '>>>', 0)",True,0.0,True,False,0.7704406976699829,0.7094388008117676,0.0,0.7094388008117676,True,0.0,0.0,0.44339925050735474,0.0,0.44339925050735474,0.0
66.459157,"[334.1548767089844, 4.498875617980957, 0.0]","[406.5135803222656, 4.5, 0.0]",11.145441055711096,12.176268577575684,12.176736595358234,1.2245178222094033,0.8510249257087708,72.33850096460071,1.0470590587286992,-1.4778137205929909,67.83850096460071,-1.0308275218645875,11.06838321685791,1.1236610412597656,72.27005004882812,True,0,12.192044258117676,12.176268577575684,0.09137153625490058,0.045627917317195704,0.7596766364534053,-0.05023783564163775,"StraightLane index=('>>>', '1S0_0_', 0)",True,283.9329528808594,0.0011224746704101562,0.0004806518554603323,"StraightLane index=('>>', '>>>', 0)",True,0.0,True,False,0.7704406976699829,0.7094388008117676,0.0,0.7094388008117676,True,0.0,0.0,0.44339925050735474,0.0,0.44339925050735474,0.0
66.480669,"[334.3772888183594, 4.498873710632324, 0.0]","[406.7624206542969, 4.5, 0.0]",11.169931412156489,12.171235084533691,12.178450727360323,1.2245178222696218,0.9403575658798218,72.35870360107157,1.0308275218645875,-0.8115768432055859,67.85870360107157,-1.0013036723772029,11.086264610290527,1.1236610412597656,72.27005004882812,True,0,12.209925651550293,12.171235084533691,0.09137153625490058,0.045627917317195704,0.7596766364534053,-0.05023783564163775,"StraightLane index=('>>>', '1S0_0_', 0)",True,284.1548767089844,0.0011243820190429688,0.0004882812499833711,"StraightLane index=('>>', '>>>', 0)",True,0.0,True,False,0.7704406976699829,0.7094388008117676,0.0,0.7094388008117676,True,0.0,0.0,0.44339925050735474,0.0,0.44339925050735474,0.0
66.499976,"[334.6001892089844, 4.498871803283691, 0.0]","[407.0077209472656, 4.5, 0.0]",11.194421768598714,12.17951488494873,12.17999710567994,1.2245178221112596,1.0705679655075073,72.3851318237106,1.0013036723772029,-1.4761924743692312,67.8851318237106,-0.9850931163500167,11.119327545166016,1.1236610412597656,72.27005004882812,True,0,12.242988586425781,12.17951488494873,0.11442184448240411,0.04506989014236028,0.6853804157698712,0.02405838504189639,"StraightLane index=('>>>', '1S0_0_', 0)",True,284.3772888183594,0.0011262893676757812,0.0004882812499833711,"StraightLane index=('>>', '>>>', 0)",True,0.0,True,False,0.7704406976699829,0.7094388008117676,0.0,0.7094388008117676,True,0.0,0.0,0.44339925050735474,0.0,0.44339925050735474,0.0
66.51949,"[334.8235778808594, 4.498869895935059, 0.0]","[407.2453918457031, 4.5, 0.0]",11.218912125045895,12.174273490905762,12.181363569688692,1.2245178223590614,1.1703816652297974,72.40753172603728,0.9850931163500167,-0.8105278013593065,67.90753172603728,-0.9553613658598668,11.151626586914062,1.1236610412597656,72.27005004882812,True,0,12.275287628173828,12.174273490905762,0.11442184448240411,0.04506989014236028,0.6853804157698712,0.02405838504189639,"StraightLane index=('>>>', '1S0_0_', 0)",True,284.6001892089844,0.0011281967163085938,0.0004882812499833711,"StraightLane index=('>>', '>>>', 0)",True,0.0,True,False,0.7704406976699829,0.7094388008117676,0.0,0.7094388008117676,True,0.0,0.0,0.44339925050735474,0.0,0.44339925050735474,0.0
66.539282,"[335.0474548339844, 4.498867988586426, 0.0]","[407.4898986816406, 4.5, 0.0]",11.241212845258278,12.18234634399414,12.182749962460365,1.1150360106191748,1.2464263439178467,72.42181395281503,0.9553613658598668,-1.4865875245074989,67.92181395281503,-0.9411334987358622,11.183306694030762,1.0013036727905273,72.3851318359375,True,0,12.184610366821289,12.18234634399414,0.11442184448240411,0.04506989014236028,0.6853804157698712,-0.039398567529972506,"StraightLane index=('>>>', '1S0_0_', 0)",True,284.8235778808594,0.0011301040649414062,0.0004806518554603323,"StraightLane index=('>>', '>>>', 0)",True,0.0,True,False,0.7704406976699829,0.6459818482398987,0.0,0.6459818482398987,True,0.0,0.0,0.4037386551499367,0.0,0.4037386551499367,0.0
66.559266,"[335.2718200683594, 4.498866081237793, 0.0]","[407.7378234863281, 4.5, 0.0]",11.263513565472035,12.177103042602539,12.184151165478688,1.115036010687831,1.3009693622589111,72.4424438353785,0.9411334987358622,-0.7113933562002295,67.9424438353785,-0.913589477130504,11.214141845703125,1.0013036727905273,72.3851318359375,True,0,12.215445518493652,12.177103042602539,0.11442184448240411,0.04506989014236028,0.6853804157698712,-0.039398567529972506,"StraightLane index=('>>>', '1S0_0_', 0)",True,285.0474548339844,0.0011320114135742188,0.0004882812499833711,"StraightLane index=('>>', '>>>', 0)",True,0.0,True,False,0.7704406976699829,0.6459818482398987,0.0,0.6459818482398987,True,0.0,0.0,0.4037386551499367,0.0,0.4037386551499367,0.0
66.580197,"[335.49664306640625, 4.49886417388916, 0.0]","[407.9759216308594, 4.5, 0.0]",11.285814285682523,12.185138702392578,12.185611689719371,1.1150360105244062,1.3292146921157837,72.46600340590648,0.913589477130504,-1.377201080267909,67.96600340590648,-0.8993244167100549,11.256535530090332,1.0013036727905273,72.3851318359375,True,0,12.25783920288086,12.185138702392578,0.11442184448240411,0.04506989014236028,0.6853804157698712,-0.039398567529972506,"StraightLane index=('>>>', '1S0_0_', 0)",True,285.2718200683594,0.0011339187622070312,0.0004806518554603323,"StraightLane index=('>>', '>>>', 0)",True,0.0,True,False,0.7704406976699829,0.6459818482398987,0.0,0.6459818482398987,True,0.0,0.0,0.4037386551499367,0.0,0.4037386551499367,0.0
66.600579,"[335.721923828125, 4.498862266540527, 0.0]","[408.2249450683594, 4.5, 0.0]",11.308115005894622,12.179901123046877,12.187036782218724,1.115036010604964,1.3414162397384644,72.47927855306521,0.8993244167100549,-0.713253021022453,67.97927855306521,-0.8717861171522543,11.27110767364502,1.0013036727905273,72.3851318359375,True,0,12.272411346435547,12.179901123046877,0.003862380981463076,0.040698084462475456,0.6073590606114407,0.038622787628457944,"StraightLane index=('>>>', '1S0_0_', 0)",True,285.49664306640625,0.0011358261108398438,0.000457763671891216,"StraightLane index=('>>', '>>>', 0)",True,0.0,True,False,0.7704406976699829,0.6459818482398987,0.0,0.6459818482398987,True,0.0,0.0,0.4037386551499367,0.0,0.4037386551499367,0.0
66.621591,"[335.9476318359375, 4.4988603591918945, 0.0]","[408.4701843261719, 4.5, 0.0]",11.330415726111429,12.187838554382324,12.188297633139532,1.1150360108403312,1.3341602087020874,72.5030212286012,0.8717861171522543,-1.3769149778900314,68.0030212286012,-0.8574228282708951,11.2970552444458,1.0013036727905273,72.3851318359375,True,0,12.298358917236328,12.187838554382324,0.003862380981463076,0.040698084462475456,0.6073590606114407,0.038622787628457944,"StraightLane index=('>>>', '1S0_0_', 0)",True,285.721923828125,0.0011377334594726562,0.0004653930664142548,"StraightLane index=('>>', '>>>', 0)",True,0.0,True,False,0.7704406976699829,0.6459818482398987,0.0,0.6459818482398987,True,0.0,0.0,0.4037386551499367,0.0,0.4037386551499367,0.0
66.640295,"[336.1737976074219, 4.498858451843262, 0.0]","[408.7142028808594, 4.5, 0.0]",11.350881576942726,12.182371139526367,12.18941992155998,1.0232925415648353,1.3157379627227783,72.52255247812211,0.8574228282708951,-0.7181644440679591,68.02255247812211,-0.8314895625836414,11.321623802185059,0.8993244171142578,72.47927856445312,True,0,12.220948219299316,12.182371139526367,0.003862380981463076,0.040698084462475456,0.6073590606114407,-0.014458903636648257,"StraightLane index=('>>>', '1S0_0_', 0)",True,285.9476318359375,0.0011396408081054688,0.0004806518554603323,"StraightLane index=('>>', '>>>', 0)",True,0.0,True,False,0.7593404054641724,0.5929001569747925,0.0,0.5929001569747925,True,0.0,0.0,0.3705625981092453,0.0,0.3705625981092453,0.0
66.658712,"[336.4004211425781, 4.498856544494629, 0.0]","[408.9503479003906, 4.5, 0.0]",11.371347427773834,12.190201759338379,12.190525138359167,1.0232925415554206,1.2664258480072021,72.5404052613086,0.8314895625836414,-1.2966632843626869,68.0404052613086,-0.8188543315645447,11.355450630187988,0.8993244171142578,72.47927856445312,True,0,12.254775047302246,12.190201759338379,0.003862380981463076,0.040698084462475456,0.6073590606114407,-0.014458903636648257,"StraightLane index=('>>>', '1S0_0_', 0)",True,286.1737976074219,0.0011415481567382812,0.0004806518554603323,"StraightLane index=('>>', '>>>', 0)",True,0.0,True,False,0.7593404054641724,0.5929001569747925,0.0,0.5929001569747925,True,0.0,0.0,0.3705625981092453,0.0,0.3705625981092453,0.0
66.679961,"[336.62744140625, 4.498854637145996, 0.0]","[409.2010498046875, 4.5, 0.0]",11.3918132786048,12.184767723083496,12.191799798879305,1.0232925415483152,1.2573825120925903,72.54992674589992,0.8188543315645447,-0.6317615509548347,68.04992674589992,-0.7929544444786956,11.367166519165039,0.8993244171142578,72.47927856445312,True,0,12.266490936279297,12.184767723083496,0.003862380981463076,0.040698084462475456,0.6073590606114407,-0.014458903636648257,"StraightLane index=('>>>', '1S0_0_', 0)",True,286.4004211425781,0.0011434555053710938,0.0004730224609372935,"StraightLane index=('>>', '>>>', 0)",True,0.0,True,False,0.7593404054641724,0.5929001569747925,0.0,0.5929001569747925,True,0.0,0.0,0.3705625981092453,0.0,0.3705625981092453,0.0
66.699539,"[336.8548583984375, 4.498852729797363, 0.0]","[409.4441833496094, 4.5, 0.0]",11.412279129435857,12.192632675170898,12.192974590600002,1.0232925415528449,1.1947842836380005,72.57360838604122,0.7929544444786956,-1.2949943542924558,68.07360838604122,-0.780353545735041,11.397676467895508,0.8993244171142578,72.47927856445312,True,0,12.297000885009766,12.192632675170898,0.1273155212402166,0.041084319259635495,0.5483141239874122,0.044586032987380286,"StraightLane index=('>>>', '1S0_0_', 0)",True,286.62744140625,0.0011453628540039062,0.0004882812499833711,"StraightLane index=('>>', '>>>', 0)",True,0.0,True,False,0.7593404054641724,0.5929001569747925,0.0,0.5929001569747925,True,0.0,0.0,0.3705625981092453,0.0,0.3705625981092453,0.0
66.720306,"[337.08270263671875, 4.4988508224487305, 0.0]","[409.6828918457031, 4.5, 0.0]",11.43274498026687,12.186869621276855,12.193813891119788,1.0232925415506244,1.1848126649856567,72.58932493899326,0.780353545735041,-0.6300449371827277,68.08932493899326,-0.7541246410099856,11.408577919006348,0.8993244171142578,72.47927856445312,True,0,12.307902336120605,12.186869621276855,0.1273155212402166,0.041084319259635495,0.5483141239874122,0.044586032987380286,"StraightLane index=('>>>', '1S0_0_', 0)",True,286.8548583984375,0.0011472702026367188,0.0004806518554603323,"StraightLane index=('>>', '>>>', 0)",True,0.0,True,False,0.7593404054641724,0.5929001569747925,0.0,0.5929001569747925,True,0.0,0.0,0.3705625981092453,0.0,0.3705625981092453,0.0
66.739818,"[337.3109436035156, 4.498848915100098, 0.0]","[409.9333190917969, 4.5, 0.0]",11.450796127732511,12.19435977935791,12.194594262680038,0.9025573732820646,1.1182546615600586,72.60018919631855,0.7541246410099856,-1.3114452362527729,68.10018919631855,-0.743563651625399,11.43647289276123,0.7929544448852539,72.5736083984375,True,0,12.229427337646484,12.19435977935791,0.1273155212402166,0.041084319259635495,0.5483141239874122,-0.02540674769804452,"StraightLane index=('>>>', '1S0_0_', 0)",True,287.08270263671875,0.0011491775512695312,0.0004959106445572987,"StraightLane index=('>>', '>>>', 0)",True,0.0,True,False,0.7593404054641724,0.5229073762893677,0.0,0.5229073762893677,True,0.0,0.0,0.3268171101808548,0.0,0.3268171101808548,0.0
66.758985,"[337.53961181640625, 4.498847007751465, 0.0]","[410.16943359375, 4.5, 0.0]",11.46884727520383,12.188466072082521,12.195361336519708,0.9025573735659265,1.1130448579788208,72.62237547536049,0.743563651625399,-0.5280494692293303,68.12237547536049,-0.7196187968786916,11.44710922241211,0.7929544448852539,72.5736083984375,True,0,12.240063667297363,12.188466072082521,0.1273155212402166,0.041084319259635495,0.5483141239874122,-0.02540674769804452,"StraightLane index=('>>>', '1S0_0_', 0)",True,287.3109436035156,0.0011510848999023438,0.0005035400390803375,"StraightLane index=('>>', '>>>', 0)",True,0.0,True,False,0.7593404054641724,0.5229073762893677,0.0,0.5229073762893677,True,0.0,0.0,0.3268171101808548,0.0,0.3268171101808548,0.0
66.780486,"[337.76861572265625, 4.498845100402832, 0.0]","[410.4203796386719, 4.5, 0.0]",11.486898422672006,12.19595718383789,12.196220766759943,0.9025573734088077,1.0543982982635498,72.62982176368455,0.7196187968786916,-1.197242737335369,68.12982176368455,-0.7090587611658847,11.473793983459473,0.7929544448852539,72.5736083984375,True,0,12.266748428344727,12.19595718383789,0.1273155212402166,0.041084319259635495,0.5483141239874122,-0.02540674769804452,"StraightLane index=('>>>', '1S0_0_', 0)",True,287.53961181640625,0.0011529922485351562,0.0005264282226494539,"StraightLane index=('>>', '>>>', 0)",True,0.0,True,False,0.7593404054641724,0.5229073762893677,0.0,0.5229073762893677,True,0.0,0.0,0.3268171101808548,0.0,0.3268171101808548,0.0
66.803366,"[337.99798583984375, 4.498843193054199, 0.0]","[410.669677734375, 4.5, 0.0]",11.504949570138319,12.190106391906738,12.197068194539984,0.9025573733156378,1.047180414199829,72.65176390282073,0.7090587611658847,-0.5280017856403418,68.15176390282073,-0.6851568217684196,11.48358154296875,0.7929544448852539,72.5736083984375,True,0,12.276535987854004,12.190106391906738,-0.025262832641601562,0.03609168819121589,0.48144362234068866,0.041463753948679016,"StraightLane index=('>>>', '1S0_0_', 0)",True,287.76861572265625,0.0011548995971679688,0.0005111694336033763,"StraightLane index=('>>', '>>>', 0)",True,0.0,True,False,0.7593404054641724,0.5229073762893677,0.0,0.5229073762893677,True,0.0,0.0,0.3268171101808548,0.0,0.3268171101808548,0.0
66.820227,"[338.22772216796875, 4.498841285705566, 0.0]","[410.91009521484375, 4.5, 0.0]",11.523000717603608,12.197281837463379,12.197405353840091,0.9025573732644787,0.9901297688484192,72.67169188131854,0.6851568217684196,-1.195096969873255,68.17169188131854,-0.6742811198597707,11.508451461791992,0.7929544448852539,72.5736083984375,True,0,12.301405906677246,12.197281837463379,-0.025262832641601562,0.03609168819121589,0.48144362234068866,0.041463753948679016,"StraightLane index=('>>>', '1S0_0_', 0)",True,287.99798583984375,0.0011568069458007812,0.0005111694336033763,"StraightLane index=('>>', '>>>', 0)",True,0.0,True,False,0.7593404054641724,0.5229073762893677,0.0,0.5229073762893677,True,0.0,0.0,0.3268171101808548,0.0,0.3268171101808548,0.0
66.839575,"[338.45782470703125, 4.498839378356934, 0.0]","[411.1470031738281, 4.5, 0.0]",11.539216995683228,12.191001892089844,12.197791874999762,0.8108139039809892,0.964925229549408,72.68237303340358,0.6742811198597707,-0.5437850954324475,68.18237303340358,-0.6517848964066157,11.525562286376953,0.7090587615966797,72.65176391601562,True,0,12.234621047973633,12.191001892089844,-0.025262832641601562,0.03609168819121589,0.48144362234068866,-0.011712947120199158,"StraightLane index=('>>>', '1S0_0_', 0)",True,288.22772216796875,0.0011587142944335938,0.0005187988281264151,"StraightLane index=('>>', '>>>', 0)",True,0.0,True,False,0.7475690841674805,0.4697306752204895,0.0,0.4697306752204895,True,0.0,0.0,0.29358167201280594,0.0,0.29358167201280594,0.0
66.859855,"[338.68829345703125, 4.498837471008301, 0.0]","[411.39520263671875, 4.5, 0.0]",11.555433273762121,12.198077201843262,12.198198020039941,0.8108139039446627,0.9593837261199951,72.68917845354946,0.6517848964066157,-1.124811172657747,68.18917845354946,-0.6426439280811405,11.534629821777344,0.7090587615966797,72.65176391601562,True,0,12.243688583374023,12.198077201843262,-0.025262832641601562,0.03609168819121589,0.48144362234068866,-0.011712947120199158,"StraightLane index=('>>>', '1S0_0_', 0)",True,288.45782470703125,0.0011606216430664062,0.0005111694336033763,"StraightLane index=('>>', '>>>', 0)",True,0.0,True,False,0.7475690841674805,0.4697306752204895,0.0,0.4697306752204895,True,0.0,0.0,0.29358167201280594,0.0,0.29358167201280594,0.0
66.88022,"[338.9190673828125, 4.498835563659668, 0.0]","[411.6402587890625, 4.5, 0.0]",11.571649551844482,12.191810607910156,12.198605126879643,0.8108139041180351,0.933527410030365,72.70690916690211,0.6426439280811405,-0.45704841627376425,68.20690916690211,-0.6201610560656743,11.550899505615234,0.7090587615966797,72.65176391601562,True,0,12.259958267211914,12.191810607910156,-0.025262832641601562,0.03609168819121589,0.48144362234068866,-0.011712947120199158,"StraightLane index=('>>>', '1S0_0_', 0)",True,288.68829345703125,0.0011625289916992188,0.0004959106445572987,"StraightLane index=('>>', '>>>', 0)",True,0.0,True,False,0.7475690841674805,0.4697306752204895,0.0,0.4697306752204895,True,0.0,0.0,0.29358167201280594,0.0,0.29358167201280594,0.0
66.898868,"[339.1501770019531, 4.498833656311035, 0.0]","[411.87786865234375, 4.5, 0.0]",11.587865829920904,12.198868751525879,12.19897802169982,0.8108139038211171,0.9093029499053955,72.72119139296727,0.6201610560656743,-1.1241436007733085,68.22119139296727,-0.6110029216049746,11.566829681396484,0.7090587615966797,72.65176391601562,True,0,12.275888442993164,12.198868751525879,0.08762359619140625,0.035549345238793516,0.432701244282027,0.037029430938462504,"StraightLane index=('>>>', '1S0_0_', 0)",True,288.9190673828125,0.0011644363403320312,0.0005111694336033763,"StraightLane index=('>>', '>>>', 0)",True,0.0,True,False,0.7475690841674805,0.4697306752204895,0.0,0.4697306752204895,True,0.0,0.0,0.29358167201280594,0.0,0.29358167201280594,0.0
66.919113,"[339.3816223144531, 4.498831748962402, 0.0]","[412.1221923828125, 4.5, 0.0]",11.604082107993637,12.195935249328613,12.199383192140028,0.8108139036366424,0.870551586151123,72.72769163780994,0.6110029216049746,-0.45790672303498425,68.22769163780994,-0.5918531413349761,11.589640617370605,0.7090587615966797,72.65176391601562,True,0,12.298699378967285,12.195935249328613,0.08762359619140625,0.035549345238793516,0.432701244282027,0.037029430938462504,"StraightLane index=('>>>', '1S0_0_', 0)",True,289.1501770019531,0.0011663436889648438,0.0004882812499833711,"StraightLane index=('>>', '>>>', 0)",True,0.0,True,False,0.7475690841674805,0.4697306752204895,0.0,0.4697306752204895,True,0.0,0.0,0.29358167201280594,0.0,0.29358167201280594,0.0
66.939127,"[339.6133728027344, 4.4988298416137695, 0.0]","[412.366455078125, 4.5, 0.0]",11.618169784990089,12.196334838867188,12.199783412879565,0.7043838498225874,0.853830099105835,72.74057005576196,0.5918531413349761,-0.9574890134999237,68.24057005576196,-0.5781650538770986,11.605284690856934,0.6201610565185547,72.72119140625,True,0,12.225445747375488,12.196334838867188,0.08762359619140625,0.035549345238793516,0.432701244282027,-0.024624361919661275,"StraightLane index=('>>>', '1S0_0_', 0)",True,289.3816223144531,0.0011682510375976562,0.0004882812499833711,"StraightLane index=('>>', '>>>', 0)",True,0.0,True,False,0.7475690841674805,0.4080768823623657,0.0,0.4080768823623657,True,0.0,0.0,0.2550480514764786,0.0,0.2550480514764786,0.0
66.958628,"[339.845458984375, 4.498827934265137, 0.0]","[412.6089782714844, 4.5, 0.0]",11.632257461984667,12.196732521057129,12.200173533779685,0.7043838497288846,0.8320657014846802,72.75308226253748,0.5781650538770986,-0.6844043728938765,68.25308226253748,-0.5644750590724623,11.620037078857422,0.6201610565185547,72.72119140625,True,0,12.240198135375977,12.196732521057129,0.08762359619140625,0.035549345238793516,0.432701244282027,-0.024624361919661275,"StraightLane index=('>>>', '1S0_0_', 0)",True,289.6133728027344,0.0011701583862304688,0.0004959106445572987,"StraightLane index=('>>', '>>>', 0)",True,0.0,True,False,0.7475690841674805,0.4080768823623657,0.0,0.4080768823623657,True,0.0,0.0,0.2550480514764786,0.0,0.2550480514764786,0.0
66.979251,"[340.07781982421875, 4.498826026916504, 0.0]","[412.8533630371094, 4.5, 0.0]",11.646345138981872,12.19713306427002,12.200585734279827,0.7043838498602462,0.8164657950401306,72.76351927495332,0.5644750590724623,-0.6844997402318143,68.26351927495332,-0.550787925288148,11.635031700134277,0.6201610565185547,72.72119140625,True,0,12.255192756652832,12.19713306427002,0.08762359619140625,0.035549345238793516,0.432701244282027,-0.024624361919661275,"StraightLane index=('>>>', '1S0_0_', 0)",True,289.845458984375,0.0011720657348632812,0.0004730224609372935,"StraightLane index=('>>', '>>>', 0)",True,0.0,True,False,0.7475690841674805,0.4080768823623657,0.0,0.4080768823623657,True,0.0,0.0,0.2550480514764786,0.0,0.2550480514764786,0.0
66.999394,"[340.3104553222656, 4.498824119567871, 0.0]","[413.09710693359375, 4.5, 0.0]",11.660432815976549,12.197532653808594,12.200988725639997,0.7043838497338584,0.8136472105979919,72.77554320095409,0.550787925288148,-0.6843566892157149,68.27554320095409,-0.5370998378320451,11.642900466918945,0.6201610565185547,72.72119140625,True,0,12.2630615234375,12.197532653808594,-0.013360977172851562,0.03152677651386436,0.38064167110469366,0.027435211257672065,"StraightLane index=('>>>', '1S0_0_', 0)",True,290.07781982421875,0.0011739730834960938,0.0004653930664142548,"StraightLane index=('>>', '>>>', 0)",True,0.0,True,False,0.7475690841674805,0.4080768823623657,0.0,0.4080768823623657,True,0.0,0.0,0.2550480514764786,0.0,0.2550480514764786,0.0
67.019499,"[340.54339599609375, 4.498822212219238, 0.0]","[413.3426818847656, 4.5, 0.0]",11.674520492973555,12.197800636291504,12.201195303589863,0.7043838498502986,0.794205367565155,72.78665159913979,0.5370998378320451,-0.6844043728051474,68.28665159913979,-0.5232801433179493,11.656975746154785,0.5507879257202148,72.77554321289062,True,0,12.207763671875,12.197800636291504,-0.013360977172851562,0.03152677651386436,0.38064167110469366,0.027435211257672065,"StraightLane index=('>>>', '1S0_0_', 0)",True,290.3104553222656,0.0011758804321289062,0.0004730224609372935,"StraightLane index=('>>', '>>>', 0)",True,0.0,True,False,0.7475690841674805,0.4080768823623657,0.0,0.4080768823623657,True,0.0,0.0,0.2550480514764786,0.0,0.2550480514764786,0.0
67.039862,"[340.776611328125, 4.4988203048706055, 0.0]","[413.59295654296875, 4.5, 0.0]",11.687070846973334,12.198005676269531,12.20139899489988,0.6275176999889887,0.7745229005813599,72.79928587646737,0.5232801433179493,-0.6909847257047907,68.29928587646737,-0.5109348292961968,11.670633316040039,0.5507879257202148,72.77554321289062,True,0,12.221421241760254,12.198005676269531,-0.013360977172851562,0.03152677651386436,0.38064167110469366,-0.017088772936129815,"StraightLane index=('>>>', '1S0_0_', 0)",True,290.54339599609375,0.0011777877807617188,0.0004730224609372935,"StraightLane index=('>>', '>>>', 0)",True,0.0,True,False,0.7351250052452087,0.36355289816856384,0.0,0.36355289816856384,True,0.0,0.0,0.2272205613553524,0.0,0.2272205613553524,0.0
67.059388,"[341.0101013183594, 4.498818397521973, 0.0]","[413.8356628417969, 4.5, 0.0]",11.699621200974235,12.19820499420166,12.201594256540062,0.6275177000450327,0.7558678984642029,72.81634520262291,0.5109348292961968,-0.6172657010876215,68.31634520262291,-0.4985837932274251,11.684008598327637,0.5507879257202148,72.77554321289062,True,0,12.234796524047852,12.19820499420166,-0.013360977172851562,0.03152677651386436,0.38064167110469366,-0.017088772936129815,"StraightLane index=('>>>', '1S0_0_', 0)",True,290.776611328125,0.0011796951293945312,0.0004730224609372935,"StraightLane index=('>>', '>>>', 0)",True,0.0,True,False,0.7351250052452087,0.36355289816856384,0.0,0.36355289816856384,True,0.0,0.0,0.2272205613553524,0.0,0.2272205613553524,0.0
67.080005,"[341.24383544921875, 4.49881649017334, 0.0]","[414.0802917480469, 4.5, 0.0]",11.712171554976221,12.198405265808107,12.201800389309879,0.6275177000993004,0.7344696521759033,72.8255615112006,0.4985837932274251,-0.6175518034385874,68.3255615112006,-0.48623371083188616,11.696731567382812,0.5507879257202148,72.77554321289062,True,0,12.247519493103027,12.198405265808107,-0.013360977172851562,0.03152677651386436,0.38064167110469366,-0.017088772936129815,"StraightLane index=('>>>', '1S0_0_', 0)",True,291.0101013183594,0.0011816024780273438,0.0004730224609372935,"StraightLane index=('>>', '>>>', 0)",True,0.0,True,False,0.7351250052452087,0.36355289816856384,0.0,0.36355289816856384,True,0.0,0.0,0.2272205613553524,0.0,0.2272205613553524,0.0
67.101363,"[341.4778137207031, 4.498814582824707, 0.0]","[414.3233947753906, 4.5, 0.0]",11.72472190898259,12.198604583740234,12.202012423469801,0.627517700318414,0.7131507992744446,72.8364562863368,0.48623371083188616,-0.617504119776946,68.3364562863368,-0.473882674757645,11.70900821685791,0.5507879257202148,72.77554321289062,True,0,12.259796142578125,12.198604583740234,0.01071929931640625,0.028749274338552143,0.3367730129310214,0.026779885237542433,"StraightLane index=('>>>', '1S0_0_', 0)",True,291.24383544921875,0.0011835098266601562,0.0004806518554603323,"StraightLane index=('>>', '>>>', 0)",True,0.0,True,False,0.7351250052452087,0.36355289816856384,0.0,0.36355289816856384,True,0.0,0.0,0.2272205613553524,0.0,0.2272205613553524,0.0
67.11991,"[341.7120666503906, 4.498812675476074, 0.0]","[414.5623474121094, 4.5, 0.0]",11.737272262992208,12.198800086975098,12.202199519889778,0.6275177004809507,0.6924604177474976,72.84558104217984,0.473882674757645,-0.6175518037120575,68.34558104217984,-0.4615278239828893,11.720952033996582,0.5507879257202148,72.77554321289062,True,0,12.271739959716797,12.198800086975098,0.01071929931640625,0.028749274338552143,0.3367730129310214,0.026779885237542433,"StraightLane index=('>>>', '1S0_0_', 0)",True,291.4778137207031,0.0011854171752929688,0.0004806518554603323,"StraightLane index=('>>', '>>>', 0)",True,0.0,True,False,0.7351250052452087,0.36355289816856384,0.0,0.36355289816856384,True,0.0,0.0,0.2272205613553524,0.0,0.2272205613553524,0.0
67.139954,"[341.9465637207031, 4.498810768127441, 0.0]","[414.80670166015625, 4.5, 0.0]",11.748323440982078,12.199000358581543,12.202399957120011,0.5525588994935049,0.6742027401924133,72.85028074871337,0.4615278239828893,-0.6177425387377866,68.35028074871337,-0.4506769175994645,11.732722282409668,0.4862337112426758,72.83645629882812,True,0,12.218955993652344,12.199000358581543,0.01071929931640625,0.028749274338552143,0.3367730129310214,-0.016597275788458543,"StraightLane index=('>>>', '1S0_0_', 0)",True,291.7120666503906,0.0011873245239257812,0.0004959106445572987,"StraightLane index=('>>', '>>>', 0)",True,0.0,True,False,0.7351250052452087,0.32017573714256287,0.0,0.32017573714256287,True,0.0,0.0,0.2001098357141018,0.0,0.2001098357141018,0.0
67.159008,"[342.1813049316406, 4.498808860778809, 0.0]","[415.0554504394531, 4.5, 0.0]",11.7593746189765,12.199204444885254,12.202590577009774,0.5525588997210562,0.65805584192276,72.86013792545123,0.4506769175994645,-0.5425453191712393,68.36013792545123,-0.4398298259087543,11.744384765625,0.4862337112426758,72.83645629882812,True,0,12.230618476867676,12.199204444885254,0.01071929931640625,0.028749274338552143,0.3367730129310214,-0.016597275788458543,"StraightLane index=('>>>', '1S0_0_', 0)",True,291.9465637207031,0.0011892318725585938,0.0005264282226494539,"StraightLane index=('>>', '>>>', 0)",True,0.0,True,False,0.7351250052452087,0.32017573714256287,0.0,0.32017573714256287,True,0.0,0.0,0.2001098357141018,0.0,0.2001098357141018,0.0
67.179926,"[342.416259765625, 4.498806953430176, 0.0]","[415.30023193359375, 4.5, 0.0]",11.770425796970134,12.1994047164917,12.20279963957984,0.5525588996817099,0.6405066847801208,72.87414549354408,0.4398298259087543,-0.5423545845355093,68.37414549354408,-0.4289789195215654,11.75556755065918,0.4862337112426758,72.83645629882812,True,0,12.241801261901855,12.1994047164917,0.01071929931640625,0.028749274338552143,0.3367730129310214,-0.016597275788458543,"StraightLane index=('>>>', '1S0_0_', 0)",True,292.1813049316406,0.0011911392211914062,0.0005340576171724927,"StraightLane index=('>>', '>>>', 0)",True,0.0,True,False,0.7351250052452087,0.32017573714256287,0.0,0.32017573714256287,True,0.0,0.0,0.2001098357141018,0.0,0.2001098357141018,0.0
67.199475,"[342.6514587402344, 4.498805046081543, 0.0]","[415.54388427734375, 4.5, 0.0]",11.781476974959237,12.199604988098145,12.202995225329882,0.5525588994551356,0.6230317950248718,72.88397215368212,0.4289789195215654,-0.5425453193594443,68.38397215368212,-0.418128013138908,11.766406059265137,0.4862337112426758,72.83645629882812,True,0,12.252639770507812,12.199604988098145,0.010004043579101562,0.026224488429965484,0.2980076969702557,0.02216804017230717,"StraightLane index=('>>>', '1S0_0_', 0)",True,292.416259765625,0.0011930465698242188,0.0005340576171724927,"StraightLane index=('>>', '>>>', 0)",True,0.0,True,False,0.7351250052452087,0.32017573714256287,0.0,0.32017573714256287,True,0.0,0.0,0.2001098357141018,0.0,0.2001098357141018,0.0
67.219474,"[342.8868713378906, 4.49880313873291, 0.0]","[415.78314208984375, 4.5, 0.0]",11.792528152941532,12.199800491333008,12.20319518319005,0.5525588991147856,0.6066731810569763,72.8924255233012,0.418128013138908,-0.54254531913287,68.3924255233012,-0.4072723383914756,11.777016639709473,0.4862337112426758,72.83645629882812,True,0,12.263250350952148,12.199800491333008,0.010004043579101562,0.026224488429965484,0.2980076969702557,0.02216804017230717,"StraightLane index=('>>>', '1S0_0_', 0)",True,292.6514587402344,0.0011949539184570312,0.0005187988281264151,"StraightLane index=('>>', '>>>', 0)",True,0.0,True,False,0.7351250052452087,0.32017573714256287,0.0,0.32017573714256287,True,0.0,0.0,0.2001098357141018,0.0,0.2001098357141018,0.0
67.240767,"[343.12249755859375, 4.498801231384277, 0.0]","[416.0283203125, 4.5, 0.0]",11.802251816270674,12.20000171661377,12.203407895950019,0.48618316645709925,0.5921027660369873,72.89627073837414,0.4072723383914756,-0.5427837373716216,68.39627073837414,-0.3977499003430953,11.787495613098145,0.42897891998291016,72.88397216796875,True,0,12.216474533081055,12.20000171661377,0.010004043579101562,0.026224488429965484,0.2980076969702557,-0.016328454120905722,"StraightLane index=('>>>', '1S0_0_', 0)",True,292.8868713378906,0.0011968612670898438,0.0005111694336033763,"StraightLane index=('>>', '>>>', 0)",True,0.0,True,False,0.722011387348175,0.28167924284935,0.0,0.28167924284935,True,0.0,0.0,0.17604952678084373,0.0,0.17604952678084373,0.0
67.260137,"[343.35833740234375, 4.4987993240356445, 0.0]","[416.276123046875, 4.5, 0.0]",11.811975479601072,12.200204849243164,12.20360162125982,0.48618316651989346,0.5796886086463928,72.90582274030987,0.3977499003430953,-0.4761219024190133,68.40582274030987,-0.388229369642092,11.797920227050781,0.42897891998291016,72.88397216796875,True,0,12.226899147033691,12.200204849243164,0.010004043579101562,0.026224488429965484,0.2980076969702557,-0.016328454120905722,"StraightLane index=('>>>', '1S0_0_', 0)",True,293.12249755859375,0.0011987686157226562,0.0005111694336033763,"StraightLane index=('>>', '>>>', 0)",True,0.0,True,False,0.722011387348175,0.28167924284935,0.0,0.28167924284935,True,0.0,0.0,0.17604952678084373,0.0,0.17604952678084373,0.0
67.279408,"[343.5943908691406, 4.498797416687012, 0.0]","[416.51483154296875, 4.5, 0.0]",11.821699142931491,12.200400352478027,12.203794443969906,0.4861831665209593,0.569560706615448,72.91778563091736,0.388229369642092,-0.4760265350501669,68.41778563091736,-0.3787012095465361,11.808347702026367,0.42897891998291016,72.88397216796875,True,0,12.237326622009277,12.200400352478027,0.010004043579101562,0.026224488429965484,0.2980076969702557,-0.016328454120905722,"StraightLane index=('>>>', '1S0_0_', 0)",True,293.35833740234375,0.0012006759643554688,0.0005111694336033763,"StraightLane index=('>>', '>>>', 0)",True,0.0,True,False,0.722011387348175,0.28167924284935,0.0,0.28167924284935,True,0.0,0.0,0.17604952678084373,0.0,0.17604952678084373,0.0
67.299107,"[343.83062744140625, 4.498795509338379, 0.0]","[416.75860595703125, 4.5, 0.0]",11.831422806262092,12.200599670410156,12.203991525009858,0.4861831665300187,0.5570627450942993,72.92044066044325,0.3787012095465361,-0.4764080047777952,68.42044066044325,-0.3691768641480646,11.81833553314209,0.42897891998291016,72.88397216796875,True,0,12.247314453125,12.200599670410156,0.009946823120117188,0.023950178396173038,0.26391514009241507,0.017764102756934907,"StraightLane index=('>>>', '1S0_0_', 0)",True,293.5943908691406,0.0012025833129882812,0.0005035400390803375,"StraightLane index=('>>', '>>>', 0)",True,0.0,True,False,0.722011387348175,0.28167924284935,0.0,0.28167924284935,True,0.0,0.0,0.17604952678084373,0.0,0.17604952678084373,0.0
67.319703,"[344.0670471191406, 4.498793601989746, 0.0]","[417.0041198730469, 4.5, 0.0]",11.841146469596895,12.200800895690918,12.204197498999944,0.4861831667401617,0.5443673729896545,72.92797850172902,0.3691768641480646,-0.4762172699235734,68.42797850172902,-0.3596544260940231,11.828024864196777,0.42897891998291016,72.88397216796875,True,0,12.257003784179688,12.200800895690918,0.009946823120117188,0.023950178396173038,0.26391514009241507,0.017764102756934907,"StraightLane index=('>>>', '1S0_0_', 0)",True,293.83062744140625,0.0012044906616210938,0.0005187988281264151,"StraightLane index=('>>', '>>>', 0)",True,0.0,True,False,0.722011387348175,0.28167924284935,0.0,0.28167924284935,True,0.0,0.0,0.17604952678084373,0.0,0.17604952678084373,0.0
67.341282,"[344.3036804199219, 4.498791694641113, 0.0]","[417.2518310546875, 4.5, 0.0]",11.849729538447795,12.204338073730469,12.20441298307001,0.4291534425449939,0.5315806269645691,72.9370727397434,0.3596544260940231,-0.47612190270207577,68.4370727397434,-0.354608535282674,11.837474822998047,0.37870121002197266,72.92044067382812,True,0,12.21617603302002,12.204338073730469,0.009946823120117188,0.023950178396173038,0.26391514009241507,-0.015305180013221953,"StraightLane index=('>>>', '1S0_0_', 0)",True,294.0670471191406,0.0012063980102539062,0.0005264282226494539,"StraightLane index=('>>', '>>>', 0)",True,0.0,True,False,0.722011387348175,0.24860996007919312,0.0,0.24860996007919312,True,0.0,0.0,0.1553812250494957,0.0,0.1553812250494957,0.0
67.359154,"[344.5404968261719, 4.4987897872924805, 0.0]","[417.4896545410156, 4.5, 0.0]",11.858312607297405,12.19786548614502,12.20459205101995,0.4291534424805121,0.520232617855072,72.94815062083428,0.354608535282674,-0.2522945405674548,68.44815062083428,-0.33955287884761454,11.8468017578125,0.37870121002197266,72.92044067382812,True,0,12.225502967834473,12.19786548614502,0.009946823120117188,0.023950178396173038,0.26391514009241507,-0.015305180013221953,"StraightLane index=('>>>', '1S0_0_', 0)",True,294.3036804199219,0.0012083053588867188,0.0005187988281264151,"StraightLane index=('>>', '>>>', 0)",True,0.0,True,False,0.722011387348175,0.24860996007919312,0.0,0.24860996007919312,True,0.0,0.0,0.1553812250494957,0.0,0.1553812250494957,0.0
67.379337,"[344.7774963378906, 4.498787879943848, 0.0]","[417.73431396484375, 4.5, 0.0]",11.866895676150383,12.204733848571777,12.204793748639874,0.42915344264891075,0.5098713636398315,72.94915770064533,0.33955287884761454,-0.7527828217529731,68.44915770064533,-0.33783817242139413,11.856034278869629,0.37870121002197266,72.92044067382812,True,0,12.234735488891602,12.204733848571777,0.009946823120117188,0.023950178396173038,0.26391514009241507,-0.015305180013221953,"StraightLane index=('>>>', '1S0_0_', 0)",True,294.5404968261719,0.0012102127075195312,0.0005264282226494539,"StraightLane index=('>>', '>>>', 0)",True,0.0,True,False,0.722011387348175,0.24860996007919312,0.0,0.24860996007919312,True,0.0,0.0,0.1553812250494957,0.0,0.1553812250494957,0.0
67.3994,"[345.0146484375, 4.498785495758057, 0.0]","[417.97857666015625, 4.5, 0.0]",11.875478745001136,12.198266029357912,12.204994376409973,0.429153442537622,0.4969586730003357,72.95681761298688,0.33783817242139413,-0.08573532131102013,68.45681761298688,-0.3227872843567763,11.864776611328125,0.37870121002197266,72.92044067382812,True,0,12.243477821350098,12.198266029357912,-0.023336410522443174,0.020738386188270223,0.23055012102017483,0.018059839059018284,"StraightLane index=('>>>', '1S0_0_', 0)",True,294.7774963378906,0.0012121200561523438,0.0005187988281264151,"StraightLane index=('>>', '>>>', 0)",True,0.0,True,False,0.722011387348175,0.24860996007919312,0.0,0.24860996007919312,True,0.0,0.0,0.1553812250494957,0.0,0.1553812250494957,0.0
67.420004,"[345.2519836425781, 4.498783111572266, 0.0]","[418.2234191894531, 4.5, 0.0]",11.88406181385547,12.205403327941895,12.205601337879605,0.42915344271667877,0.47226783633232117,72.96392820841778,0.3227872843567763,-0.7525444032308926,68.46392820841778,-0.3213415140864253,11.876849174499512,0.33783817291259766,72.95681762695312,True,0,12.21468734741211,12.205403327941895,-0.023336410522443174,0.020738386188270223,0.23055012102017483,0.018059839059018284,"StraightLane index=('>>>', '1S0_0_', 0)",True,295.0146484375,0.0012145042419433594,0.0005264282226494539,"StraightLane index=('>>', '>>>', 0)",True,0.0,True,False,0.7082408666610718,0.24860996007919312,0.0,0.24860996007919312,True,0.0,0.0,0.1553812250494957,0.0,0.1553812250494957,0.0
67.439268,"[345.489501953125, 4.498780727386475, 0.0]","[418.4678039550781, 4.5, 0.0]",11.891752243547181,12.199336051940918,12.206179333689622,0.3845214845855871,0.4692000448703766,72.97143553261431,0.3213415140864253,-0.07228851351754884,68.47143553261431,-0.307583808393737,11.88124942779541,0.33783817291259766,72.95681762695312,True,0,12.219087600708008,12.199336051940918,-0.023336410522443174,0.020738386188270223,0.23055012102017483,-0.007727499555445522,"StraightLane index=('>>>', '1S0_0_', 0)",True,295.2519836425781,0.001216888427734375,0.0005264282226494539,"StraightLane index=('>>', '>>>', 0)",True,0.0,True,False,0.7082408666610718,0.2228226214647293,0.0,0.2228226214647293,True,0.0,0.0,0.13926413841545582,0.0,0.13926413841545582,0.0
67.458676,"[345.7271728515625, 4.498778343200684, 0.0]","[418.7106018066406, 4.5, 0.0]",11.899442673233898,12.206600189208984,12.206761730289552,0.38452148433583133,0.4563068151473999,72.97830198792124,0.307583808393737,-0.6878852846344152,68.47830198792124,-0.3071575159750868,11.889177322387695,0.33783817291259766,72.95681762695312,True,0,12.227015495300293,12.206600189208984,-0.023336410522443174,0.020738386188270223,0.23055012102017483,-0.007727499555445522,"StraightLane index=('>>>', '1S0_0_', 0)",True,295.489501953125,0.0012192726135253906,0.0005187988281264151,"StraightLane index=('>>', '>>>', 0)",True,0.0,True,False,0.7082408666610718,0.2228226214647293,0.0,0.2228226214647293,True,0.0,0.0,0.13926413841545582,0.0,0.13926413841545582,0.0
67.480217,"[345.9649963378906, 4.498775959014893, 0.0]","[418.9615478515625, 4.5, 0.0]",11.907133102921277,12.200549125671387,12.207407572719793,0.3845214843689604,0.4448558986186981,72.98342894102443,0.3071575159750868,-0.02131462093251102,68.48342894102443,-0.2934160227501099,11.897005081176758,0.33783817291259766,72.95681762695312,True,0,12.234843254089355,12.200549125671387,-0.023336410522443174,0.020738386188270223,0.23055012102017483,-0.007727499555445522,"StraightLane index=('>>>', '1S0_0_', 0)",True,295.7271728515625,0.0012216567993164062,0.0005187988281264151,"StraightLane index=('>>', '>>>', 0)",True,0.0,True,False,0.7082408666610718,0.2228226214647293,0.0,0.2228226214647293,True,0.0,0.0,0.13926413841545582,0.0,0.13926413841545582,0.0
67.498885,"[346.2029724121094, 4.498773574829102, 0.0]","[419.1995544433594, 4.5, 0.0]",11.91482353260896,12.207801818847656,12.207967927749385,0.38452148438414824,0.427171915769577,72.9965514993444,0.2934160227501099,-0.6870746612488432,68.4965514993444,-0.2929782862386965,11.908309936523438,0.33783817291259766,72.95681762695312,True,0,12.246148109436035,12.207801818847656,0.09535789489744317,0.02200207389085371,0.21243795994600642,0.010384661518722887,"StraightLane index=('>>>', '1S0_0_', 0)",True,295.9649963378906,0.0012240409851074219,0.0005264282226494539,"StraightLane index=('>>', '>>>', 0)",True,0.0,True,False,0.7082408666610718,0.2228226214647293,0.0,0.2228226214647293,True,0.0,0.0,0.13926413841545582,0.0,0.13926413841545582,0.0
67.519402,"[346.44110107421875, 4.4987711906433105, 0.0]","[419.444091796875, 4.5, 0.0]",11.922513962296609,12.20213794708252,12.209166796359467,0.3845214843824607,0.42721110582351685,72.99658201690062,0.2929782862386965,-0.021886825570671675,68.49658201690062,-0.27962398478591055,11.912586212158203,0.29341602325439453,72.99655151367188,True,0,12.206002235412598,12.20213794708252,0.09535789489744317,0.02200207389085371,0.21243795994600642,0.010384661518722887,"StraightLane index=('>>>', '1S0_0_', 0)",True,296.2029724121094,0.0012264251708984375,0.0005264282226494539,"StraightLane index=('>>', '>>>', 0)",True,0.0,True,False,0.7082408666610718,0.2228226214647293,0.0,0.2228226214647293,True,0.0,0.0,0.13926413841545582,0.0,0.13926413841545582,0.0
67.53916,"[346.67938232421875, 4.4987688064575195, 0.0]","[419.6886901855469, 4.5, 0.0]",11.929128647351043,12.21000862121582,12.210352299338673,0.3307342527216761,0.4164571166038513,73.0029907082847,0.27962398478591055,-0.6677150726392966,68.5029907082847,-0.2808799738647778,11.919931411743164,0.29341602325439453,72.99655151367188,True,0,12.213347434997559,12.21000862121582,0.09535789489744317,0.02200207389085371,0.21243795994600642,-0.020821573770850782,"StraightLane index=('>>>', '1S0_0_', 0)",True,296.44110107421875,0.0012288093566894531,0.0005264282226494539,"StraightLane index=('>>', '>>>', 0)",True,0.0,True,False,0.7082408666610718,0.19161638617515564,0.0,0.19161638617515564,True,0.0,0.0,0.11976024135947227,0.0,0.11976024135947227,0.0
67.559155,"[346.9178466796875, 4.4987664222717285, 0.0]","[419.937744140625, 4.5, 0.0]",11.93574333240292,12.204564094543457,12.211552319500013,0.33073425259386724,0.40506669878959656,73.00930784743834,0.2808799738647778,0.06279945394336295,68.50930784743834,-0.2688207621405372,11.926965713500977,0.29341602325439453,72.99655151367188,True,0,12.220381736755371,12.204564094543457,0.09535789489744317,0.02200207389085371,0.21243795994600642,-0.020821573770850782,"StraightLane index=('>>>', '1S0_0_', 0)",True,296.67938232421875,0.0012311935424804688,0.0005111694336033763,"StraightLane index=('>>', '>>>', 0)",True,0.0,True,False,0.7082408666610718,0.19161638617515564,0.0,0.19161638617515564,True,0.0,0.0,0.11976024135947227,0.0,0.11976024135947227,0.0
67.580279,"[347.15643310546875, 4.4987640380859375, 0.0]","[420.1773681640625, 4.5, 0.0]",11.942358017457225,12.212409019470215,12.212814529179713,0.33073425271528123,0.3931935727596283,73.01989744652143,0.2688207621405372,-0.6029605862120313,68.51989744652143,-0.27005100201298937,11.93374252319336,0.29341602325439453,72.99655151367188,True,0,12.227158546447754,12.212409019470215,0.09535789489744317,0.02200207389085371,0.21243795994600642,-0.020821573770850782,"StraightLane index=('>>>', '1S0_0_', 0)",True,296.9178466796875,0.0012335777282714844,0.0005264282226494539,"StraightLane index=('>>', '>>>', 0)",True,0.0,True,False,0.7082408666610718,0.19161638617515564,0.0,0.19161638617515564,True,0.0,0.0,0.11976024135947227,0.0,0.11976024135947227,0.0
67.600686,"[347.3951416015625, 4.4987616539001465, 0.0]","[420.4265441894531, 4.5, 0.0]",11.94897270250844,12.20696544647217,12.21406521616038,0.3307342525607382,0.3753468096256256,73.02093504466096,0.27005100201298937,0.061511993622609396,68.52093504466096,-0.2579927439637295,11.943459510803223,0.29341602325439453,72.99655151367188,True,0,12.236875534057617,12.20696544647217,-0.008363723754865049,0.019509136170348062,0.18720441974677224,0.0044119664283834015,"StraightLane index=('>>>', '1S0_0_', 0)",True,297.15643310546875,0.0012359619140625,0.0005111694336033763,"StraightLane index=('>>', '>>>', 0)",True,0.0,True,False,0.7082408666610718,0.19161638617515564,0.0,0.19161638617515564,True,0.0,0.0,0.11976024135947227,0.0,0.11976024135947227,0.0
67.620121,"[347.6340026855469, 4.4987592697143555, 0.0]","[420.6651611328125, 4.5, 0.0]",11.955587387558007,12.215208053588867,12.215808307809349,0.3307342524783152,0.36368653178215027,73.03140257418717,0.2579927439637295,-0.6029129024629931,68.53140257418717,-0.25962066603086065,11.949713706970215,0.2700510025024414,73.02093505859375,True,0,12.219764709472656,12.215208053588867,-0.008363723754865049,0.019509136170348062,0.18720441974677224,0.0044119664283834015,"StraightLane index=('>>>', '1S0_0_', 0)",True,297.3951416015625,0.0012383460998535156,0.0005035400390803375,"StraightLane index=('>>', '>>>', 0)",True,0.0,True,False,0.6938318014144897,0.19161638617515564,0.0,0.19161638617515564,True,0.0,0.0,0.11976024135947227,0.0,0.11976024135947227,0.0
67.639332,"[347.87298583984375, 4.4987568855285645, 0.0]","[420.91015625, 4.5, 0.0]",11.961797714704373,12.210345268249512,12.217539210940014,0.3105163573183134,0.3641614019870758,73.03115843404,0.25962066603086065,0.08139610335655689,68.53115843404,-0.2485475535451389,11.953400611877441,0.2700510025024414,73.02093505859375,True,0,12.223451614379883,12.210345268249512,-0.008363723754865049,0.019509136170348062,0.18720441974677224,-0.007328434958831259,"StraightLane index=('>>>', '1S0_0_', 0)",True,297.6340026855469,0.0012407302856445312,0.0004882812499833711,"StraightLane index=('>>', '>>>', 0)",True,0.0,True,False,0.6938318014144897,0.17987598478794098,0.0,0.17987598478794098,True,0.0,0.0,0.11242249049246311,0.0,0.11242249049246311,0.0
67.659191,"[348.1120910644531, 4.498754978179932, 0.0]","[421.1594543457031, 4.5, 0.0]",11.968008041850892,12.218849182128906,12.219331712229177,0.31051635732595173,0.3570355772972107,73.03717039666101,0.2485475535451389,-0.5536556242860868,68.53717039666101,-0.2508411402780144,11.959879875183105,0.2700510025024414,73.02093505859375,True,0,12.229930877685547,12.218849182128906,-0.008363723754865049,0.019509136170348062,0.18720441974677224,-0.007328434958831259,"StraightLane index=('>>>', '1S0_0_', 0)",True,297.87298583984375,0.0012431144714355469,0.0004959106445572987,"StraightLane index=('>>', '>>>', 0)",True,0.0,True,False,0.6938318014144897,0.17987598478794098,0.0,0.17987598478794098,True,0.0,0.0,0.11242249049246311,0.0,0.11242249049246311,0.0
67.679338,"[348.351318359375, 4.498753070831299, 0.0]","[421.39794921875, 4.5, 0.0]",11.974218369001818,12.213937759399414,12.221143845580519,0.3105163575463088,0.3472294509410858,73.04736326723533,0.2508411402780144,0.11467933664377483,68.54736326723533,-0.23971939039759604,11.965919494628906,0.2700510025024414,73.02093505859375,True,0,12.235970497131348,12.213937759399414,-0.008363723754865049,0.019509136170348062,0.18720441974677224,-0.007328434958831259,"StraightLane index=('>>>', '1S0_0_', 0)",True,298.1120910644531,0.0012450218200683594,0.0005111694336033763,"StraightLane index=('>>', '>>>', 0)",True,0.0,True,False,0.6938318014144897,0.17987598478794098,0.0,0.17987598478794098,True,0.0,0.0,0.11242249049246311,0.0,0.11242249049246311,0.0
67.699037,"[348.5906677246094, 4.498751163482666, 0.0]","[421.6423645019531, 4.5, 0.0]",11.980428696151836,12.222406387329102,12.222912352508866,0.3105163575009229,0.3278985321521759,73.04663084534334,0.23971939039759604,-0.5560874940209182,68.54663084534334,-0.2419776911772651,11.97411823272705,0.2700510025024414,73.02093505859375,True,0,12.244169235229492,12.222406387329102,0.15440940856931817,0.022962551853239394,0.1802480511184617,-0.00037206633052072613,"StraightLane index=('>>>', '1S0_0_', 0)",True,298.351318359375,0.0012469291687011719,0.0005111694336033763,"StraightLane index=('>>', '>>>', 0)",True,0.0,True,False,0.6938318014144897,0.17987598478794098,0.0,0.17987598478794098,True,0.0,0.0,0.11242249049246311,0.0,0.11242249049246311,0.0
67.71919,"[348.83013916015625, 4.498749256134033, 0.0]","[421.8873291015625, 4.5, 0.0]",11.986639023301185,12.218213081359865,12.225685541317798,0.31051635746743855,0.3293627202510834,73.05169676329487,0.2419776911772651,0.11291503898345212,68.55169676329487,-0.2315740580586798,11.977550506591797,0.23971939086914062,73.046630859375,True,0,12.217269897460938,12.218213081359865,0.15440940856931817,0.022962551853239394,0.1802480511184617,-0.00037206633052072613,"StraightLane index=('>>>', '1S0_0_', 0)",True,298.5906677246094,0.0012488365173339844,0.0005111694336033763,"StraightLane index=('>>', '>>>', 0)",True,0.0,True,False,0.6938318014144897,0.17987598478794098,0.0,0.17987598478794098,True,0.0,0.0,0.11242249049246311,0.0,0.11242249049246311,0.0
67.74028,"[349.0697326660156, 4.4987473487854, 0.0]","[422.13226318359375, 4.5, 0.0]",11.992151260850866,12.22768497467041,12.228642804717529,0.2756118774840388,0.32538893818855286,73.05718992734015,0.2315740580586798,-0.5201816559292638,68.55718992734015,-0.23553371381954413,11.983678817749023,0.23971939086914062,73.046630859375,True,0,12.223398208618164,12.22768497467041,0.15440940856931817,0.022962551853239394,0.1802480511184617,-0.02054059429129801,"StraightLane index=('>>>', '1S0_0_', 0)",True,298.83013916015625,0.0012507438659667969,0.0005111694336033763,"StraightLane index=('>>', '>>>', 0)",True,0.0,True,False,0.6938318014144897,0.1597074568271637,0.0,0.1597074568271637,True,0.0,0.0,0.09981716051697731,0.0,0.09981716051697731,0.0
67.758736,"[349.3094787597656, 4.498745441436768, 0.0]","[422.37530517578125, 4.5, 0.0]",11.997663498400618,12.223799705505371,12.231228861337295,0.27561187748759153,0.3197453022003174,73.06253050349478,0.23553371381954413,0.19798278804321612,68.56253050349478,-0.22613620710475324,11.989542961120605,0.23971939086914062,73.046630859375,True,0,12.229262351989746,12.223799705505371,0.15440940856931817,0.022962551853239394,0.1802480511184617,-0.02054059429129801,"StraightLane index=('>>>', '1S0_0_', 0)",True,299.0697326660156,0.0012526512145996094,0.0005111694336033763,"StraightLane index=('>>', '>>>', 0)",True,0.0,True,False,0.6938318014144897,0.1597074568271637,0.0,0.1597074568271637,True,0.0,0.0,0.09981716051697731,0.0,0.09981716051697731,0.0
67.779625,"[349.54931640625, 4.498743534088135, 0.0]","[422.6205749511719, 4.5, 0.0]",12.003175735950418,12.233275413513184,12.234152484697407,0.2756118774899896,0.31326138973236084,73.06582640191515,0.22613620710475324,-0.46987533573954465,68.56582640191515,-0.23009967756276595,11.995200157165527,0.23971939086914062,73.046630859375,True,0,12.234919548034668,12.233275413513184,0.15440940856931817,0.022962551853239394,0.1802480511184617,-0.02054059429129801,"StraightLane index=('>>>', '1S0_0_', 0)",True,299.3094787597656,0.0012545585632324219,0.0005111694336033763,"StraightLane index=('>>', '>>>', 0)",True,0.0,True,False,0.6938318014144897,0.1597074568271637,0.0,0.1597074568271637,True,0.0,0.0,0.09981716051697731,0.0,0.09981716051697731,0.0
67.799302,"[349.7892761230469, 4.498741626739502, 0.0]","[422.8653564453125, 4.5, 0.0]",12.008687973495768,12.229409217834474,12.23690173021867,0.2756118772675009,0.3065754473209381,73.07125853080416,0.23009967756276595,0.1981735229006354,68.57125853080416,-0.22072124433870677,12.00070571899414,0.23971939086914062,73.046630859375,True,0,12.240425109863281,12.229409217834474,0.0700283050537287,0.02311728734479596,0.16658609616495537,-0.0068786393377916755,"StraightLane index=('>>>', '1S0_0_', 0)",True,299.54931640625,0.0012564659118652344,0.0005111694336033763,"StraightLane index=('>>', '>>>', 0)",True,0.0,True,False,0.6938318014144897,0.1597074568271637,0.0,0.1597074568271637,True,0.0,0.0,0.09981716051697731,0.0,0.09981716051697731,0.0
67.819856,"[350.0293273925781, 4.498739719390869, 0.0]","[423.11712646484375, 4.5, 0.0]",12.01420021104668,12.239934921264648,12.241178686678817,0.2756118775455896,0.30015328526496887,73.07608030838443,0.22072124433870677,-0.468921661202959,68.57608030838443,-0.22573471021796898,12.006105422973633,0.23009967803955078,73.07125854492188,True,0,12.236205101013184,12.239934921264648,0.0700283050537287,0.02311728734479596,0.16658609616495537,-0.0068786393377916755,"StraightLane index=('>>>', '1S0_0_', 0)",True,299.7892761230469,0.0012583732604980469,0.0005035400390803375,"StraightLane index=('>>', '>>>', 0)",True,0.0,True,False,0.6787728667259216,0.1597074568271637,0.0,0.1597074568271637,True,0.0,0.0,0.09981716051697731,0.0,0.09981716051697731,0.0
67.839797,"[350.2695007324219, 4.498737812042236, 0.0]","[423.36224365234375, 4.5, 0.0]",12.019704819206567,12.240803718566895,12.245365438619395,0.2752304079943535,0.289153516292572,73.08779905785792,0.22573471021796898,0.25067329396311067,68.58779905785792,-0.221098899360328,12.013842582702637,0.23009967803955078,73.07125854492188,True,0,12.243942260742188,12.240803718566895,0.0700283050537287,0.02311728734479596,0.16658609616495537,-0.00717082130648064,"StraightLane index=('>>>', '1S0_0_', 0)",True,300.0293273925781,0.0012602806091308594,0.0005187988281264151,"StraightLane index=('>>', '>>>', 0)",True,0.0,True,False,0.6787728667259216,0.15941527485847473,0.0,0.15941527485847473,True,0.0,0.0,0.09963454678654671,0.0,0.09963454678654671,0.0
67.859506,"[350.5097961425781, 4.4987359046936035, 0.0]","[423.60540771484375, 4.5, 0.0]",12.0252094273688,12.244973182678223,12.249505673250008,0.27523040811168187,0.2844972312450409,73.09274290523985,0.221098899360328,-0.2317905428820488,68.59274290523985,-0.2197637553094225,12.01913833618164,0.23009967803955078,73.07125854492188,True,0,12.249238014221191,12.244973182678223,0.0700283050537287,0.02311728734479596,0.16658609616495537,-0.00717082130648064,"StraightLane index=('>>>', '1S0_0_', 0)",True,300.2695007324219,0.0012621879577636719,0.0005264282226494539,"StraightLane index=('>>', '>>>', 0)",True,0.0,True,False,0.6787728667259216,0.15941527485847473,0.0,0.15941527485847473,True,0.0,0.0,0.09963454678654671,0.0,0.09963454678654671,0.0
67.880766,"[350.75018310546875, 4.4987335205078125, 0.0]","[423.8481750488281, 4.5, 0.0]",12.030714035528554,12.249135971069336,12.25396811843739,0.27523040798769216,0.28500574827194214,73.09561155756596,0.2197637553094225,-0.06675720254527562,68.59561155756596,-0.21842193554078193,12.0220365524292,0.23009967803955078,73.07125854492188,True,0,12.25213623046875,12.249135971069336,0.0700283050537287,0.02311728734479596,0.16658609616495537,-0.00717082130648064,"StraightLane index=('>>>', '1S0_0_', 0)",True,300.5097961425781,0.0012640953063964844,0.0005264282226494539,"StraightLane index=('>>', '>>>', 0)",True,0.0,True,False,0.6787728667259216,0.15941527485847473,0.0,0.15941527485847473,True,0.0,0.0,0.09963454678654671,0.0,0.09963454678654671,0.0
67.899477,"[350.9906921386719, 4.4987311363220215, 0.0]","[424.0962219238281, 4.5, 0.0]",12.036218643686908,12.253388404846191,12.257899426376445,0.2752304079177037,0.2816416919231415,73.09799192863771,0.21842193554078193,-0.0670909884320281,68.59799192863771,-0.21716976115928333,12.02734088897705,0.23009967803955078,73.07125854492188,True,0,12.257440567016602,12.253388404846191,0.23979187011716974,0.029198274064417305,0.17035861881795147,-0.010943343959476742,"StraightLane index=('>>>', '1S0_0_', 0)",True,300.75018310546875,0.0012664794921875,0.0005264282226494539,"StraightLane index=('>>', '>>>', 0)",True,0.0,True,False,0.6787728667259216,0.15941527485847473,0.0,0.15941527485847473,True,0.0,0.0,0.09963454678654671,0.0,0.09963454678654671,0.0
67.919354,"[351.2312927246094, 4.4987287521362305, 0.0]","[424.33563232421875, 4.5, 0.0]",12.041723251839707,12.258697509765625,12.263819140500969,0.2752304076399703,0.279095321893692,73.10552977041235,0.21716976115928333,-0.06260871907493026,68.60552977041235,-0.2169742579259175,12.03266716003418,0.21842193603515625,73.09799194335938,True,0,12.251089096069336,12.258697509765625,0.23979187011716974,0.029198274064417305,0.17035861881795147,-0.010943343959476742,"StraightLane index=('>>>', '1S0_0_', 0)",True,300.9906921386719,0.0012688636779785156,0.0005264282226494539,"StraightLane index=('>>', '>>>', 0)",True,0.0,True,False,0.6787728667259216,0.15941527485847473,0.0,0.15941527485847473,True,0.0,0.0,0.09963454678654671,0.0,0.09963454678654671,0.0
67.939697,"[351.4720153808594, 4.4987263679504395, 0.0]","[424.5871887207031, 4.5, 0.0]",12.047109604378782,12.264845848083496,12.269922330299856,0.2693176269537467,0.2772841155529022,73.10433958484363,0.2169742579259175,-0.009775161668290622,68.60433958484363,-0.21773624370471367,12.038023948669434,0.21842193603515625,73.09799194335938,True,0,12.25644588470459,12.264845848083496,0.23979187011716974,0.029198274064417305,0.17035861881795147,-0.01430185707631329,"StraightLane index=('>>>', '1S0_0_', 0)",True,301.2312927246094,0.0012712478637695312,0.0005264282226494539,"StraightLane index=('>>', '>>>', 0)",True,0.0,True,False,0.6787728667259216,0.15605676174163818,0.0,0.15605676174163818,True,0.0,0.0,0.09753547608852386,0.0,0.09753547608852386,0.0
67.958604,"[351.7128601074219, 4.498723983764648, 0.0]","[424.82525634765625, 4.5, 0.0]",12.052495956921902,12.270666122436523,12.275596228197799,0.26931762715598495,0.2761053144931793,73.11517332531403,0.21773624370471367,0.03809928893980796,68.61517332531403,-0.21817016551462132,12.043414115905762,0.21842193603515625,73.09799194335938,True,0,12.261836051940918,12.270666122436523,0.23979187011716974,0.029198274064417305,0.17035861881795147,-0.01430185707631329,"StraightLane index=('>>>', '1S0_0_', 0)",True,301.4720153808594,0.0012736320495605469,0.0005187988281264151,"StraightLane index=('>>', '>>>', 0)",True,0.0,True,False,0.6787728667259216,0.15605676174163818,0.0,0.15605676174163818,True,0.0,0.0,0.09753547608852386,0.0,0.09753547608852386,0.0
67.980607,"[351.95379638671875, 4.498721599578857, 0.0]","[425.07232666015625, 4.5, 0.0]",12.057882309459698,12.276704788208008,12.282192156294593,0.2693176268897979,0.27544689178466797,73.11239622542448,0.21817016551462132,0.021696090495382236,68.61239622542448,-0.21882247874830973,12.04883861541748,0.21842193603515625,73.09799194335938,True,0,12.267260551452637,12.276704788208008,0.23979187011716974,0.029198274064417305,0.17035861881795147,-0.01430185707631329,"StraightLane index=('>>>', '1S0_0_', 0)",True,301.7128601074219,0.0012760162353515625,0.0005264282226494539,"StraightLane index=('>>', '>>>', 0)",True,0.0,True,False,0.6787728667259216,0.15605676174163818,0.0,0.15605676174163818,True,0.0,0.0,0.09753547608852386,0.0,0.09753547608852386,0.0
67.999697,"[352.1948547363281, 4.498719215393066, 0.0]","[425.32269287109375, 4.5, 0.0]",12.06326866199388,12.282825469970705,12.287916022201069,0.26931762670905357,0.27519822120666504,73.11853025886447,0.21882247874830973,0.03261566168442087,68.61853025886447,-0.21955680797682575,12.05429458618164,0.21842193603515625,73.09799194335938,True,0,12.272716522216797,12.282825469970705,0.29437065124513495,0.0365814194515553,0.17929334463649205,-0.023236582894853863,"StraightLane index=('>>>', '1S0_0_', 0)",True,301.95379638671875,0.0012784004211425781,0.0005187988281264151,"StraightLane index=('>>', '>>>', 0)",True,0.0,True,False,0.6787728667259216,0.15605676174163818,0.0,0.15605676174163818,True,0.0,0.0,0.09753547608852386,0.0,0.09753547608852386,0.0
68.0193,"[352.4360046386719, 4.498716831207275, 0.0]","[425.5639343261719, 4.5, 0.0]",12.068655014525737,12.290058135986328,12.295737415202428,0.26931762659287983,0.2752552926540375,73.12783812017062,0.21955680797682575,0.03671646142580087,68.62783812017062,-0.22140312146059138,12.059779167175293,0.21882247924804688,73.1185302734375,True,0,12.27860164642334,12.290058135986328,0.29437065124513495,0.0365814194515553,0.17929334463649205,-0.023236582894853863,"StraightLane index=('>>>', '1S0_0_', 0)",True,302.1948547363281,0.0012807846069335938,0.0005187988281264151,"StraightLane index=('>>', '>>>', 0)",True,0.0,True,False,0.6630418300628662,0.15605676174163818,0.0,0.15605676174163818,True,0.0,0.0,0.09753547608852386,0.0,0.09753547608852386,0.0
68.039652,"[352.6772766113281, 4.498714447021484, 0.0]","[425.8162536621094, 4.5, 0.0]",12.074335098749513,12.298258781433107,12.30387784679141,0.28400421118881525,0.2755245864391327,73.12792967365468,0.22140312146059138,0.09231567418828135,68.62792967365468,-0.2239236826835942,12.065288543701172,0.21882247924804688,73.1185302734375,True,0,12.284111022949219,12.298258781433107,0.29437065124513495,0.0365814194515553,0.17929334463649205,-0.014701674600176129,"StraightLane index=('>>>', '1S0_0_', 0)",True,302.4360046386719,0.0012831687927246094,0.0004959106445572987,"StraightLane index=('>>', '>>>', 0)",True,0.0,True,False,0.6630418300628662,0.16459167003631592,0.0,0.16459167003631592,True,0.0,0.0,0.10286979377269745,0.0,0.10286979377269745,0.0
68.058826,"[352.91864013671875, 4.498712062835693, 0.0]","[426.0547790527344, 4.5, 0.0]",12.080015182974364,12.306010246276855,12.311550740396605,0.28400421124255004,0.275929719209671,73.13897703665876,0.2239236826835942,0.12602806115014076,68.63897703665876,-0.22599506330249142,12.070818901062012,0.21882247924804688,73.1185302734375,True,0,12.289641380310059,12.306010246276855,0.29437065124513495,0.0365814194515553,0.17929334463649205,-0.014701674600176129,"StraightLane index=('>>>', '1S0_0_', 0)",True,302.6772766113281,0.001285552978515625,0.0005035400390803375,"StraightLane index=('>>', '>>>', 0)",True,0.0,True,False,0.6630418300628662,0.16459167003631592,0.0,0.16459167003631592,True,0.0,0.0,0.10286979377269745,0.0,0.10286979377269745,0.0
68.07975,"[353.1601257324219, 4.498709678649902, 0.0]","[426.30767822265625, 4.5, 0.0]",12.085695267200572,12.314229011535645,12.319915101991036,0.2840042113104069,0.2764063775539398,73.13613890187229,0.22599506330249142,0.10356903094486114,68.63613890187229,-0.22853374433507234,12.076364517211914,0.21882247924804688,73.1185302734375,True,0,12.295186996459961,12.314229011535645,0.29437065124513495,0.0365814194515553,0.17929334463649205,-0.014701674600176129,"StraightLane index=('>>>', '1S0_0_', 0)",True,302.91864013671875,0.0012879371643066406,0.0005035400390803375,"StraightLane index=('>>', '>>>', 0)",True,0.0,True,False,0.6630418300628662,0.16459167003631592,0.0,0.16459167003631592,True,0.0,0.0,0.10286979377269745,0.0,0.10286979377269745,0.0
68.099689,"[353.4017333984375, 4.498707294464111, 0.0]","[426.5472412109375, 4.5, 0.0]",12.091375351423356,12.322014808654785,12.327893284393475,0.2840042111391661,0.2769050598144531,73.14755247632641,0.22853374433507234,0.12693405162904625,68.64755247632641,-0.23063945723142965,12.08192253112793,0.21882247924804688,73.1185302734375,True,0,12.300745010375977,12.322014808654785,0.39189338684080255,0.04663954604582786,0.19655519324625714,-0.031963523209941225,"StraightLane index=('>>>', '1S0_0_', 0)",True,303.1601257324219,0.0012903213500976562,0.0004959106445572987,"StraightLane index=('>>', '>>>', 0)",True,0.0,True,False,0.6630418300628662,0.16459167003631592,0.0,0.16459167003631592,True,0.0,0.0,0.10286979377269745,0.0,0.10286979377269745,0.0
68.119639,"[353.6434326171875, 4.49870491027832, 0.0]","[426.7945556640625, 4.5, 0.0]",12.097055435648207,12.331508636474611,12.338012530629815,0.28400421124255004,0.2751035690307617,73.14550779857147,0.23063945723142965,0.10528564481786518,68.64550779857147,-0.23445320082640464,12.090022087097168,0.22853374481201172,73.14755249023438,True,0,12.31855583190918,12.331508636474611,0.39189338684080255,0.04663954604582786,0.19655519324625714,-0.031963523209941225,"StraightLane index=('>>>', '1S0_0_', 0)",True,303.4017333984375,0.0012927055358886719,0.0004959106445572987,"StraightLane index=('>>', '>>>', 0)",True,0.0,True,False,0.6630418300628662,0.16459167003631592,0.0,0.16459167003631592,True,0.0,0.0,0.10286979377269745,0.0,0.10286979377269745,0.0
68.139061,"[353.88525390625, 4.4987030029296875, 0.0]","[427.0422668457031, 4.5, 0.0]",12.103330612643441,12.341734886169434,12.347945414042217,0.31375884976174717,0.2778310179710388,73.15112303369007,0.23445320082640464,0.1906871797487497,68.65112303369007,-0.23840427352599214,12.093059539794922,0.22853374481201172,73.14755249023438,True,0,12.321593284606934,12.341734886169434,0.39189338684080255,0.04663954604582786,0.19655519324625714,-0.014768119634044008,"StraightLane index=('>>>', '1S0_0_', 0)",True,303.6434326171875,0.0012950897216796875,0.0004730224609372935,"StraightLane index=('>>', '>>>', 0)",True,0.0,True,False,0.6630418300628662,0.18178707361221313,0.0,0.18178707361221313,True,0.0,0.0,0.11361692100763321,0.0,0.11361692100763321,0.0
68.158666,"[354.127197265625, 4.498701095581055, 0.0]","[427.2878723144531, 4.5, 0.0]",12.109605789644899,12.351874351501465,12.3579463375833,0.31375885007287607,0.27587661147117615,73.15701292599847,0.23840427352599214,0.19755363497937495,68.65701292599847,-0.24226856185656587,12.101170539855957,0.22853374481201172,73.14755249023438,True,0,12.329704284667969,12.351874351501465,0.39189338684080255,0.04663954604582786,0.19655519324625714,-0.014768119634044008,"StraightLane index=('>>>', '1S0_0_', 0)",True,303.88525390625,0.0012969970703125,0.0004806518554603323,"StraightLane index=('>>', '>>>', 0)",True,0.0,True,False,0.6630418300628662,0.18178707361221313,0.0,0.18178707361221313,True,0.0,0.0,0.11361692100763321,0.0,0.11361692100763321,0.0
68.179189,"[354.3692626953125, 4.498699188232422, 0.0]","[427.5352783203125, 4.5, 0.0]",12.115880966646095,12.362088203430176,12.368405805185494,0.31375885005981985,0.2785433828830719,73.16067503535734,0.24226856185656587,0.19321441652868643,68.66067503535734,-0.2462072367840804,12.104208946228027,0.22853374481201172,73.14755249023438,True,0,12.332742691040039,12.362088203430176,0.39189338684080255,0.04663954604582786,0.19655519324625714,-0.014768119634044008,"StraightLane index=('>>>', '1S0_0_', 0)",True,304.127197265625,0.0012989044189453125,0.0004806518554603323,"StraightLane index=('>>', '>>>', 0)",True,0.0,True,False,0.6630418300628662,0.18178707361221313,0.0,0.18178707361221313,True,0.0,0.0,0.11361692100763321,0.0,0.11361692100763321,0.0
68.199088,"[354.6114501953125, 4.498697280883789, 0.0]","[427.7821350097656, 4.5, 0.0]",12.122156143647308,12.372280120849611,12.378556915059043,0.3137588500606192,0.278804212808609,73.16601561125744,0.2462072367840804,0.19693374637572703,68.66601561125744,-0.2501239772023034,12.109783172607422,0.22853374481201172,73.14755249023438,True,0,12.338316917419434,12.372280120849611,0.50265312194826,0.05956845070943417,0.22214903589093138,-0.040361962278718244,"StraightLane index=('>>>', '1S0_0_', 0)",True,304.3692626953125,0.001300811767578125,0.0004882812499833711,"StraightLane index=('>>', '>>>', 0)",True,0.0,True,False,0.6630418300628662,0.18178707361221313,0.0,0.18178707361221313,True,0.0,0.0,0.11361692100763321,0.0,0.11361692100763321,0.0
68.219843,"[354.853759765625, 4.498695373535156, 0.0]","[428.03094482421875, 4.5, 0.0]",12.128431320648938,12.38399887084961,12.391295993126112,0.3137588500814914,0.2836129665374756,73.17068480043699,0.2501239772023034,0.1958370209111493,68.67068480043699,-0.2555675502006718,12.115839958190918,0.24620723724365234,73.166015625,True,0,12.36204719543457,12.38399887084961,0.50265312194826,0.05956845070943417,0.22214903589093138,-0.040361962278718244,"StraightLane index=('>>>', '1S0_0_', 0)",True,304.6114501953125,0.0013027191162109375,0.0004959106445572987,"StraightLane index=('>>', '>>>', 0)",True,0.0,True,False,0.6466932892799377,0.18178707361221313,0.0,0.18178707361221313,True,0.0,0.0,0.11361692100763321,0.0,0.11361692100763321,0.0
68.240166,"[355.09619140625, 4.498693466186523, 0.0]","[428.2862243652344, 4.5, 0.0]",12.13555336044773,12.39675235748291,12.403884313165909,0.3561019899396278,0.2906302213668823,73.17718504404215,0.2555675502006718,0.2721786499184198,68.67718504404215,-0.26119899703518,12.122262001037598,0.24620723724365234,73.166015625,True,0,12.36846923828125,12.39675235748291,0.50265312194826,0.05956845070943417,0.22214903589093138,-0.01579161640011717,"StraightLane index=('>>>', '1S0_0_', 0)",True,304.853759765625,0.00130462646484375,0.0005111694336033763,"StraightLane index=('>>', '>>>', 0)",True,0.0,True,False,0.6466932892799377,0.2063574194908142,0.0,0.2063574194908142,True,0.0,0.0,0.12897338718175888,0.0,0.12897338718175888,0.0
68.259045,"[355.3387451171875, 4.498691558837891, 0.0]","[428.53271484375, 4.5, 0.0]",12.142675400244984,12.41240119934082,12.41563892727485,0.3561019898627116,0.29367104172706604,73.19003294415367,0.26119899703518,0.28157234172541123,68.69003294415367,-0.26972579909583594,12.131341934204102,0.24620723724365234,73.166015625,True,0,12.377549171447754,12.41240119934082,0.50265312194826,0.05956845070943417,0.22214903589093138,-0.01579161640011717,"StraightLane index=('>>>', '1S0_0_', 0)",True,305.09619140625,0.0013065338134765625,0.0005187988281264151,"StraightLane index=('>>', '>>>', 0)",True,0.0,True,False,0.6466932892799377,0.2063574194908142,0.0,0.2063574194908142,True,0.0,0.0,0.12897338718175888,0.0,0.12897338718175888,0.0
68.279353,"[355.5814514160156, 4.498689651489258, 0.0]","[428.77520751953125, 4.5, 0.0]",12.14979744004563,12.417847633361816,12.428222023197451,0.35610199003226484,0.30324816703796387,73.19396971223674,0.26972579909583594,0.42634010303279624,68.69396971223674,-0.26805019331618674,12.138298988342285,0.24620723724365234,73.166015625,True,0,12.384506225585938,12.417847633361816,0.50265312194826,0.05956845070943417,0.22214903589093138,-0.01579161640011717,"StraightLane index=('>>>', '1S0_0_', 0)",True,305.3387451171875,0.001308441162109375,0.0005035400390803375,"StraightLane index=('>>', '>>>', 0)",True,0.0,True,False,0.6466932892799377,0.2063574194908142,0.0,0.2063574194908142,True,0.0,0.0,0.12897338718175888,0.0,0.12897338718175888,0.0
68.299506,"[355.8243103027344, 4.498687744140625, 0.0]","[429.02978515625, 4.5, 0.0]",12.15691947984875,12.437234878540039,12.440716553358364,0.3561019901559881,0.3088354468345642,73.19375608838683,0.26805019331618674,-0.08378028898246015,68.69375608838683,-0.28031539869128963,12.14191722869873,0.24620723724365234,73.166015625,True,0,12.388124465942383,12.437234878540039,0.6495475769042791,0.07634577083014052,0.2585507799794788,-0.052193360488664575,"StraightLane index=('>>>', '1S0_0_', 0)",True,305.5814514160156,0.0013103485107421875,0.0005264282226494539,"StraightLane index=('>>', '>>>', 0)",True,0.0,True,False,0.6466932892799377,0.2063574194908142,0.0,0.2063574194908142,True,0.0,0.0,0.12897338718175888,0.0,0.12897338718175888,0.0
68.320032,"[356.0672912597656, 4.498685836791992, 0.0]","[429.2790222167969, 4.5, 0.0]",12.164041519649372,12.444782257080078,12.456042789751898,0.3561019900311102,0.31677675247192383,73.20547483836883,0.28031539869128963,0.6132602687551447,68.70547483836883,-0.2807407374307065,12.14892292022705,0.2680501937866211,73.19375610351562,True,0,12.416973114013672,12.444782257080078,0.6495475769042791,0.07634577083014052,0.2585507799794788,-0.052193360488664575,"StraightLane index=('>>>', '1S0_0_', 0)",True,305.8243103027344,0.001312255859375,0.0005264282226494539,"StraightLane index=('>>', '>>>', 0)",True,0.0,True,False,0.6466932892799377,0.2063574194908142,0.0,0.2063574194908142,True,0.0,0.0,0.12897338718175888,0.0,0.12897338718175888,0.0
68.339975,"[356.3104248046875, 4.498683452606201, 0.0]","[429.52288818359375, 4.5, 0.0]",12.172166824833502,12.466106414794922,12.471012744746636,0.40626525920650636,0.32400059700012207,73.21173094213057,0.2807407374307065,0.02126693697084292,68.71173094213057,-0.2939395899614201,12.156034469604492,0.2680501937866211,73.19375610351562,True,0,12.424084663391113,12.466106414794922,0.6495475769042791,0.07634577083014052,0.2585507799794788,-0.023162307303201624,"StraightLane index=('>>>', '1S0_0_', 0)",True,306.0672912597656,0.0013141632080078125,0.0005187988281264151,"StraightLane index=('>>', '>>>', 0)",True,0.0,True,False,0.6466932892799377,0.23538847267627716,0.0,0.23538847267627716,True,0.0,0.0,0.14711779542267323,0.0,0.14711779542267323,0.0
68.359443,"[356.5537109375, 4.49868106842041, 0.0]","[429.7774658203125, 4.5, 0.0]",12.180292130019762,12.474740028381348,12.485611062001785,0.40626525931299895,0.33100104331970215,73.21246336318737,0.2939395899614201,0.6599426265356811,68.71246336318737,-0.2944478983615859,12.163240432739258,0.2680501937866211,73.19375610351562,True,0,12.431290626525879,12.474740028381348,0.6495475769042791,0.07634577083014052,0.2585507799794788,-0.023162307303201624,"StraightLane index=('>>>', '1S0_0_', 0)",True,306.3104248046875,0.0013165473937988281,0.0005416870116955315,"StraightLane index=('>>', '>>>', 0)",True,0.0,True,False,0.6466932892799377,0.23538847267627716,0.0,0.23538847267627716,True,0.0,0.0,0.14711779542267323,0.0,0.14711779542267323,0.0
68.379315,"[356.7971496582031, 4.498678684234619, 0.0]","[430.0220642089844, 4.5, 0.0]",12.188417435198826,12.496109008789062,12.500514736486014,0.40626525895319787,0.3412991166114807,73.22375486786817,0.2944478983615859,0.025415420008290113,68.72375486786817,-0.3076915735902368,12.170951843261719,0.2680501937866211,73.19375610351562,True,0,12.43900203704834,12.496109008789062,0.6495475769042791,0.07634577083014052,0.2585507799794788,-0.023162307303201624,"StraightLane index=('>>>', '1S0_0_', 0)",True,306.5537109375,0.0013189315795898438,0.0005187988281264151,"StraightLane index=('>>', '>>>', 0)",True,0.0,True,False,0.6466932892799377,0.23538847267627716,0.0,0.23538847267627716,True,0.0,0.0,0.14711779542267323,0.0,0.14711779542267323,0.0
68.399053,"[357.0407409667969, 4.498676300048828, 0.0]","[430.2705993652344, 4.5, 0.0]",12.196542740373275,12.504378318786623,12.515322324739474,0.4062652587224491,0.3533112406730652,73.22491453607886,0.3076915735902368,0.6621837614325443,68.72491453607886,-0.3078355784133482,12.179059028625488,0.2680501937866211,73.19375610351562,True,0,12.44710922241211,12.504378318786623,0.6714344024658381,0.0922113978334308,0.29230452380210714,-0.05691605112582998,"StraightLane index=('>>>', '1S0_0_', 0)",True,306.7971496582031,0.0013213157653808594,0.0005111694336033763,"StraightLane index=('>>', '>>>', 0)",True,0.0,True,False,0.6466932892799377,0.23538847267627716,0.0,0.23538847267627716,True,0.0,0.0,0.14711779542267323,0.0,0.14711779542267323,0.0
68.41969,"[357.2845153808594, 4.498673915863037, 0.0]","[430.5229187011719, 4.5, 0.0]",12.204668045548996,12.527769088745117,12.533158955180664,0.4062652587860427,0.3658088743686676,73.22985838318452,0.3078355784133482,0.007200241155569387,68.72985838318452,-0.32310104319612165,12.187460899353027,0.3076915740966797,73.22491455078125,True,0,12.495152473449707,12.527769088745117,0.6714344024658381,0.0922113978334308,0.29230452380210714,-0.05691605112582998,"StraightLane index=('>>>', '1S0_0_', 0)",True,307.0407409667969,0.001323699951171875,0.0005264282226494539,"StraightLane index=('>>', '>>>', 0)",True,0.0,True,False,0.6466932892799377,0.23538847267627716,0.0,0.23538847267627716,True,0.0,0.0,0.14711779542267323,0.0,0.14711779542267323,0.0
68.439927,"[357.5284423828125, 4.498671531677246, 0.0]","[430.7799072265625, 4.5, 0.0]",12.214433670553774,12.538902282714844,12.550763218142496,0.48828125023892,0.3778904676437378,73.23840330530278,0.32310104319612165,0.7632732391386732,68.73840330530278,-0.3244686121610698,12.19606876373291,0.3076915740966797,73.22491455078125,True,0,12.50376033782959,12.538902282714844,0.6714344024658381,0.0922113978334308,0.29230452380210714,-0.00937826237708883,"StraightLane index=('>>>', '1S0_0_', 0)",True,307.2845153808594,0.0013260841369628906,0.0005187988281264151,"StraightLane index=('>>', '>>>', 0)",True,0.0,True,False,0.6297643780708313,0.2829262614250183,0.0,0.2829262614250183,True,0.0,0.0,0.17682891339063644,0.0,0.17682891339063644,0.0
68.459653,"[357.77252197265625, 4.498669147491455, 0.0]","[431.0299377441406, 4.5, 0.0]",12.224199295556764,12.562891006469727,12.56794005009066,0.48828125014948043,0.3889428973197937,73.2514648284523,0.3244686121610698,0.06837844824740813,68.7514648284523,-0.338691710912963,12.204804420471191,0.3076915740966797,73.22491455078125,True,0,12.512495994567871,12.562891006469727,0.6714344024658381,0.0922113978334308,0.29230452380210714,-0.00937826237708883,"StraightLane index=('>>>', '1S0_0_', 0)",True,307.5284423828125,0.0013284683227539062,0.0005264282226494539,"StraightLane index=('>>', '>>>', 0)",True,0.0,True,False,0.6297643780708313,0.2829262614250183,0.0,0.2829262614250183,True,0.0,0.0,0.17682891339063644,0.0,0.17682891339063644,0.0
68.479348,"[358.0168151855469, 4.498666763305664, 0.0]","[431.2747802734375, 4.5, 0.0]",12.233964920558796,12.573182106018066,12.585030850334848,0.4882812501016076,0.3985917568206787,73.25741575616452,0.338691710912963,0.7111549375946602,68.75741575616452,-0.3392171854592707,12.213608741760254,0.3076915740966797,73.22491455078125,True,0,12.521300315856934,12.573182106018066,0.6714344024658381,0.0922113978334308,0.29230452380210714,-0.00937826237708883,"StraightLane index=('>>>', '1S0_0_', 0)",True,307.77252197265625,0.0013308525085449219,0.0005264282226494539,"StraightLane index=('>>', '>>>', 0)",True,0.0,True,False,0.6297643780708313,0.2829262614250183,0.0,0.2829262614250183,True,0.0,0.0,0.17682891339063644,0.0,0.17682891339063644,0.0
68.5003,"[358.26129150390625, 4.498664379119873, 0.0]","[431.5325622558594, 4.5, 0.0]",12.243730545560307,12.597708702087402,12.603276333525544,0.488281250075584,0.41126516461372375,73.25796507254884,0.3392171854592707,0.026273727315384576,68.75796507254884,-0.35397815652709497,12.222914695739746,0.3076915740966797,73.22491455078125,True,0,12.530606269836426,12.597708702087402,0.9333038330077947,0.11565589220536053,0.3457416939479723,-0.06281543252295396,"StraightLane index=('>>>', '1S0_0_', 0)",True,308.0168151855469,0.0013332366943359375,0.0005264282226494539,"StraightLane index=('>>', '>>>', 0)",True,0.0,True,False,0.6297643780708313,0.2829262614250183,0.0,0.2829262614250183,True,0.0,0.0,0.17682891339063644,0.0,0.17682891339063644,0.0
68.519825,"[358.5059814453125, 4.498661994934082, 0.0]","[431.7853698730469, 4.5, 0.0]",12.25349617056562,12.60999584197998,12.622467846011977,0.48828125026565417,0.4258521497249603,73.27127073658887,0.35397815652709497,0.7380485533912129,68.77127073658887,-0.35649967141436,12.236949920654297,0.3076915740966797,73.22491455078125,True,0,12.544641494750977,12.60999584197998,0.9333038330077947,0.11565589220536053,0.3457416939479723,-0.06281543252295396,"StraightLane index=('>>>', '1S0_0_', 0)",True,308.26129150390625,0.0013356208801269531,0.0005264282226494539,"StraightLane index=('>>', '>>>', 0)",True,0.0,True,False,0.6297643780708313,0.2829262614250183,0.0,0.2829262614250183,True,0.0,0.0,0.17682891339063644,0.0,0.17682891339063644,0.0
68.539123,"[358.7508544921875, 4.498659610748291, 0.0]","[432.0327453613281, 4.5, 0.0]",12.264627457189956,12.635826110839844,12.64138386285643,0.5565643312167801,0.4414922893047333,73.2793884120794,0.35649967141436,0.12607574436325208,68.7793884120794,-0.3711986536498877,12.247232437133789,0.3392171859741211,73.25796508789062,True,0,12.58644962310791,12.635826110839844,0.9333038330077947,0.11565589220536053,0.3457416939479723,-0.023326789115132307,"StraightLane index=('>>>', '1S0_0_', 0)",True,308.5059814453125,0.0013380050659179688,0.0005340576171724927,"StraightLane index=('>>', '>>>', 0)",True,0.0,True,False,0.6297643780708313,0.32241490483283997,0.0,0.32241490483283997,True,0.0,0.0,0.20150931552052498,0.0,0.20150931552052498,0.0
68.559315,"[358.99591064453125, 4.4986572265625, 0.0]","[432.2905578613281, 4.5, 0.0]",12.275758743809112,12.649126052856445,12.661178637846144,0.5565643309577872,0.4509683847427368,73.28189085373212,0.3711986536498877,0.734949111776384,68.78189085373212,-0.3733673090473335,12.257148742675781,0.3392171859741211,73.25796508789062,True,0,12.596365928649902,12.649126052856445,0.9333038330077947,0.11565589220536053,0.3457416939479723,-0.023326789115132307,"StraightLane index=('>>>', '1S0_0_', 0)",True,308.7508544921875,0.0013403892517089844,0.0005264282226494539,"StraightLane index=('>>', '>>>', 0)",True,0.0,True,False,0.6297643780708313,0.32241490483283997,0.0,0.32241490483283997,True,0.0,0.0,0.20150931552052498,0.0,0.20150931552052498,0.0
68.579751,"[359.2412109375, 4.498654842376709, 0.0]","[432.53887939453125, 4.5, 0.0]",12.286890030425218,12.675029754638672,12.681192131220717,0.556564330805287,0.4621533453464508,73.29464720136592,0.3733673090473335,0.10843276987229089,68.79464720136592,-0.38813972421345433,12.262831687927246,0.3392171859741211,73.25796508789062,True,0,12.602048873901367,12.675029754638672,0.9333038330077947,0.11565589220536053,0.3457416939479723,-0.023326789115132307,"StraightLane index=('>>>', '1S0_0_', 0)",True,308.99591064453125,0.0013427734375,0.0005264282226494539,"StraightLane index=('>>', '>>>', 0)",True,0.0,True,False,0.6297643780708313,0.32241490483283997,0.0,0.32241490483283997,True,0.0,0.0,0.20150931552052498,0.0,0.20150931552052498,0.0
68.599726,"[359.4867248535156, 4.498652458190918, 0.0]","[432.7922058105469, 4.5, 0.0]",12.298021317043148,12.687984466552734,12.700772009854676,0.5565643308965029,0.47851768136024475,73.29766844211325,0.38813972421345433,0.7386207583060411,68.79766844211325,-0.38996314950958677,12.278570175170898,0.3392171859741211,73.25796508789062,True,0,12.61778736114502,12.687984466552734,0.9027576446533203,0.13568682054769068,0.38916286772892206,-0.06674796289608209,"StraightLane index=('>>>', '1S0_0_', 0)",True,309.2412109375,0.0013451576232910156,0.0005111694336033763,"StraightLane index=('>>', '>>>', 0)",True,0.0,True,False,0.6297643780708313,0.32241490483283997,0.0,0.32241490483283997,True,0.0,0.0,0.20150931552052498,0.0,0.20150931552052498,0.0
68.620019,"[359.7324523925781, 4.498650074005127, 0.0]","[433.05279541015625, 4.5, 0.0]",12.309152603662158,12.71584701538086,12.722266331604338,0.5565643309505042,0.49103009700775146,73.30548094155603,0.38996314950958677,0.09117126480662208,68.80548094155603,-0.4066944117187017,12.28466796875,0.3881397247314453,73.29766845703125,True,0,12.672807693481445,12.71584701538086,0.9027576446533203,0.13568682054769068,0.38916286772892206,-0.06674796289608209,"StraightLane index=('>>>', '1S0_0_', 0)",True,309.4867248535156,0.0013475418090820312,0.0005264282226494539,"StraightLane index=('>>', '>>>', 0)",True,0.0,True,False,0.6122853755950928,0.32241490483283997,0.0,0.32241490483283997,True,0.0,0.0,0.20150931552052498,0.0,0.20150931552052498,0.0
68.639718,"[359.9784240722656, 4.498647689819336, 0.0]","[433.3074951171875, 4.5, 0.0]",12.322267532859913,12.7303466796875,12.743144172157047,0.6557464598877516,0.5056915879249573,73.32034300234918,0.4066944117187017,0.8365631104557458,68.82034300234918,-0.4080791468275873,12.296050071716309,0.3881397247314453,73.29766845703125,True,0,12.684189796447754,12.7303466796875,0.9027576446533203,0.13568682054769068,0.38916286772892206,-0.009280055228922057,"StraightLane index=('>>>', '1S0_0_', 0)",True,309.7324523925781,0.0013499259948730469,0.0005187988281264151,"StraightLane index=('>>', '>>>', 0)",True,0.0,True,False,0.6122853755950928,0.3798828125,0.0,0.3798828125,True,0.0,0.0,0.2374267578125,0.0,0.2374267578125,0.0
68.659176,"[360.224609375, 4.498645305633545, 0.0]","[433.55743408203125, 4.5, 0.0]",12.33538246205378,12.757786750793457,12.763777138937149,0.6557464596933293,0.5192877650260925,73.32907102967098,0.4080791468275873,0.06923675544427965,68.82907102967098,-0.4224042887396777,12.307609558105469,0.3881397247314453,73.29766845703125,True,0,12.695749282836914,12.757786750793457,0.9027576446533203,0.13568682054769068,0.38916286772892206,-0.009280055228922057,"StraightLane index=('>>>', '1S0_0_', 0)",True,309.9784240722656,0.0013523101806640625,0.0005187988281264151,"StraightLane index=('>>', '>>>', 0)",True,0.0,True,False,0.6122853755950928,0.3798828125,0.0,0.3798828125,True,0.0,0.0,0.2374267578125,0.0,0.2374267578125,0.0
68.679909,"[360.4710693359375, 4.498642921447754, 0.0]","[433.81695556640625, 4.5, 0.0]",12.348497391245186,12.772689819335938,12.785741578091983,0.6557464595703166,0.5359081029891968,73.33282469175862,0.4224042887396777,0.7162570956045222,68.83282469175862,-0.42419242809075186,12.319750785827637,0.3881397247314453,73.29766845703125,True,0,12.707890510559082,12.772689819335938,0.9027576446533203,0.13568682054769068,0.38916286772892206,-0.009280055228922057,"StraightLane index=('>>>', '1S0_0_', 0)",True,310.224609375,0.0013546943664550781,0.0005187988281264151,"StraightLane index=('>>', '>>>', 0)",True,0.0,True,False,0.6122853755950928,0.3798828125,0.0,0.3798828125,True,0.0,0.0,0.2374267578125,0.0,0.2374267578125,0.0
68.699698,"[360.7177734375, 4.498640537261963, 0.0]","[434.0718688964844, 4.5, 0.0]",12.361612320443575,12.800541877746582,12.806721590990199,0.6557464599194596,0.5630740523338318,73.34588621570967,0.42419242809075186,0.0894069675537068,68.84588621570967,-0.4389295573030072,12.338935852050781,0.3881397247314453,73.29766845703125,True,0,12.727075576782227,12.800541877746582,1.1255741119384766,0.16151323241076831,0.446817444657723,-0.066934632157723,"StraightLane index=('>>>', '1S0_0_', 0)",True,310.4710693359375,0.0013570785522460938,0.0005035400390803375,"StraightLane index=('>>', '>>>', 0)",True,0.0,True,False,0.6122853755950928,0.3798828125,0.0,0.3798828125,True,0.0,0.0,0.2374267578125,0.0,0.2374267578125,0.0
68.720166,"[360.9647521972656, 4.498638153076172, 0.0]","[434.3291015625, 4.5, 0.0]",12.374727249642074,12.816242218017578,12.83003509192122,0.6557464599249663,0.5768240094184875,73.35409544420402,0.4389295573030072,0.736856460612767,68.85409544420402,-0.44151496837550397,12.34600830078125,0.4241924285888672,73.34588623046875,True,0,12.770200729370117,12.816242218017578,1.1255741119384766,0.16151323241076831,0.446817444657723,-0.066934632157723,"StraightLane index=('>>>', '1S0_0_', 0)",True,310.7177734375,0.0013594627380371094,0.0005035400390803375,"StraightLane index=('>>', '>>>', 0)",True,0.0,True,False,0.6122853755950928,0.3798828125,0.0,0.3798828125,True,0.0,0.0,0.2374267578125,0.0,0.2374267578125,0.0
68.739974,"[361.21197509765625, 4.498635768890381, 0.0]","[434.5866394042969, 4.5, 0.0]",12.389410019416719,12.845732688903809,12.852583239705185,0.7341384887322278,0.596872091293335,73.36434935016483,0.44151496837550397,0.1292705536248384,68.86434935016483,-0.4563226694870899,12.365608215332031,0.4241924285888672,73.34588623046875,True,0,12.789800643920898,12.845732688903809,1.1255741119384766,0.16151323241076831,0.446817444657723,-0.021481053924004123,"StraightLane index=('>>>', '1S0_0_', 0)",True,310.9647521972656,0.001361846923828125,0.0005111694336033763,"StraightLane index=('>>', '>>>', 0)",True,0.0,True,False,0.6122853755950928,0.42533639073371887,0.0,0.42533639073371887,True,0.0,0.0,0.2658352442085743,0.0,0.2658352442085743,0.0
68.759148,"[361.45947265625, 4.49863338470459, 0.0]","[434.8423767089844, 4.5, 0.0]",12.404092789187402,12.865063667297363,12.87447402699769,0.734138488534164,0.6154230833053589,73.37466429181757,0.4563226694870899,0.7403850555792957,68.87466429181757,-0.4609708781099613,12.379647254943848,0.4241924285888672,73.34588623046875,True,0,12.803839683532715,12.865063667297363,1.1255741119384766,0.16151323241076831,0.446817444657723,-0.021481053924004123,"StraightLane index=('>>>', '1S0_0_', 0)",True,311.21197509765625,0.0013642311096191406,0.0005035400390803375,"StraightLane index=('>>', '>>>', 0)",True,0.0,True,False,0.6122853755950928,0.42533639073371887,0.0,0.42533639073371887,True,0.0,0.0,0.2658352442085743,0.0,0.2658352442085743,0.0
68.779818,"[361.707275390625, 4.498631000518799, 0.0]","[435.1001281738281, 4.5, 0.0]",12.418775558960299,12.884571075439453,12.898031298222836,0.734138488644831,0.630757749080658,73.38290403815725,0.4609708781099613,0.2324104311435704,68.88290403815725,-0.4657955164791545,12.387410163879395,0.4241924285888672,73.34588623046875,True,0,12.811602592468262,12.884571075439453,1.1255741119384766,0.16151323241076831,0.446817444657723,-0.021481053924004123,"StraightLane index=('>>>', '1S0_0_', 0)",True,311.45947265625,0.0013666152954101562,0.0004959106445572987,"StraightLane index=('>>', '>>>', 0)",True,0.0,True,False,0.6122853755950928,0.42533639073371887,0.0,0.42533639073371887,True,0.0,0.0,0.2658352442085743,0.0,0.2658352442085743,0.0
68.799502,"[361.9553527832031, 4.498628616333008, 0.0]","[435.3575439453125, 4.5, 0.0]",12.433458328729897,12.914051055908203,12.920460657998108,0.7341384884798963,0.6478171944618225,73.39285276806864,0.4657955164791545,0.2412319184596612,68.89285276806864,-0.4805927271783066,12.401839256286621,0.4241924285888672,73.34588623046875,True,0,12.826031684875488,12.914051055908203,1.135091781616211,0.18509012152625887,0.49747539419215814,-0.07213900345843927,"StraightLane index=('>>>', '1S0_0_', 0)",True,311.707275390625,0.0013689994812011719,0.0005111694336033763,"StraightLane index=('>>', '>>>', 0)",True,0.0,True,False,0.6122853755950928,0.42533639073371887,0.0,0.42533639073371887,True,0.0,0.0,0.2658352442085743,0.0,0.2658352442085743,0.0
68.819661,"[362.2037353515625, 4.498626232147217, 0.0]","[435.6108703613281, 4.5, 0.0]",12.448141098501656,12.930233001708984,12.944230655272724,0.7341384885879876,0.6675642728805542,73.40219114775681,0.4805927271783066,0.7398605349576037,68.90219114775681,-0.4820919032073281,12.41688346862793,0.46579551696777344,73.39285278320312,True,0,12.882678985595703,12.930233001708984,1.135091781616211,0.18509012152625887,0.49747539419215814,-0.07213900345843927,"StraightLane index=('>>>', '1S0_0_', 0)",True,311.9553527832031,0.0013713836669921875,0.0004882812499833711,"StraightLane index=('>>', '>>>', 0)",True,0.0,True,False,0.5942764282226562,0.42533639073371887,0.0,0.42533639073371887,True,0.0,0.0,0.2658352442085743,0.0,0.2658352442085743,0.0
68.839986,"[362.452392578125, 4.498623847961426, 0.0]","[435.8703308105469, 4.5, 0.0]",12.46462440538406,12.960489273071289,12.96822775122465,0.8241653441201535,0.6872928738594055,73.40713499458802,0.4820919032073281,0.07495880145107492,68.90713499458802,-0.4958648676872297,12.43234634399414,0.46579551696777344,73.39285278320312,True,0,12.898141860961914,12.960489273071289,1.135091781616211,0.18509012152625887,0.49747539419215814,-0.019953408422886287,"StraightLane index=('>>>', '1S0_0_', 0)",True,312.2037353515625,0.0013737678527832031,0.0005111694336033763,"StraightLane index=('>>', '>>>', 0)",True,0.0,True,False,0.5942764282226562,0.47752198576927185,0.0,0.47752198576927185,True,0.0,0.0,0.2984512411057949,0.0,0.2984512411057949,0.0
68.859237,"[362.70135498046875, 4.498621463775635, 0.0]","[436.12835693359375, 4.5, 0.0]",12.481107712271735,12.977275848388672,12.990958622222413,0.8241653443837649,0.7012240290641785,73.41793821749239,0.4958648676872297,0.6886482239950809,68.91793821749239,-0.4961681361169372,12.454588890075684,0.46579551696777344,73.39285278320312,True,0,12.920384407043457,12.977275848388672,1.135091781616211,0.18509012152625887,0.49747539419215814,-0.019953408422886287,"StraightLane index=('>>>', '1S0_0_', 0)",True,312.452392578125,0.0013761520385742188,0.0005035400390803375,"StraightLane index=('>>', '>>>', 0)",True,0.0,True,False,0.5942764282226562,0.47752198576927185,0.0,0.47752198576927185,True,0.0,0.0,0.2984512411057949,0.0,0.2984512411057949,0.0
68.879126,"[362.9506530761719, 4.498619079589844, 0.0]","[436.3888244628906, 4.5, 0.0]",12.497591019158165,13.007623672485352,13.014416274113342,0.8241653443215036,0.716654896736145,73.42700193790405,0.4961681361169372,0.01516342148537575,68.92700193790405,-0.5100326533271868,12.463220596313477,0.46579551696777344,73.39285278320312,True,0,12.92901611328125,13.007623672485352,1.135091781616211,0.18509012152625887,0.49747539419215814,-0.019953408422886287,"StraightLane index=('>>>', '1S0_0_', 0)",True,312.70135498046875,0.0013785362243652344,0.0005111694336033763,"StraightLane index=('>>', '>>>', 0)",True,0.0,True,False,0.5942764282226562,0.47752198576927185,0.0,0.47752198576927185,True,0.0,0.0,0.2984512411057949,0.0,0.2984512411057949,0.0
68.899464,"[363.2002868652344, 4.498616695404053, 0.0]","[436.6544494628906, 4.5, 0.0]",12.514074326048535,13.025102615356445,13.038421086073962,0.8241653445185015,0.7344441413879395,73.4381713714761,0.5100326533271868,0.6932258605124808,68.9381713714761,-0.5110282893079106,12.479430198669434,0.46579551696777344,73.39285278320312,True,0,12.945225715637207,13.025102615356445,1.1105155944824219,0.20544915518051776,0.5376175432306596,-0.06009555746138773,"StraightLane index=('>>>', '1S0_0_', 0)",True,312.9506530761719,0.00138092041015625,0.0005111694336033763,"StraightLane index=('>>', '>>>', 0)",True,0.0,True,False,0.5942764282226562,0.47752198576927185,0.0,0.47752198576927185,True,0.0,0.0,0.2984512411057949,0.0,0.2984512411057949,0.0
68.919721,"[363.4502258300781, 4.498614311218262, 0.0]","[436.916748046875, 4.5, 0.0]",12.530557632937224,13.05546760559082,13.062319544676454,0.8241653444344799,0.7533199787139893,73.45416258239169,0.5110282893079106,0.04978179903618596,68.95416258239169,-0.524909972653596,12.496118545532227,0.5100326538085938,73.43817138671875,True,0,13.00615119934082,13.05546760559082,1.1105155944824219,0.20544915518051776,0.5376175432306596,-0.06009555746138773,"StraightLane index=('>>>', '1S0_0_', 0)",True,313.2002868652344,0.0013833045959472656,0.0005111694336033763,"StraightLane index=('>>', '>>>', 0)",True,0.0,True,False,0.5942764282226562,0.47752198576927185,0.0,0.47752198576927185,True,0.0,0.0,0.2984512411057949,0.0,0.2984512411057949,0.0
68.940682,"[363.70050048828125, 4.498611927032471, 0.0]","[437.17919921875, 4.5, 0.0]",12.548940659059125,13.072443962097168,13.087038155164798,0.9191513060950562,0.7718197703361511,73.46652220151056,0.524909972653596,0.6940841672842701,68.96652220151056,-0.5235033030380425,12.513143539428711,0.5100326538085938,73.43817138671875,True,0,13.023176193237305,13.072443962097168,1.1105155944824219,0.20544915518051776,0.5376175432306596,-0.00505487013877115,"StraightLane index=('>>>', '1S0_0_', 0)",True,313.4502258300781,0.0013856887817382812,0.0005111694336033763,"StraightLane index=('>>', '>>>', 0)",True,0.0,True,False,0.5942764282226562,0.5325626730918884,0.0,0.5325626730918884,True,0.0,0.0,0.33285167068243027,0.0,0.33285167068243027,0.0
68.959592,"[363.95111083984375, 4.49860954284668, 0.0]","[437.4393005371094, 4.5, 0.0]",12.567323685178149,13.102545738220215,13.109340802996766,0.9191513059511713,0.7892064452171326,73.47869871570231,0.5235033030380425,-0.07033348077767343,68.97869871570231,-0.5352220530420659,12.538305282592773,0.5100326538085938,73.43817138671875,True,0,13.048337936401367,13.102545738220215,1.1105155944824219,0.20544915518051776,0.5376175432306596,-0.00505487013877115,"StraightLane index=('>>>', '1S0_0_', 0)",True,313.70050048828125,0.0013880729675292969,0.0004959106445572987,"StraightLane index=('>>', '>>>', 0)",True,0.0,True,False,0.5942764282226562,0.5325626730918884,0.0,0.5325626730918884,True,0.0,0.0,0.33285167068243027,0.0,0.33285167068243027,0.0
68.980133,"[364.20208740234375, 4.498607158660889, 0.0]","[437.7019958496094, 4.5, 0.0]",12.585706711295096,13.11954116821289,13.133539802847546,0.9191513058473433,0.8086107969284058,73.48818968301529,0.5352220530420659,0.5859375002011724,68.98818968301529,-0.5338344569177949,12.548233032226562,0.5100326538085938,73.43817138671875,True,0,13.058265686035156,13.11954116821289,1.1105155944824219,0.20544915518051776,0.5376175432306596,-0.00505487013877115,"StraightLane index=('>>>', '1S0_0_', 0)",True,313.95111083984375,0.0013904571533203125,0.0004806518554603323,"StraightLane index=('>>', '>>>', 0)",True,0.0,True,False,0.5942764282226562,0.5325626730918884,0.0,0.5325626730918884,True,0.0,0.0,0.33285167068243027,0.0,0.33285167068243027,0.0
68.999872,"[364.45343017578125, 4.498604774475098, 0.0]","[437.96392822265625, 4.5, 0.0]",12.604089737410078,13.14980697631836,13.156884604256367,0.9191513057491107,0.828201174736023,73.49990843299487,0.5338344569177949,-0.06937980621355422,68.99990843299487,-0.5457172389082814,12.566490173339844,0.5100326538085938,73.43817138671875,True,0,13.076522827148438,13.14980697631836,1.2470436096191406,0.2285507659991359,0.5832669712895188,-0.05070429819763034,"StraightLane index=('>>>', '1S0_0_', 0)",True,314.20208740234375,0.0013928413391113281,0.0004806518554603323,"StraightLane index=('>>', '>>>', 0)",True,0.0,True,False,0.5942764282226562,0.5325626730918884,0.0,0.5325626730918884,True,0.0,0.0,0.33285167068243027,0.0,0.33285167068243027,0.0
69.020812,"[364.70513916015625, 4.498602390289307, 0.0]","[438.2286682128906, 4.5, 0.0]",12.622472763527911,13.166563034057619,13.181185611384457,0.9191513058916634,0.8472581505775452,73.51049803285112,0.5457172389082814,0.5941390995243268,69.01049803285112,-0.5440902705297077,12.58505630493164,0.5338344573974609,73.49990844726562,True,0,13.118890762329102,13.166563034057619,1.2470436096191406,0.2285507659991359,0.5832669712895188,-0.05070429819763034,"StraightLane index=('>>>', '1S0_0_', 0)",True,314.45343017578125,0.0013952255249023438,0.0004730224609372935,"StraightLane index=('>>', '>>>', 0)",True,0.0,True,False,0.5942764282226562,0.5325626730918884,0.0,0.5325626730918884,True,0.0,0.0,0.33285167068243027,0.0,0.33285167068243027,0.0
69.039701,"[364.95721435546875, 4.498600006103516, 0.0]","[438.4927978515625, 4.5, 0.0]",12.642080307473776,13.196414947509766,13.2030767276946,0.9803771972932473,0.8640506267547607,73.52352903842278,0.5440902705297077,-0.08134841892868394,69.02352903842278,-0.5543346400359894,12.603779792785645,0.5338344573974609,73.49990844726562,True,0,13.137614250183105,13.196414947509766,1.2470436096191406,0.2285507659991359,0.5832669712895188,-0.015283999621275357,"StraightLane index=('>>>', '1S0_0_', 0)",True,314.70513916015625,0.0013976097106933594,0.0004806518554603323,"StraightLane index=('>>', '>>>', 0)",True,0.0,True,False,0.5757478475570679,0.5679829716682434,0.0,0.5679829716682434,True,0.0,0.0,0.35498935729265213,0.0,0.35498935729265213,0.0
69.058972,"[365.20965576171875, 4.498597621917725, 0.0]","[438.7485656738281, 4.5, 0.0]",12.66168785142333,13.212199211120605,13.225464495709636,0.980377197477722,0.8783014416694641,73.535583481222,0.5543346400359894,0.5122184753140857,69.035583481222,-0.5505113596972748,12.631328582763672,0.5338344573974609,73.49990844726562,True,0,13.165163040161133,13.212199211120605,1.2470436096191406,0.2285507659991359,0.5832669712895188,-0.015283999621275357,"StraightLane index=('>>>', '1S0_0_', 0)",True,314.95721435546875,0.001399993896484375,0.0004959106445572987,"StraightLane index=('>>', '>>>', 0)",True,0.0,True,False,0.5757478475570679,0.5679829716682434,0.0,0.5679829716682434,True,0.0,0.0,0.35498935729265213,0.0,0.35498935729265213,0.0
69.079605,"[365.4624938964844, 4.498595237731934, 0.0]","[439.0203857421875, 4.5, 0.0]",12.681295395371366,13.242727279663086,13.249385603912412,0.9803771974017828,0.8954541087150574,73.53890989694473,0.5505113596972748,-0.19116401693572982,69.03890989694473,-0.5614318842917196,12.641911506652832,0.5338344573974609,73.49990844726562,True,0,13.175745964050293,13.242727279663086,1.2470436096191406,0.2285507659991359,0.5832669712895188,-0.015283999621275357,"StraightLane index=('>>>', '1S0_0_', 0)",True,315.20965576171875,0.0014023780822753906,0.0005035400390803375,"StraightLane index=('>>', '>>>', 0)",True,0.0,True,False,0.5757478475570679,0.5679829716682434,0.0,0.5679829716682434,True,0.0,0.0,0.35498935729265213,0.0,0.35498935729265213,0.0
69.099351,"[365.7157287597656, 4.498592853546143, 0.0]","[439.2845153808594, 4.5, 0.0]",12.700902939322933,13.25924301147461,13.272297921574681,0.9803771975783526,0.9113653898239136,73.55789182996791,0.5614318842917196,0.5460262297222407,69.05789182996791,-0.558340072151676,12.67060661315918,0.5338344573974609,73.49990844726562,True,0,13.20444107055664,13.25924301147461,1.0943603515625,0.24399830170390982,0.6069193486024993,-0.03893637693425589,"StraightLane index=('>>>', '1S0_0_', 0)",True,315.4624938964844,0.0014047622680664062,0.0005187988281264151,"StraightLane index=('>>', '>>>', 0)",True,0.0,True,False,0.5757478475570679,0.5679829716682434,0.0,0.5679829716682434,True,0.0,0.0,0.35498935729265213,0.0,0.35498935729265213,0.0
69.119507,"[365.9693603515625, 4.498590469360352, 0.0]","[439.5513916015625, 4.5, 0.0]",12.720510483272456,13.288362503051758,13.294497396787749,0.9803771974761233,0.9263852834701538,73.56878660615885,0.558340072151676,-0.15459060700218075,69.06878660615885,-0.567852019779302,12.690574645996094,0.5338344573974609,73.49990844726562,True,0,13.224409103393555,13.288362503051758,1.0943603515625,0.24399830170390982,0.6069193486024993,-0.03893637693425589,"StraightLane index=('>>>', '1S0_0_', 0)",True,315.7157287597656,0.0014071464538574219,0.0004959106445572987,"StraightLane index=('>>', '>>>', 0)",True,0.0,True,False,0.5757478475570679,0.5679829716682434,0.0,0.5679829716682434,True,0.0,0.0,0.35498935729265213,0.0,0.35498935729265213,0.0
69.139678,"[366.223388671875, 4.4985880851745605, 0.0]","[439.81805419921875, 4.5, 0.0]",12.741487503543695,13.303701400756836,13.316672682886828,1.0488510135619578,0.9395697712898254,73.58203123504397,0.567852019779302,0.4755973813812986,69.08203123504397,-0.562213897213141,12.710641860961914,0.561431884765625,73.55789184570312,True,0,13.272073745727539,13.303701400756836,1.0943603515625,0.24399830170390982,0.6069193486024993,0.0007567402074677432,"StraightLane index=('>>>', '1S0_0_', 0)",True,315.9693603515625,0.0014095306396484375,0.0004959106445572987,"StraightLane index=('>>', '>>>', 0)",True,0.0,True,False,0.5757478475570679,0.607676088809967,0.0,0.607676088809967,True,0.0,0.0,0.3797975555062294,0.0,0.3797975555062294,0.0
69.159169,"[366.4778137207031, 4.4985857009887695, 0.0]","[440.08319091796875, 4.5, 0.0]",12.76246452381735,13.332253456115723,13.338139345703064,1.04885101368275,0.9541754126548767,73.59466551209313,0.562213897213141,-0.2819061283080515,69.09466551209313,-0.5697889322983727,12.721570014953613,0.561431884765625,73.55789184570312,True,0,13.283001899719238,13.332253456115723,1.0943603515625,0.24399830170390982,0.6069193486024993,0.0007567402074677432,"StraightLane index=('>>>', '1S0_0_', 0)",True,316.223388671875,0.0014119148254394531,0.0005035400390803375,"StraightLane index=('>>', '>>>', 0)",True,0.0,True,False,0.5757478475570679,0.607676088809967,0.0,0.607676088809967,True,0.0,0.0,0.3797975555062294,0.0,0.3797975555062294,0.0
69.18114,"[366.7326354980469, 4.4985833168029785, 0.0]","[440.3451843261719, 4.5, 0.0]",12.783441544087932,13.350542068481445,13.362059263686648,1.0488510135290952,0.9687768220901489,73.60537718116439,0.5697889322983727,0.3787517542615859,69.10537718116439,-0.5671005243935134,12.742149353027344,0.561431884765625,73.55789184570312,True,0,13.303581237792969,13.350542068481445,1.0943603515625,0.24399830170390982,0.6069193486024993,0.0007567402074677432,"StraightLane index=('>>>', '1S0_0_', 0)",True,316.4778137207031,0.0014142990112304688,0.0005264282226494539,"StraightLane index=('>>', '>>>', 0)",True,0.0,True,False,0.5757478475570679,0.607676088809967,0.0,0.607676088809967,True,0.0,0.0,0.3797975555062294,0.0,0.3797975555062294,0.0
69.20176,"[366.9878845214844, 4.4985809326171875, 0.0]","[440.6193542480469, 4.5, 0.0]",12.804418564361573,13.373170852661133,13.384780495675859,1.0488510136820395,0.9835029244422913,73.6125488122796,0.5671005243935134,-0.13442039524296234,69.1125488122796,-0.5687522882995601,12.7630615234375,0.561431884765625,73.55789184570312,True,0,13.324493408203125,13.373170852661133,1.1392784118652344,0.259473215948802,0.6291622033435161,-0.021486114533549094,"StraightLane index=('>>>', '1S0_0_', 0)",True,316.7326354980469,0.0014166831970214844,0.0005187988281264151,"StraightLane index=('>>', '>>>', 0)",True,0.0,True,False,0.5757478475570679,0.607676088809967,0.0,0.607676088809967,True,0.0,0.0,0.3797975555062294,0.0,0.3797975555062294,0.0
69.219209,"[367.2435607910156, 4.4985785484313965, 0.0]","[440.87908935546875, 4.5, 0.0]",12.825395584637356,13.393411636352539,13.402631635007912,1.0488510137891538,0.996650218963623,73.63146971041634,0.5687522882995601,0.08258819530233552,69.13146971041634,-0.5680160517151833,12.794060707092285,0.5671005249023438,73.612548828125,True,0,13.361161231994629,13.393411636352539,1.1392784118652344,0.259473215948802,0.6291622033435161,-0.021486114533549094,"StraightLane index=('>>>', '1S0_0_', 0)",True,316.9878845214844,0.0014190673828125,0.0005264282226494539,"StraightLane index=('>>', '>>>', 0)",True,0.0,True,False,0.5757478475570679,0.607676088809967,0.0,0.607676088809967,True,0.0,0.0,0.3797975555062294,0.0,0.3797975555062294,0.0
69.239466,"[367.4996643066406, 4.4985761642456055, 0.0]","[441.14794921875, 4.5, 0.0]",12.846994400568544,13.413824081420898,13.423296476985909,1.0799407965594199,1.015723466873169,73.63552854744093,0.5680160517151833,-0.0368118292188413,69.13552854744093,-0.5668296808523543,12.80602741241455,0.5671005249023438,73.612548828125,True,0,13.373127937316895,13.413824081420898,1.1392784118652344,0.259473215948802,0.6291622033435161,-0.003500055344706321,"StraightLane index=('>>>', '1S0_0_', 0)",True,317.2435607910156,0.0014214515686035156,0.0005493164062694592,"StraightLane index=('>>', '>>>', 0)",True,0.0,True,False,0.5566883683204651,0.6256621479988098,0.0,0.6256621479988098,True,0.0,0.0,0.39103884249925613,0.0,0.39103884249925613,0.0
69.259431,"[367.75616455078125, 4.4985737800598145, 0.0]","[441.4217529296875, 4.5, 0.0]",12.868593216495961,13.434614181518555,13.443667860888876,1.0799407963708596,1.0297025442123413,73.64828489591869,0.5668296808523543,-0.05931854314145113,69.14828489591869,-0.5660209650225934,12.827800750732422,0.5671005249023438,73.612548828125,True,0,13.394901275634766,13.434614181518555,1.1392784118652344,0.259473215948802,0.6291622033435161,-0.003500055344706321,"StraightLane index=('>>>', '1S0_0_', 0)",True,317.4996643066406,0.0014238357543945312,0.0005264282226494539,"StraightLane index=('>>', '>>>', 0)",True,0.0,True,False,0.5566883683204651,0.6256621479988098,0.0,0.6256621479988098,True,0.0,0.0,0.39103884249925613,0.0,0.39103884249925613,0.0
69.279847,"[368.0130920410156, 4.498571395874023, 0.0]","[441.6913757324219, 4.5, 0.0]",12.890192032425453,13.455084800720215,13.46448388012976,1.0799407964745988,1.0410040616989136,73.66558836184694,0.5660209650225934,-0.0404357914880471,69.16558836184694,-0.5648927682947615,12.849534034729004,0.5671005249023438,73.612548828125,True,0,13.416634559631348,13.455084800720215,1.1392784118652344,0.259473215948802,0.6291622033435161,-0.003500055344706321,"StraightLane index=('>>>', '1S0_0_', 0)",True,317.75616455078125,0.0014262199401855469,0.0005493164062694592,"StraightLane index=('>>', '>>>', 0)",True,0.0,True,False,0.5566883683204651,0.6256621479988098,0.0,0.6256621479988098,True,0.0,0.0,0.39103884249925613,0.0,0.39103884249925613,0.0
69.299567,"[368.2704772949219, 4.498569011688232, 0.0]","[441.9520568847656, 4.5, 0.0]",12.911790848357038,13.474878311157227,13.484602595759558,1.0799407965792263,1.053600788116455,73.67828367403855,0.5648927682947615,-0.05640983639159103,69.17828367403855,-0.5630874628001887,12.871637344360352,0.5671005249023438,73.612548828125,True,0,13.438737869262695,13.474878311157227,1.0170745849609375,0.26912350482755465,0.6351303556476773,-0.009468207648867466,"StraightLane index=('>>>', '1S0_0_', 0)",True,318.0130920410156,0.0014286041259765625,0.000556945800792498,"StraightLane index=('>>', '>>>', 0)",True,0.0,True,False,0.5566883683204651,0.6256621479988098,0.0,0.6256621479988098,True,0.0,0.0,0.39103884249925613,0.0,0.39103884249925613,0.0
69.32013,"[368.5282897949219, 4.498566627502441, 0.0]","[442.2261962890625, 4.5, 0.0]",12.933389664284405,13.49422550201416,13.50356248580129,1.0799407963683727,1.0617406368255615,73.68157957245272,0.5630874628001887,-0.09026527472864032,69.18157957245272,-0.5608358377297549,12.893526077270508,0.5671005249023438,73.612548828125,True,0,13.460626602172852,13.49422550201416,1.0170745849609375,0.26912350482755465,0.6351303556476773,-0.009468207648867466,"StraightLane index=('>>>', '1S0_0_', 0)",True,318.2704772949219,0.0014309883117675781,0.000556945800792498,"StraightLane index=('>>', '>>>', 0)",True,0.0,True,False,0.5566883683204651,0.6256621479988098,0.0,0.6256621479988098,True,0.0,0.0,0.39103884249925613,0.0,0.39103884249925613,0.0
69.339938,"[368.7865295410156, 4.49856424331665, 0.0]","[442.50347900390625, 4.5, 0.0]",12.955343247054806,13.513078689575197,13.521781392078614,1.0976791385200357,1.0669455528259277,73.69790647701127,0.5608358377297549,-0.11258125352169301,69.19790647701127,-0.5577354425203911,12.915230751037598,0.5648927688598633,73.67828369140625,True,0,13.480123519897461,13.513078689575197,1.0170745849609375,0.26912350482755465,0.6351303556476773,0.0008405348743258934,"StraightLane index=('>>>', '1S0_0_', 0)",True,318.5282897949219,0.0014333724975585938,0.0005493164062694592,"StraightLane index=('>>', '>>>', 0)",True,0.0,True,False,0.5566883683204651,0.6359708905220032,0.0,0.6359708905220032,True,0.0,0.0,0.397481806576252,0.0,0.397481806576252,0.0
69.359138,"[369.0451965332031, 4.498561859130859, 0.0]","[442.7700500488281, 4.5, 0.0]",12.977296829818739,13.53120517730713,13.539456085241165,1.09767913819665,1.073634147644043,73.71694944573753,0.5577354425203911,-0.1550197604681891,69.21694944573753,-0.5539083474883917,12.937202453613281,0.5648927688598633,73.67828369140625,True,0,13.502095222473145,13.53120517730713,1.0170745849609375,0.26912350482755465,0.6351303556476773,0.0008405348743258934,"StraightLane index=('>>>', '1S0_0_', 0)",True,318.7865295410156,0.0014357566833496094,0.0005493164062694592,"StraightLane index=('>>', '>>>', 0)",True,0.0,True,False,0.5566883683204651,0.6359708905220032,0.0,0.6359708905220032,True,0.0,0.0,0.397481806576252,0.0,0.397481806576252,0.0
69.380149,"[369.3042907714844, 4.498559474945068, 0.0]","[443.0367736816406, 4.5, 0.0]",12.999250412583498,13.54934024810791,13.55872121920087,1.0976791382379503,1.080970048904419,73.72485349873365,0.5539083474883917,-0.19135475159997029,69.22485349873365,-0.5500898355244122,12.959381103515625,0.5648927688598633,73.67828369140625,True,0,13.524273872375488,13.54934024810791,1.0170745849609375,0.26912350482755465,0.6351303556476773,0.0008405348743258934,"StraightLane index=('>>>', '1S0_0_', 0)",True,319.0451965332031,0.001438140869140625,0.0005416870116955315,"StraightLane index=('>>', '>>>', 0)",True,0.0,True,False,0.5566883683204651,0.6359708905220032,0.0,0.6359708905220032,True,0.0,0.0,0.397481806576252,0.0,0.397481806576252,0.0
69.39949,"[369.5638427734375, 4.498557090759277, 0.0]","[443.31207275390625, 4.5, 0.0]",13.021203995353352,13.5680570602417,13.576564064421452,1.0976791384926798,1.0817967653274536,73.732482893526,0.5500898355244122,-0.1909255981989766,69.232482893526,-0.5468530648883476,12.99190616607666,0.5648927688598633,73.67828369140625,True,0,13.556798934936523,13.5680570602417,0.9317874908447266,0.2748237165243646,0.6302782087017906,0.005692681820212542,"StraightLane index=('>>>', '1S0_0_', 0)",True,319.3042907714844,0.0014405250549316406,0.0005340576171724927,"StraightLane index=('>>', '>>>', 0)",True,0.0,True,False,0.5566883683204651,0.6359708905220032,0.0,0.6359708905220032,True,0.0,0.0,0.397481806576252,0.0,0.397481806576252,0.0
69.419449,"[369.8238220214844, 4.498554706573486, 0.0]","[443.5780029296875, 4.5, 0.0]",13.04315757812089,13.584443092346191,13.592574843990613,1.0976791383769502,1.0952259302139282,73.74822996353127,0.5468530648883476,-0.16183853180322672,69.24822996353127,-0.5412855142253008,13.004133224487305,0.5500898361206055,73.73248291015625,True,0,13.55422306060791,13.584443092346191,0.9317874908447266,0.2748237165243646,0.6302782087017906,0.005692681820212542,"StraightLane index=('>>>', '1S0_0_', 0)",True,319.5638427734375,0.0014429092407226562,0.0005416870116955315,"StraightLane index=('>>', '>>>', 0)",True,0.0,True,False,0.5370897054672241,0.6359708905220032,0.0,0.6359708905220032,True,0.0,0.0,0.397481806576252,0.0,0.397481806576252,0.0
69.442205,"[370.0842590332031, 4.498552322387695, 0.0]","[443.85748291015625, 4.5, 0.0]",13.06501960815291,13.600863456726074,13.610659764002074,1.0931015016010015,1.101403832435608,73.75418089095689,0.5412855142253008,-0.2783775331523408,69.25418089095689,-0.5358438485731636,13.026617050170898,0.5500898361206055,73.73248291015625,True,0,13.576706886291504,13.600863456726074,0.9317874908447266,0.2748237165243646,0.6302782087017906,0.002995869667349993,"StraightLane index=('>>>', '1S0_0_', 0)",True,319.8238220214844,0.0014452934265136719,0.0005493164062694592,"StraightLane index=('>>', '>>>', 0)",True,0.0,True,False,0.5370897054672241,0.6332740783691406,0.0,0.6332740783691406,True,0.0,0.0,0.3957962989807129,0.0,0.3957962989807129,0.0
69.459247,"[370.3451232910156, 4.498549938201904, 0.0]","[444.1280212402344, 4.5, 0.0]",13.08688163818891,13.6167573928833,13.624438358394427,1.0931015017999535,1.0989160537719727,73.77322385968316,0.5358438485731636,-0.2720832826068609,69.27322385968316,-0.5298757546943911,13.059378623962402,0.5500898361206055,73.73248291015625,True,0,13.609468460083008,13.6167573928833,0.9317874908447266,0.2748237165243646,0.6302782087017906,0.002995869667349993,"StraightLane index=('>>>', '1S0_0_', 0)",True,320.0842590332031,0.0014476776123046875,0.0005493164062694592,"StraightLane index=('>>', '>>>', 0)",True,0.0,True,False,0.5370897054672241,0.6332740783691406,0.0,0.6332740783691406,True,0.0,0.0,0.3957962989807129,0.0,0.3957962989807129,0.0
69.48017,"[370.6064147949219, 4.498547554016113, 0.0]","[444.40130615234375, 4.5, 0.0]",13.108743668222756,13.632813453674318,13.641024550393222,1.0931015016923062,1.1063997745513916,73.78289793163754,0.5298757546943911,-0.29840469393862534,69.28289793163754,-0.5240697854515624,13.071152687072754,0.5500898361206055,73.73248291015625,True,0,13.62124252319336,13.632813453674318,0.9317874908447266,0.2748237165243646,0.6302782087017906,0.002995869667349993,"StraightLane index=('>>>', '1S0_0_', 0)",True,320.3451232910156,0.0014500617980957031,0.000556945800792498,"StraightLane index=('>>', '>>>', 0)",True,0.0,True,False,0.5370897054672241,0.6332740783691406,0.0,0.6332740783691406,True,0.0,0.0,0.3957962989807129,0.0,0.3957962989807129,0.0
69.50086,"[370.8681640625, 4.498545169830322, 0.0]","[444.6684875488281, 4.5, 0.0]",13.130605698255653,13.648509979248047,13.657595919181942,1.0931015016448775,1.1029070615768433,73.79489133981693,0.5240697854515624,-0.2902984621414362,69.29489133981693,-0.5179042809923935,13.092793464660645,0.5500898361206055,73.73248291015625,True,0,13.64288330078125,13.648509979248047,0.8045291900634766,0.2754998665241498,0.6121376491692057,0.02113642919993497,"StraightLane index=('>>>', '1S0_0_', 0)",True,320.6064147949219,0.0014524459838867188,0.000556945800792498,"StraightLane index=('>>', '>>>', 0)",True,0.0,True,False,0.5370897054672241,0.6332740783691406,0.0,0.6332740783691406,True,0.0,0.0,0.3957962989807129,0.0,0.3957962989807129,0.0
69.519586,"[371.1303405761719, 4.498542785644531, 0.0]","[444.94732666015625, 4.5, 0.0]",13.152467728287602,13.663293838500977,13.670544251493295,1.0931015015974488,1.0908938646316528,73.80032346869974,0.5179042809923935,-0.3082752229584429,69.30032346869974,-0.5108261102133742,13.124492645263672,0.5240697860717773,73.79489135742188,True,0,13.64856243133545,13.663293838500977,0.8045291900634766,0.2754998665241498,0.6121376491692057,0.02113642919993497,"StraightLane index=('>>>', '1S0_0_', 0)",True,320.8681640625,0.0014548301696777344,0.000556945800792498,"StraightLane index=('>>', '>>>', 0)",True,0.0,True,False,0.5370897054672241,0.6332740783691406,0.0,0.6332740783691406,True,0.0,0.0,0.3957962989807129,0.0,0.3957962989807129,0.0
69.539861,"[371.3929443359375, 4.49854040145874, 0.0]","[445.2212829589844, 4.5, 0.0]",13.173807144793685,13.677101135253906,13.684521288238642,1.0669708253041144,1.1009526252746582,73.81698606633202,0.5108261102133742,-0.3539085389509644,69.31698606633202,-0.5032939904602216,13.136457443237305,0.5240697860717773,73.79489135742188,True,0,13.660527229309082,13.677101135253906,0.8045291900634766,0.2754998665241498,0.6121376491692057,0.005988981613875399,"StraightLane index=('>>>', '1S0_0_', 0)",True,321.1303405761719,0.00145721435546875,0.000556945800792498,"StraightLane index=('>>', '>>>', 0)",True,0.0,True,False,0.5370897054672241,0.618126630783081,0.0,0.618126630783081,True,0.0,0.0,0.38632914423942566,0.0,0.38632914423942566,0.0
69.559359,"[371.656005859375, 4.498538017272949, 0.0]","[445.49407958984375, 4.5, 0.0]",13.195146561299177,13.690849304199219,13.697991655230467,1.0669708252746268,1.1016768217086792,73.8283386053708,0.5032939904602216,-0.37660598765763,69.3283386053708,-0.49570274290004157,13.158453941345215,0.5240697860717773,73.79489135742188,True,0,13.682523727416992,13.690849304199219,0.8045291900634766,0.2754998665241498,0.6121376491692057,0.005988981613875399,"StraightLane index=('>>>', '1S0_0_', 0)",True,321.3929443359375,0.0014595985412597656,0.000556945800792498,"StraightLane index=('>>', '>>>', 0)",True,0.0,True,False,0.5370897054672241,0.618126630783081,0.0,0.618126630783081,True,0.0,0.0,0.38632914423942566,0.0,0.38632914423942566,0.0
69.582963,"[371.91949462890625, 4.498535633087158, 0.0]","[445.76702880859375, 4.5, 0.0]",13.216485977804576,13.704605102539062,13.714211324460518,1.0669708252699195,1.103071928024292,73.83807371276906,0.49570274290004157,-0.37956237800900183,69.33807371276906,-0.48811912473448693,13.180540084838867,0.5240697860717773,73.79489135742188,True,0,13.704609870910645,13.704605102539062,0.8045291900634766,0.2754998665241498,0.6121376491692057,0.005988981613875399,"StraightLane index=('>>>', '1S0_0_', 0)",True,321.656005859375,0.0014619827270507812,0.000556945800792498,"StraightLane index=('>>', '>>>', 0)",True,0.0,True,False,0.5370897054672241,0.618126630783081,0.0,0.618126630783081,True,0.0,0.0,0.38632914423942566,0.0,0.38632914423942566,0.0
69.599413,"[372.18341064453125, 4.498533248901367, 0.0]","[446.04193115234375, 4.5, 0.0]",13.237825394304851,13.721792221069336,13.725624779384122,1.0669708250137688,1.10024893283844,73.84753416196419,0.48811912473448693,-0.379180908277732,69.34753416196419,-0.483966826764485,13.202213287353516,0.5240697860717773,73.79489135742188,True,0,13.726283073425293,13.721792221069336,0.7328224182128906,0.273598664509186,0.5881771019061013,0.02994952887697977,"StraightLane index=('>>>', '1S0_0_', 0)",True,321.91949462890625,0.0014643669128417969,0.000556945800792498,"StraightLane index=('>>', '>>>', 0)",True,0.0,True,False,0.5370897054672241,0.618126630783081,0.0,0.618126630783081,True,0.0,0.0,0.38632914423942566,0.0,0.38632914423942566,0.0
69.620043,"[372.44775390625, 4.498530864715576, 0.0]","[446.31072998046875, 4.5, 0.0]",13.259164810801973,13.726877212524416,13.737246495671574,1.0669708248561172,1.0953277349472046,73.85852049035574,0.483966826764485,-0.20761489850009696,69.35852049035574,-0.46771240172244255,13.223572731018066,0.5240697860717773,73.79489135742188,True,0,13.747642517089844,13.726877212524416,0.7328224182128906,0.273598664509186,0.5881771019061013,0.02994952887697977,"StraightLane index=('>>>', '1S0_0_', 0)",True,322.18341064453125,0.0014667510986328125,0.0005493164062694592,"StraightLane index=('>>', '>>>', 0)",True,0.0,True,False,0.5370897054672241,0.618126630783081,0.0,0.618126630783081,True,0.0,0.0,0.38632914423942566,0.0,0.38632914423942566,0.0
69.639297,"[372.7125244140625, 4.498528480529785, 0.0]","[446.5862121582031, 4.5, 0.0]",13.279615402834068,13.74476146697998,13.748030135119336,1.022529601604738,1.0931005477905273,73.86297605673893,0.46771240172244255,-0.8127212521021221,69.36297605673893,-0.4651460641459124,13.245131492614746,0.48811912536621094,73.8475341796875,True,0,13.733250617980957,13.74476146697998,0.7328224182128906,0.273598664509186,0.5881771019061013,0.004286629859645785,"StraightLane index=('>>>', '1S0_0_', 0)",True,322.44775390625,0.0014691352844238281,0.0005493164062694592,"StraightLane index=('>>', '>>>', 0)",True,0.0,True,False,0.5169623494148254,0.5924637317657471,0.0,0.5924637317657471,True,0.0,0.0,0.3702898323535919,0.0,0.3702898323535919,0.0
69.65919,"[372.97772216796875, 4.498526096343994, 0.0]","[446.8660583496094, 4.5, 0.0]",13.300065994864514,13.749486923217773,13.759174388791434,1.022529601522315,1.0883132219314575,73.873687727788,0.4651460641459124,-0.12831687882650655,69.373687727788,-0.4494209283532591,13.266387939453125,0.48811912536621094,73.8475341796875,True,0,13.754507064819336,13.749486923217773,0.7328224182128906,0.273598664509186,0.5881771019061013,0.004286629859645785,"StraightLane index=('>>>', '1S0_0_', 0)",True,322.7125244140625,0.0014715194702148438,0.0005187988281264151,"StraightLane index=('>>', '>>>', 0)",True,0.0,True,False,0.5169623494148254,0.5924637317657471,0.0,0.5924637317657471,True,0.0,0.0,0.3702898323535919,0.0,0.3702898323535919,0.0
69.679784,"[373.2433166503906, 4.498523712158203, 0.0]","[447.1346435546875, 4.5, 0.0]",13.320516586898966,13.767090797424316,13.77070004559122,1.0225296017225993,1.0827256441116333,73.88833616526581,0.4494209283532591,-0.7862567896326667,69.38833616526581,-0.44657421052535007,13.287433624267578,0.48811912536621094,73.8475341796875,True,0,13.775552749633789,13.767090797424316,0.7328224182128906,0.273598664509186,0.5881771019061013,0.004286629859645785,"StraightLane index=('>>>', '1S0_0_', 0)",True,322.97772216796875,0.0014739036560058594,0.0005187988281264151,"StraightLane index=('>>', '>>>', 0)",True,0.0,True,False,0.5169623494148254,0.5924637317657471,0.0,0.5924637317657471,True,0.0,0.0,0.3702898323535919,0.0,0.3702898323535919,0.0
69.699848,"[373.5093078613281, 4.498521327972412, 0.0]","[447.4168701171875, 4.5, 0.0]",13.340967178939824,13.771914482116701,13.781940038560423,1.0225296020428765,1.0761843919754028,73.89132688761401,0.44657421052535007,-0.1423358913954509,69.39132688761401,-0.43094730317687713,13.30828857421875,0.48811912536621094,73.8475341796875,True,0,13.796407699584961,13.771914482116701,0.5012226104736506,0.2637815894248452,0.5438973364898154,0.04856639527593165,"StraightLane index=('>>>', '1S0_0_', 0)",True,323.2433166503906,0.001476287841796875,0.0005264282226494539,"StraightLane index=('>>', '>>>', 0)",True,0.0,True,False,0.5169623494148254,0.5924637317657471,0.0,0.5924637317657471,True,0.0,0.0,0.3702898323535919,0.0,0.3702898323535919,0.0
69.71984,"[373.7757263183594, 4.498518943786621, 0.0]","[447.6936340332031, 4.5, 0.0]",13.361417770980168,13.788285255432129,13.790939006999716,1.022529602017208,1.0654807090759277,73.90756223886595,0.43094730317687713,-0.781345367423647,69.40756223886595,-0.4268674844519609,13.328551292419434,0.48811912536621094,73.8475341796875,True,0,13.816670417785645,13.788285255432129,0.5012226104736506,0.2637815894248452,0.5438973364898154,0.04856639527593165,"StraightLane index=('>>>', '1S0_0_', 0)",True,323.5093078613281,0.0014786720275878906,0.0005340576171724927,"StraightLane index=('>>', '>>>', 0)",True,0.0,True,False,0.5169623494148254,0.5924637317657471,0.0,0.5924637317657471,True,0.0,0.0,0.3702898323535919,0.0,0.3702898323535919,0.0
69.739786,"[374.04254150390625, 4.49851655960083, 0.0]","[447.96990966796875, 4.5, 0.0]",13.380739212634865,13.790623664855957,13.799923418095743,0.9660720827348257,1.0451966524124146,73.91790769695488,0.4268674844519609,-0.20399093624581255,69.41790769695488,-0.4098844522210925,13.358153343200684,0.44657421112060547,73.89132690429688,True,0,13.804727554321289,13.790623664855957,0.5012226104736506,0.2637815894248452,0.5438973364898154,0.015797072880606944,"StraightLane index=('>>>', '1S0_0_', 0)",True,323.7757263183594,0.0014810562133789062,0.000556945800792498,"StraightLane index=('>>', '>>>', 0)",True,0.0,True,False,0.5169623494148254,0.5596944093704224,0.0,0.5596944093704224,True,0.0,0.0,0.349809005856514,0.0,0.349809005856514,0.0
69.759245,"[374.3097839355469, 4.498514175415039, 0.0]","[448.2444152832031, 4.5, 0.0]",13.400060654292995,13.80624008178711,13.808683144641865,0.9660720829065106,1.0501041412353516,73.92736814615,0.4098844522210925,-0.8491516115434194,69.42736814615,-0.4061794274941146,13.369119644165039,0.44657421112060547,73.89132690429688,True,0,13.815693855285645,13.80624008178711,0.5012226104736506,0.2637815894248452,0.5438973364898154,0.015797072880606944,"StraightLane index=('>>>', '1S0_0_', 0)",True,324.04254150390625,0.0014834403991699219,0.000556945800792498,"StraightLane index=('>>', '>>>', 0)",True,0.0,True,False,0.5169623494148254,0.5596944093704224,0.0,0.5596944093704224,True,0.0,0.0,0.349809005856514,0.0,0.349809005856514,0.0
69.779815,"[374.577392578125, 4.498511791229248, 0.0]","[448.52130126953125, 4.5, 0.0]",13.419382095958722,13.808597564697266,13.817932555801411,0.9660720832863845,1.0406781435012817,73.93463132972023,0.4061794274941146,-0.1852512363488934,69.43463132972023,-0.3892154687385432,13.388999938964844,0.44657421112060547,73.89132690429688,True,0,13.83557415008545,13.808597564697266,0.5012226104736506,0.2637815894248452,0.5438973364898154,0.015797072880606944,"StraightLane index=('>>>', '1S0_0_', 0)",True,324.3097839355469,0.0014858245849609375,0.000556945800792498,"StraightLane index=('>>', '>>>', 0)",True,0.0,True,False,0.5169623494148254,0.5596944093704224,0.0,0.5596944093704224,True,0.0,0.0,0.349809005856514,0.0,0.349809005856514,0.0
69.800452,"[374.84539794921875, 4.498509407043457, 0.0]","[448.7965087890625, 4.5, 0.0]",13.438703537624644,13.824236869812012,13.827178042316577,0.9660720832960656,1.015879511833191,73.94390867285624,0.3892154687385432,-0.848197937778572,69.44390867285624,-0.38553333218736796,13.417372703552246,0.44657421112060547,73.89132690429688,True,0,13.863946914672852,13.824236869812012,0.5232238769531072,0.2557162661757194,0.5063129320975086,0.05338147727291376,"StraightLane index=('>>>', '1S0_0_', 0)",True,324.577392578125,0.0014882087707519531,0.0005722045898385755,"StraightLane index=('>>', '>>>', 0)",True,0.0,True,False,0.5169623494148254,0.5596944093704224,0.0,0.5596944093704224,True,0.0,0.0,0.349809005856514,0.0,0.349809005856514,0.0
69.819519,"[375.1138000488281, 4.498507022857666, 0.0]","[449.068115234375, 4.5, 0.0]",13.458024979280871,13.825190544128418,13.83403948967904,0.9660720828113867,1.0052980184555054,73.95111082097209,0.38553333218736796,-0.18410682755876095,69.45111082097209,-0.3671655648475465,13.436614990234375,0.38921546936035156,73.94390869140625,True,0,13.825830459594727,13.825190544128418,0.5232238769531072,0.2557162661757194,0.5063129320975086,0.05338147727291376,"StraightLane index=('>>>', '1S0_0_', 0)",True,324.84539794921875,0.0014905929565429688,0.0005798339843616143,"StraightLane index=('>>', '>>>', 0)",True,0.0,True,False,0.5169623494148254,0.5596944093704224,0.0,0.5596944093704224,True,0.0,0.0,0.349809005856514,0.0,0.349809005856514,0.0
69.841111,"[375.382568359375, 4.498504638671875, 0.0]","[449.3462829589844, 4.5, 0.0]",13.47562217777238,13.839091300964355,13.841803817032837,0.8798599245753991,1.0090702772140503,73.95431516783428,0.3671655648475465,-0.9183883669910742,69.45431516783428,-0.363469123191976,13.447063446044922,0.38921546936035156,73.94390869140625,True,0,13.836278915405273,13.839091300964355,0.5232238769531072,0.2557162661757194,0.5063129320975086,0.0034625872735241092,"StraightLane index=('>>>', '1S0_0_', 0)",True,325.1138000488281,0.0014929771423339844,0.0005493164062694592,"StraightLane index=('>>', '>>>', 0)",True,0.0,True,False,0.4963199198246002,0.5097755193710327,0.0,0.5097755193710327,True,0.0,0.0,0.31860969960689545,0.0,0.31860969960689545,0.0
69.859473,"[375.6517333984375, 4.498501777648926, 0.0]","[449.6207580566406, 4.5, 0.0]",13.493219376258217,13.83956050872803,13.848427702913526,0.8798599242918925,0.9998222589492798,73.96371458157928,0.363469123191976,-0.18482208277852408,69.46371458157928,-0.3463411324698118,13.466139793395996,0.38921546936035156,73.94390869140625,True,0,13.855355262756348,13.83956050872803,0.5232238769531072,0.2557162661757194,0.5063129320975086,0.0034625872735241092,"StraightLane index=('>>>', '1S0_0_', 0)",True,325.382568359375,0.001495361328125,0.000556945800792498,"StraightLane index=('>>', '>>>', 0)",True,0.0,True,False,0.4963199198246002,0.5097755193710327,0.0,0.5097755193710327,True,0.0,0.0,0.31860969960689545,0.0,0.31860969960689545,0.0
69.879208,"[375.9212341308594, 4.498498916625977, 0.0]","[449.89752197265625, 4.5, 0.0]",13.51081657474008,13.853425025939941,13.855528705435338,0.8798599240931182,0.9872372150421143,73.96902464043956,0.3463411324698118,-0.85639953610821,69.46902464043956,-0.3426084511998617,13.484685897827148,0.38921546936035156,73.94390869140625,True,0,13.8739013671875,13.853425025939941,0.5232238769531072,0.2557162661757194,0.5063129320975086,0.0034625872735241092,"StraightLane index=('>>>', '1S0_0_', 0)",True,325.6517333984375,0.0014982223510742188,0.0005493164062694592,"StraightLane index=('>>', '>>>', 0)",True,0.0,True,False,0.4963199198246002,0.5097755193710327,0.0,0.5097755193710327,True,0.0,0.0,0.31860969960689545,0.0,0.31860969960689545,0.0
69.8995,"[376.19110107421875, 4.498496055603027, 0.0]","[450.18072509765625, 4.5, 0.0]",13.52841377322413,13.854120254516602,13.862822688841026,0.8798599242025418,0.9737750887870789,73.97628782400554,0.3426084511998617,-0.1866340634975039,69.47628782400554,-0.32570648129247104,13.50285816192627,0.38921546936035156,73.94390869140625,True,0,13.892073631286621,13.854120254516602,0.29883384704589844,0.2406038242047539,0.4523130370448601,0.057462482326172626,"StraightLane index=('>>>', '1S0_0_', 0)",True,325.9212341308594,0.0015010833740234375,0.0005493164062694592,"StraightLane index=('>>', '>>>', 0)",True,0.0,True,False,0.4963199198246002,0.5097755193710327,0.0,0.5097755193710327,True,0.0,0.0,0.31860969960689545,0.0,0.31860969960689545,0.0
69.919614,"[376.4613037109375, 4.498493194580078, 0.0]","[450.45220947265625, 4.5, 0.0]",13.546010971709356,13.866896629333496,13.868700708927818,0.8798599242612504,0.9438292980194092,73.98962400532275,0.32570648129247104,-0.845098495369534,69.48962400532275,-0.32088565762414056,13.528650283813477,0.38921546936035156,73.94390869140625,True,0,13.917865753173828,13.866896629333496,0.29883384704589844,0.2406038242047539,0.4523130370448601,0.057462482326172626,"StraightLane index=('>>>', '1S0_0_', 0)",True,326.19110107421875,0.0015039443969726562,0.000556945800792498,"StraightLane index=('>>', '>>>', 0)",True,0.0,True,False,0.4963199198246002,0.5097755193710327,0.0,0.5097755193710327,True,0.0,0.0,0.31860969960689545,0.0,0.31860969960689545,0.0
69.940237,"[376.73187255859375, 4.498490333557129, 0.0]","[450.73028564453125, 4.5, 0.0]",13.562211990995861,13.866039276123047,13.874678333057554,0.8100509643252707,0.9255251884460449,73.99090574387189,0.32088565762414056,-0.2410411834165238,69.49090574387189,-0.30382728512718593,13.545592308044434,0.3426084518432617,73.97628784179688,True,0,13.888200759887695,13.866039276123047,0.29883384704589844,0.2406038242047539,0.4523130370448601,0.016982375257157123,"StraightLane index=('>>>', '1S0_0_', 0)",True,326.4613037109375,0.001506805419921875,0.0005493164062694592,"StraightLane index=('>>', '>>>', 0)",True,0.0,True,False,0.4963199198246002,0.4692954123020172,0.0,0.4692954123020172,True,0.0,0.0,0.29330963268876076,0.0,0.29330963268876076,0.0
69.958909,"[377.0028076171875, 4.49848747253418, 0.0]","[451.0059814453125, 4.5, 0.0]",13.578413010277249,13.87846851348877,13.88009874683473,0.8100509640693865,0.9151066541671753,73.99841306806287,0.30382728512718593,-0.8529186248477316,69.49841306806287,-0.30005550321152086,13.563036918640137,0.3426084518432617,73.97628784179688,True,0,13.905645370483398,13.87846851348877,0.29883384704589844,0.2406038242047539,0.4523130370448601,0.016982375257157123,"StraightLane index=('>>>', '1S0_0_', 0)",True,326.73187255859375,0.0015096664428710938,0.0005493164062694592,"StraightLane index=('>>', '>>>', 0)",True,0.0,True,False,0.4963199198246002,0.4692954123020172,0.0,0.4692954123020172,True,0.0,0.0,0.29330963268876076,0.0,0.29330963268876076,0.0
69.979805,"[377.2740478515625, 4.4984846115112305, 0.0]","[451.2913818359375, 4.5, 0.0]",13.594614029550383,13.877764701843262,13.886155308383923,0.8100509636567388,0.9119120240211487,74.00317381051794,0.30005550321152086,-0.18858909578325367,69.50317381051794,-0.28315067229287827,13.571852684020996,0.3426084518432617,73.97628784179688,True,0,13.914461135864258,13.877764701843262,0.29883384704589844,0.2406038242047539,0.4523130370448601,0.016982375257157123,"StraightLane index=('>>>', '1S0_0_', 0)",True,327.0028076171875,0.0015125274658203125,0.0005416870116955315,"StraightLane index=('>>', '>>>', 0)",True,0.0,True,False,0.4963199198246002,0.4692954123020172,0.0,0.4692954123020172,True,0.0,0.0,0.29330963268876076,0.0,0.29330963268876076,0.0
69.999263,"[377.5456237792969, 4.498481750488281, 0.0]","[451.56243896484375, 4.5, 0.0]",13.610815048828703,13.890096664428711,13.891799031449073,0.8100509639159981,0.8918920159339905,74.01733396732757,0.28315067229287827,-0.8452415459321294,69.51733396732757,-0.2792816156000075,13.587812423706055,0.3426084518432617,73.97628784179688,True,0,13.930420875549316,13.890096664428711,0.35976409912109375,0.22913518525351678,0.4106682353935217,0.058627176908495504,"StraightLane index=('>>>', '1S0_0_', 0)",True,327.2740478515625,0.0015153884887695312,0.0005264282226494539,"StraightLane index=('>>', '>>>', 0)",True,0.0,True,False,0.4963199198246002,0.4692954123020172,0.0,0.4692954123020172,True,0.0,0.0,0.29330963268876076,0.0,0.29330963268876076,0.0
70.020063,"[377.8175048828125, 4.49847936630249, 0.0]","[451.84783935546875, 4.5, 0.0]",13.627016068105036,13.888686180114748,13.896826047194656,0.8100509638166109,0.8590814471244812,74.01681516905599,0.2792816156000075,-0.19345283464353713,69.51681516905599,-0.26167011200971224,13.610785484313965,0.28315067291259766,74.017333984375,True,0,13.893936157226562,13.888686180114748,0.35976409912109375,0.22913518525351678,0.4106682353935217,0.058627176908495504,"StraightLane index=('>>>', '1S0_0_', 0)",True,327.5456237792969,0.00151824951171875,0.0005111694336033763,"StraightLane index=('>>', '>>>', 0)",True,0.0,True,False,0.4751681387424469,0.4692954123020172,0.0,0.4692954123020172,True,0.0,0.0,0.29330963268876076,0.0,0.29330963268876076,0.0
70.040471,"[378.0897216796875, 4.498476982116699, 0.0]","[452.1258850097656, 4.5, 0.0]",13.641298294660022,13.900154113769531,13.901723286076916,0.7141113277493005,0.8596210479736328,74.03033445614358,0.26167011200971224,-0.8805751795147643,69.53033445614358,-0.2588558191095096,13.61943244934082,0.28315067291259766,74.017333984375,True,0,13.902583122253418,13.900154113769531,0.35976409912109375,0.22913518525351678,0.4106682353935217,0.0030330902614618127,"StraightLane index=('>>>', '1S0_0_', 0)",True,327.8175048828125,0.0015206336975097656,0.0005111694336033763,"StraightLane index=('>>', '>>>', 0)",True,0.0,True,False,0.4751681387424469,0.4137013256549835,0.0,0.4137013256549835,True,0.0,0.0,0.2585633285343647,0.0,0.2585633285343647,0.0
70.05977,"[378.3622741699219, 4.498474597930908, 0.0]","[452.4022521972656, 4.5, 0.0]",13.655580521217189,13.898256301879883,13.906351513280999,0.7141113278583688,0.8477993607521057,74.0361633129598,0.2588558191095096,-0.14071464501013153,69.5361633129598,-0.2426757806626938,13.635247230529785,0.28315067291259766,74.017333984375,True,0,13.918397903442383,13.898256301879883,0.35976409912109375,0.22913518525351678,0.4106682353935217,0.0030330902614618127,"StraightLane index=('>>>', '1S0_0_', 0)",True,328.0897216796875,0.0015230178833007812,0.0005264282226494539,"StraightLane index=('>>', '>>>', 0)",True,0.0,True,False,0.4751681387424469,0.4137013256549835,0.0,0.4137013256549835,True,0.0,0.0,0.2585633285343647,0.0,0.2585633285343647,0.0
70.079535,"[378.6351013183594, 4.498472213745117, 0.0]","[452.674560546875, 4.5, 0.0]",13.669862747771036,13.909624099731445,13.911097171996255,0.7141113276923683,0.834147572517395,74.03997801020336,0.2426757806626938,-0.8090019223407907,69.53997801020336,-0.23976135196040893,13.650647163391113,0.28315067291259766,74.017333984375,True,0,13.933797836303711,13.909624099731445,0.35976409912109375,0.22913518525351678,0.4106682353935217,0.0030330902614618127,"StraightLane index=('>>>', '1S0_0_', 0)",True,328.3622741699219,0.0015254020690917969,0.0005264282226494539,"StraightLane index=('>>', '>>>', 0)",True,0.0,True,False,0.4751681387424469,0.4137013256549835,0.0,0.4137013256549835,True,0.0,0.0,0.2585633285343647,0.0,0.2585633285343647,0.0
70.099001,"[378.908203125, 4.498469829559326, 0.0]","[452.9521179199219, 4.5, 0.0]",13.684144974322692,13.907747268676758,13.915770632958042,0.7141113275827671,0.8161442279815674,74.03945921193876,0.23976135196040893,-0.1457214351142433,69.53945921193876,-0.2236022943540661,13.665292739868164,0.28315067291259766,74.017333984375,True,0,13.948443412780762,13.907747268676758,0.17650604248046875,0.2123993782149815,0.35774086954512446,0.05596045610985906,"StraightLane index=('>>>', '1S0_0_', 0)",True,328.6351013183594,0.0015277862548828125,0.0005111694336033763,"StraightLane index=('>>', '>>>', 0)",True,0.0,True,False,0.4751681387424469,0.4137013256549835,0.0,0.4137013256549835,True,0.0,0.0,0.2585633285343647,0.0,0.2585633285343647,0.0
70.119223,"[379.1816101074219, 4.498467445373535, 0.0]","[453.2311706542969, 4.5, 0.0]",13.69842720088284,13.918957710266113,13.920238594361349,0.7141113280074052,0.7999885678291321,74.04391477832357,0.2236022943540661,-0.8079528803171421,69.54391477832357,-0.22053050938327345,13.671758651733398,0.2397613525390625,74.03945922851562,True,0,13.911520004272461,13.918957710266113,0.17650604248046875,0.2123993782149815,0.35774086954512446,0.05596045610985906,"StraightLane index=('>>>', '1S0_0_', 0)",True,328.908203125,0.0015301704406738281,0.0005111694336033763,"StraightLane index=('>>', '>>>', 0)",True,0.0,True,False,0.4751681387424469,0.4137013256549835,0.0,0.4137013256549835,True,0.0,0.0,0.2585633285343647,0.0,0.2585633285343647,0.0
70.13966,"[379.4552917480469, 4.498465061187744, 0.0]","[453.5168762207031, 4.5, 0.0]",13.711305618854468,13.920137405395508,13.924733250015766,0.6439208985813849,0.7759531140327454,74.04956052966848,0.22053050938327345,-0.15358924853963174,69.54956052966848,-0.2088317865410403,13.69299602508545,0.2397613525390625,74.03945922851562,True,0,13.932757377624512,13.920137405395508,0.17650604248046875,0.2123993782149815,0.35774086954512446,0.015353063321925708,"StraightLane index=('>>>', '1S0_0_', 0)",True,329.1816101074219,0.0015325546264648438,0.0005264282226494539,"StraightLane index=('>>', '>>>', 0)",True,0.0,True,False,0.4751681387424469,0.37309393286705017,0.0,0.37309393286705017,True,0.0,0.0,0.23318370804190636,0.0,0.23318370804190636,0.0
70.159789,"[379.729248046875, 4.498462677001953, 0.0]","[453.7939453125, 4.5, 0.0]",13.724184036819995,13.924513816833496,13.92916411206103,0.6439208982763844,0.7568474411964417,74.06158445542734,0.2088317865410403,-0.5849361421116583,69.56158445542734,-0.20032978001350088,13.706350326538086,0.2397613525390625,74.03945922851562,True,0,13.946111679077148,13.924513816833496,0.17650604248046875,0.2123993782149815,0.35774086954512446,0.015353063321925708,"StraightLane index=('>>>', '1S0_0_', 0)",True,329.4552917480469,0.0015349388122558594,0.0005264282226494539,"StraightLane index=('>>', '>>>', 0)",True,0.0,True,False,0.4751681387424469,0.37309393286705017,0.0,0.37309393286705017,True,0.0,0.0,0.23318370804190636,0.0,0.23318370804190636,0.0
70.18036,"[380.00347900390625, 4.498460292816162, 0.0]","[454.0733642578125, 4.5, 0.0]",13.737062454787,13.92892837524414,13.933687319540535,0.6439208983502809,0.7396778464317322,74.06469724866871,0.20032978001350088,-0.42510032637697037,69.56469724866871,-0.1918659204571398,13.719534873962402,0.2397613525390625,74.03945922851562,True,0,13.959296226501465,13.92892837524414,0.17650604248046875,0.2123993782149815,0.35774086954512446,0.015353063321925708,"StraightLane index=('>>>', '1S0_0_', 0)",True,329.729248046875,0.001537322998046875,0.0005187988281264151,"StraightLane index=('>>', '>>>', 0)",True,0.0,True,False,0.4751681387424469,0.37309393286705017,0.0,0.37309393286705017,True,0.0,0.0,0.23318370804190636,0.0,0.23318370804190636,0.0
70.199244,"[380.2779541015625, 4.498457908630371, 0.0]","[454.3449401855469, 4.5, 0.0]",13.74994087275964,13.933218002319336,13.937839688200969,0.6439208986319223,0.7249289751052856,74.06988523663317,0.1918659204571398,-0.4231929778180543,69.56988523663317,-0.18327712955969666,13.732641220092773,0.2397613525390625,74.03945922851562,True,0,13.972402572631836,13.933218002319336,0.25470733642578125,0.2000741971683857,0.3192043313821885,0.05388960148486166,"StraightLane index=('>>>', '1S0_0_', 0)",True,330.00347900390625,0.0015397071838378906,0.0005264282226494539,"StraightLane index=('>>', '>>>', 0)",True,0.0,True,False,0.4751681387424469,0.37309393286705017,0.0,0.37309393286705017,True,0.0,0.0,0.23318370804190636,0.0,0.23318370804190636,0.0
70.220055,"[380.5527038574219, 4.49845552444458, 0.0]","[454.6318664550781, 4.5, 0.0]",13.762819290731601,13.937885284423828,13.94262234035955,0.6439208985980827,0.7081851363182068,74.06698606668951,0.18327712955969666,-0.42943954487215663,69.56698606668951,-0.1750659936922272,13.745256423950195,0.1918659210205078,74.06988525390625,True,0,13.937122344970703,13.937885284423828,0.25470733642578125,0.2000741971683857,0.3192043313821885,0.05388960148486166,"StraightLane index=('>>>', '1S0_0_', 0)",True,330.2779541015625,0.0015420913696289062,0.0005264282226494539,"StraightLane index=('>>', '>>>', 0)",True,0.0,True,False,0.4535258114337921,0.37309393286705017,0.0,0.37309393286705017,True,0.0,0.0,0.23318370804190636,0.0,0.23318370804190636,0.0
70.239351,"[380.82769775390625, 4.498453140258789, 0.0]","[454.9045715332031, 4.5, 0.0]",13.77407646235987,13.942381858825684,13.947060230611125,0.5628585814134723,0.6917704939842224,74.07916258092892,0.1750659936922272,-0.4105567933734733,69.57916258092892,-0.16830539646581322,13.757546424865723,0.1918659210205078,74.06988525390625,True,0,13.94941234588623,13.942381858825684,0.25470733642578125,0.2000741971683857,0.3192043313821885,0.006861894384947109,"StraightLane index=('>>>', '1S0_0_', 0)",True,330.5527038574219,0.0015444755554199219,0.0005111694336033763,"StraightLane index=('>>', '>>>', 0)",True,0.0,True,False,0.4535258114337921,0.3260662257671356,0.0,0.3260662257671356,True,0.0,0.0,0.20379139110445976,0.0,0.20379139110445976,0.0
70.25864,"[381.10296630859375, 4.498450756072998, 0.0]","[455.1807556152344, 4.5, 0.0]",13.785333633989705,13.946935653686523,13.951498602246458,0.5628585814917209,0.6702150702476501,74.07687376195777,0.16830539646581322,-0.3380298613206989,69.57687376195777,-0.16160201969681864,13.775800704956055,0.1918659210205078,74.06988525390625,True,0,13.967666625976562,13.946935653686523,0.25470733642578125,0.2000741971683857,0.3192043313821885,0.006861894384947109,"StraightLane index=('>>>', '1S0_0_', 0)",True,330.82769775390625,0.0015468597412109375,0.0005264282226494539,"StraightLane index=('>>', '>>>', 0)",True,0.0,True,False,0.4535258114337921,0.3260662257671356,0.0,0.3260662257671356,True,0.0,0.0,0.20379139110445976,0.0,0.20379139110445976,0.0
70.27983,"[381.3784484863281, 4.498448371887207, 0.0]","[455.4605407714844, 4.5, 0.0]",13.796590805620394,13.95154857635498,13.956362725739194,0.5628585815344422,0.6688861846923828,74.07778928987081,0.16160201969681864,-0.33516883844972867,69.57778928987081,-0.15495777073458683,13.782362937927246,0.1918659210205078,74.06988525390625,True,0,13.974228858947754,13.95154857635498,0.25470733642578125,0.2000741971683857,0.3192043313821885,0.006861894384947109,"StraightLane index=('>>>', '1S0_0_', 0)",True,331.10296630859375,0.0015492439270019531,0.0005111694336033763,"StraightLane index=('>>', '>>>', 0)",True,0.0,True,False,0.4535258114337921,0.3260662257671356,0.0,0.3260662257671356,True,0.0,0.0,0.20379139110445976,0.0,0.20379139110445976,0.0
70.299917,"[381.6541442871094, 4.498445987701416, 0.0]","[455.7457275390625, 4.5, 0.0]",13.807847977251441,13.95625114440918,13.960991580386938,0.5628585815523834,0.6539144515991211,74.08209226836499,0.15495777073458683,-0.3322124481115907,69.58209226836499,-0.14840316715773838,13.794048309326172,0.1918659210205078,74.06988525390625,True,0,13.98591423034668,13.95625114440918,0.2303314208984375,0.18812837718299244,0.2845904358355224,0.041475789931613216,"StraightLane index=('>>>', '1S0_0_', 0)",True,331.3784484863281,0.0015516281127929688,0.0005111694336033763,"StraightLane index=('>>', '>>>', 0)",True,0.0,True,False,0.4535258114337921,0.3260662257671356,0.0,0.3260662257671356,True,0.0,0.0,0.20379139110445976,0.0,0.20379139110445976,0.0
70.319589,"[381.9300842285156, 4.498443603515625, 0.0]","[456.02020263671875, 4.5, 0.0]",13.819105148877927,13.960906028747559,13.96570392991742,0.5628585813242992,0.6241028904914856,74.0915832351402,0.14840316715773838,-0.3277301788424225,69.5915832351402,-0.1418008798696313,13.81024169921875,0.1918659210205078,74.06988525390625,True,0,14.002107620239258,13.960906028747559,0.2303314208984375,0.18812837718299244,0.2845904358355224,0.041475789931613216,"StraightLane index=('>>>', '1S0_0_', 0)",True,331.6541442871094,0.0015540122985839844,0.0005111694336033763,"StraightLane index=('>>', '>>>', 0)",True,0.0,True,False,0.4535258114337921,0.3260662257671356,0.0,0.3260662257671356,True,0.0,0.0,0.20379139110445976,0.0,0.20379139110445976,0.0
70.339767,"[382.20623779296875, 4.498441219329834, 0.0]","[456.3063049316406, 4.5, 0.0]",13.829099655711097,13.965820312500004,13.970554131675511,0.4997253416584968,0.6079648733139038,74.09011839107308,0.1418008798696313,-0.3301143644053539,69.59011839107308,-0.13672065678890633,13.820999145507812,0.15495777130126953,74.08209228515625,True,0,13.975956916809082,13.965820312500004,0.2303314208984375,0.18812837718299244,0.2845904358355224,0.004943775323230037,"StraightLane index=('>>>', '1S0_0_', 0)",True,331.9300842285156,0.001556396484375,0.0005187988281264151,"StraightLane index=('>>', '>>>', 0)",True,0.0,True,False,0.4535258114337921,0.28953421115875244,0.0,0.28953421115875244,True,0.0,0.0,0.18095888197422028,0.0,0.18095888197422028,0.0
70.359187,"[382.48260498046875, 4.498438835144043, 0.0]","[456.58465576171875, 4.5, 0.0]",13.83909416254555,13.970601081848145,13.975216701918747,0.4997253417226233,0.6053849458694458,74.10006712181608,0.13672065678890633,-0.25401115403624885,69.60006712181608,-0.13150691930259484,13.82680892944336,0.15495777130126953,74.08209228515625,True,0,13.981766700744629,13.970601081848145,0.2303314208984375,0.18812837718299244,0.2845904358355224,0.004943775323230037,"StraightLane index=('>>>', '1S0_0_', 0)",True,332.20623779296875,0.0015587806701660156,0.0005111694336033763,"StraightLane index=('>>', '>>>', 0)",True,0.0,True,False,0.4535258114337921,0.28953421115875244,0.0,0.28953421115875244,True,0.0,0.0,0.18095888197422028,0.0,0.18095888197422028,0.0
70.380112,"[382.7591857910156, 4.498436450958252, 0.0]","[456.86468505859375, 4.5, 0.0]",13.849088669380045,13.975411415100098,13.980233345118815,0.4997253417247549,0.5868567228317261,74.10205076466812,0.13150691930259484,-0.26068687431557436,69.60205076466812,-0.12632274572005286,13.8368501663208,0.15495777130126953,74.08209228515625,True,0,13.99180793762207,13.975411415100098,0.2303314208984375,0.18812837718299244,0.2845904358355224,0.004943775323230037,"StraightLane index=('>>>', '1S0_0_', 0)",True,332.48260498046875,0.0015611648559570312,0.0005035400390803375,"StraightLane index=('>>', '>>>', 0)",True,0.0,True,False,0.4535258114337921,0.28953421115875244,0.0,0.28953421115875244,True,0.0,0.0,0.18095888197422028,0.0,0.18095888197422028,0.0
70.400102,"[383.0359802246094, 4.498434066772461, 0.0]","[457.1435546875, 4.5, 0.0]",13.859083176214837,13.98020076751709,13.985024396931577,0.4997253417395875,0.5680687427520752,74.10549925038269,0.12632274572005286,-0.25920867912709866,69.60549925038269,-0.1211175913022533,13.846466064453125,0.15495777130126953,74.08209228515625,True,0,14.001423835754395,13.98020076751709,0.23949623107910156,0.17769790755246176,0.2564243418989264,0.033109869259826064,"StraightLane index=('>>>', '1S0_0_', 0)",True,332.7591857910156,0.0015635490417480469,0.0005187988281264151,"StraightLane index=('>>', '>>>', 0)",True,0.0,True,False,0.4535258114337921,0.28953421115875244,0.0,0.28953421115875244,True,0.0,0.0,0.18095888197422028,0.0,0.18095888197422028,0.0
70.420019,"[383.3129577636719, 4.49843168258667, 0.0]","[457.4171142578125, 4.5, 0.0]",13.869077683054886,13.985297203063965,13.990415194251282,0.4997253420024883,0.5437724590301514,74.10757444537498,0.1211175913022533,-0.2602577208899781,69.60757444537498,-0.11621952000907854,13.86069393157959,0.15495777130126953,74.08209228515625,True,0,14.01565170288086,13.985297203063965,0.23949623107910156,0.17769790755246176,0.2564243418989264,0.033109869259826064,"StraightLane index=('>>>', '1S0_0_', 0)",True,333.0359802246094,0.0015659332275390625,0.0005264282226494539,"StraightLane index=('>>', '>>>', 0)",True,0.0,True,False,0.4535258114337921,0.28953421115875244,0.0,0.28953421115875244,True,0.0,0.0,0.18095888197422028,0.0,0.18095888197422028,0.0
70.439176,"[383.59014892578125, 4.498429298400879, 0.0]","[457.697265625, 4.5, 0.0]",13.878030777544604,13.990700721740723,13.995588028128724,0.4476547244858686,0.5398555994033813,74.1041564771996,0.11621952000907854,-0.2449035646587383,69.6041564771996,-0.11266994419611898,13.865720748901367,0.12632274627685547,74.10549926757812,True,0,13.992043495178223,13.990700721740723,0.23949623107910156,0.17769790755246176,0.2564243418989264,0.002943213480941176,"StraightLane index=('>>>', '1S0_0_', 0)",True,333.3129577636719,0.0015683174133300781,0.0005111694336033763,"StraightLane index=('>>', '>>>', 0)",True,0.0,True,False,0.431422621011734,0.25936755537986755,0.0,0.25936755537986755,True,0.0,0.0,0.16210472211241722,0.0,0.16210472211241722,0.0
70.45924,"[383.8675231933594, 4.498426914215088, 0.0]","[457.9833068847656, 4.5, 0.0]",13.886983872037046,13.996217727661133,14.001008213325578,0.4476547246221152,0.5269526839256287,74.10711668165932,0.11266994419611898,-0.177478790647978,69.60711668165932,-0.10923385562408683,13.875041961669922,0.12632274627685547,74.10549926757812,True,0,14.001364707946777,13.996217727661133,0.23949623107910156,0.17769790755246176,0.2564243418989264,0.002943213480941176,"StraightLane index=('>>>', '1S0_0_', 0)",True,333.59014892578125,0.0015707015991210938,0.0005264282226494539,"StraightLane index=('>>', '>>>', 0)",True,0.0,True,False,0.431422621011734,0.25936755537986755,0.0,0.25936755537986755,True,0.0,0.0,0.16210472211241722,0.0,0.16210472211241722,0.0
70.479964,"[384.14508056640625, 4.498424530029297, 0.0]","[458.2637939453125, 4.5, 0.0]",13.895936966526609,14.001627922058105,14.006595689988927,0.4476547244781415,0.5150783658027649,74.11578367382455,0.10923385562408683,-0.17180442860160738,69.61578367382455,-0.10569095553149666,13.88424301147461,0.12632274627685547,74.10549926757812,True,0,14.010565757751465,14.001627922058105,0.23949623107910156,0.17769790755246176,0.2564243418989264,0.002943213480941176,"StraightLane index=('>>>', '1S0_0_', 0)",True,333.8675231933594,0.0015730857849121094,0.0005264282226494539,"StraightLane index=('>>', '>>>', 0)",True,0.0,True,False,0.431422621011734,0.25936755537986755,0.0,0.25936755537986755,True,0.0,0.0,0.16210472211241722,0.0,0.16210472211241722,0.0
70.499345,"[384.4228210449219, 4.498422145843506, 0.0]","[458.54296875, 4.5, 0.0]",13.904890061019005,14.007012367248535,14.011835444174533,0.44765472461980593,0.5007733106613159,74.1187133610014,0.10569095553149666,-0.17714500462950866,69.6187133610014,-0.10212230622953022,13.892935752868652,0.12632274627685547,74.10549926757812,True,0,14.019258499145508,14.007012367248535,0.2681159973144531,0.16931217670322143,0.23569167575241606,0.02367587962745149,"StraightLane index=('>>>', '1S0_0_', 0)",True,334.14508056640625,0.001575469970703125,0.0005340576171724927,"StraightLane index=('>>', '>>>', 0)",True,0.0,True,False,0.431422621011734,0.25936755537986755,0.0,0.25936755537986755,True,0.0,0.0,0.16210472211241722,0.0,0.16210472211241722,0.0
70.519952,"[384.70074462890625, 4.498419761657715, 0.0]","[458.8243103027344, 4.5, 0.0]",13.913843155508738,14.012989044189455,14.018197828446457,0.447654724486668,0.4902230501174927,74.12014768745243,0.10212230622953022,-0.17843246509832156,69.62014768745243,-0.09914588868071661,13.901731491088867,0.12632274627685547,74.10549926757812,True,0,14.028054237365723,14.012989044189455,0.2681159973144531,0.16931217670322143,0.23569167575241606,0.02367587962745149,"StraightLane index=('>>>', '1S0_0_', 0)",True,334.4228210449219,0.0015778541564941406,0.0005264282226494539,"StraightLane index=('>>', '>>>', 0)",True,0.0,True,False,0.431422621011734,0.25936755537986755,0.0,0.25936755537986755,True,0.0,0.0,0.16210472211241722,0.0,0.16210472211241722,0.0
70.540492,"[384.9788513183594, 4.498417377471924, 0.0]","[459.1050720214844, 4.5, 0.0]",13.922014237052405,14.019193649291992,14.02456261700968,0.4085540771833429,0.4822544753551483,74.12356565618039,0.09914588868071661,-0.14882087744068073,69.62356565618039,-0.09717941223958704,13.910625457763672,0.10569095611572266,74.11871337890625,True,0,14.016316413879395,14.019193649291992,0.2681159973144531,0.16931217670322143,0.23569167575241606,0.0010349659025521984,"StraightLane index=('>>>', '1S0_0_', 0)",True,334.70074462890625,0.0015802383422851562,0.0005264282226494539,"StraightLane index=('>>', '>>>', 0)",True,0.0,True,False,0.431422621011734,0.23672664165496826,0.0,0.23672664165496826,True,0.0,0.0,0.14795415103435516,0.0,0.14795415103435516,0.0
70.558964,"[385.25714111328125, 4.498414993286133, 0.0]","[459.38397216796875, 4.5, 0.0]",13.9301853185918,14.028691291809082,14.030294863584162,0.408554076969736,0.4727199375629425,74.126220685756,0.09717941223958704,-0.0983238220564786,69.626220685756,-0.09850597321728216,13.91918659210205,0.10569095611572266,74.11871337890625,True,0,14.024877548217773,14.028691291809082,0.2681159973144531,0.16931217670322143,0.23569167575241606,0.0010349659025521984,"StraightLane index=('>>>', '1S0_0_', 0)",True,334.9788513183594,0.0015826225280761719,0.0005187988281264151,"StraightLane index=('>>', '>>>', 0)",True,0.0,True,False,0.431422621011734,0.23672664165496826,0.0,0.23672664165496826,True,0.0,0.0,0.14795415103435516,0.0,0.14795415103435516,0.0
70.584532,"[385.53558349609375, 4.498412609100342, 0.0]","[459.66790771484375, 4.5, 0.0]",13.938356400132735,14.028297424316406,14.038213643393131,0.40855407704674107,0.46265414357185364,74.1268310372969,0.09850597321728216,0.06632804888475619,69.6268310372969,-0.08994102418367156,13.927496910095215,0.10569095611572266,74.11871337890625,True,0,14.033187866210938,14.028297424316406,0.2681159973144531,0.16931217670322143,0.23569167575241606,0.0010349659025521984,"StraightLane index=('>>>', '1S0_0_', 0)",True,335.25714111328125,0.0015850067138671875,0.0005187988281264151,"StraightLane index=('>>', '>>>', 0)",True,0.0,True,False,0.431422621011734,0.23672664165496826,0.0,0.23672664165496826,True,0.0,0.0,0.14795415103435516,0.0,0.14795415103435516,0.0
70.599596,"[385.8141784667969, 4.498410224914551, 0.0]","[459.9464416503906, 4.5, 0.0]",13.946527481669383,14.041120529174805,14.04288796010532,0.4085540768324236,0.4528239369392395,74.13232420103617,0.08994102418367156,-0.42824745168053013,69.63232420103617,-0.09459304750542152,13.935630798339844,0.10569095611572266,74.11871337890625,True,0,14.041321754455566,14.041120529174805,0.3410816192626953,0.1643188157070936,0.2258042965856176,0.010922345069350664,"StraightLane index=('>>>', '1S0_0_', 0)",True,335.53558349609375,0.0015873908996582031,0.0005264282226494539,"StraightLane index=('>>', '>>>', 0)",True,0.0,True,False,0.431422621011734,0.23672664165496826,0.0,0.23672664165496826,True,0.0,0.0,0.14795415103435516,0.0,0.14795415103435516,0.0
70.620295,"[386.09295654296875, 4.49840784072876, 0.0]","[460.2284851074219, 4.5, 0.0]",13.954698563203305,14.04123592376709,14.050115872394061,0.40855407669608823,0.4358547627925873,74.13226316646016,0.09459304750542152,0.23260116608749826,69.63226316646016,-0.08653736056378492,13.947260856628418,0.10569095611572266,74.11871337890625,True,0,14.05295181274414,14.04123592376709,0.3410816192626953,0.1643188157070936,0.2258042965856176,0.010922345069350664,"StraightLane index=('>>>', '1S0_0_', 0)",True,335.8141784667969,0.0015897750854492188,0.0005111694336033763,"StraightLane index=('>>', '>>>', 0)",True,0.0,True,False,0.431422621011734,0.23672664165496826,0.0,0.23672664165496826,True,0.0,0.0,0.14795415103435516,0.0,0.14795415103435516,0.0
70.639704,"[386.37188720703125, 4.498405456542969, 0.0]","[460.50927734375, 4.5, 0.0]",13.962240219686297,14.05489444732666,14.05690182079398,0.3770828241496105,0.43578991293907166,74.13552854699739,0.08653736056378492,-0.4027843470818304,69.63552854699739,-0.09265422764036302,13.95161247253418,0.08994102478027344,74.13232421875,True,0,14.041553497314453,14.05489444732666,0.3410816192626953,0.1643188157070936,0.2258042965856176,-0.007284877153931196,"StraightLane index=('>>>', '1S0_0_', 0)",True,336.09295654296875,0.0015921592712402344,0.0005187988281264151,"StraightLane index=('>>', '>>>', 0)",True,0.0,True,False,0.40888711810112,0.2185194194316864,0.0,0.2185194194316864,True,0.0,0.0,0.136574637144804,0.0,0.136574637144804,0.0
70.659968,"[386.6509704589844, 4.498403072357178, 0.0]","[460.788818359375, 4.5, 0.0]",13.969781876172993,14.05518436431885,14.064005665450356,0.3770828243347957,0.4290846288204193,74.13739011954242,0.09265422764036302,0.30584335382890515,69.63739011954242,-0.08540248814585638,13.959551811218262,0.08994102478027344,74.13232421875,True,0,14.049492835998535,14.05518436431885,0.3410816192626953,0.1643188157070936,0.2258042965856176,-0.007284877153931196,"StraightLane index=('>>>', '1S0_0_', 0)",True,336.37188720703125,0.00159454345703125,0.0005111694336033763,"StraightLane index=('>>', '>>>', 0)",True,0.0,True,False,0.40888711810112,0.2185194194316864,0.0,0.2185194194316864,True,0.0,0.0,0.136574637144804,0.0,0.136574637144804,0.0
70.68047,"[386.9302062988281, 4.498400688171387, 0.0]","[461.0708923339844, 4.5, 0.0]",13.977323532656904,14.068873405456543,14.071176929899782,0.3770828241955293,0.4190751016139984,74.1378478837918,0.08540248814585638,-0.36258697472533186,69.6378478837918,-0.09154987279963933,13.96701717376709,0.08994102478027344,74.13232421875,True,0,14.056958198547363,14.068873405456543,0.3410816192626953,0.1643188157070936,0.2258042965856176,-0.007284877153931196,"StraightLane index=('>>>', '1S0_0_', 0)",True,336.6509704589844,0.0015969276428222656,0.0004959106445572987,"StraightLane index=('>>', '>>>', 0)",True,0.0,True,False,0.40888711810112,0.2185194194316864,0.0,0.2185194194316864,True,0.0,0.0,0.136574637144804,0.0,0.136574637144804,0.0
70.698832,"[387.2095947265625, 4.498398303985596, 0.0]","[461.34442138671875, 4.5, 0.0]",13.98486518914419,14.069014549255371,14.077608278243684,0.3770828243642832,0.40805381536483765,74.14068601793724,0.09154987279963933,0.3073692326891475,69.64068601793724,-0.08414936011118179,13.97414493560791,0.08994102478027344,74.13232421875,True,0,14.064085960388184,14.069014549255371,0.27894020080566406,0.1576498411645825,0.21234692523685067,0.0061724941948357315,"StraightLane index=('>>>', '1S0_0_', 0)",True,336.9302062988281,0.0015993118286132812,0.0005111694336033763,"StraightLane index=('>>', '>>>', 0)",True,0.0,True,False,0.40888711810112,0.2185194194316864,0.0,0.2185194194316864,True,0.0,0.0,0.136574637144804,0.0,0.136574637144804,0.0
70.719198,"[387.4891357421875, 4.498395919799805, 0.0]","[461.627197265625, 4.5, 0.0]",13.99240684563374,14.083382606506348,14.085696387595496,0.37708282447752595,0.40086880326271057,74.13482664351628,0.08414936011118179,-0.37002563442287695,69.63482664351628,-0.09097576087260784,13.981473922729492,0.08994102478027344,74.13232421875,True,0,14.071414947509766,14.083382606506348,0.27894020080566406,0.1576498411645825,0.21234692523685067,0.0061724941948357315,"StraightLane index=('>>>', '1S0_0_', 0)",True,337.2095947265625,0.0016016960144042969,0.0004959106445572987,"StraightLane index=('>>', '>>>', 0)",True,0.0,True,False,0.40888711810112,0.2185194194316864,0.0,0.2185194194316864,True,0.0,0.0,0.136574637144804,0.0,0.136574637144804,0.0
70.7396,"[387.7688293457031, 4.498393535614014, 0.0]","[461.91668701171875, 4.5, 0.0]",13.99990654044975,14.084927558898926,14.093855236798525,0.37498474080051025,0.39684438705444336,74.13806150707515,0.09097576087260784,0.3413200380713022,69.63806150707515,-0.08502101844917576,13.989007949829102,0.09154987335205078,74.14068603515625,True,0,14.080557823181152,14.084927558898926,0.27894020080566406,0.1576498411645825,0.21234692523685067,0.004863978526920387,"StraightLane index=('>>>', '1S0_0_', 0)",True,337.4891357421875,0.0016040802001953125,0.0004882812499833711,"StraightLane index=('>>', '>>>', 0)",True,0.0,True,False,0.40888711810112,0.21721090376377106,0.0,0.21721090376377106,True,0.0,0.0,0.1357568148523569,0.0,0.1357568148523569,0.0
70.758466,"[388.0486755371094, 4.498391151428223, 0.0]","[462.189453125, 4.5, 0.0]",14.007406235268204,14.099334716796875,14.101405437991023,0.3749847409227236,0.3830919563770294,74.1478576496326,0.08502101844917576,-0.297737121171604,69.6478576496326,-0.0919284815286705,13.999361038208008,0.09154987335205078,74.14068603515625,True,0,14.090910911560059,14.099334716796875,0.27894020080566406,0.1576498411645825,0.21234692523685067,0.004863978526920387,"StraightLane index=('>>>', '1S0_0_', 0)",True,337.7688293457031,0.0016064643859863281,0.0004882812499833711,"StraightLane index=('>>', '>>>', 0)",True,0.0,True,False,0.40888711810112,0.21721090376377106,0.0,0.21721090376377106,True,0.0,0.0,0.1357568148523569,0.0,0.1357568148523569,0.0
70.780335,"[388.32867431640625, 4.498388767242432, 0.0]","[462.4792175292969, 4.5, 0.0]",14.014905930092663,14.100887298583984,14.110147920392455,0.3749847412229279,0.3841518759727478,74.14077757148755,0.0919284815286705,0.34537315397473733,69.64077757148755,-0.08598136849132132,14.003303527832031,0.09154987335205078,74.14068603515625,True,0,14.094853401184082,14.100887298583984,0.27894020080566406,0.1576498411645825,0.21234692523685067,0.004863978526920387,"StraightLane index=('>>>', '1S0_0_', 0)",True,338.0486755371094,0.0016088485717773438,0.0004882812499833711,"StraightLane index=('>>', '>>>', 0)",True,0.0,True,False,0.40888711810112,0.21721090376377106,0.0,0.21721090376377106,True,0.0,0.0,0.1357568148523569,0.0,0.1357568148523569,0.0
70.803126,"[388.60882568359375, 4.498386383056641, 0.0]","[462.7637939453125, 4.5, 0.0]",14.022405624916685,14.115631103515625,14.119392512430439,0.3749847412010787,0.38159671425819397,74.15054319556486,0.08598136849132132,-0.29735565186745916,69.65054319556486,-0.09322547859894037,14.010663032531738,0.09154987335205078,74.14068603515625,True,0,14.102212905883789,14.115631103515625,0.46616554260253906,0.1582006510392131,0.21879721212852435,-0.0015863083647532916,"StraightLane index=('>>>', '1S0_0_', 0)",True,338.32867431640625,0.0016112327575683594,0.0005111694336033763,"StraightLane index=('>>', '>>>', 0)",True,0.0,True,False,0.40888711810112,0.21721090376377106,0.0,0.21721090376377106,True,0.0,0.0,0.1357568148523569,0.0,0.1357568148523569,0.0
70.820026,"[388.8891296386719, 4.49838399887085, 0.0]","[463.044677734375, 4.5, 0.0]",14.029905319735786,14.117473602294922,14.126822485313985,0.3749847409550533,0.3774239718914032,74.15496824497484,0.09322547859894037,0.36220550538095253,69.65496824497484,-0.08756828255913618,14.01781940460205,0.09192848205566406,74.14077758789062,True,0,14.109747886657715,14.117473602294922,0.46616554260253906,0.1582006510392131,0.21879721212852435,-0.0015863083647532916,"StraightLane index=('>>>', '1S0_0_', 0)",True,338.60882568359375,0.001613616943359375,0.0004959106445572987,"StraightLane index=('>>', '>>>', 0)",True,0.0,True,False,0.38594764471054077,0.21721090376377106,0.0,0.21721090376377106,True,0.0,0.0,0.1357568148523569,0.0,0.1357568148523569,0.0
70.840164,"[389.1695861816406, 4.498381614685059, 0.0]","[463.3280029296875, 4.5, 0.0]",14.037305832424005,14.13295841217041,14.135690210110276,0.37002563441097536,0.37308260798454285,74.15554807893855,0.08756828255913618,-0.28285980199020955,69.65554807893855,-0.09565257974640495,14.024847030639648,0.09192848205566406,74.14077758789062,True,0,14.116775512695312,14.13295841217041,0.46616554260253906,0.1582006510392131,0.21879721212852435,-0.004434367303733394,"StraightLane index=('>>>', '1S0_0_', 0)",True,338.8891296386719,0.0016160011291503906,0.0004959106445572987,"StraightLane index=('>>', '>>>', 0)",True,0.0,True,False,0.38594764471054077,0.21436284482479095,0.0,0.21436284482479095,True,0.0,0.0,0.13397677801549435,0.0,0.13397677801549435,0.0
70.859344,"[389.4501953125, 4.498379230499268, 0.0]","[463.6092529296875, 4.5, 0.0]",14.044706345119709,14.13504219055176,14.144132723313756,0.3700256347851649,0.3727680742740631,74.15841673186087,0.09565257974640495,0.4042148593634387,69.65841673186087,-0.09033584543205109,14.032232284545898,0.09192848205566406,74.14077758789062,True,0,14.124160766601562,14.13504219055176,0.46616554260253906,0.1582006510392131,0.21879721212852435,-0.004434367303733394,"StraightLane index=('>>>', '1S0_0_', 0)",True,339.1695861816406,0.0016183853149414062,0.0004806518554603323,"StraightLane index=('>>', '>>>', 0)",True,0.0,True,False,0.38594764471054077,0.21436284482479095,0.0,0.21436284482479095,True,0.0,0.0,0.13397677801549435,0.0,0.13397677801549435,0.0
70.879765,"[389.7309265136719, 4.498376846313477, 0.0]","[463.8927307128906, 4.5, 0.0]",14.052106857810436,14.150530815124512,14.153104497991967,0.37002563453638615,0.3707217276096344,74.15905760038153,0.09033584543205109,-0.2658367157176933,69.65905760038153,-0.0984239573140755,14.039444923400879,0.09192848205566406,74.14077758789062,True,0,14.131373405456543,14.150530815124512,0.46616554260253906,0.1582006510392131,0.21879721212852435,-0.004434367303733394,"StraightLane index=('>>>', '1S0_0_', 0)",True,339.4501953125,0.0016207695007324219,0.0004959106445572987,"StraightLane index=('>>', '>>>', 0)",True,0.0,True,False,0.38594764471054077,0.21436284482479095,0.0,0.21436284482479095,True,0.0,0.0,0.13397677801549435,0.0,0.13397677801549435,0.0
70.899814,"[390.0118103027344, 4.4983744621276855, 0.0]","[464.1744689941406, 4.5, 0.0]",14.059507370507497,14.152629852294922,14.161936564755392,0.37002563485302176,0.36480286717414856,74.16180418299263,0.0984239573140755,0.40440559410122034,69.66180418299263,-0.09312248178742522,14.04986572265625,0.09192848205566406,74.14077758789062,True,0,14.141794204711914,14.152629852294922,0.36998748779296875,0.1553301480080457,0.2158597611698721,-0.0014969163450811451,"StraightLane index=('>>>', '1S0_0_', 0)",True,339.7309265136719,0.0016231536865234375,0.0004806518554603323,"StraightLane index=('>>', '>>>', 0)",True,0.0,True,False,0.38594764471054077,0.21436284482479095,0.0,0.21436284482479095,True,0.0,0.0,0.13397677801549435,0.0,0.13397677801549435,0.0
70.920128,"[390.2928466796875, 4.4983720779418945, 0.0]","[464.45892333984375, 4.5, 0.0]",14.066907883199505,14.168408393859863,14.1712771764911,0.3700256346004238,0.36757293343544006,74.16265867455887,0.09312248178742522,-0.26507377633251394,69.66265867455887,-0.10150051066035815,14.057500839233398,0.09033584594726562,74.1590576171875,True,0,14.147836685180664,14.168408393859863,0.36998748779296875,0.1553301480080457,0.2158597611698721,-0.0014969163450811451,"StraightLane index=('>>>', '1S0_0_', 0)",True,340.0118103027344,0.0016255378723144531,0.0004959106445572987,"StraightLane index=('>>', '>>>', 0)",True,0.0,True,False,0.38594764471054077,0.21436284482479095,0.0,0.21436284482479095,True,0.0,0.0,0.13397677801549435,0.0,0.13397677801549435,0.0
70.939997,"[390.57403564453125, 4.4983696937561035, 0.0]","[464.7434997558594, 4.5, 0.0]",14.074159622699582,14.170968055725098,14.180416025473502,0.3625869750038646,0.36399582028388977,74.16607664388997,0.10150051066035815,0.4189014436466465,69.66607664388997,-0.09680843302551523,14.064491271972656,0.09033584594726562,74.1590576171875,True,0,14.154827117919922,14.170968055725098,0.36998748779296875,0.1553301480080457,0.2158597611698721,-0.0057845019611929005,"StraightLane index=('>>>', '1S0_0_', 0)",True,340.2928466796875,0.0016279220581054688,0.0004806518554603323,"StraightLane index=('>>', '>>>', 0)",True,0.0,True,False,0.38594764471054077,0.2100752592086792,0.0,0.2100752592086792,True,0.0,0.0,0.1312970370054245,0.0,0.1312970370054245,0.0
70.959316,"[390.8553771972656, 4.4983673095703125, 0.0]","[465.025634765625, 4.5, 0.0]",14.081411362200306,14.186785697937012,14.189296732579358,0.3625869750361943,0.36760562658309937,74.16946409504173,0.09680843302551523,-0.23460388174214586,69.66946409504173,-0.1053743357367054,14.068510055541992,0.09033584594726562,74.1590576171875,True,0,14.158845901489258,14.186785697937012,0.36998748779296875,0.1553301480080457,0.2158597611698721,-0.0057845019611929005,"StraightLane index=('>>>', '1S0_0_', 0)",True,340.57403564453125,0.0016303062438964844,0.0004806518554603323,"StraightLane index=('>>', '>>>', 0)",True,0.0,True,False,0.38594764471054077,0.2100752592086792,0.0,0.2100752592086792,True,0.0,0.0,0.1312970370054245,0.0,0.1312970370054245,0.0
70.980041,"[391.1368713378906, 4.4983649253845215, 0.0]","[465.30963134765625, 4.5, 0.0]",14.088663101701556,14.189327239990236,14.198832792471046,0.3625869750624844,0.3697490692138672,74.17025755205296,0.1053743357367054,0.4282951355595088,69.67025755205296,-0.10066413828868015,14.076056480407715,0.09033584594726562,74.1590576171875,True,0,14.16639232635498,14.189327239990236,0.36998748779296875,0.1553301480080457,0.2158597611698721,-0.0057845019611929005,"StraightLane index=('>>>', '1S0_0_', 0)",True,340.8553771972656,0.0016326904296875,0.0004806518554603323,"StraightLane index=('>>', '>>>', 0)",True,0.0,True,False,0.38594764471054077,0.2100752592086792,0.0,0.2100752592086792,True,0.0,0.0,0.1312970370054245,0.0,0.1312970370054245,0.0
70.999811,"[391.4184875488281, 4.4983625411987305, 0.0]","[465.5940246582031, 4.5, 0.0]",14.095914841203214,14.205218315124512,14.207930355081452,0.3625869750829125,0.36963286995887756,74.17275999343912,0.10066413828868015,-0.23550987240126275,69.67275999343912,-0.10930347392129747,14.08342170715332,0.09033584594726562,74.1590576171875,True,0,14.173757553100586,14.205218315124512,0.5258846282958984,0.15820309519759757,0.22925035324644094,-0.019175094037761742,"StraightLane index=('>>>', '1S0_0_', 0)",True,341.1368713378906,0.0016350746154785156,0.0004806518554603323,"StraightLane index=('>>', '>>>', 0)",True,0.0,True,False,0.38594764471054077,0.2100752592086792,0.0,0.2100752592086792,True,0.0,0.0,0.1312970370054245,0.0,0.1312970370054245,0.0
71.019129,"[391.70025634765625, 4.4983601570129395, 0.0]","[465.8709716796875, 4.5, 0.0]",14.103166580705008,14.207778930664062,14.217202385754325,0.36258697508966264,0.36570224165916443,74.1755370930284,0.10930347392129747,0.4319667816308659,69.6755370930284,-0.104612349959055,14.094040870666504,0.10066413879394531,74.17276000976562,True,0,14.19470500946045,14.207778930664062,0.5258846282958984,0.15820309519759757,0.22925035324644094,-0.019175094037761742,"StraightLane index=('>>>', '1S0_0_', 0)",True,341.4184875488281,0.0016374588012695312,0.0004806518554603323,"StraightLane index=('>>', '>>>', 0)",True,0.0,True,False,0.362664133310318,0.2100752592086792,0.0,0.2100752592086792,True,0.0,0.0,0.1312970370054245,0.0,0.1312970370054245,0.0
71.040885,"[391.982177734375, 4.498357772827148, 0.0]","[466.16448974609375, 4.5, 0.0]",14.110700607804754,14.224347114562988,14.22764206511155,0.3767013549873077,0.3709816336631775,74.17071531566481,0.104612349959055,-0.23455619811212358,69.67071531566481,-0.11364650675823462,14.098251342773438,0.10066413879394531,74.17276000976562,True,0,14.198915481567383,14.224347114562988,0.5258846282958984,0.15820309519759757,0.22925035324644094,-0.011056971221675926,"StraightLane index=('>>>', '1S0_0_', 0)",True,341.70025634765625,0.0016398429870605469,0.0004806518554603323,"StraightLane index=('>>', '>>>', 0)",True,0.0,True,False,0.362664133310318,0.21819338202476501,0.0,0.21819338202476501,True,0.0,0.0,0.13637086376547813,0.0,0.13637086376547813,0.0
71.05963,"[392.2642517089844, 4.498355388641357, 0.0]","[466.4461364746094, 4.5, 0.0]",14.118234634904445,14.230511665344238,14.236645237921739,0.37670135498455437,0.3709257245063782,74.1823119953319,0.11364650675823462,0.45170783995898134,69.6823119953319,-0.11227703043979353,14.105648040771484,0.10066413879394531,74.17276000976562,True,0,14.20631217956543,14.230511665344238,0.5258846282958984,0.15820309519759757,0.22925035324644094,-0.011056971221675926,"StraightLane index=('>>>', '1S0_0_', 0)",True,341.982177734375,0.0016422271728515625,0.0004806518554603323,"StraightLane index=('>>', '>>>', 0)",True,0.0,True,False,0.362664133310318,0.21819338202476501,0.0,0.21819338202476501,True,0.0,0.0,0.13637086376547813,0.0,0.13637086376547813,0.0
71.079825,"[392.5464782714844, 4.498353004455566, 0.0]","[466.73199462890625, 4.5, 0.0]",14.125768662004283,14.240152359008789,14.246316108472648,0.37670135499192625,0.3699009418487549,74.18188474921816,0.11227703043979353,-0.06847381592205437,69.68188474921816,-0.11438369700450579,14.112911224365234,0.10066413879394531,74.17276000976562,True,0,14.21357536315918,14.240152359008789,0.5258846282958984,0.15820309519759757,0.22925035324644094,-0.011056971221675926,"StraightLane index=('>>>', '1S0_0_', 0)",True,342.2642517089844,0.0016446113586425781,0.0004806518554603323,"StraightLane index=('>>', '>>>', 0)",True,0.0,True,False,0.362664133310318,0.21819338202476501,0.0,0.21819338202476501,True,0.0,0.0,0.13637086376547813,0.0,0.13637086376547813,0.0
71.099446,"[392.828857421875, 4.498350620269775, 0.0]","[467.0160827636719, 4.5, 0.0]",14.133302689104047,14.249733924865723,14.25574484063499,0.3767013549881959,0.3721359968185425,74.18551634099491,0.11438369700450579,0.10533332823561281,69.68551634099491,-0.11643123576167547,14.120513916015625,0.10066413879394531,74.17276000976562,True,0,14.22117805480957,14.249733924865723,0.4451560974121094,0.15796324908726164,0.23364355233235068,-0.015450170307585664,"StraightLane index=('>>>', '1S0_0_', 0)",True,342.5464782714844,0.0016469955444335938,0.0004806518554603323,"StraightLane index=('>>', '>>>', 0)",True,0.0,True,False,0.362664133310318,0.21819338202476501,0.0,0.21819338202476501,True,0.0,0.0,0.13637086376547813,0.0,0.13637086376547813,0.0
71.119931,"[393.1113586425781, 4.498348236083984, 0.0]","[467.2951354980469, 4.5, 0.0]",14.140836716204003,14.258854866027832,14.265188387292438,0.37670135499778823,0.3719392716884613,74.18722532534984,0.11643123576167547,0.10237693785848379,69.68722532534984,-0.11801814982382908,14.127918243408203,0.11438369750976562,74.18551635742188,True,0,14.242301940917969,14.258854866027832,0.4451560974121094,0.15796324908726164,0.23364355233235068,-0.015450170307585664,"StraightLane index=('>>>', '1S0_0_', 0)",True,342.828857421875,0.0016493797302246094,0.0004806518554603323,"StraightLane index=('>>', '>>>', 0)",True,0.0,True,False,0.362664133310318,0.21819338202476501,0.0,0.21819338202476501,True,0.0,0.0,0.13637086376547813,0.0,0.13637086376547813,0.0
71.139778,"[393.3940124511719, 4.498345851898193, 0.0]","[467.58795166015625, 4.5, 0.0]",14.14875984242966,14.268288612365723,14.274315821373603,0.3961563112828692,0.37075284123420715,74.18377683900185,0.11801814982382908,0.07934570310768052,69.68377683900185,-0.11952876993606232,14.135184288024902,0.11438369750976562,74.18551635742188,True,0,14.249567985534668,14.268288612365723,0.4451560974121094,0.15796324908726164,0.23364355233235068,-0.004080256491133638,"StraightLane index=('>>>', '1S0_0_', 0)",True,343.1113586425781,0.001651763916015625,0.0004806518554603323,"StraightLane index=('>>', '>>>', 0)",True,0.0,True,False,0.362664133310318,0.22956329584121704,0.0,0.22956329584121704,True,0.0,0.0,0.14347705990076065,0.0,0.14347705990076065,0.0
71.159163,"[393.67681884765625, 4.498343467712402, 0.0]","[467.8720397949219, 4.5, 0.0]",14.156682968649067,14.277440071105957,14.283238639176124,0.3961563109703192,0.37096285820007324,74.19393919188819,0.11952876993606232,0.07553100561166204,69.69393919188819,-0.12075710245689031,14.146318435668945,0.11438369750976562,74.18551635742188,True,0,14.260702133178711,14.277440071105957,0.4451560974121094,0.15796324908726164,0.23364355233235068,-0.004080256491133638,"StraightLane index=('>>>', '1S0_0_', 0)",True,343.3940124511719,0.0016541481018066406,0.0004959106445572987,"StraightLane index=('>>', '>>>', 0)",True,0.0,True,False,0.362664133310318,0.22956329584121704,0.0,0.22956329584121704,True,0.0,0.0,0.14347705990076065,0.0,0.14347705990076065,0.0
71.18019,"[393.9598083496094, 4.498341083526611, 0.0]","[468.158203125, 4.5, 0.0]",14.164606094878796,14.286659240722656,14.292902822413597,0.3961563114864397,0.3770701289176941,74.19522093075831,0.12075710245689031,0.061416626041399525,69.69522093075831,-0.12205314584386073,14.15066909790039,0.11438369750976562,74.18551635742188,True,0,14.265052795410156,14.286659240722656,0.4451560974121094,0.15796324908726164,0.23364355233235068,-0.004080256491133638,"StraightLane index=('>>>', '1S0_0_', 0)",True,343.67681884765625,0.0016565322875976562,0.0004806518554603323,"StraightLane index=('>>', '>>>', 0)",True,0.0,True,False,0.362664133310318,0.22956329584121704,0.0,0.22956329584121704,True,0.0,0.0,0.14347705990076065,0.0,0.14347705990076065,0.0
71.200417,"[394.2429504394531, 4.49833869934082, 0.0]","[468.4443359375, 4.5, 0.0]",14.172529221109938,14.295876502990723,14.302168017211486,0.3961563115571387,0.3780039846897125,74.19839475855876,0.12205314584386073,0.06480216934852123,69.69839475855876,-0.12334728188078437,14.158297538757324,0.11438369750976562,74.18551635742188,True,0,14.27268123626709,14.295876502990723,0.46142578125,0.1583168265222855,0.23849255974479533,-0.008929263903578288,"StraightLane index=('>>>', '1S0_0_', 0)",True,343.9598083496094,0.0016589164733886719,0.0004882812499833711,"StraightLane index=('>>', '>>>', 0)",True,0.0,True,False,0.362664133310318,0.22956329584121704,0.0,0.22956329584121704,True,0.0,0.0,0.14347705990076065,0.0,0.14347705990076065,0.0
71.219936,"[394.5262451171875, 4.498336315155029, 0.0]","[468.7288513183594, 4.5, 0.0]",14.180452347337626,14.304471015930176,14.310390852817333,0.396156311384388,0.37419217824935913,74.20138548119459,0.12334728188078437,0.0647068018461816,69.70138548119459,-0.12401866859254973,14.169184684753418,0.12205314636230469,74.19839477539062,True,0,14.291237831115723,14.304471015930176,0.46142578125,0.1583168265222855,0.23849255974479533,-0.008929263903578288,"StraightLane index=('>>>', '1S0_0_', 0)",True,344.2429504394531,0.0016613006591796875,0.0004882812499833711,"StraightLane index=('>>', '>>>', 0)",True,0.0,True,False,0.33905547857284546,0.22956329584121704,0.0,0.22956329584121704,True,0.0,0.0,0.14347705990076065,0.0,0.14347705990076065,0.0
71.239318,"[394.8096923828125, 4.498333930969238, 0.0]","[469.01031494140625, 4.5, 0.0]",14.188570023119436,14.312724113464355,14.31853257381427,0.4058837890904776,0.3792320787906647,74.20260618368512,0.12401866859254973,0.033569335588268245,69.70260618368512,-0.12415409034491987,14.173455238342285,0.12205314636230469,74.19839477539062,True,0,14.29550838470459,14.312724113464355,0.46142578125,0.1583168265222855,0.23849255974479533,-0.0033863746661744187,"StraightLane index=('>>>', '1S0_0_', 0)",True,344.5262451171875,0.0016636848449707031,0.0005035400390803375,"StraightLane index=('>>', '>>>', 0)",True,0.0,True,False,0.33905547857284546,0.2351061850786209,0.0,0.2351061850786209,True,0.0,0.0,0.14694136567413807,0.0,0.14694136567413807,0.0
71.259839,"[395.0932922363281, 4.498331546783447, 0.0]","[469.3040466308594, 4.5, 0.0]",14.196687698901886,14.321336746215824,14.327152238012756,0.40588378912254086,0.3830304443836212,74.20062254170085,0.12415409034491987,0.006771087618506755,69.70062254170085,-0.12464904731393744,14.181418418884277,0.12205314636230469,74.19839477539062,True,0,14.303471565246582,14.321336746215824,0.46142578125,0.1583168265222855,0.23849255974479533,-0.0033863746661744187,"StraightLane index=('>>>', '1S0_0_', 0)",True,344.8096923828125,0.0016660690307617188,0.0004882812499833711,"StraightLane index=('>>', '>>>', 0)",True,0.0,True,False,0.33905547857284546,0.2351061850786209,0.0,0.2351061850786209,True,0.0,0.0,0.14694136567413807,0.0,0.14694136567413807,0.0
71.279393,"[395.3770751953125, 4.498329162597656, 0.0]","[469.58355712890625, 4.5, 0.0]",14.204805374683836,14.329532623291016,14.335360906590475,0.40588378909749423,0.38788849115371704,74.21075437761766,0.12464904731393744,0.024747848450878962,69.71075437761766,-0.12472724860717932,14.189574241638184,0.12205314636230469,74.19839477539062,True,0,14.311627388000488,14.329532623291016,0.46142578125,0.1583168265222855,0.23849255974479533,-0.0033863746661744187,"StraightLane index=('>>>', '1S0_0_', 0)",True,345.0932922363281,0.0016684532165527344,0.0004882812499833711,"StraightLane index=('>>', '>>>', 0)",True,0.0,True,False,0.33905547857284546,0.2351061850786209,0.0,0.2351061850786209,True,0.0,0.0,0.14694136567413807,0.0,0.14694136567413807,0.0
71.299931,"[395.6610107421875, 4.498326778411865, 0.0]","[469.86773681640625, 4.5, 0.0]",14.212923050465875,14.33786678314209,14.343976296461886,0.4058837891019351,0.3932030498981476,74.20648191635266,0.12472724860717932,0.00391006466209376,69.70648191635266,-0.12494373267621484,14.197877883911133,0.12205314636230469,74.19839477539062,True,0,14.319931030273438,14.33786678314209,0.4199028015136719,0.15718174192303547,0.2383951681625751,-0.0032889830839542,"StraightLane index=('>>>', '1S0_0_', 0)",True,345.3770751953125,0.00167083740234375,0.0004959106445572987,"StraightLane index=('>>', '>>>', 0)",True,0.0,True,False,0.33905547857284546,0.2351061850786209,0.0,0.2351061850786209,True,0.0,0.0,0.14694136567413807,0.0,0.14694136567413807,0.0
71.319559,"[395.9450988769531, 4.498324394226074, 0.0]","[470.1637268066406, 4.5, 0.0]",14.221040726252484,14.34569263458252,14.35105417155684,0.40588378933046343,0.39851975440979004,74.20672605664802,0.12494373267621484,0.010824203451775816,69.70672605664802,-0.12465190833003525,14.20628833770752,0.12472724914550781,74.20648193359375,True,0,14.331015586853027,14.34569263458252,0.4199028015136719,0.15718174192303547,0.2383951681625751,-0.0032889830839542,"StraightLane index=('>>>', '1S0_0_', 0)",True,345.6610107421875,0.0016732215881347656,0.0005035400390803375,"StraightLane index=('>>', '>>>', 0)",True,0.0,True,False,0.33905547857284546,0.2351061850786209,0.0,0.2351061850786209,True,0.0,0.0,0.14694136567413807,0.0,0.14694136567413807,0.0
71.339765,"[396.2293701171875, 4.498322010040283, 0.0]","[470.4510498046875, 4.5, 0.0]",14.229211807793877,14.35289478302002,14.35832454543584,0.4085540770696561,0.40351414680480957,74.21862791178472,0.12465190833003525,-0.014591217308979054,69.71862791178472,-0.12368297522614213,14.214771270751953,0.12472724914550781,74.20648193359375,True,0,14.339498519897461,14.35289478302002,0.4199028015136719,0.15718174192303547,0.2383951681625751,-0.00173142430900608,"StraightLane index=('>>>', '1S0_0_', 0)",True,345.9450988769531,0.0016756057739257812,0.0005111694336033763,"StraightLane index=('>>', '>>>', 0)",True,0.0,True,False,0.33905547857284546,0.23666374385356903,0.0,0.23666374385356903,True,0.0,0.0,0.14791483990848064,0.0,0.14791483990848064,0.0
71.359164,"[396.5137939453125, 4.498319625854492, 0.0]","[470.73687744140625, 4.5, 0.0]",14.237382889336143,14.360058784484863,14.36531769375573,0.40855407711326563,0.40797436237335205,74.22167966957583,0.12368297522614213,-0.048446655194656074,69.72167966957583,-0.12267589514872057,14.223294258117676,0.12472724914550781,74.20648193359375,True,0,14.348021507263184,14.360058784484863,0.4199028015136719,0.15718174192303547,0.2383951681625751,-0.00173142430900608,"StraightLane index=('>>>', '1S0_0_', 0)",True,346.2293701171875,0.0016779899597167969,0.0005111694336033763,"StraightLane index=('>>', '>>>', 0)",True,0.0,True,False,0.33905547857284546,0.23666374385356903,0.0,0.23666374385356903,True,0.0,0.0,0.14791483990848064,0.0,0.14791483990848064,0.0
71.381299,"[396.7983703613281, 4.498317241668701, 0.0]","[471.0261535644531, 4.5, 0.0]",14.245553970879085,14.367309570312502,14.373271558236096,0.40855407714710523,0.41178393363952637,74.22308347876948,0.12267589514872057,-0.050354003871078135,69.72308347876948,-0.12175559943341696,14.23183536529541,0.12472724914550781,74.20648193359375,True,0,14.356562614440918,14.367309570312502,0.4199028015136719,0.15718174192303547,0.2383951681625751,-0.00173142430900608,"StraightLane index=('>>>', '1S0_0_', 0)",True,346.5137939453125,0.0016803741455078125,0.0004959106445572987,"StraightLane index=('>>', '>>>', 0)",True,0.0,True,False,0.33905547857284546,0.23666374385356903,0.0,0.23666374385356903,True,0.0,0.0,0.14791483990848064,0.0,0.14791483990848064,0.0
71.399552,"[397.0831298828125, 4.49831485748291, 0.0]","[471.3118591308594, 4.5, 0.0]",14.253725052422205,14.374471664428711,14.379851792673811,0.408554077155987,0.40401360392570496,74.22778318577993,0.12175559943341696,-0.04601478576518048,69.72778318577993,-0.12074661200650638,14.243337631225586,0.12472724914550781,74.20648193359375,True,0,14.368064880371094,14.374471664428711,0.36604881286621094,0.1542752761810493,0.23276057398527844,0.00390316986829059,"StraightLane index=('>>>', '1S0_0_', 0)",True,346.7983703613281,0.0016827583312988281,0.0004959106445572987,"StraightLane index=('>>', '>>>', 0)",True,0.0,True,False,0.33905547857284546,0.23666374385356903,0.0,0.23666374385356903,True,0.0,0.0,0.14791483990848064,0.0,0.14791483990848064,0.0
71.419783,"[397.3680419921875, 4.498312473297119, 0.0]","[471.5967712402344, 4.5, 0.0]",14.26189613396526,14.38023090362549,14.385155615660128,0.4085540771527896,0.4006636142730713,74.22872923068113,0.12074661200650638,-0.05044937134552896,69.72872923068113,-0.11833476966022971,14.25108528137207,0.12175559997558594,74.227783203125,True,0,14.372840881347656,14.38023090362549,0.36604881286621094,0.1542752761810493,0.23276057398527844,0.00390316986829059,"StraightLane index=('>>>', '1S0_0_', 0)",True,347.0831298828125,0.0016851425170898438,0.0004959106445572987,"StraightLane index=('>>', '>>>', 0)",True,0.0,True,False,0.315143346786499,0.23666374385356903,0.0,0.23666374385356903,True,0.0,0.0,0.14791483990848064,0.0,0.14791483990848064,0.0
71.440219,"[397.6531066894531, 4.498310089111328, 0.0]","[471.8811950683594, 4.5, 0.0]",14.269918442314664,14.385369300842285,14.390461602316588,0.4011154174701659,0.40347257256507874,74.22872923066049,0.11833476966022971,-0.12059211731383357,69.72872923066049,-0.11545085852762149,14.255386352539062,0.12175559997558594,74.227783203125,True,0,14.377141952514648,14.385369300842285,0.36604881286621094,0.1542752761810493,0.23276057398527844,-0.000412310721576048,"StraightLane index=('>>>', '1S0_0_', 0)",True,347.3680419921875,0.0016875267028808594,0.0004959106445572987,"StraightLane index=('>>', '>>>', 0)",True,0.0,True,False,0.315143346786499,0.2323482632637024,0.0,0.2323482632637024,True,0.0,0.0,0.145217664539814,0.0,0.145217664539814,0.0
71.459348,"[397.9383544921875, 4.498307704925537, 0.0]","[472.1746520996094, 4.5, 0.0]",14.277940750664108,14.390669822692871,14.395443425140925,0.4011154174722087,0.4027021825313568,74.22808836149926,0.11545085852762149,-0.14419555663041095,69.72808836149926,-0.11272907202876326,14.263331413269043,0.12175559997558594,74.227783203125,True,0,14.385087013244629,14.390669822692871,0.36604881286621094,0.1542752761810493,0.23276057398527844,-0.000412310721576048,"StraightLane index=('>>>', '1S0_0_', 0)",True,347.6531066894531,0.001689910888671875,0.0004959106445572987,"StraightLane index=('>>', '>>>', 0)",True,0.0,True,False,0.315143346786499,0.2323482632637024,0.0,0.2323482632637024,True,0.0,0.0,0.145217664539814,0.0,0.145217664539814,0.0
71.480225,"[398.2237548828125, 4.498305320739746, 0.0]","[472.4644775390625, 4.5, 0.0]",14.285963059013545,14.399239540100098,14.40086751601682,0.4011154174718534,0.40311965346336365,74.23629758999394,0.11272907202876326,-0.13608932494291182,69.73629758999394,-0.11327648108655275,14.271392822265625,0.12175559997558594,74.227783203125,True,0,14.393148422241211,14.399239540100098,0.36604881286621094,0.1542752761810493,0.23276057398527844,-0.000412310721576048,"StraightLane index=('>>>', '1S0_0_', 0)",True,347.9383544921875,0.0016922950744628906,0.0004959106445572987,"StraightLane index=('>>', '>>>', 0)",True,0.0,True,False,0.315143346786499,0.2323482632637024,0.0,0.2323482632637024,True,0.0,0.0,0.145217664539814,0.0,0.145217664539814,0.0
71.499272,"[398.5093078613281, 4.498302936553955, 0.0]","[472.7513122558594, 4.5, 0.0]",14.293985367363225,14.39775371551514,14.40582289683656,0.40111541748402146,0.40435490012168884,74.24072263880126,0.11327648108655275,0.027370452889474706,69.74072263880126,-0.10376834815191494,14.279552459716797,0.12175559997558594,74.227783203125,True,0,14.401308059692383,14.39775371551514,0.23282051086429334,0.14699646644319464,0.21444589274193937,0.017902370521763022,"StraightLane index=('>>>', '1S0_0_', 0)",True,348.2237548828125,0.0016946792602539062,0.0004959106445572987,"StraightLane index=('>>', '>>>', 0)",True,0.0,True,False,0.315143346786499,0.2323482632637024,0.0,0.2323482632637024,True,0.0,0.0,0.145217664539814,0.0,0.145217664539814,0.0
71.520356,"[398.7950134277344, 4.498300552368164, 0.0]","[473.0421142578125, 4.5, 0.0]",14.302007675713005,14.408398628234863,14.40946785532718,0.40111541748899526,0.4060955047607422,74.24200437706182,0.10376834815191494,-0.4754066467318907,69.74200437706182,-0.10639095252185804,14.287793159484863,0.11327648162841797,74.24072265625,True,0,14.401069641113281,14.408398628234863,0.23282051086429334,0.14699646644319464,0.21444589274193937,0.017902370521763022,"StraightLane index=('>>>', '1S0_0_', 0)",True,348.5093078613281,0.0016970634460449219,0.0004959106445572987,"StraightLane index=('>>', '>>>', 0)",True,0.0,True,False,0.315143346786499,0.2323482632637024,0.0,0.2323482632637024,True,0.0,0.0,0.145217664539814,0.0,0.145217664539814,0.0
71.539782,"[399.0809020996094, 4.498298168182373, 0.0]","[473.3286437988281, 4.5, 0.0]",14.309698105400818,14.405110359191895,14.412770328709682,0.38452148439063194,0.4080888628959656,74.24710081258787,0.10639095252185804,0.13113021849715523,69.74710081258787,-0.09541225379107665,14.296095848083496,0.11327648162841797,74.24072265625,True,0,14.409372329711914,14.405110359191895,0.23282051086429334,0.14699646644319464,0.21444589274193937,0.008350875208118613,"StraightLane index=('>>>', '1S0_0_', 0)",True,348.7950134277344,0.0016994476318359375,0.0004959106445572987,"StraightLane index=('>>', '>>>', 0)",True,0.0,True,False,0.315143346786499,0.22279676795005798,0.0,0.22279676795005798,True,0.0,0.0,0.13924797996878624,0.0,0.13924797996878624,0.0
71.559011,"[399.366943359375, 4.498295783996582, 0.0]","[473.6084899902344, 4.5, 0.0]",14.317388535088545,14.415078163146973,14.4160406226184,0.3845214843863687,0.4101419150829315,74.24774168170784,0.09541225379107665,-0.5489349365390694,69.74774168170784,-0.0976896280584274,14.304445266723633,0.11327648162841797,74.24072265625,True,0,14.41772174835205,14.415078163146973,0.23282051086429334,0.14699646644319464,0.21444589274193937,0.008350875208118613,"StraightLane index=('>>>', '1S0_0_', 0)",True,349.0809020996094,0.0017018318176269531,0.0004959106445572987,"StraightLane index=('>>', '>>>', 0)",True,0.0,True,False,0.315143346786499,0.22279676795005798,0.0,0.22279676795005798,True,0.0,0.0,0.13924797996878624,0.0,0.13924797996878624,0.0
71.580177,"[399.65313720703125, 4.498293399810791, 0.0]","[473.90435791015625, 4.5, 0.0]",14.32507896478098,14.41189956665039,14.419636846818555,0.38452148462173596,0.4075026214122772,74.24154661238467,0.0976896280584274,0.11386871336753757,69.74154661238467,-0.08682060186941065,14.31234359741211,0.11327648162841797,74.24072265625,True,0,14.425620079040527,14.41189956665039,0.23282051086429334,0.14699646644319464,0.21444589274193937,0.008350875208118613,"StraightLane index=('>>>', '1S0_0_', 0)",True,349.366943359375,0.0017042160034179688,0.0005187988281264151,"StraightLane index=('>>', '>>>', 0)",True,0.0,True,False,0.315143346786499,0.22279676795005798,0.0,0.22279676795005798,True,0.0,0.0,0.13924797996878624,0.0,0.13924797996878624,0.0
71.601083,"[399.9394836425781, 4.498291015625, 0.0]","[474.193603515625, 4.5, 0.0]",14.332769394466714,14.421978950500488,14.423056218399841,0.38452148428671507,0.40241754055023193,74.25122068494441,0.08682060186941065,-0.5434513094508375,69.75122068494441,-0.089209556033774,14.319893836975098,0.11327648162841797,74.24072265625,True,0,14.433170318603516,14.421978950500488,0.2422523498534801,0.14077565204374698,0.19876186346570007,0.02403490448435791,"StraightLane index=('>>>', '1S0_0_', 0)",True,349.65313720703125,0.0017066001892089844,0.0005111694336033763,"StraightLane index=('>>', '>>>', 0)",True,0.0,True,False,0.315143346786499,0.22279676795005798,0.0,0.22279676795005798,True,0.0,0.0,0.13924797996878624,0.0,0.13924797996878624,0.0
71.620525,"[400.2259826660156, 4.498288631439209, 0.0]","[474.488037109375, 4.5, 0.0]",14.340459824153161,14.417052268981934,14.424027101899963,0.384521484322331,0.3954535126686096,74.2541198548449,0.089209556033774,0.11944770821816775,69.7541198548449,-0.0765924448287727,14.331155776977539,0.09768962860107422,74.24154663085938,True,0,14.428845405578613,14.417052268981934,0.2422523498534801,0.14077565204374698,0.19876186346570007,0.02403490448435791,"StraightLane index=('>>>', '1S0_0_', 0)",True,349.9394836425781,0.001708984375,0.0005111694336033763,"StraightLane index=('>>', '>>>', 0)",True,0.0,True,False,0.2909567654132843,0.22279676795005798,0.0,0.22279676795005798,True,0.0,0.0,0.13924797996878624,0.0,0.13924797996878624,0.0
71.63913,"[400.51263427734375, 4.498286247253418, 0.0]","[474.76397705078125, 4.5, 0.0]",14.347574234553196,14.424676895141602,14.424958452649998,0.3557205200017677,0.39906561374664307,74.26205442576538,0.0765924448287727,-0.6308555602500654,69.76205442576538,-0.07710266058840531,14.335489273071289,0.09768962860107422,74.24154663085938,True,0,14.433178901672363,14.424676895141602,0.2422523498534801,0.14077565204374698,0.19876186346570007,0.007319035176839905,"StraightLane index=('>>>', '1S0_0_', 0)",True,350.2259826660156,0.0017113685607910156,0.0004959106445572987,"StraightLane index=('>>', '>>>', 0)",True,0.0,True,False,0.2909567654132843,0.20608089864253998,0.0,0.20608089864253998,True,0.0,0.0,0.1288005616515875,0.0,0.1288005616515875,0.0
71.659391,"[400.7994384765625, 4.498283863067627, 0.0]","[475.0573425292969, 4.5, 0.0]",14.354688644953509,14.41902542114258,14.425972087999224,0.35572052001562326,0.39668554067611694,74.25134275582329,0.07710266058840531,0.025510787981630756,69.75134275582329,-0.06433677618907119,14.347183227539062,0.09768962860107422,74.24154663085938,True,0,14.444872856140137,14.41902542114258,0.2422523498534801,0.14077565204374698,0.19876186346570007,0.007319035176839905,"StraightLane index=('>>>', '1S0_0_', 0)",True,350.51263427734375,0.0017137527465820312,0.0004959106445572987,"StraightLane index=('>>', '>>>', 0)",True,0.0,True,False,0.2909567654132843,0.20608089864253998,0.0,0.20608089864253998,True,0.0,0.0,0.1288005616515875,0.0,0.1288005616515875,0.0
71.680448,"[401.0863952636719, 4.498281478881836, 0.0]","[475.3416442871094, 4.5, 0.0]",14.36180305535398,14.426679611206055,14.42702423164953,0.35572052002352805,0.39675119519233704,74.25790403509926,0.06433677618907119,-0.6382942199667063,69.75790403509926,-0.06487655585207541,14.351156234741211,0.09768962860107422,74.24154663085938,True,0,14.448845863342285,14.426679611206055,0.2422523498534801,0.14077565204374698,0.19876186346570007,0.007319035176839905,"StraightLane index=('>>>', '1S0_0_', 0)",True,350.7994384765625,0.0017161369323730469,0.0004959106445572987,"StraightLane index=('>>', '>>>', 0)",True,0.0,True,False,0.2909567654132843,0.20608089864253998,0.0,0.20608089864253998,True,0.0,0.0,0.1288005616515875,0.0,0.1288005616515875,0.0
71.698926,"[401.37347412109375, 4.498279094696045, 0.0]","[475.62713623046875, 4.5, 0.0]",14.368917465749602,14.421000480651855,14.427948597248877,0.35572051978114416,0.39207565784454346,74.25524900578185,0.06487655585207541,0.026988983150211254,69.75524900578185,-0.05208301490225331,14.358535766601562,0.09768962860107422,74.24154663085938,True,0,14.456225395202637,14.421000480651855,-0.009784698486328125,0.1263556223923508,0.16020958207881544,0.045871316563724535,"StraightLane index=('>>>', '1S0_0_', 0)",True,351.0863952636719,0.0017185211181640625,0.0004959106445572987,"StraightLane index=('>>', '>>>', 0)",True,0.0,True,False,0.2909567654132843,0.20608089864253998,0.0,0.20608089864253998,True,0.0,0.0,0.1288005616515875,0.0,0.1288005616515875,0.0
71.719332,"[401.66070556640625, 4.498276710510254, 0.0]","[475.91680908203125, 4.5, 0.0]",14.376031876147357,14.427058219909668,14.42664392541995,0.3557205198877256,0.37820133566856384,74.25366209201286,0.05208301490225331,-0.6396770474911051,69.75366209201286,-0.0510263437623113,14.368729591369629,0.06433677673339844,74.25790405273438,True,0,14.433066368103027,14.427058219909668,-0.009784698486328125,0.1263556223923508,0.16020958207881544,0.045871316563724535,"StraightLane index=('>>>', '1S0_0_', 0)",True,351.37347412109375,0.0017209053039550781,0.0004882812499833711,"StraightLane index=('>>', '>>>', 0)",True,0.0,True,False,0.2909567654132843,0.20608089864253998,0.0,0.20608089864253998,True,0.0,0.0,0.1288005616515875,0.0,0.1288005616515875,0.0
71.739128,"[401.9480895996094, 4.498274326324463, 0.0]","[476.2055358886719, 4.5, 0.0]",14.381952286297201,14.418989181518555,14.42525793703989,0.29602050749222286,0.3793875277042389,74.25610349855553,0.0510263437623113,-0.05283355699710057,69.75610349855553,-0.03703689522135356,14.372636795043945,0.06433677673339844,74.25790405273438,True,0,14.436973571777344,14.418989181518555,-0.009784698486328125,0.1263556223923508,0.16020958207881544,0.011261834871410387,"StraightLane index=('>>>', '1S0_0_', 0)",True,351.66070556640625,0.0017232894897460938,0.0004806518554603323,"StraightLane index=('>>', '>>>', 0)",True,0.0,True,False,0.2909567654132843,0.17147141695022583,0.0,0.17147141695022583,True,0.0,0.0,0.10716963559389114,0.0,0.10716963559389114,0.0
71.759014,"[402.235595703125, 4.498271942138672, 0.0]","[476.49969482421875, 4.5, 0.0]",14.38787269644904,14.424229621887207,14.423865404640848,0.2960205075919653,0.372640460729599,74.25744627134486,0.03703689522135356,-0.6994724270478869,69.75744627134486,-0.0363569254381666,14.379463195800781,0.06433677673339844,74.25790405273438,True,0,14.44379997253418,14.424229621887207,-0.009784698486328125,0.1263556223923508,0.16020958207881544,0.011261834871410387,"StraightLane index=('>>>', '1S0_0_', 0)",True,351.9480895996094,0.0017256736755371094,0.0004959106445572987,"StraightLane index=('>>', '>>>', 0)",True,0.0,True,False,0.2909567654132843,0.17147141695022583,0.0,0.17147141695022583,True,0.0,0.0,0.10716963559389114,0.0,0.10716963559389114,0.0
71.780803,"[402.5232238769531, 4.498269557952881, 0.0]","[476.7834167480469, 4.5, 0.0]",14.393793106601919,14.416184425354004,14.422341427571547,0.29602050764392374,0.3667615056037903,74.264099103984,0.0363569254381666,-0.03399848915934811,69.764099103984,-0.022391318752085,14.386225700378418,0.06433677673339844,74.25790405273438,True,0,14.450562477111816,14.416184425354004,-0.009784698486328125,0.1263556223923508,0.16020958207881544,0.011261834871410387,"StraightLane index=('>>>', '1S0_0_', 0)",True,352.235595703125,0.001728057861328125,0.0004806518554603323,"StraightLane index=('>>', '>>>', 0)",True,0.0,True,False,0.2909567654132843,0.17147141695022583,0.0,0.17147141695022583,True,0.0,0.0,0.10716963559389114,0.0,0.10716963559389114,0.0
71.799498,"[402.81097412109375, 4.49826717376709, 0.0]","[477.0700378417969, 4.5, 0.0]",14.399713516751213,14.421462059020996,14.421032689440937,0.29602050746468933,0.36113235354423523,74.26019285458825,0.022391318752085,-0.69828033430408,69.76019285458825,-0.0217485422697834,14.392922401428223,0.06433677673339844,74.25790405273438,True,0,14.457259178161621,14.421462059020996,0.00461578369140625,0.11388161258231493,0.12801816505767413,0.0434532518925517,"StraightLane index=('>>>', '1S0_0_', 0)",True,352.5232238769531,0.0017304420471191406,0.0004653930664142548,"StraightLane index=('>>', '>>>', 0)",True,0.0,True,False,0.2909567654132843,0.17147141695022583,0.0,0.17147141695022583,True,0.0,0.0,0.10716963559389114,0.0,0.10716963559389114,0.0
71.819658,"[403.0988464355469, 4.498264789581299, 0.0]","[477.3623962402344, 4.5, 0.0]",14.40563392689809,14.411458015441895,14.416863114029459,0.29602050734389707,0.34435731172561646,74.25906370355354,0.0217485422697834,-0.032138824115079956,69.75906370355354,-0.005824088543803896,14.401839256286621,0.022391319274902344,74.26019287109375,True,0,14.424230575561523,14.411458015441895,0.00461578369140625,0.11388161258231493,0.12801816505767413,0.0434532518925517,"StraightLane index=('>>>', '1S0_0_', 0)",True,352.81097412109375,0.0017328262329101562,0.0004806518554603323,"StraightLane index=('>>', '>>>', 0)",True,0.0,True,False,0.2665267288684845,0.17147141695022583,0.0,0.17147141695022583,True,0.0,0.0,0.10716963559389114,0.0,0.10716963559389114,0.0
71.839657,"[403.3868408203125, 4.498262405395508, 0.0]","[477.6553649902344, 4.5, 0.0]",14.410047531623624,14.413856506347656,14.41266645449947,0.22068023627666022,0.34130436182022095,74.26354978783111,0.005824088543803896,-0.7962226862989752,69.76354978783111,-0.00380897472403241,14.404962539672852,0.022391319274902344,74.26019287109375,True,0,14.427353858947754,14.413856506347656,0.00461578369140625,0.11388161258231493,0.12801816505767413,-0.00014344794131823657,"StraightLane index=('>>>', '1S0_0_', 0)",True,353.0988464355469,0.0017352104187011719,0.0004730224609372935,"StraightLane index=('>>', '>>>', 0)",True,0.0,True,False,0.2665267288684845,0.1278747171163559,0.0,0.1278747171163559,True,0.0,0.0,0.07992169819772243,0.0,0.07992169819772243,0.0
71.859384,"[403.6749572753906, 4.498260021209717, 0.0]","[477.94158935546875, 4.5, 0.0]",14.414461136348073,14.403017044067383,14.408518825141714,0.22068023622248134,0.3298231065273285,74.268524153358,0.00380897472403241,-0.10075569098857429,69.768524153358,0.011444092280690654,14.410502433776855,0.022391319274902344,74.26019287109375,True,0,14.432893753051758,14.403017044067383,0.00461578369140625,0.11388161258231493,0.12801816505767413,-0.00014344794131823657,"StraightLane index=('>>>', '1S0_0_', 0)",True,353.3868408203125,0.0017375946044921875,0.0004653930664142548,"StraightLane index=('>>', '>>>', 0)",True,0.0,True,False,0.2665267288684845,0.1278747171163559,0.0,0.1278747171163559,True,0.0,0.0,0.07992169819772243,0.0,0.07992169819772243,0.0
71.879707,"[403.9631652832031, 4.498257637023926, 0.0]","[478.2304382324219, 4.5, 0.0]",14.418874741072134,14.405476570129395,14.404253675790446,0.22068023620303023,0.31858161091804504,74.26663206411637,-0.011444092280690654,-0.7626533502361532,69.76663206411637,0.01339817094273954,14.415837287902832,0.022391319274902344,74.26019287109375,True,0,14.438228607177734,14.405476570129395,0.00461578369140625,0.11388161258231493,0.12801816505767413,-0.00014344794131823657,"StraightLane index=('>>>', '1S0_0_', 0)",True,353.6749572753906,0.0017399787902832031,0.0004501342773681772,"StraightLane index=('>>', '>>>', 0)",True,0.0,True,False,0.2665267288684845,0.1278747171163559,0.0,0.1278747171163559,True,0.0,0.0,0.07992169819772243,0.0,0.07992169819772243,0.0
71.89944,"[404.25146484375, 4.498255252838135, 0.0]","[478.5176086425781, 4.5, 0.0]",14.423288345795905,14.394622802734375,14.400107823452041,0.22068023618855293,0.30358535051345825,74.26727293323823,-0.01339817094273954,-0.0977039331024443,69.76727293323823,0.02866554306153013,14.420557022094727,0.022391319274902344,74.26019287109375,True,0,14.442948341369629,14.394622802734375,-0.26839256286621094,0.09309971162376604,0.07446710863377146,0.05340760848258444,"StraightLane index=('>>>', '1S0_0_', 0)",True,353.9631652832031,0.0017423629760742188,0.0004501342773681772,"StraightLane index=('>>', '>>>', 0)",True,0.0,True,False,0.2665267288684845,0.1278747171163559,0.0,0.1278747171163559,True,0.0,0.0,0.07992169819772243,0.0,0.07992169819772243,0.0
71.919907,"[404.53985595703125, 4.498252868652344, 0.0]","[478.80694580078125, 4.5, 0.0]",14.427701950523936,14.395255088806152,14.393216143884581,0.2206802364015381,0.27861297130584717,74.26614378313826,-0.02866554306153013,-0.7633686059395295,69.76614378313826,0.03244686171778355,14.426774024963379,-0.01339817140251398,74.26727294921875,True,0,14.413375853560865,14.395255088806152,-0.26839256286621094,0.09309971162376604,0.07446710863377146,0.05340760848258444,"StraightLane index=('>>>', '1S0_0_', 0)",True,354.25146484375,0.0017447471618652344,0.0004425048828451384,"StraightLane index=('>>', '>>>', 0)",True,0.0,True,False,0.2665267288684845,0.1278747171163559,0.0,0.1278747171163559,True,0.0,0.0,0.07992169819772243,0.0,0.07992169819772243,0.0
71.939713,"[404.82830810546875, 4.498250484466553, 0.0]","[479.09521484375, 4.5, 0.0]",14.430776596509277,14.3817720413208,14.386492056699588,0.1537322992670731,0.27105963230133057,74.2670898286571,-0.03244686171778355,-0.18906593281267092,69.7670898286571,0.04900455518847657,14.428768157958984,-0.01339817140251398,74.26727294921875,True,0,14.41536998655647,14.3817720413208,-0.26839256286621094,0.09309971162376604,0.07446710863377146,0.014618053052172147,"StraightLane index=('>>>', '1S0_0_', 0)",True,354.53985595703125,0.00174713134765625,0.0004272460937481719,"StraightLane index=('>>', '>>>', 0)",True,0.0,True,False,0.2665267288684845,0.0890851616859436,0.0,0.0890851616859436,True,0.0,0.0,0.05567822605371475,0.0,0.05567822605371475,0.0
71.961117,"[405.1168518066406, 4.498248100280762, 0.0]","[479.3807373046875, 4.5, 0.0]",14.433851242489641,14.381690979003906,14.37925072887994,0.1537322990182055,0.24812139570713043,74.26690672347662,-0.04900455518847657,-0.8278846735346512,69.76690672347662,0.052160263485735214,14.434233665466309,-0.01339817140251398,74.26727294921875,True,0,14.420835494063795,14.381690979003906,-0.26839256286621094,0.09309971162376604,0.07446710863377146,0.014618053052172147,"StraightLane index=('>>>', '1S0_0_', 0)",True,354.82830810546875,0.0017495155334472656,0.00041961669922513313,"StraightLane index=('>>', '>>>', 0)",True,0.0,True,False,0.2665267288684845,0.0890851616859436,0.0,0.0890851616859436,True,0.0,0.0,0.05567822605371475,0.0,0.05567822605371475,0.0
71.979931,"[405.40545654296875, 4.498245716094971, 0.0]","[479.66900634765625, 4.5, 0.0]",14.436925888475484,14.371541976928714,14.37282691508031,0.15373229929211973,0.24201767146587372,74.26388548230184,-0.052160263485735214,-0.15778541486293207,69.76388548230184,0.06538391154676937,14.436075210571289,-0.01339817140251398,74.26727294921875,True,0,14.422677039168775,14.371541976928714,-0.26839256286621094,0.09309971162376604,0.07446710863377146,0.014618053052172147,"StraightLane index=('>>>', '1S0_0_', 0)",True,355.1168518066406,0.0017518997192382812,0.0004425048828451384,"StraightLane index=('>>', '>>>', 0)",True,0.0,True,False,0.2665267288684845,0.0890851616859436,0.0,0.0890851616859436,True,0.0,0.0,0.05567822605371475,0.0,0.05567822605371475,0.0
71.99939,"[405.6941223144531, 4.49824333190918, 0.0]","[479.95159912109375, 4.5, 0.0]",14.440000534464659,14.361528396606445,14.366193720443057,0.153732299458742,0.22588902711868286,74.26354978984804,-0.06538391154676937,-0.6611824030517077,69.76354978984804,0.07847213785821339,14.439131736755371,-0.01339817140251398,74.26727294921875,True,0,14.425733565352857,14.361528396606445,-0.3309440612792969,0.07220669831661405,0.02119980870877535,0.06788535297716825,"StraightLane index=('>>>', '1S0_0_', 0)",True,355.40545654296875,0.0017542839050292969,0.00041961669922513313,"StraightLane index=('>>', '>>>', 0)",True,0.0,True,False,0.2665267288684845,0.0890851616859436,0.0,0.0890851616859436,True,0.0,0.0,0.05567822605371475,0.0,0.05567822605371475,0.0
72.019515,"[405.98284912109375, 4.498240947723389, 0.0]","[480.2388000488281, 4.5, 0.0]",14.443075180455645,14.35936164855957,14.356427422231004,0.1537322995493362,0.20918338000774384,74.25747679178387,-0.07847213785821339,-0.6544113155722009,69.75747679178387,0.08371353189607511,14.441801071166992,-0.0653839111328125,74.2635498046875,True,0,14.37641716003418,14.35936164855957,-0.3309440612792969,0.07220669831661405,0.02119980870877535,0.06788535297716825,"StraightLane index=('>>>', '1S0_0_', 0)",True,355.6941223144531,0.0017566680908203125,0.00041961669922513313,"StraightLane index=('>>', '>>>', 0)",True,0.0,True,False,0.24197447299957275,0.0890851616859436,0.0,0.0890851616859436,True,0.0,0.0,0.05567822605371475,0.0,0.05567822605371475,0.0
72.04127,"[406.2716369628906, 4.498238563537598, 0.0]","[480.53424072265625, 4.5, 0.0]",14.43580055276191,14.342599868774414,14.345764118189631,-0.363731384686794,0.19308342039585114,74.25595091316619,-0.08371353189607511,-0.2620697018930862,69.75595091316619,0.09320068398749548,14.444201469421387,-0.0653839111328125,74.2635498046875,True,0,14.378817558288574,14.342599868774414,-0.3309440612792969,0.07220669831661405,0.02119980870877535,0.011521874674212625,"StraightLane index=('>>>', '1S0_0_', 0)",True,355.98284912109375,0.0017590522766113281,0.0004119873047020944,"StraightLane index=('>>', '>>>', 0)",True,0.0,True,False,0.24197447299957275,0.032721683382987976,0.0,0.032721683382987976,True,0.0,0.0,0.0,-0.0,0.0,-0.0
72.059436,"[406.56048583984375, 4.498236179351807, 0.0]","[480.81707763671875, 4.5, 0.0]",14.42852592506665,14.339604377746582,14.336851475848466,-0.3637313847629997,0.18300315737724304,74.26260374548512,-0.09320068398749548,-0.4743576045710185,69.76260374548512,0.08892154732006752,14.446917533874512,-0.0653839111328125,74.2635498046875,True,0,14.3815336227417,14.339604377746582,-0.3309440612792969,0.07220669831661405,0.02119980870877535,0.011521874674212625,"StraightLane index=('>>>', '1S0_0_', 0)",True,356.2716369628906,0.0017614364624023438,0.0004043579101790556,"StraightLane index=('>>', '>>>', 0)",True,0.0,True,False,0.24197447299957275,0.032721683382987976,0.0,0.032721683382987976,True,0.0,0.0,0.0,-0.0,0.0,-0.0
72.079924,"[406.8492126464844, 4.498234272003174, 0.0]","[481.1047058105469, 4.5, 0.0]",14.421251297374484,14.323108673095703,14.326826220396846,-0.36373138460827903,0.15864866971969604,74.25659178227251,-0.08892154732006752,0.21395683337139815,69.75659178227251,0.09814262427878084,14.447981834411621,-0.0653839111328125,74.2635498046875,True,0,14.382597923278809,14.323108673095703,-0.3309440612792969,0.07220669831661405,0.02119980870877535,0.011521874674212625,"StraightLane index=('>>>', '1S0_0_', 0)",True,356.56048583984375,0.0017638206481933594,0.0004119873047020944,"StraightLane index=('>>', '>>>', 0)",True,0.0,True,False,0.24197447299957275,0.032721683382987976,0.0,0.032721683382987976,True,0.0,0.0,0.0,-0.0,0.0,-0.0
72.099392,"[407.1377868652344, 4.498232364654541, 0.0]","[481.3913269042969, 4.5, 0.0]",14.413976669680547,14.319984436035156,14.317276091971955,-0.3637313846968304,0.10622698813676834,74.25549315005614,-0.09814262427878084,-0.4610538479356663,69.75549315005614,0.09399223364539111,14.44545841217041,-0.0653839111328125,74.2635498046875,True,0,14.380074501037598,14.319984436035156,-0.4154396057128906,0.05044564228500148,-0.010649309584502747,0.043370992967490724,"StraightLane index=('>>>', '1S0_0_', 0)",True,356.8492126464844,0.0017657279968261719,0.00039672851560512793,"StraightLane index=('>>', '>>>', 0)",True,0.0,True,False,0.24197447299957275,0.032721683382987976,0.0,0.032721683382987976,True,0.0,0.0,0.0,-0.0,0.0,-0.0
72.119139,"[407.42620849609375, 4.498230457305908, 0.0]","[481.6707458496094, 4.5, 0.0]",14.406702041993661,14.301860809326172,14.304915686505844,-0.3637313843443124,0.011322286911308765,74.25354002473847,-0.09399223364539111,0.20751953166948667,69.75354002473847,0.10484123266748924,14.437750816345215,-0.09814262390136719,74.2554931640625,True,0,14.339608192443848,14.301860809326172,-0.4154396057128906,0.05044564228500148,-0.010649309584502747,0.043370992967490724,"StraightLane index=('>>>', '1S0_0_', 0)",True,357.1377868652344,0.0017676353454589844,0.0004043579101790556,"StraightLane index=('>>', '>>>', 0)",True,0.0,True,False,0.24197447299957275,0.032721683382987976,0.0,0.032721683382987976,True,0.0,0.0,0.0,-0.0,0.0,-0.0
72.139412,"[407.7144775390625, 4.498228549957275, 0.0]","[481.9566650390625, 4.5, 0.0]",14.399427414306924,14.295920372009277,14.292166595748856,-0.3637313843368517,-0.028270116075873375,74.24453733856492,-0.10484123266748924,-0.5424499511049063,69.74453733856492,0.10350704229764673,14.433710098266602,-0.09814262390136719,74.2554931640625,True,0,14.335567474365234,14.295920372009277,-0.4154396057128906,0.05044564228500148,-0.010649309584502747,-0.000581824129815528,"StraightLane index=('>>>', '1S0_0_', 0)",True,357.42620849609375,0.0017695426940917969,0.00041961669922513313,"StraightLane index=('>>', '>>>', 0)",True,0.0,True,False,0.24197447299957275,-0.011231133714318275,0.0,-0.011231133714318275,True,0.0,0.0,0.0,-0.0,0.0,-0.0
72.15987,"[408.00262451171875, 4.498226642608643, 0.0]","[482.247802734375, 4.5, 0.0]",14.392152786616222,14.276412010192875,14.279252627694222,-0.3637313845350931,-0.1016809269785881,74.24218748564934,-0.10350704229764673,0.06670951849212514,69.74218748564934,0.11574077642334757,14.425114631652832,-0.09814262390136719,74.2554931640625,True,0,14.326972007751465,14.276412010192875,-0.4154396057128906,0.05044564228500148,-0.010649309584502747,-0.000581824129815528,"StraightLane index=('>>>', '1S0_0_', 0)",True,357.7144775390625,0.0017714500427246094,0.0004043579101790556,"StraightLane index=('>>', '>>>', 0)",True,0.0,True,False,0.24197447299957275,-0.011231133714318275,0.0,-0.011231133714318275,True,0.0,0.0,0.0,-0.0,0.0,-0.0
72.180429,"[408.2906188964844, 4.49822473526001, 0.0]","[482.5318298339844, 4.5, 0.0]",14.384878158927453,14.270553588867188,14.26630868169741,-0.3637313844384593,-0.17608608305454254,74.24517820798549,-0.11574077642334757,-0.6116867062850417,69.74517820798549,0.11432457006026553,14.414859771728516,-0.09814262390136719,74.2554931640625,True,0,14.316717147827148,14.270553588867188,-0.4154396057128906,0.05044564228500148,-0.010649309584502747,-0.000581824129815528,"StraightLane index=('>>>', '1S0_0_', 0)",True,358.00262451171875,0.0017733573913574219,0.0004119873047020944,"StraightLane index=('>>', '>>>', 0)",True,0.0,True,False,0.24197447299957275,-0.011231133714318275,0.0,-0.011231133714318275,True,0.0,0.0,0.0,-0.0,0.0,-0.0
72.199079,"[408.5784606933594, 4.498222827911377, 0.0]","[482.8132019042969, 4.5, 0.0]",14.377603531239819,14.251477241516113,14.254553536270688,-0.3637313843817047,-0.2320120483636856,74.24121092342794,-0.11432457006026553,0.07081031815410199,69.74121092342794,0.12612628972370565,14.405224800109863,-0.09814262390136719,74.2554931640625,True,0,14.307082176208496,14.251477241516113,-0.6850719451904297,0.02142355997483629,-0.06055852834557239,0.049327394631254115,"StraightLane index=('>>>', '1S0_0_', 0)",True,358.2906188964844,0.0017752647399902344,0.00039672851560512793,"StraightLane index=('>>', '>>>', 0)",True,0.0,True,False,0.24197447299957275,-0.011231133714318275,0.0,-0.011231133714318275,True,0.0,0.0,0.0,-0.0,0.0,-0.0
72.219259,"[408.86614990234375, 4.498220920562744, 0.0]","[483.09893798828125, 4.5, 0.0]",14.370328903556766,14.243614196777344,14.23913795204583,-0.3637313841526435,-0.294013112783432,74.23474119685238,-0.12612628972370565,-0.5900859831720062,69.73474119685238,0.12671470677942231,14.391070365905762,-0.11432456970214844,74.2412109375,True,0,14.276745796203613,14.243614196777344,-0.6850719451904297,0.02142355997483629,-0.06055852834557239,0.049327394631254115,"StraightLane index=('>>>', '1S0_0_', 0)",True,358.5784606933594,0.0017771720886230469,0.00039672851560512793,"StraightLane index=('>>', '>>>', 0)",True,0.0,True,False,0.24197447299957275,-0.011231133714318275,0.0,-0.011231133714318275,True,0.0,0.0,0.0,-0.0,0.0,-0.0
72.239407,"[409.1537170410156, 4.498219013214111, 0.0]","[483.3832702636719, 4.5, 0.0]",14.363054275876683,14.221545219421387,14.223623980496603,-0.36373138400414007,-0.3160686790943146,74.23278807060733,-0.12671470677942231,-0.029420852785833063,69.73278807060733,0.14150905645529654,14.38581657409668,-0.11432456970214844,74.2412109375,True,0,14.271492004394531,14.221545219421387,-0.6850719451904297,0.02142355997483629,-0.06055852834557239,0.011126559865223803,"StraightLane index=('>>>', '1S0_0_', 0)",True,358.86614990234375,0.0017790794372558594,0.0004272460937481719,"StraightLane index=('>>', '>>>', 0)",True,0.0,True,False,0.2173343300819397,-0.04943196848034859,0.0,-0.04943196848034859,True,0.0,0.0,0.0,-0.0,0.0,-0.0
72.259613,"[409.4411315917969, 4.4982171058654785, 0.0]","[483.667724609375, 4.5, 0.0]",14.355779648194877,14.212806701660156,14.20807405225071,-0.3637313840902934,-0.34900590777397156,74.2295532082386,-0.14150905645529654,-0.7397174837937115,69.7295532082386,0.14297294653472115,14.375906944274902,-0.11432456970214844,74.2412109375,True,0,14.261582374572754,14.212806701660156,-0.6850719451904297,0.02142355997483629,-0.06055852834557239,0.011126559865223803,"StraightLane index=('>>>', '1S0_0_', 0)",True,359.1537170410156,0.0017809867858886719,0.0004043579101790556,"StraightLane index=('>>', '>>>', 0)",True,0.0,True,False,0.2173343300819397,-0.04943196848034859,0.0,-0.04943196848034859,True,0.0,0.0,0.0,-0.0,0.0,-0.0
72.279824,"[409.7283935546875, 4.498215198516846, 0.0]","[483.950927734375, 4.5, 0.0]",14.348505020512137,14.190798759460451,14.192509814333285,-0.36373138413701156,-0.37201160192489624,74.22659300283927,-0.14297294653472115,-0.07319450397123006,69.72659300283927,0.15770626105168617,14.366406440734863,-0.11432456970214844,74.2412109375,True,0,14.252081871032715,14.190798759460451,-0.6850719451904297,0.02142355997483629,-0.06055852834557239,0.011126559865223803,"StraightLane index=('>>>', '1S0_0_', 0)",True,359.4411315917969,0.0017828941345214844,0.0004119873047020944,"StraightLane index=('>>', '>>>', 0)",True,0.0,True,False,0.2173343300819397,-0.04943196848034859,0.0,-0.04943196848034859,True,0.0,0.0,0.0,-0.0,0.0,-0.0
72.299582,"[410.0155029296875, 4.498213291168213, 0.0]","[484.2419738769531, 4.5, 0.0]",14.341230392828935,14.181700706481934,14.177288314967123,-0.3637313841601042,-0.3872925639152527,74.22253416431494,-0.15770626105168617,-0.7366657258482512,69.72253416431494,0.1595296863470015,14.357320785522461,-0.11432456970214844,74.2412109375,True,0,14.242996215820312,14.181700706481934,-0.6977653503417969,-0.005140583284610228,-0.10883487941016119,0.059402910929812605,"StraightLane index=('>>>', '1S0_0_', 0)",True,359.7283935546875,0.0017848014831542969,0.0004272460937481719,"StraightLane index=('>>', '>>>', 0)",True,0.0,True,False,0.2173343300819397,-0.04943196848034859,0.0,-0.04943196848034859,True,0.0,0.0,0.0,-0.0,0.0,-0.0
72.322068,"[410.3024597167969, 4.49821138381958, 0.0]","[484.5210266113281, 4.5, 0.0]",14.333955765141583,14.158086776733398,14.157149410119628,-0.3637313843675827,-0.4016783535480499,74.22647093280766,-0.1595296863470015,-0.09117126476576587,69.72647093280766,0.175868988408185,14.344036102294922,-0.11432456970214844,74.2412109375,True,0,14.229711532592773,14.158086776733398,-0.6977653503417969,-0.005140583284610228,-0.10883487941016119,0.059402910929812605,"StraightLane index=('>>>', '1S0_0_', 0)",True,360.0155029296875,0.0017867088317871094,0.0004043579101790556,"StraightLane index=('>>', '>>>', 0)",True,0.0,True,False,0.2173343300819397,-0.04943196848034859,0.0,-0.04943196848034859,True,0.0,0.0,0.0,-0.0,0.0,-0.0
72.339216,"[410.58929443359375, 4.498209476470947, 0.0]","[484.8005676269531, 4.5, 0.0]",14.307928085696675,14.146953582763672,14.141664864218795,-1.301383972245418,-0.4056110084056854,74.21856688006002,-0.175868988408185,-0.8169651030591751,69.71856688006002,0.1609745029330032,14.339607238769531,-0.15770626068115234,74.2225341796875,True,0,14.181900978088379,14.146953582763672,-0.6977653503417969,-0.005140583284610228,-0.10883487941016119,-0.002639947521792238,"StraightLane index=('>>>', '1S0_0_', 0)",True,360.3024597167969,0.0017886161804199219,0.0004043579101790556,"StraightLane index=('>>', '>>>', 0)",True,0.0,True,False,0.2173343300819397,-0.11147482693195343,0.0,-0.11147482693195343,True,0.0,0.0,0.0,0.08,0.0,0.08
72.358948,"[410.8759765625, 4.4982075691223145, 0.0]","[485.08270263671875, 4.5, 0.0]",14.27166175879091,14.122316360473633,14.123916038905621,-1.813316345288296,-0.40646904706954956,74.21127317887486,-0.1609745029330032,0.7447242737590898,69.71127317887486,0.14934539831727633,14.331439018249512,-0.15770626068115234,74.2225341796875,True,0,14.17373275756836,14.122316360473633,-0.6977653503417969,-0.005140583284610228,-0.10883487941016119,-0.002639947521792238,"StraightLane index=('>>>', '1S0_0_', 0)",True,360.58929443359375,0.0017905235290527344,0.0004043579101790556,"StraightLane index=('>>', '>>>', 0)",True,0.0,True,False,0.2173343300819397,-0.11147482693195343,0.0,-0.11147482693195343,True,0.0,0.0,0.0,0.11147482693195343,0.0,0.11147482693195343
72.380453,"[411.1621398925781, 4.498205661773682, 0.0]","[485.37335205078125, 4.5, 0.0]",14.23539543188517,14.110475540161133,14.104561236518089,-1.8133163452869638,-0.43546703457832336,74.20672605972089,-0.14934539831727633,0.581455230786343,69.70672605972089,0.12491989172403706,14.32029914855957,-0.15770626068115234,74.2225341796875,True,0,14.162592887878418,14.110475540161133,-0.6977653503417969,-0.005140583284610228,-0.10883487941016119,-0.002639947521792238,"StraightLane index=('>>>', '1S0_0_', 0)",True,360.8759765625,0.0017924308776855469,0.0004043579101790556,"StraightLane index=('>>', '>>>', 0)",True,0.0,True,False,0.2173343300819397,-0.11147482693195343,0.0,-0.11147482693195343,True,0.0,0.0,0.0,0.11147482693195343,0.0,0.11147482693195343
72.400085,"[411.44757080078125, 4.498203754425049, 0.0]","[485.64923095703125, 4.5, 0.0]",14.199129104979546,14.089570999145508,14.086871764361806,-1.8133163452811907,-0.5244110226631165,74.2112121443064,-0.12491989172403706,1.2212753296619638,69.7112121443064,0.10955810583403824,14.302061080932617,-0.15770626068115234,74.2225341796875,True,0,14.144354820251465,14.089570999145508,-0.9212970733642578,-0.03687192252389823,-0.1080846913160231,-0.003390135615930337,"StraightLane index=('>>>', '1S0_0_', 0)",True,361.1621398925781,0.0017943382263183594,0.000389099121132978,"StraightLane index=('>>', '>>>', 0)",True,0.0,True,False,0.2173343300819397,-0.11147482693195343,0.0,-0.11147482693195343,True,0.0,0.0,0.0,0.11147482693195343,0.0,0.11147482693195343
72.420101,"[411.7322692871094, 4.498201847076416, 0.0]","[485.9316101074219, 4.5, 0.0]",14.162862778070041,14.070019721984863,14.06666071798647,-1.8133163454752577,-0.715518593788147,74.20166014172536,-0.10955810583403824,0.7680892944999407,69.70166014172536,0.09284305608517762,14.270430564880371,-0.15770626068115234,74.2225341796875,True,0,14.112724304199219,14.070019721984863,-0.9212970733642578,-0.03687192252389823,-0.1080846913160231,-0.003390135615930337,"StraightLane index=('>>>', '1S0_0_', 0)",True,361.44757080078125,0.0017962455749511719,0.0004043579101790556,"StraightLane index=('>>', '>>>', 0)",True,0.0,True,False,0.2173343300819397,-0.11147482693195343,0.0,-0.11147482693195343,True,0.0,0.0,0.0,0.11147482693195343,0.0,0.11147482693195343
72.439532,"[412.0162658691406, 4.498199939727783, 0.0]","[486.2121276855469, 4.5, 0.0]",14.126169205064459,14.049834251403809,14.047043281937894,-1.834678650279109,-0.8675423264503479,74.19934080639017,-0.09284305608517762,0.8357524874430311,69.69934080639017,0.07633495366065013,14.239603042602539,-0.12491989135742188,74.21121215820312,True,0,14.114683151245117,14.049834251403809,-0.9212970733642578,-0.03687192252389823,-0.1080846913160231,-0.00470865741358735,"StraightLane index=('>>>', '1S0_0_', 0)",True,361.7322692871094,0.0017981529235839844,0.000389099121132978,"StraightLane index=('>>', '>>>', 0)",True,0.0,True,False,0.1926705241203308,-0.11279334872961044,0.0,-0.11279334872961044,True,0.0,0.0,0.0,0.11279334872961044,0.0,0.11279334872961044
72.458687,"[412.2995300292969, 4.49819803237915, 0.0]","[486.49090576171875, 4.5, 0.0]",14.089475632064921,14.029775619506836,14.027676774334049,-1.834678649976862,-1.0330506563186646,74.19586180247103,-0.07633495366065013,0.8254051212263747,69.69586180247103,0.05970001255808555,14.204233169555664,-0.12491989135742188,74.21121215820312,True,0,14.079313278198242,14.029775619506836,-0.9212970733642578,-0.03687192252389823,-0.1080846913160231,-0.00470865741358735,"StraightLane index=('>>>', '1S0_0_', 0)",True,362.0162658691406,0.0018000602722167969,0.000389099121132978,"StraightLane index=('>>', '>>>', 0)",True,0.0,True,False,0.1926705241203308,-0.11279334872961044,0.0,-0.11279334872961044,True,0.0,0.0,0.0,0.11279334872961044,0.0,0.11279334872961044
72.4794,"[412.5820617675781, 4.498196125030518, 0.0]","[486.7722473144531, 4.5, 0.0]",14.052782059064977,14.00953197479248,14.00676789068786,-1.8346786499972012,-1.202666163444519,74.19137571847381,-0.05970001255808555,0.8317470551282291,69.69137571847381,0.04325008427249699,14.165109634399414,-0.12491989135742188,74.21121215820312,True,0,14.040189743041992,14.00953197479248,-0.9212970733642578,-0.03687192252389823,-0.1080846913160231,-0.00470865741358735,"StraightLane index=('>>>', '1S0_0_', 0)",True,362.2995300292969,0.0018019676208496094,0.000389099121132978,"StraightLane index=('>>', '>>>', 0)",True,0.0,True,False,0.1926705241203308,-0.11279334872961044,0.0,-0.11279334872961044,True,0.0,0.0,0.0,0.11279334872961044,0.0,0.11279334872961044
72.499781,"[412.8638610839844, 4.498194217681885, 0.0]","[487.05963134765625, 4.5, 0.0]",14.016088486061152,13.988853454589844,13.98622747322073,-1.8346786501912682,-1.3641470670700073,74.190185532914,-0.04325008427249699,0.8224964142794278,69.690185532914,0.027235031471308346,14.12345027923584,-0.12491989135742188,74.21121215820312,True,0,13.998530387878418,13.988853454589844,-1.0071754455566406,-0.06843587086599083,-0.08613864132234125,-0.02665470740726919,"StraightLane index=('>>>', '1S0_0_', 0)",True,362.5820617675781,0.0018038749694824219,0.000389099121132978,"StraightLane index=('>>', '>>>', 0)",True,0.0,True,False,0.1926705241203308,-0.11279334872961044,0.0,-0.11279334872961044,True,0.0,0.0,0.0,0.11279334872961044,0.0,0.11279334872961044
72.520043,"[413.1449279785156, 4.498192310333252, 0.0]","[487.339599609375, 4.5, 0.0]",13.97939491305893,13.967207908630371,13.963723931707442,-1.8346786501110657,-1.5556285381317139,74.19577025000468,-0.027235031471308346,0.8007526400594323,69.69577025000468,0.012187004428559689,14.074908256530762,-0.12491989135742188,74.21121215820312,True,0,13.94998836517334,13.967207908630371,-1.0071754455566406,-0.06843587086599083,-0.08613864132234125,-0.02665470740726919,"StraightLane index=('>>>', '1S0_0_', 0)",True,362.8638610839844,0.0018057823181152344,0.00038146972655905034,"StraightLane index=('>>', '>>>', 0)",True,0.0,True,False,0.1926705241203308,-0.11279334872961044,0.0,-0.11279334872961044,True,0.0,0.0,0.0,0.11279334872961044,0.0,0.11279334872961044
72.540742,"[413.4252624511719, 4.498190402984619, 0.0]","[487.6134948730469, 4.5, 0.0]",13.946752548554159,13.945383071899414,13.940734051255216,-1.6321182252386102,-1.6567823886871338,74.19467161687237,-0.012187004428559689,0.7524013521374329,69.69467161687237,0.001369476654744517,14.032816886901855,-0.043250083923339844,74.190185546875,True,0,13.989566802978516,13.945383071899414,-1.0071754455566406,-0.06843587086599083,-0.08613864132234125,-0.014200518047127436,"StraightLane index=('>>>', '1S0_0_', 0)",True,363.1449279785156,0.0018076896667480469,0.000389099121132978,"StraightLane index=('>>', '>>>', 0)",True,0.0,True,False,0.1926705241203308,-0.10033915936946869,0.0,-0.10033915936946869,True,0.0,0.0,0.0,0.10033915936946869,0.0,0.10033915936946869
72.558689,"[413.7048645019531, 4.498188495635986, 0.0]","[487.8888244628906, 4.5, 0.0]",13.914110184050184,13.923445701599121,13.920798339158875,-1.632118225198731,-1.7381409406661987,74.18823240756647,-0.001369476654744517,0.5408763886907586,69.68823240756647,-0.009335517548937133,13.99087905883789,-0.043250083923339844,74.190185546875,True,0,13.94762897491455,13.923445701599121,-1.0071754455566406,-0.06843587086599083,-0.08613864132234125,-0.014200518047127436,"StraightLane index=('>>>', '1S0_0_', 0)",True,363.4252624511719,0.0018095970153808594,0.00039672851560512793,"StraightLane index=('>>', '>>>', 0)",True,0.0,True,False,0.1926705241203308,-0.10033915936946869,0.0,-0.10033915936946869,True,0.0,0.0,0.0,0.10033915936946869,0.0,0.10033915936946869
72.579873,"[413.9837951660156, 4.4981865882873535, 0.0]","[488.1751708984375, 4.5, 0.0]",13.881467819550275,13.900629997253418,13.897302381979763,-1.632118224995427,-1.7958861589431763,74.18395994692484,0.009335517548937133,0.5352497101840825,69.68395994692484,-0.019162177703142547,13.9498872756958,-0.043250083923339844,74.190185546875,True,0,13.906637191772461,13.900629997253418,-1.0071754455566406,-0.06843587086599083,-0.08613864132234125,-0.014200518047127436,"StraightLane index=('>>>', '1S0_0_', 0)",True,363.7048645019531,0.0018115043640136719,0.000389099121132978,"StraightLane index=('>>', '>>>', 0)",True,0.0,True,False,0.1926705241203308,-0.10033915936946869,0.0,-0.10033915936946869,True,0.0,0.0,0.0,0.10033915936946869,0.0,0.10033915936946869
72.59908,"[414.2620849609375, 4.498184680938721, 0.0]","[488.44696044921875, 4.5, 0.0]",13.84882545504933,13.878972053527832,13.875977133003698,-1.6321182250472965,-1.8294702768325806,74.19137571808687,0.019162177703142547,0.49133300771027066,69.69137571808687,-0.03014659847850254,13.910402297973633,-0.043250083923339844,74.190185546875,True,0,13.867152214050293,13.878972053527832,-1.0988140106201172,-0.10005077415109584,-0.08045548514006919,-0.019883674229399503,"StraightLane index=('>>>', '1S0_0_', 0)",True,363.9837951660156,0.0018134117126464844,0.00039672851560512793,"StraightLane index=('>>', '>>>', 0)",True,0.0,True,False,0.1926705241203308,-0.10033915936946869,0.0,-0.10033915936946869,True,0.0,0.0,0.0,0.10033915936946869,0.0,0.10033915936946869
72.620335,"[414.5397033691406, 4.498182773590088, 0.0]","[488.73553466796875, 4.5, 0.0]",13.816183090551014,13.85456371307373,13.850578291194974,-1.6321182249157573,-1.8438594341278076,74.18487547393319,0.03014659847850254,0.5492210387679997,69.68487547393319,-0.038380622522716124,13.872361183166504,0.01916217803955078,74.19137573242188,True,0,13.891523361206055,13.85456371307373,-1.0988140106201172,-0.10005077415109584,-0.08045548514006919,-0.019883674229399503,"StraightLane index=('>>>', '1S0_0_', 0)",True,364.2620849609375,0.0018153190612792969,0.00039672851560512793,"StraightLane index=('>>', '>>>', 0)",True,0.0,True,False,0.16810916364192963,-0.10033915936946869,0.0,-0.10033915936946869,True,0.0,0.0,0.0,0.10033915936946869,0.0,0.10033915936946869
72.641364,"[414.8166809082031, 4.498180866241455, 0.0]","[489.0077819824219, 4.5, 0.0]",13.783796310772336,13.830917358398438,13.825313290818592,-1.6193389889338938,-1.839137315750122,74.1958312838432,0.038380622522716124,0.4117012022106792,69.6958312838432,-0.04712104762610103,13.836114883422852,0.01916217803955078,74.19137573242188,True,0,13.855277061462402,13.830917358398438,-1.0988140106201172,-0.10005077415109584,-0.08045548514006919,-0.019094449127928556,"StraightLane index=('>>>', '1S0_0_', 0)",True,364.5397033691406,0.0018172264099121094,0.0004119873047020944,"StraightLane index=('>>', '>>>', 0)",True,0.0,True,False,0.16810916364192963,-0.09954993426799774,0.0,-0.09954993426799774,True,0.0,0.0,0.0,0.09954993426799774,0.0,0.09954993426799774
72.658727,"[415.093017578125, 4.498178958892822, 0.0]","[489.27557373046875, 4.5, 0.0]",13.751409530991346,13.807655334472656,13.804468098019715,-1.6193389890495347,-1.8218622207641602,74.19110105953283,0.04712104762610103,0.4370212551692454,69.69110105953283,-0.056245803481310475,13.801375389099121,0.01916217803955078,74.19137573242188,True,0,13.820537567138672,13.807655334472656,-1.0988140106201172,-0.10005077415109584,-0.08045548514006919,-0.019094449127928556,"StraightLane index=('>>>', '1S0_0_', 0)",True,364.8166809082031,0.0018191337585449219,0.0004043579101790556,"StraightLane index=('>>', '>>>', 0)",True,0.0,True,False,0.16810916364192963,-0.09954993426799774,0.0,-0.09954993426799774,True,0.0,0.0,0.0,0.09954993426799774,0.0,0.09954993426799774
72.679854,"[415.3686828613281, 4.4981770515441895, 0.0]","[489.55950927734375, 4.5, 0.0]",13.71902275120908,13.782994270324707,13.77913563121576,-1.6193389891133059,-1.8006113767623901,74.18255613733173,0.056245803481310475,0.45623779276047216,69.68255613733173,-0.06397151911562737,13.767420768737793,0.01916217803955078,74.19137573242188,True,0,13.786582946777344,13.782994270324707,-1.0988140106201172,-0.10005077415109584,-0.08045548514006919,-0.019094449127928556,"StraightLane index=('>>>', '1S0_0_', 0)",True,365.093017578125,0.0018210411071777344,0.0004119873047020944,"StraightLane index=('>>', '>>>', 0)",True,0.0,True,False,0.16810916364192963,-0.09954993426799774,0.0,-0.09954993426799774,True,0.0,0.0,0.0,0.09954993426799774,0.0,0.09954993426799774
72.698954,"[415.6437072753906, 4.498175144195557, 0.0]","[489.8288269042969, 4.5, 0.0]",13.686635971425682,13.759598731994629,13.756200978001583,-1.6193389891698828,-1.7429702281951904,74.1908264013028,0.06397151911562737,0.38628578171584493,69.6908264013028,-0.0729627605689469,13.719986915588379,0.01916217803955078,74.19137573242188,True,0,13.73914909362793,13.759598731994629,-1.1937332153320312,-0.13182635927260736,-0.08440056490279187,-0.015149369365205875,"StraightLane index=('>>>', '1S0_0_', 0)",True,365.3686828613281,0.0018229484558105469,0.0004043579101790556,"StraightLane index=('>>', '>>>', 0)",True,0.0,True,False,0.16810916364192963,-0.09954993426799774,0.0,-0.09954993426799774,True,0.0,0.0,0.0,0.09954993426799774,0.0,0.09954993426799774
72.720032,"[415.9180908203125, 4.498173236846924, 0.0]","[490.11260986328125, 4.5, 0.0]",13.654249191638202,13.73381519317627,13.729506911542328,-1.6193389893739862,-1.7156941890716553,74.18511961386673,0.0729627605689469,0.4495620726659766,69.68511961386673,-0.07956600153806725,13.687979698181152,0.06397151947021484,74.19082641601562,True,0,13.751951217651367,13.73381519317627,-1.1937332153320312,-0.13182635927260736,-0.08440056490279187,-0.015149369365205875,"StraightLane index=('>>>', '1S0_0_', 0)",True,365.6437072753906,0.0018248558044433594,0.0004119873047020944,"StraightLane index=('>>', '>>>', 0)",True,0.0,True,False,0.16810916364192963,-0.09954993426799774,0.0,-0.09954993426799774,True,0.0,0.0,0.0,0.09954993426799774,0.0,0.09954993426799774
72.739157,"[416.19183349609375, 4.498171329498291, 0.0]","[490.378662109375, 4.5, 0.0]",13.621225357408346,13.709136962890625,13.705215182130983,-1.6511917114928387,-1.6928871870040894,74.19451902791528,0.07956600153806725,0.3301620484560175,69.69451902791528,-0.0879116054822795,13.656027793884277,0.06397151947021484,74.19082641601562,True,0,13.719999313354492,13.709136962890625,-1.1937332153320312,-0.13182635927260736,-0.08440056490279187,-0.01710543734454166,"StraightLane index=('>>>', '1S0_0_', 0)",True,365.9180908203125,0.0018267631530761719,0.0004119873047020944,"StraightLane index=('>>', '>>>', 0)",True,0.0,True,False,0.16810916364192963,-0.10150600224733353,0.0,-0.10150600224733353,True,0.0,0.0,0.0,0.10150600224733353,0.0,0.10150600224733353
72.760251,"[416.46490478515625, 4.498169422149658, 0.0]","[490.65753173828125, 4.5, 0.0]",13.588201523174675,13.683269500732422,13.67841774016188,-1.6511917116835306,-1.6662273406982422,74.18682859852814,0.0879116054822795,0.41728019721061216,69.68682859852814,-0.09506797755774699,13.624958992004395,0.06397151947021484,74.19082641601562,True,0,13.68893051147461,13.683269500732422,-1.1937332153320312,-0.13182635927260736,-0.08440056490279187,-0.01710543734454166,"StraightLane index=('>>>', '1S0_0_', 0)",True,366.19183349609375,0.0018286705017089844,0.0004043579101790556,"StraightLane index=('>>', '>>>', 0)",True,0.0,True,False,0.16810916364192963,-0.10150600224733353,0.0,-0.10150600224733353,True,0.0,0.0,0.0,0.10150600224733353,0.0,0.10150600224733353
72.780092,"[416.7373352050781, 4.498167514801025, 0.0]","[490.9317626953125, 4.5, 0.0]",13.55517768894285,13.657831192016603,13.653231304646527,-1.651191711591249,-1.670768141746521,74.1926269389826,0.09506797755774699,0.3578186037733744,69.6926269389826,-0.10265350307375343,13.607819557189941,0.06397151947021484,74.19082641601562,True,0,13.671791076660156,13.657831192016603,-1.1937332153320312,-0.13182635927260736,-0.08440056490279187,-0.01710543734454166,"StraightLane index=('>>>', '1S0_0_', 0)",True,366.46490478515625,0.0018305778503417969,0.000389099121132978,"StraightLane index=('>>', '>>>', 0)",True,0.0,True,False,0.16810916364192963,-0.10150600224733353,0.0,-0.10150600224733353,True,0.0,0.0,0.0,0.10150600224733353,0.0,0.10150600224733353
72.799253,"[417.00909423828125, 4.498165607452393, 0.0]","[491.19903564453125, 4.5, 0.0]",13.522153854707726,13.633040428161621,13.628895742455553,-1.6511917117561836,-1.6547200679779053,74.19442747513976,0.10265350307375343,0.3792762758003221,69.69442747513976,-0.11088657345389485,13.576327323913574,0.06397151947021484,74.19082641601562,True,0,13.640298843383789,13.633040428161621,-1.2655830383300781,-0.16293912968689936,-0.0908628569418677,-0.010643145305465826,"StraightLane index=('>>>', '1S0_0_', 0)",True,366.7373352050781,0.0018324851989746094,0.0004119873047020944,"StraightLane index=('>>', '>>>', 0)",True,0.0,True,False,0.16810916364192963,-0.10150600224733353,0.0,-0.10150600224733353,True,0.0,0.0,0.0,0.10150600224733353,0.0,0.10150600224733353
72.819431,"[417.28021240234375, 4.49816370010376, 0.0]","[491.47314453125, 4.5, 0.0]",13.489130020474327,13.609833717346191,13.601904483562683,-1.6511917116699415,-1.6261900663375854,74.18994139208176,0.11088657345389485,0.41165351900707137,69.68994139208176,-0.120703696871864,13.529989242553711,0.10265350341796875,74.19442749023438,True,0,13.63264274597168,13.609833717346191,-1.2655830383300781,-0.16293912968689936,-0.0908628569418677,-0.010643145305465826,"StraightLane index=('>>>', '1S0_0_', 0)",True,367.00909423828125,0.0018343925476074219,0.000389099121132978,"StraightLane index=('>>', '>>>', 0)",True,0.0,True,False,0.14374442398548126,-0.10150600224733353,0.0,-0.10150600224733353,True,0.0,0.0,0.0,0.10150600224733353,0.0,0.10150600224733353
72.839407,"[417.5506591796875, 4.498161792755127, 0.0]","[491.7433776855469, 4.5, 0.0]",13.45534324678871,13.57646369934082,13.57514306483383,-1.6893386842808944,-1.6390764713287354,74.192932114725,0.120703696871864,0.4908561708984571,69.692932114725,-0.12112045255211079,13.512374877929688,0.10265350341796875,74.19442749023438,True,0,13.615028381347656,13.57646369934082,-1.2655830383300781,-0.16293912968689936,-0.0908628569418677,-0.012995472413849005,"StraightLane index=('>>>', '1S0_0_', 0)",True,367.28021240234375,0.0018362998962402344,0.000389099121132978,"StraightLane index=('>>', '>>>', 0)",True,0.0,True,False,0.14374442398548126,-0.1038583293557167,0.0,-0.1038583293557167,True,0.0,0.0,0.0,0.1038583293557167,0.0,0.1038583293557167
72.85874,"[417.8204345703125, 4.498159885406494, 0.0]","[492.0127868652344, 4.5, 0.0]",13.421556473100186,13.556510925292969,13.549225067597584,-1.6893386844262004,-1.6373547315597534,74.19271849166516,0.12112045255211079,0.02083778401233971,69.69271849166516,-0.13495445219278324,13.479937553405762,0.10265350341796875,74.19442749023438,True,0,13.58259105682373,13.556510925292969,-1.2655830383300781,-0.16293912968689936,-0.0908628569418677,-0.012995472413849005,"StraightLane index=('>>>', '1S0_0_', 0)",True,367.5506591796875,0.0018382072448730469,0.000389099121132978,"StraightLane index=('>>', '>>>', 0)",True,0.0,True,False,0.14374442398548126,-0.1038583293557167,0.0,-0.1038583293557167,True,0.0,0.0,0.0,0.1038583293557167,0.0,0.1038583293557167
72.880054,"[418.08953857421875, 4.498157978057861, 0.0]","[492.2916259765625, 4.5, 0.0]",13.38776969940993,13.522289276123047,13.520680508171795,-1.6893386845127978,-1.6383752822875977,74.19235228102619,0.13495445219278324,0.6916999820336223,69.69235228102619,-0.13451957671311732,13.447232246398926,0.10265350341796875,74.19442749023438,True,0,13.549885749816895,13.522289276123047,-1.2655830383300781,-0.16293912968689936,-0.0908628569418677,-0.012995472413849005,"StraightLane index=('>>>', '1S0_0_', 0)",True,367.8204345703125,0.0018401145935058594,0.00038146972655905034,"StraightLane index=('>>', '>>>', 0)",True,0.0,True,False,0.14374442398548126,-0.1038583293557167,0.0,-0.1038583293557167,True,0.0,0.0,0.0,0.1038583293557167,0.0,0.1038583293557167
72.899665,"[418.35797119140625, 4.4981560707092285, 0.0]","[492.5619812011719, 4.5, 0.0]",13.353982925722521,13.502243041992188,13.494390561776243,-1.6893386843704228,-1.6281323432922363,74.20208738843515,0.13451957671311732,-0.021743773983295966,69.70208738843515,-0.1482601162696664,13.399264335632324,0.10265350341796875,74.19442749023438,True,0,13.501917839050293,13.502243041992188,-1.307973861694336,-0.1924243018775112,-0.09605522630222803,-0.0078031030534886775,"StraightLane index=('>>>', '1S0_0_', 0)",True,368.08953857421875,0.0018420219421386719,0.00038146972655905034,"StraightLane index=('>>', '>>>', 0)",True,0.0,True,False,0.14374442398548126,-0.1038583293557167,0.0,-0.1038583293557167,True,0.0,0.0,0.0,0.1038583293557167,0.0,0.1038583293557167
72.919965,"[418.625732421875, 4.498154163360596, 0.0]","[492.83331298828125, 4.5, 0.0]",13.320196152033082,13.467595100402832,13.465790294996236,-1.6893386844719416,-1.6453471183776855,74.20400999615494,0.1482601162696664,0.687026977827454,69.70400999615494,-0.14739894836974976,13.381176948547363,0.1345195770263672,74.20208740234375,True,0,13.51569652557373,13.467595100402832,-1.307973861694336,-0.1924243018775112,-0.09605522630222803,-0.0078031030534886775,"StraightLane index=('>>>', '1S0_0_', 0)",True,368.35797119140625,0.0018439292907714844,0.00037384033203601154,"StraightLane index=('>>', '>>>', 0)",True,0.0,True,False,0.14374442398548126,-0.1038583293557167,0.0,-0.1038583293557167,True,0.0,0.0,0.0,0.1038583293557167,0.0,0.1038583293557167
72.939767,"[418.892822265625, 4.498152256011963, 0.0]","[493.1015930175781, 4.5, 0.0]",13.283544540699207,13.446083068847656,13.437869223983265,-1.8325805666937534,-1.6545997858047485,74.20758055278304,0.14739894836974976,-0.04305839499583186,69.70758055278304,-0.16253852814844905,13.347427368164062,0.1345195770263672,74.20208740234375,True,0,13.48194694519043,13.446083068847656,-1.307973861694336,-0.1924243018775112,-0.09605522630222803,-0.01661034497014517,"StraightLane index=('>>>', '1S0_0_', 0)",True,368.625732421875,0.0018458366394042969,0.00037384033203601154,"StraightLane index=('>>', '>>>', 0)",True,0.0,True,False,0.14374442398548126,-0.1126655712723732,0.0,-0.1126655712723732,True,0.0,0.0,0.0,0.1126655712723732,0.0,0.1126655712723732
72.959187,"[419.15924072265625, 4.49815034866333, 0.0]","[493.36859130859375, 4.5, 0.0]",13.246892929366945,13.411368370056152,13.410474462293907,-1.8325805666131068,-1.6558876037597656,74.20877073831744,0.16253852814844905,0.7569789889349643,69.70877073831744,-0.16447544068920728,13.297626495361328,0.1345195770263672,74.20208740234375,True,0,13.432146072387695,13.411368370056152,-1.307973861694336,-0.1924243018775112,-0.09605522630222803,-0.01661034497014517,"StraightLane index=('>>>', '1S0_0_', 0)",True,368.892822265625,0.0018477439880371094,0.00037384033203601154,"StraightLane index=('>>', '>>>', 0)",True,0.0,True,False,0.14374442398548126,-0.1126655712723732,0.0,-0.1126655712723732,True,0.0,0.0,0.0,0.1126655712723732,0.0,0.1126655712723732
72.979269,"[419.4249267578125, 4.498148441314697, 0.0]","[493.6310729980469, 4.5, 0.0]",13.210241318035534,13.390466690063477,13.382175951268408,-1.832580566570563,-1.6796033382415771,74.20935057228937,0.16447544068920728,0.09684562703791144,69.70935057228937,-0.18022537202794275,13.278579711914062,0.1345195770263672,74.20208740234375,True,0,13.41309928894043,13.390466690063477,-1.307973861694336,-0.1924243018775112,-0.09605522630222803,-0.01661034497014517,"StraightLane index=('>>>', '1S0_0_', 0)",True,369.15924072265625,0.0018496513366699219,0.00037384033203601154,"StraightLane index=('>>', '>>>', 0)",True,0.0,True,False,0.14374442398548126,-0.1126655712723732,0.0,-0.1126655712723732,True,0.0,0.0,0.0,0.1126655712723732,0.0,0.1126655712723732
73.001015,"[419.6898498535156, 4.4981465339660645, 0.0]","[493.90740966796875, 4.5, 0.0]",13.173589706701517,13.354771614074707,13.35144487669412,-1.8325805667008588,-1.6972507238388062,74.20614622657386,0.18022537202794275,0.787496566936774,69.70614622657386,-0.1811819073731904,13.243215560913086,0.1345195770263672,74.20208740234375,True,0,13.377735137939453,13.354771614074707,-1.4747142791748047,-0.22479687146087823,-0.10702863166830447,-0.005636939604068733,"StraightLane index=('>>>', '1S0_0_', 0)",True,369.4249267578125,0.0018515586853027344,0.00037384033203601154,"StraightLane index=('>>', '>>>', 0)",True,0.0,True,False,0.14374442398548126,-0.1126655712723732,0.0,-0.1126655712723732,True,0.0,0.0,0.0,0.1126655712723732,0.0,0.1126655712723732
73.02081,"[419.95404052734375, 4.498144626617432, 0.0]","[494.1731872558594, 4.5, 0.0]",13.136938095366206,13.332334518432617,13.322136004531755,-1.8325805667655182,-1.7168681621551514,74.21755980139987,0.1811819073731904,0.04782676726238222,69.71755980139987,-0.19539642306641092,13.207279205322266,0.18022537231445312,74.20614624023438,True,0,13.387504577636719,13.332334518432617,-1.4747142791748047,-0.22479687146087823,-0.10702863166830447,-0.005636939604068733,"StraightLane index=('>>>', '1S0_0_', 0)",True,369.6898498535156,0.0018534660339355469,0.00035858154298993396,"StraightLane index=('>>', '>>>', 0)",True,0.0,True,False,0.1196756362915039,-0.1126655712723732,0.0,-0.1126655712723732,True,0.0,0.0,0.0,0.1126655712723732,0.0,0.1126655712723732
73.040507,"[420.2174987792969, 4.498142719268799, 0.0]","[494.43896484375, 4.5, 0.0]",13.101511001855563,13.296042442321777,13.293001729462524,-1.7713546755321552,-1.7383452653884888,74.21914671514084,0.19539642306641092,0.710725784661026,69.71914671514084,-0.19453144046621418,13.153339385986328,0.18022537231445312,74.20614624023438,True,0,13.333564758300781,13.296042442321777,-1.4747142791748047,-0.22479687146087823,-0.10702863166830447,-0.0018654929588088759,"StraightLane index=('>>>', '1S0_0_', 0)",True,369.95404052734375,0.0018553733825683594,0.00036621093751297275,"StraightLane index=('>>', '>>>', 0)",True,0.0,True,False,0.1196756362915039,-0.10889412462711334,0.0,-0.10889412462711334,True,0.0,0.0,0.0,0.10889412462711334,0.0,0.10889412462711334
73.058691,"[420.480224609375, 4.498140811920166, 0.0]","[494.697998046875, 4.5, 0.0]",13.06608390834615,13.273841857910156,13.26606448774761,-1.7713546754706933,-1.7669310569763184,74.22146605168443,0.19453144046621418,-0.04324913000983699,69.72146605168443,-0.20775794956400695,13.132957458496094,0.18022537231445312,74.20614624023438,True,0,13.313182830810547,13.273841857910156,-1.4747142791748047,-0.22479687146087823,-0.10702863166830447,-0.0018654929588088759,"StraightLane index=('>>>', '1S0_0_', 0)",True,370.2174987792969,0.0018572807312011719,0.0003509521484668952,"StraightLane index=('>>', '>>>', 0)",True,0.0,True,False,0.1196756362915039,-0.10889412462711334,0.0,-0.10889412462711334,True,0.0,0.0,0.0,0.10889412462711334,0.0,0.10889412462711334
73.079901,"[420.74224853515625, 4.498138904571533, 0.0]","[494.96954345703125, 4.5, 0.0]",13.030656814837656,13.236909866333008,13.234719736462685,-1.7713546754246856,-1.7833665609359741,74.21777342441092,0.20775794956400695,0.6613254548896386,69.71777342441092,-0.20625305149535222,13.095946311950684,0.18022537231445312,74.20614624023438,True,0,13.276171684265137,13.236909866333008,-1.4747142791748047,-0.22479687146087823,-0.10702863166830447,-0.0018654929588088759,"StraightLane index=('>>>', '1S0_0_', 0)",True,370.480224609375,0.0018591880798339844,0.00035858154298993396,"StraightLane index=('>>', '>>>', 0)",True,0.0,True,False,0.1196756362915039,-0.10889412462711334,0.0,-0.10889412462711334,True,0.0,0.0,0.0,0.10889412462711334,0.0,0.10889412462711334
73.099352,"[421.0035705566406, 4.498137474060059, 0.0]","[495.23455810546875, 4.5, 0.0]",12.995229721326762,13.214037895202637,13.205891199761062,-1.7713546755446785,-1.7929980754852295,74.22729490939052,0.20625305149535222,-0.07524490343273627,69.72729490939052,-0.2188081738758747,13.059382438659668,0.18022537231445312,74.20614624023438,True,0,13.239607810974121,13.214037895202637,-1.4073371887207031,-0.251573985920015,-0.10934867290069644,0.0004545482735830997,"StraightLane index=('>>>', '1S0_0_', 0)",True,370.74224853515625,0.0018610954284667969,0.00034332275389296755,"StraightLane index=('>>', '>>>', 0)",True,0.0,True,False,0.1196756362915039,-0.10889412462711334,0.0,-0.10889412462711334,True,0.0,0.0,0.0,0.10889412462711334,0.0,0.10889412462711334
73.12005,"[421.2641906738281, 4.498136043548584, 0.0]","[495.4986877441406, 4.5, 0.0]",12.959802627817503,13.177001953125002,13.174258940146649,-1.771354675462966,-1.8010958433151245,74.23098753633501,0.2188081738758747,0.6277561190261238,69.73098753633501,-0.21719932530749908,13.022793769836426,0.2062530517578125,74.227294921875,True,0,13.229046821594238,13.177001953125002,-1.4073371887207031,-0.251573985920015,-0.10934867290069644,0.0004545482735830997,"StraightLane index=('>>>', '1S0_0_', 0)",True,371.0035705566406,0.0018625259399414062,0.00034332275389296755,"StraightLane index=('>>', '>>>', 0)",True,0.0,True,False,0.1196756362915039,-0.10889412462711334,0.0,-0.10889412462711334,True,0.0,0.0,0.0,0.10889412462711334,0.0,0.10889412462711334
73.140732,"[421.52410888671875, 4.498134613037109, 0.0]","[495.76171875, 4.5, 0.0]",12.919221878302988,13.153017044067383,13.14262015732133,-2.029037475725737,-1.7939600944519043,74.23449705719325,0.21719932530749908,-0.08044242841878102,69.73449705719325,-0.23379516576439485,12.969573020935059,0.2062530517578125,74.227294921875,True,0,13.175826072692871,13.153017044067383,-1.4073371887207031,-0.251573985920015,-0.10934867290069644,-0.015392486478785827,"StraightLane index=('>>>', '1S0_0_', 0)",True,371.2641906738281,0.0018639564514160156,0.00035858154298993396,"StraightLane index=('>>', '>>>', 0)",True,0.0,True,False,0.1196756362915039,-0.12474115937948227,0.0,-0.12474115937948227,True,0.0,0.0,0.0,0.12474115937948227,0.0,0.12474115937948227
73.158996,"[421.7832946777344, 4.498133182525635, 0.0]","[496.0154113769531, 4.5, 0.0]",12.878641128785986,13.116783142089844,13.114662461229715,-2.0290374758500818,-1.808000922203064,74.2376098504626,0.23379516576439485,0.8297920228447886,69.7376098504626,-0.23814201330385742,12.95016098022461,0.2062530517578125,74.227294921875,True,0,13.156414031982422,13.116783142089844,-1.4073371887207031,-0.251573985920015,-0.10934867290069644,-0.015392486478785827,"StraightLane index=('>>>', '1S0_0_', 0)",True,371.52410888671875,0.001865386962890625,0.0003509521484668952,"StraightLane index=('>>', '>>>', 0)",True,0.0,True,False,0.1196756362915039,-0.12474115937948227,0.0,-0.12474115937948227,True,0.0,0.0,0.0,0.12474115937948227,0.0,0.12474115937948227
73.180068,"[422.04168701171875, 4.49813175201416, 0.0]","[496.28619384765625, 4.5, 0.0]",12.838060379267604,13.091894149780273,13.08243809080258,-2.0290374759190932,-1.813961148262024,74.2321166873129,0.23814201330385742,0.21734237697312864,69.7321166873129,-0.253833770512669,12.913557052612305,0.2062530517578125,74.227294921875,True,0,13.119810104370117,13.091894149780273,-1.4073371887207031,-0.251573985920015,-0.10934867290069644,-0.015392486478785827,"StraightLane index=('>>>', '1S0_0_', 0)",True,371.7832946777344,0.0018668174743652344,0.00032806396484688996,"StraightLane index=('>>', '>>>', 0)",True,0.0,True,False,0.1196756362915039,-0.12474115937948227,0.0,-0.12474115937948227,True,0.0,0.0,0.0,0.12474115937948227,0.0,0.12474115937948227
73.199106,"[422.29925537109375, 4.4981303215026855, 0.0]","[496.54205322265625, 4.5, 0.0]",12.79747962975148,13.055407524108887,13.053299060292312,-2.0290374758062057,-1.8308035135269165,74.24450682340985,0.253833770512669,0.7845878604405776,69.74450682340985,-0.2579278943574064,12.857256889343262,0.2062530517578125,74.227294921875,True,0,13.063509941101074,13.055407524108887,-1.5863037109375,-0.281937217210826,-0.11428408587851183,-0.010457073500970443,"StraightLane index=('>>>', '1S0_0_', 0)",True,372.04168701171875,0.0018682479858398438,0.00034332275389296755,"StraightLane index=('>>', '>>>', 0)",True,0.0,True,False,0.1196756362915039,-0.12474115937948227,0.0,-0.12474115937948227,True,0.0,0.0,0.0,0.12474115937948227,0.0,0.12474115937948227
73.21927,"[422.5560302734375, 4.498128890991211, 0.0]","[496.80328369140625, 4.5, 0.0]",12.756898880236472,13.030577659606934,13.021288825666128,-2.029037475750428,-1.8612806797027588,74.24279783933385,0.2579278943574064,0.2047061922368698,69.74279783933385,-0.2736787793704618,12.8357515335083,0.2538337707519531,74.2445068359375,True,0,13.089585304260254,13.030577659606934,-1.5863037109375,-0.281937217210826,-0.11428408587851183,-0.010457073500970443,"StraightLane index=('>>>', '1S0_0_', 0)",True,372.29925537109375,0.0018696784973144531,0.00033569335936992875,"StraightLane index=('>>', '>>>', 0)",True,0.0,True,False,0.09601271152496338,-0.12474115937948227,0.0,-0.12474115937948227,True,0.0,0.0,0.0,0.12474115937948227,0.0,0.12474115937948227
73.23944,"[422.8119812011719, 4.498127460479736, 0.0]","[497.0625305175781, 4.5, 0.0]",12.718507766952156,12.992133140563965,12.989242789032579,-1.9195556642157996,-1.8900285959243774,74.24725340603807,0.2736787793704618,0.7875442506527719,69.74725340603807,-0.27362537361180905,12.795562744140625,0.2538337707519531,74.2445068359375,True,0,13.049396514892578,12.992133140563965,-1.5863037109375,-0.281937217210826,-0.11428408587851183,-0.0037249523910079796,"StraightLane index=('>>>', '1S0_0_', 0)",True,372.5560302734375,0.0018711090087890625,0.00032806396484688996,"StraightLane index=('>>', '>>>', 0)",True,0.0,True,False,0.09601271152496338,-0.1180090382695198,0.0,-0.1180090382695198,True,0.0,0.0,0.0,0.1180090382695198,0.0,0.1180090382695198
73.25969,"[423.0671081542969, 4.498126029968262, 0.0]","[497.3271789550781, 4.5, 0.0]",12.680116653668684,12.9663667678833,12.957014730857917,-1.9195556641736111,-1.9227765798568726,74.25054930446733,0.27362537361180905,-0.0026702879326379048,69.75054930446733,-0.2862501142146172,12.754354476928711,0.2538337707519531,74.2445068359375,True,0,13.008188247680664,12.9663667678833,-1.5863037109375,-0.281937217210826,-0.11428408587851183,-0.0037249523910079796,"StraightLane index=('>>>', '1S0_0_', 0)",True,372.8119812011719,0.0018725395202636719,0.00032806396484688996,"StraightLane index=('>>', '>>>', 0)",True,0.0,True,False,0.09601271152496338,-0.1180090382695198,0.0,-0.1180090382695198,True,0.0,0.0,0.0,0.1180090382695198,0.0,0.1180090382695198
73.281344,"[423.32147216796875, 4.498124599456787, 0.0]","[497.5831298828125, 4.5, 0.0]",12.641725540391448,12.928326606750488,12.922622323307149,-1.9195556638617717,-1.9471515417099,74.2600707879096,0.2862501142146172,0.631237030140408,69.7600707879096,-0.28660106635904015,12.713361740112305,0.2538337707519531,74.2445068359375,True,0,12.967195510864258,12.928326606750488,-1.5863037109375,-0.281937217210826,-0.11428408587851183,-0.0037249523910079796,"StraightLane index=('>>>', '1S0_0_', 0)",True,373.0671081542969,0.0018739700317382812,0.0003509521484668952,"StraightLane index=('>>', '>>>', 0)",True,0.0,True,False,0.09601271152496338,-0.1180090382695198,0.0,-0.1180090382695198,True,0.0,0.0,0.0,0.1180090382695198,0.0,0.1180090382695198
73.299011,"[423.5750732421875, 4.4981231689453125, 0.0]","[497.8398742675781, 4.5, 0.0]",12.603334427112541,12.90352725982666,12.894577259358481,-1.9195556639453493,-1.9609414339065552,74.26165770196332,0.28660106635904015,0.017547607221146677,69.76165770196332,-0.300192832714119,12.673072814941406,0.2538337707519531,74.2445068359375,True,0,12.92690658569336,12.90352725982666,-1.5188026428222656,-0.3069015879885227,-0.11177624672434533,-0.006232791545174476,"StraightLane index=('>>>', '1S0_0_', 0)",True,373.32147216796875,0.0018754005432128906,0.0003509521484668952,"StraightLane index=('>>', '>>>', 0)",True,0.0,True,False,0.09601271152496338,-0.1180090382695198,0.0,-0.1180090382695198,True,0.0,0.0,0.0,0.1180090382695198,0.0,0.1180090382695198
73.319751,"[423.8279113769531, 4.498121738433838, 0.0]","[498.09783935546875, 4.5, 0.0]",12.564943313829824,12.864572525024414,12.861003618141169,-1.9195556641358635,-1.970261573791504,74.26480101281118,0.300192832714119,0.679588317753943,69.76480101281118,-0.2996292111945902,12.633000373840332,0.28660106658935547,74.26165771484375,True,0,12.919601440429688,12.864572525024414,-1.5188026428222656,-0.3069015879885227,-0.11177624672434533,-0.006232791545174476,"StraightLane index=('>>>', '1S0_0_', 0)",True,373.5750732421875,0.0018768310546875,0.00034332275389296755,"StraightLane index=('>>', '>>>', 0)",True,0.0,True,False,0.09601271152496338,-0.1180090382695198,0.0,-0.1180090382695198,True,0.0,0.0,0.0,0.1180090382695198,0.0,0.1180090382695198
73.339705,"[424.0799865722656, 4.498120307922363, 0.0]","[498.36114501953125, 4.5, 0.0]",12.523370743028195,12.837949752807617,12.828616988021881,-2.0786285400814286,-1.9758416414260864,74.26992796592752,0.2996292111945902,-0.02818107597644115,69.76992796592752,-0.3145790097794219,12.593153953552246,0.28660106658935547,74.26165771484375,True,0,12.879755020141602,12.837949752807617,-1.5188026428222656,-0.3069015879885227,-0.11177624672434533,-0.01600848227956092,"StraightLane index=('>>>', '1S0_0_', 0)",True,373.8279113769531,0.0018782615661621094,0.00034332275389296755,"StraightLane index=('>>', '>>>', 0)",True,0.0,True,False,0.09601271152496338,-0.12778472900390625,0.0,-0.12778472900390625,True,0.0,0.0,0.0,0.12778472900390625,0.0,0.12778472900390625
73.358505,"[424.331298828125, 4.498118877410889, 0.0]","[498.6091613769531, 4.5, 0.0]",12.481798172227,12.803252220153809,12.798148224027598,-2.078628540059757,-1.9784270524978638,74.28115843466875,0.3145790097794219,0.7474899292415849,69.78115843466875,-0.32145404792680843,12.5535249710083,0.28660106658935547,74.26165771484375,True,0,12.840126037597656,12.803252220153809,-1.5188026428222656,-0.3069015879885227,-0.11177624672434533,-0.01600848227956092,"StraightLane index=('>>>', '1S0_0_', 0)",True,374.0799865722656,0.0018796920776367188,0.00034332275389296755,"StraightLane index=('>>', '>>>', 0)",True,0.0,True,False,0.09601271152496338,-0.12778472900390625,0.0,-0.12778472900390625,True,0.0,0.0,0.0,0.12778472900390625,0.0,0.12778472900390625
73.38166,"[424.5817565917969, 4.498117446899414, 0.0]","[498.8680114746094, 4.5, 0.0]",12.44022560142597,12.770523071289064,12.76065437055403,-2.078628540051497,-1.983337163925171,74.27786253653183,0.32145404792680843,0.34375190736932737,69.77786253653183,-0.33029746986309405,12.5136137008667,0.28660106658935547,74.26165771484375,True,0,12.800214767456055,12.770523071289064,-1.5188026428222656,-0.3069015879885227,-0.11177624672434533,-0.01600848227956092,"StraightLane index=('>>>', '1S0_0_', 0)",True,374.331298828125,0.0018811225891113281,0.00033569335936992875,"StraightLane index=('>>', '>>>', 0)",True,0.0,True,False,0.09601271152496338,-0.12778472900390625,0.0,-0.12778472900390625,True,0.0,0.0,0.0,0.12778472900390625,0.0,0.12778472900390625
73.404723,"[424.8313903808594, 4.4981160163879395, 0.0]","[499.13287353515625, 4.5, 0.0]",12.398653030627486,12.737032890319824,12.723276264210472,-2.078628539924221,-1.9934825897216797,74.28625487019839,0.33029746986309405,0.44217109681428113,69.78625487019839,-0.3383798596923384,12.47302532196045,0.28660106658935547,74.26165771484375,True,0,12.759626388549805,12.737032890319824,-1.6649436950683594,-0.334484458517063,-0.11453754971704302,-0.013247179286863225,"StraightLane index=('>>>', '1S0_0_', 0)",True,374.5817565917969,0.0018825531005859375,0.00034332275389296755,"StraightLane index=('>>', '>>>', 0)",True,0.0,True,False,0.09601271152496338,-0.12778472900390625,0.0,-0.12778472900390625,True,0.0,0.0,0.0,0.12778472900390625,0.0,0.12778472900390625
73.420649,"[425.0802001953125, 4.498114585876465, 0.0]","[499.3860168457031, 4.5, 0.0]",12.357080459827726,12.704452514648438,12.69707199981949,-2.0786285399879922,-1.9951179027557373,74.30148314073753,0.3383798596923384,0.40411949146221815,69.80148314073753,-0.34737205482071154,12.413042068481445,0.33029747009277344,74.2862548828125,True,0,12.743339538574219,12.704452514648438,-1.6649436950683594,-0.334484458517063,-0.11453754971704302,-0.013247179286863225,"StraightLane index=('>>>', '1S0_0_', 0)",True,374.8313903808594,0.0018839836120605469,0.00036621093751297275,"StraightLane index=('>>', '>>>', 0)",True,0.0,True,False,0.0728735476732254,-0.12778472900390625,0.0,-0.12778472900390625,True,0.0,0.0,0.0,0.12778472900390625,0.0,0.12778472900390625
73.439661,"[425.32818603515625, 4.49811315536499, 0.0]","[499.6365051269531, 4.5, 0.0]",12.316904068226618,12.671972274780273,12.66588362946455,-2.0088195800553876,-2.016758441925049,74.30581663744802,0.34737205482071154,0.4496097564186563,69.80581663744802,-0.35506820655365523,12.390820503234863,0.33029747009277344,74.2862548828125,True,0,12.721117973327637,12.671972274780273,-1.6649436950683594,-0.334484458517063,-0.11453754971704302,-0.008959936397458929,"StraightLane index=('>>>', '1S0_0_', 0)",True,375.0802001953125,0.0018854141235351562,0.0003509521484668952,"StraightLane index=('>>', '>>>', 0)",True,0.0,True,False,0.0728735476732254,-0.12349748611450195,0.0,-0.12349748611450195,True,0.0,0.0,0.0,0.12349748611450195,0.0,0.12349748611450195
73.458736,"[425.5753173828125, 4.498111724853516, 0.0]","[499.8819580078125, 4.5, 0.0]",12.276727676628195,12.640147209167482,12.634598348213364,-2.008819579921184,-2.024620294570923,74.30831907853295,0.35506820655365523,0.3848075866471845,69.80831907853295,-0.3634195325392877,12.349813461303711,0.33029747009277344,74.2862548828125,True,0,12.680110931396484,12.640147209167482,-1.6649436950683594,-0.334484458517063,-0.11453754971704302,-0.008959936397458929,"StraightLane index=('>>>', '1S0_0_', 0)",True,375.32818603515625,0.0018868446350097656,0.00035858154298993396,"StraightLane index=('>>', '>>>', 0)",True,0.0,True,False,0.0728735476732254,-0.12349748611450195,0.0,-0.12349748611450195,True,0.0,0.0,0.0,0.12349748611450195,0.0,0.12349748611450195
73.483572,"[425.8216552734375, 4.498110294342041, 0.0]","[500.13763427734375, 4.5, 0.0]",12.236551285028266,12.606999397277832,12.594184762991967,-2.0088195799964126,-2.034348249435425,74.30664061172715,0.3634195325392877,0.41756629928162425,69.80664061172715,-0.37044811224956575,12.308441162109375,0.33029747009277344,74.2862548828125,True,0,12.638738632202148,12.606999397277832,-1.6649436950683594,-0.334484458517063,-0.11453754971704302,-0.008959936397458929,"StraightLane index=('>>>', '1S0_0_', 0)",True,375.5753173828125,0.001888275146484375,0.00035858154298993396,"StraightLane index=('>>', '>>>', 0)",True,0.0,True,False,0.0728735476732254,-0.12349748611450195,0.0,-0.12349748611450195,True,0.0,0.0,0.0,0.12349748611450195,0.0,0.12349748611450195
73.499566,"[426.06719970703125, 4.498108863830566, 0.0]","[500.3870544433594, 4.5, 0.0]",12.19637489342793,12.574659347534181,12.567649128397926,-2.0088195800168407,-2.0402004718780518,74.31597899062426,0.37044811224956575,0.3514289855139019,69.81597899062426,-0.378284454106252,12.267276763916016,0.33029747009277344,74.2862548828125,True,0,12.597574234008789,12.574659347534181,-1.6237354278564275,-0.35786675264033163,-0.11198185747126782,-0.011515628643234133,"StraightLane index=('>>>', '1S0_0_', 0)",True,375.8216552734375,0.0018897056579589844,0.00035858154298993396,"StraightLane index=('>>', '>>>', 0)",True,0.0,True,False,0.0728735476732254,-0.12349748611450195,0.0,-0.12349748611450195,True,0.0,0.0,0.0,0.12349748611450195,0.0,0.12349748611450195
73.51919,"[426.3119201660156, 4.498107433319092, 0.0]","[500.6398010253906, 4.5, 0.0]",12.156198501829959,12.541199684143066,12.534879714333975,-2.0088195798985353,-2.043670892715454,74.31985472303711,0.378284454106252,0.3918170928343123,69.81985472303711,-0.38500118231310765,12.226283073425293,0.37044811248779297,74.31597900390625,True,0,12.596731185913086,12.541199684143066,-1.6237354278564275,-0.35786675264033163,-0.11198185747126782,-0.011515628643234133,"StraightLane index=('>>>', '1S0_0_', 0)",True,376.06719970703125,0.0018911361694335938,0.00035858154298993396,"StraightLane index=('>>', '>>>', 0)",True,0.0,True,False,0.0728735476732254,-0.12349748611450195,0.0,-0.12349748611450195,True,0.0,0.0,0.0,0.12349748611450195,0.0,0.12349748611450195
73.539171,"[426.55584716796875, 4.498106002807617, 0.0]","[500.8880310058594, 4.5, 0.0]",12.116704941044002,12.507990837097168,12.501507680162783,-1.974678039297828,-2.0445139408111572,74.32788084607488,0.38500118231310765,0.33583641034278244,69.82788084607488,-0.39128589605316577,12.185484886169434,0.37044811248779297,74.31597900390625,True,0,12.555932998657227,12.507990837097168,-1.6237354278564275,-0.35786675264033163,-0.11198185747126782,-0.009413365371425508,"StraightLane index=('>>>', '1S0_0_', 0)",True,376.3119201660156,0.0018925666809082031,0.00035858154298993396,"StraightLane index=('>>', '>>>', 0)",True,0.0,True,False,0.0728735476732254,-0.12139522284269333,0.0,-0.12139522284269333,True,0.0,0.0,0.0,0.12139522284269333,0.0,0.12139522284269333
73.558539,"[426.7989807128906, 4.498104572296143, 0.0]","[501.13720703125, 4.5, 0.0]",12.077211380253233,12.474656105041504,12.469165633527615,-1.9746780395384356,-2.026360511779785,74.33218382458146,0.39128589605316577,0.31423568700290616,69.83218382458146,-0.3974447247882704,12.126251220703125,0.37044811248779297,74.31597900390625,True,0,12.496699333190918,12.474656105041504,-1.6237354278564275,-0.35786675264033163,-0.11198185747126782,-0.009413365371425508,"StraightLane index=('>>>', '1S0_0_', 0)",True,376.55584716796875,0.0018939971923828125,0.00035858154298993396,"StraightLane index=('>>', '>>>', 0)",True,0.0,True,False,0.0728735476732254,-0.12139522284269333,0.0,-0.12139522284269333,True,0.0,0.0,0.0,0.12139522284269333,0.0,0.12139522284269333
73.579152,"[427.04132080078125, 4.498103141784668, 0.0]","[501.3876037597656, 4.5, 0.0]",12.03771781945925,12.441160202026369,12.434747825291291,-1.9746780396991959,-2.042264223098755,74.33822630504113,0.3974447247882704,0.30794143675523244,69.83822630504113,-0.4034423825671194,12.10431957244873,0.37044811248779297,74.31597900390625,True,0,12.474767684936523,12.441160202026369,-1.6237354278564275,-0.35786675264033163,-0.11198185747126782,-0.009413365371425508,"StraightLane index=('>>>', '1S0_0_', 0)",True,376.7989807128906,0.0018954277038574219,0.00035858154298993396,"StraightLane index=('>>', '>>>', 0)",True,0.0,True,False,0.0728735476732254,-0.12139522284269333,0.0,-0.12139522284269333,True,0.0,0.0,0.0,0.12139522284269333,0.0,0.12139522284269333
73.599884,"[427.2828674316406, 4.498101711273193, 0.0]","[501.6371765136719, 4.5, 0.0]",11.99822425866624,12.407772064208984,12.400134849191401,-1.9746780396504349,-2.035496711730957,74.34628294565702,0.4034423825671194,0.29988288894244874,69.84628294565702,-0.4095478055427435,12.0643892288208,0.37044811248779297,74.31597900390625,True,0,12.434837341308594,12.407772064208984,-1.6688728332519709,-0.38049062654011745,-0.11428455293733414,-0.00711066990535919,"StraightLane index=('>>>', '1S0_0_', 0)",True,377.04132080078125,0.0018968582153320312,0.00035858154298993396,"StraightLane index=('>>', '>>>', 0)",True,0.0,True,False,0.0728735476732254,-0.12139522284269333,0.0,-0.12139522284269333,True,0.0,0.0,0.0,0.12139522284269333,0.0,0.12139522284269333
73.619553,"[427.52362060546875, 4.498100280761719, 0.0]","[501.8858642578125, 4.5, 0.0]",11.958730697873706,12.374202728271484,12.367285525014909,-1.9746780396267205,-2.0256857872009277,74.35430906869479,0.4095478055427435,0.3052711487812054,69.85430906869479,-0.4154720303977779,12.024930953979492,0.3974447250366211,74.33822631835938,True,0,12.422375679016113,12.374202728271484,-1.6688728332519709,-0.38049062654011745,-0.11428455293733414,-0.00711066990535919,"StraightLane index=('>>>', '1S0_0_', 0)",True,377.2828674316406,0.0018982887268066406,0.00035858154298993396,"StraightLane index=('>>', '>>>', 0)",True,0.0,True,False,0.05036986991763115,-0.12139522284269333,0.0,-0.12139522284269333,True,0.0,0.0,0.0,0.12139522284269333,0.0,0.12139522284269333
73.640751,"[427.7635803222656, 4.498098850250244, 0.0]","[502.13372802734375, 4.5, 0.0]",11.91701698327282,12.340595245361328,12.331909388924421,-2.085685730044329,-2.018921136856079,74.36224363899818,0.4154720303977779,0.2962112427517205,69.86224363899818,-0.42357826208850824,11.985358238220215,0.3974447250366211,74.33822631835938,True,0,12.382802963256836,12.340595245361328,-1.6688728332519709,-0.38049062654011745,-0.11428455293733414,-0.01393973051946823,"StraightLane index=('>>>', '1S0_0_', 0)",True,377.52362060546875,0.00189971923828125,0.00035858154298993396,"StraightLane index=('>>', '>>>', 0)",True,0.0,True,False,0.05036986991763115,-0.12822428345680237,0.0,-0.12822428345680237,True,0.0,0.0,0.0,0.12822428345680237,0.0,0.12822428345680237
73.658685,"[428.00274658203125, 4.4980974197387695, 0.0]","[502.37744140625, 4.5, 0.0]",11.875303268669066,12.307550430297852,12.301912718694831,-2.0856857301876808,-2.014005184173584,74.37014769172345,0.42357826208850824,0.4053115845365163,69.87014769172345,-0.4322471616287853,11.94569206237793,0.3974447250366211,74.33822631835938,True,0,12.34313678741455,12.307550430297852,-1.6688728332519709,-0.38049062654011745,-0.11428455293733414,-0.01393973051946823,"StraightLane index=('>>>', '1S0_0_', 0)",True,377.7635803222656,0.0019011497497558594,0.00035858154298993396,"StraightLane index=('>>', '>>>', 0)",True,0.0,True,False,0.05036986991763115,-0.12822428345680237,0.0,-0.12822428345680237,True,0.0,0.0,0.0,0.12822428345680237,0.0,0.12822428345680237
73.679178,"[428.2410888671875, 4.498095989227295, 0.0]","[502.624267578125, 4.5, 0.0]",11.833589554066421,12.27408504486084,12.26770967414242,-2.0856857301322584,-2.0114245414733887,74.37469481148305,0.4322471616287853,0.43344497701385265,69.87469481148305,-0.44049549079441874,11.905892372131348,0.3974447250366211,74.33822631835938,True,0,12.303337097167969,12.27408504486084,-1.6688728332519709,-0.38049062654011745,-0.11428455293733414,-0.01393973051946823,"StraightLane index=('>>>', '1S0_0_', 0)",True,378.00274658203125,0.0019025802612304688,0.00034332275389296755,"StraightLane index=('>>', '>>>', 0)",True,0.0,True,False,0.05036986991763115,-0.12822428345680237,0.0,-0.12822428345680237,True,0.0,0.0,0.0,0.12822428345680237,0.0,0.12822428345680237
73.699019,"[428.4786071777344, 4.49809455871582, 0.0]","[502.8701477050781, 4.5, 0.0]",11.791875839461511,12.240745544433596,12.234563123377336,-2.085685730245501,-2.014543056488037,74.38317869819308,0.44049549079441874,0.4124164582816725,69.88317869819308,-0.44886970497208445,11.86551570892334,0.3974447250366211,74.33822631835938,True,0,12.262960433959961,12.240745544433596,-1.6702651977538885,-0.4009008458074918,-0.10913553757563688,-0.019088745881165492,"StraightLane index=('>>>', '1S0_0_', 0)",True,378.2410888671875,0.0019040107727050781,0.00034332275389296755,"StraightLane index=('>>', '>>>', 0)",True,0.0,True,False,0.05036986991763115,-0.12822428345680237,0.0,-0.12822428345680237,True,0.0,0.0,0.0,0.12822428345680237,0.0,0.12822428345680237
73.719956,"[428.71527099609375, 4.498093128204346, 0.0]","[503.1215515136719, 4.5, 0.0]",11.750162124858202,12.206483840942385,12.199804712772023,-2.0856857301654763,-2.0071120262145996,74.3915405145906,0.44886970497208445,0.4187107088832853,69.8915405145906,-0.45632171608418304,11.805946350097656,0.44049549102783203,74.3831787109375,True,0,12.246441841125488,12.206483840942385,-1.6702651977538885,-0.4009008458074918,-0.10913553757563688,-0.019088745881165492,"StraightLane index=('>>>', '1S0_0_', 0)",True,378.4786071777344,0.0019054412841796875,0.00034332275389296755,"StraightLane index=('>>', '>>>', 0)",True,0.0,True,False,0.05036986991763115,-0.12822428345680237,0.0,-0.12822428345680237,True,0.0,0.0,0.0,0.12822428345680237,0.0,0.12822428345680237
73.740067,"[428.95111083984375, 4.498091697692871, 0.0]","[503.3584289550781, 4.5, 0.0]",11.712034225688186,12.17411994934082,12.16641574996582,-1.906394958500801,-2.030805826187134,74.40628050418694,0.45632171608418304,0.37260055560492944,69.90628050418694,-0.4620857236526348,11.783390045166016,0.44049549102783203,74.3831787109375,True,0,12.223885536193848,12.17411994934082,-1.6702651977538885,-0.4009008458074918,-0.10913553757563688,-0.008070514370049464,"StraightLane index=('>>>', '1S0_0_', 0)",True,378.71527099609375,0.0019068717956542969,0.00035858154298993396,"StraightLane index=('>>', '>>>', 0)",True,0.0,True,False,0.05036986991763115,-0.11720605194568634,0.0,-0.11720605194568634,True,0.0,0.0,0.0,0.11720605194568634,0.0,0.11720605194568634
73.761419,"[429.1861267089844, 4.4980902671813965, 0.0]","[503.603271484375, 4.5, 0.0]",11.673906326517697,12.140666961669924,12.130960824225912,-1.9063949585244266,-2.0411689281463623,74.40731810246379,0.4620857236526348,0.2882003784225873,69.90731810246379,-0.46676063515222666,11.74182415008545,0.44049549102783203,74.3831787109375,True,0,12.182319641113281,12.140666961669924,-1.6702651977538885,-0.4009008458074918,-0.10913553757563688,-0.008070514370049464,"StraightLane index=('>>>', '1S0_0_', 0)",True,378.95111083984375,0.0019083023071289062,0.00034332275389296755,"StraightLane index=('>>', '>>>', 0)",True,0.0,True,False,0.05036986991763115,-0.11720605194568634,0.0,-0.11720605194568634,True,0.0,0.0,0.0,0.11720605194568634,0.0,0.11720605194568634
73.780088,"[429.4203796386719, 4.498088836669922, 0.0]","[503.8498840332031, 4.5, 0.0]",11.635778427346917,12.110304832458496,12.100012051496304,-1.9063949585389928,-2.1003520488739014,74.41714476229697,0.46676063515222666,0.23374557497959358,69.91714476229697,-0.47452640511157895,11.694282531738281,0.44049549102783203,74.3831787109375,True,0,12.134778022766113,12.110304832458496,-1.6702651977538885,-0.4009008458074918,-0.10913553757563688,-0.008070514370049464,"StraightLane index=('>>>', '1S0_0_', 0)",True,379.1861267089844,0.0019097328186035156,0.0003509521484668952,"StraightLane index=('>>', '>>>', 0)",True,0.0,True,False,0.05036986991763115,-0.11720605194568634,0.0,-0.11720605194568634,True,0.0,0.0,0.0,0.11720605194568634,0.0,0.11720605194568634
73.799432,"[429.65386962890625, 4.498087406158447, 0.0]","[504.09259033203125, 4.5, 0.0]",11.597650528176061,12.070478439331056,12.067869921333617,-1.906394958542812,-2.0744338035583496,74.4295043814286,0.47452640511157895,0.3882884979676149,69.9295043814286,-0.47282791115499556,11.6552734375,0.44049549102783203,74.3831787109375,True,0,12.095768928527832,12.070478439331056,-1.7026710510253906,-0.4204042480126313,-0.1130661057618842,-0.004139946183802146,"StraightLane index=('>>>', '1S0_0_', 0)",True,379.4203796386719,0.001911163330078125,0.0003509521484668952,"StraightLane index=('>>', '>>>', 0)",True,0.0,True,False,0.05036986991763115,-0.11720605194568634,0.0,-0.11720605194568634,True,0.0,0.0,0.0,0.11720605194568634,0.0,0.11720605194568634
73.819352,"[429.8865966796875, 4.498085975646973, 0.0]","[504.3280029296875, 4.5, 0.0]",11.559522629005304,12.044815063476562,12.034996890422653,-1.9063949585378381,-2.0447750091552734,74.43872069001341,0.47282791115499556,-0.08492469782916956,69.93872069001341,-0.48529243447125836,11.617223739624023,0.47452640533447266,74.42950439453125,True,0,12.091750144958496,12.044815063476562,-1.7026710510253906,-0.4204042480126313,-0.1130661057618842,-0.004139946183802146,"StraightLane index=('>>>', '1S0_0_', 0)",True,379.65386962890625,0.0019125938415527344,0.0003509521484668952,"StraightLane index=('>>', '>>>', 0)",True,0.0,True,False,0.02862556464970112,-0.11720605194568634,0.0,-0.11720605194568634,True,0.0,0.0,0.0,0.11720605194568634,0.0,0.11720605194568634
73.83982,"[430.1185607910156, 4.498084545135498, 0.0]","[504.5741271972656, 4.5, 0.0]",11.522367477634686,12.004258155822754,12.001228604204256,-1.8577575685308823,-2.0181498527526855,74.44140623687962,0.48529243447125836,0.6232261658131399,69.94140623687962,-0.4818906781880674,11.579434394836426,0.47452640533447266,74.42950439453125,True,0,12.053960800170898,12.004258155822754,-1.7026710510253906,-0.4204042480126313,-0.1130661057618842,-0.0011407000633492648,"StraightLane index=('>>>', '1S0_0_', 0)",True,379.8865966796875,0.0019140243530273438,0.0003509521484668952,"StraightLane index=('>>', '>>>', 0)",True,0.0,True,False,0.02862556464970112,-0.11420680582523346,0.0,-0.11420680582523346,True,0.0,0.0,0.0,0.11420680582523346,0.0,0.11420680582523346
73.859679,"[430.3497619628906, 4.498083114624023, 0.0]","[504.8123474121094, 4.5, 0.0]",11.485212326265172,11.978130340576172,11.96844796513225,-1.8577575684757264,-1.9678056240081787,74.45556639343569,0.4818906781880674,-0.17008781415954743,69.95556639343569,-0.4929180143109999,11.52469539642334,0.47452640533447266,74.42950439453125,True,0,11.999221801757812,11.978130340576172,-1.7026710510253906,-0.4204042480126313,-0.1130661057618842,-0.0011407000633492648,"StraightLane index=('>>>', '1S0_0_', 0)",True,380.1185607910156,0.0019154548645019531,0.00034332275389296755,"StraightLane index=('>>', '>>>', 0)",True,0.0,True,False,0.02862556464970112,-0.11420680582523346,0.0,-0.11420680582523346,True,0.0,0.0,0.0,0.11420680582523346,0.0,0.11420680582523346
73.879952,"[430.5802001953125, 4.498081684112549, 0.0]","[505.0531311035156, 4.5, 0.0]",11.448057174896286,11.938311576843262,11.935022793119895,-1.8577575684442849,-1.94264554977417,74.46258543702244,0.4929180143109999,0.5513668061466248,69.96258543702244,-0.49025440194697545,11.487936973571777,0.47452640533447266,74.42950439453125,True,0,11.96246337890625,11.938311576843262,-1.7026710510253906,-0.4204042480126313,-0.1130661057618842,-0.0011407000633492648,"StraightLane index=('>>>', '1S0_0_', 0)",True,380.3497619628906,0.0019168853759765625,0.00032806396484688996,"StraightLane index=('>>', '>>>', 0)",True,0.0,True,False,0.02862556464970112,-0.11420680582523346,0.0,-0.11420680582523346,True,0.0,0.0,0.0,0.11420680582523346,0.0,0.11420680582523346
73.898858,"[430.8099060058594, 4.498080253601074, 0.0]","[505.28594970703125, 4.5, 0.0]",11.410902023527681,11.912923812866211,11.903805281493007,-1.8577575684302516,-1.9456762075424194,74.47293089568556,0.49025440194697545,-0.13318061820122296,69.97293089568556,-0.5020217893385297,11.468193054199219,0.47452640533447266,74.42950439453125,True,0,11.942719459533691,11.912923812866211,-1.5755462646484553,-0.4335079424740641,-0.1071937794040198,-0.007013026421213653,"StraightLane index=('>>>', '1S0_0_', 0)",True,380.5802001953125,0.0019183158874511719,0.00033569335936992875,"StraightLane index=('>>', '>>>', 0)",True,0.0,True,False,0.02862556464970112,-0.11420680582523346,0.0,-0.11420680582523346,True,0.0,0.0,0.0,0.11420680582523346,0.0,0.11420680582523346
73.919735,"[431.03887939453125, 4.4980788230896, 0.0]","[505.530029296875, 4.5, 0.0]",11.373746872153992,11.872897148132324,11.870175680642955,-1.8577575686844483,-1.923633337020874,74.47604368833149,0.5020217893385297,0.5883693695777126,69.97604368833149,-0.49915027597833195,11.431888580322266,0.49025440216064453,74.47293090820312,True,0,11.92214298248291,11.872897148132324,-1.5755462646484553,-0.4335079424740641,-0.1071937794040198,-0.007013026421213653,"StraightLane index=('>>>', '1S0_0_', 0)",True,380.8099060058594,0.0019197463989257812,0.00034332275389296755,"StraightLane index=('>>', '>>>', 0)",True,0.0,True,False,0.02862556464970112,-0.11420680582523346,0.0,-0.11420680582523346,True,0.0,0.0,0.0,0.11420680582523346,0.0,0.11420680582523346
73.939648,"[431.26708984375, 4.498077392578125, 0.0]","[505.7668151855469, 4.5, 0.0]",11.334527969564473,11.847318649291992,11.838095002576248,-1.9609451294759772,-1.8794533014297485,74.49114988949451,0.49915027597833195,-0.14357566800988764,69.99114988949451,-0.5127906797275195,11.379253387451172,0.49025440216064453,74.47293090820312,True,0,11.869507789611816,11.847318649291992,-1.5755462646484553,-0.4335079424740641,-0.1071937794040198,-0.01335972154631665,"StraightLane index=('>>>', '1S0_0_', 0)",True,381.03887939453125,0.0019211769104003906,0.00034332275389296755,"StraightLane index=('>>', '>>>', 0)",True,0.0,True,False,0.02862556464970112,-0.12055350095033646,0.0,-0.12055350095033646,True,0.0,0.0,0.0,0.12055350095033646,0.0,0.12055350095033646
73.962298,"[431.49456787109375, 4.49807596206665, 0.0]","[506.0090026855469, 4.5, 0.0]",11.295309066969851,11.807666778564453,11.801718118362423,-1.960945129731062,-1.886510968208313,74.4997253295672,0.5127906797275195,0.6820201874593756,69.9997253295672,-0.5123577115946016,11.359718322753906,0.49025440216064453,74.47293090820312,True,0,11.84997272491455,11.807666778564453,-1.5755462646484553,-0.4335079424740641,-0.1071937794040198,-0.01335972154631665,"StraightLane index=('>>>', '1S0_0_', 0)",True,381.26708984375,0.001922607421875,0.00032806396484688996,"StraightLane index=('>>', '>>>', 0)",True,0.0,True,False,0.02862556464970112,-0.12055350095033646,0.0,-0.12055350095033646,True,0.0,0.0,0.0,0.12055350095033646,0.0,0.12055350095033646
73.980234,"[431.72125244140625, 4.498074531555176, 0.0]","[506.2328186035156, 4.5, 0.0]",11.256090164374877,11.783851623535156,11.772764515938995,-1.9609451297487368,-1.8780471086502075,74.51443480283838,0.5123577115946016,-0.021648406645891072,70.01443480283838,-0.5277614591602795,11.323129653930664,0.49025440216064453,74.47293090820312,True,0,11.813384056091309,11.783851623535156,-1.5755462646484553,-0.4335079424740641,-0.1071937794040198,-0.01335972154631665,"StraightLane index=('>>>', '1S0_0_', 0)",True,381.49456787109375,0.0019240379333496094,0.00031280517580081237,"StraightLane index=('>>', '>>>', 0)",True,0.0,True,False,0.02862556464970112,-0.12055350095033646,0.0,-0.12055350095033646,True,0.0,0.0,0.0,0.12055350095033646,0.0,0.12055350095033646
73.999041,"[431.9471435546875, 4.498073101043701, 0.0]","[506.46917724609375, 4.5, 0.0]",11.216871261779556,11.744991302490234,11.742540689517279,-1.9609451297660563,-1.8804996013641357,74.51156615017565,0.5277614591602795,0.770187378283893,70.01156615017565,-0.5281200407106788,11.285480499267578,0.49025440216064453,74.47293090820312,True,0,11.775734901428223,11.744991302490234,-1.6793251037597656,-0.4489335268582495,-0.10565550039630828,-0.014898000554028179,"StraightLane index=('>>>', '1S0_0_', 0)",True,381.72125244140625,0.0019254684448242188,0.00032043457032385116,"StraightLane index=('>>', '>>>', 0)",True,0.0,True,False,0.02862556464970112,-0.12055350095033646,0.0,-0.12055350095033646,True,0.0,0.0,0.0,0.12055350095033646,0.0,0.12055350095033646
74.019401,"[432.1722717285156, 4.498071670532227, 0.0]","[506.7044372558594, 4.5, 0.0]",11.17765235918893,11.720004081726074,11.710665717348688,-1.9609451295313107,-1.873091220855713,74.52203367977579,0.5281200407106788,0.017929077519962533,70.02203367977579,-0.5423517225371448,11.22992992401123,0.5277614593505859,74.51156616210938,True,0,11.757691383361816,11.720004081726074,-1.6793251037597656,-0.4489335268582495,-0.10565550039630828,-0.014898000554028179,"StraightLane index=('>>>', '1S0_0_', 0)",True,381.9471435546875,0.0019268989562988281,0.00031280517580081237,"StraightLane index=('>>', '>>>', 0)",True,0.0,True,False,0.007745318114757538,-0.12055350095033646,0.0,-0.12055350095033646,True,0.0,0.0,0.0,0.12055350095033646,0.0,0.12055350095033646
74.039323,"[432.3966064453125, 4.498070240020752, 0.0]","[506.9368591308594, 4.5, 0.0]",11.143663406549662,11.68224811553955,11.679584916937394,-1.699447631963391,-1.8950995206832886,74.53216551570533,0.5423517225371448,0.7115840913233029,70.03216551570533,-0.5385847089898892,11.208890914916992,0.5277614593505859,74.51156616210938,True,0,11.736652374267578,11.68224811553955,-1.6793251037597656,-0.4489335268582495,-0.10565550039630828,0.0011803151212304575,"StraightLane index=('>>>', '1S0_0_', 0)",True,382.1722717285156,0.0019283294677734375,0.00031280517580081237,"StraightLane index=('>>', '>>>', 0)",True,0.0,True,False,0.007745318114757538,-0.10447518527507782,0.0,-0.10447518527507782,True,0.0,0.0,0.0,0.10447518527507782,0.0,0.10447518527507782
74.059255,"[432.6201477050781, 4.498068809509277, 0.0]","[507.176025390625, 4.5, 0.0]",11.109674453913561,11.656925201416016,11.64848620930593,-1.699447631805029,-1.891912579536438,74.54025267358871,0.5385847089898892,-0.18835067736278077,70.04025267358871,-0.5472507475024546,11.152405738830566,0.5277614593505859,74.51156616210938,True,0,11.680167198181152,11.656925201416016,-1.6793251037597656,-0.4489335268582495,-0.10565550039630828,0.0011803151212304575,"StraightLane index=('>>>', '1S0_0_', 0)",True,382.3966064453125,0.0019297599792480469,0.00032043457032385116,"StraightLane index=('>>', '>>>', 0)",True,0.0,True,False,0.007745318114757538,-0.10447518527507782,0.0,-0.10447518527507782,True,0.0,0.0,0.0,0.10447518527507782,0.0,0.10447518527507782
74.080726,"[432.843017578125, 4.498067378997803, 0.0]","[507.40948486328125, 4.5, 0.0]",11.075685501279123,11.619029998779297,11.615009145929006,-1.6994476317218954,-1.90512216091156,74.55587767326712,0.5472507475024546,0.4333019256282711,70.05587767326712,-0.5433444975001738,11.132101058959961,0.5277614593505859,74.51156616210938,True,0,11.659862518310547,11.619029998779297,-1.6793251037597656,-0.4489335268582495,-0.10565550039630828,0.0011803151212304575,"StraightLane index=('>>>', '1S0_0_', 0)",True,382.6201477050781,0.0019311904907226562,0.00032806396484688996,"StraightLane index=('>>', '>>>', 0)",True,0.0,True,False,0.007745318114757538,-0.10447518527507782,0.0,-0.10447518527507782,True,0.0,0.0,0.0,0.10447518527507782,0.0,0.10447518527507782
74.099427,"[433.0652160644531, 4.498065948486328, 0.0]","[507.64202880859375, 4.5, 0.0]",11.04169654864344,11.594594955444336,11.585824101191472,-1.6994476317841567,-1.8960307836532593,74.56646727286814,0.5433444975001738,-0.1953125001140421,70.06646727286814,-0.552898406800896,11.0951566696167,0.5277614593505859,74.51156616210938,True,0,11.622918128967285,11.594594955444336,-1.5039634704589844,-0.456678895638489,-0.09729493121790661,-0.007180254057171209,"StraightLane index=('>>>', '1S0_0_', 0)",True,382.843017578125,0.0019326210021972656,0.00032806396484688996,"StraightLane index=('>>', '>>>', 0)",True,0.0,True,False,0.007745318114757538,-0.10447518527507782,0.0,-0.10447518527507782,True,0.0,0.0,0.0,0.10447518527507782,0.0,0.10447518527507782
74.119092,"[433.2867431640625, 4.4980645179748535, 0.0]","[507.8681945800781, 4.5, 0.0]",11.007707596004934,11.558342933654787,11.556488523701026,-1.6994476319252882,-1.8536444902420044,74.57681273184416,0.552898406800896,0.4776954650361098,70.07681273184416,-0.5506353376498527,11.04310131072998,0.5433444976806641,74.56646728515625,True,0,11.586445808410645,11.558342933654787,-1.5039634704589844,-0.456678895638489,-0.09729493121790661,-0.007180254057171209,"StraightLane index=('>>>', '1S0_0_', 0)",True,383.0652160644531,0.001934051513671875,0.00032806396484688996,"StraightLane index=('>>', '>>>', 0)",True,0.0,True,False,0.007745318114757538,-0.10447518527507782,0.0,-0.10447518527507782,True,0.0,0.0,0.0,0.10447518527507782,0.0,0.10447518527507782
74.139637,"[433.507568359375, 4.498063087463379, 0.0]","[508.0992736816406, 4.5, 0.0]",10.972330093562533,11.535094261169434,11.52587791006028,-1.7688751221200505,-1.8560250997543335,74.58145140371089,0.5506353376498527,-0.113153457552162,70.08145140371089,-0.5627641676069004,11.02431583404541,0.5433444976806641,74.56646728515625,True,0,11.567660331726074,11.535094261169434,-1.5039634704589844,-0.456678895638489,-0.09729493121790661,-0.011446478858711584,"StraightLane index=('>>>', '1S0_0_', 0)",True,383.2867431640625,0.0019354820251464844,0.00032806396484688996,"StraightLane index=('>>', '>>>', 0)",True,0.0,True,False,0.007745318114757538,-0.1087414100766182,0.0,-0.1087414100766182,True,0.0,0.0,0.0,0.1087414100766182,0.0,0.1087414100766182
74.158559,"[433.72772216796875, 4.498061656951904, 0.0]","[508.32769775390625, 4.5, 0.0]",10.936952591118162,11.498860359191895,11.497680488482931,-1.7688751222185495,-1.8279684782028198,74.59170531057944,0.5627641676069004,0.6064414978523835,70.09170531057944,-0.5619077680737323,10.990426063537598,0.5433444976806641,74.56646728515625,True,0,11.533770561218262,11.498860359191895,-1.5039634704589844,-0.456678895638489,-0.09729493121790661,-0.011446478858711584,"StraightLane index=('>>>', '1S0_0_', 0)",True,383.507568359375,0.0019369125366210938,0.00031280517580081237,"StraightLane index=('>>', '>>>', 0)",True,0.0,True,False,0.007745318114757538,-0.1087414100766182,0.0,-0.1087414100766182,True,0.0,0.0,0.0,0.1087414100766182,0.0,0.1087414100766182
74.180121,"[433.9471740722656, 4.49806022644043, 0.0]","[508.5646667480469, 4.5, 0.0]",10.901575088674797,11.474852561950684,11.465565827121377,-1.7688751221682786,-1.8033019304275513,74.5999755742434,0.5619077680737323,-0.04281997665840365,70.0999755742434,-0.573277473275887,10.956751823425293,0.5433444976806641,74.56646728515625,True,0,11.500096321105957,11.474852561950684,-1.5039634704589844,-0.456678895638489,-0.09729493121790661,-0.011446478858711584,"StraightLane index=('>>>', '1S0_0_', 0)",True,383.72772216796875,0.0019383430480957031,0.00031280517580081237,"StraightLane index=('>>', '>>>', 0)",True,0.0,True,False,0.007745318114757538,-0.1087414100766182,0.0,-0.1087414100766182,True,0.0,0.0,0.0,0.1087414100766182,0.0,0.1087414100766182
74.199125,"[434.1659240722656, 4.498058795928955, 0.0]","[508.7889709472656, 4.5, 0.0]",10.866197586229804,11.439149856567383,11.43727277591336,-1.7688751222496357,-1.7864257097244263,74.61749266439095,0.573277473275887,0.5684852601077317,70.11749266439095,-0.5729522703375789,10.922712326049805,0.5433444976806641,74.56646728515625,True,0,11.466056823730469,11.439149856567383,-1.5544509887695312,-0.4654167906815737,-0.09299781496214743,-0.015743595114470765,"StraightLane index=('>>>', '1S0_0_', 0)",True,383.9471740722656,0.0019397735595703125,0.0003051757812268847,"StraightLane index=('>>', '>>>', 0)",True,0.0,True,False,0.007745318114757538,-0.1087414100766182,0.0,-0.1087414100766182,True,0.0,0.0,0.0,0.1087414100766182,0.0,0.1087414100766182
74.21915,"[434.3839416503906, 4.4980573654174805, 0.0]","[509.01776123046875, 4.5, 0.0]",10.83082008378597,11.417025566101074,11.408939532388587,-1.7688751221917265,-1.7714989185333252,74.623046863602,0.5729522703375789,-0.01626014691540334,70.123046863602,-0.5862054823151048,10.888772010803223,0.5619077682495117,74.5999755859375,True,0,11.450679779052734,11.417025566101074,-1.5544509887695312,-0.4654167906815737,-0.09299781496214743,-0.015743595114470765,"StraightLane index=('>>>', '1S0_0_', 0)",True,384.1659240722656,0.0019412040710449219,0.0003051757812268847,"StraightLane index=('>>', '>>>', 0)",True,0.0,True,False,-0.012172399088740349,-0.1087414100766182,0.0,-0.1087414100766182,True,0.0,0.0,0.0,0.1087414100766182,0.0,0.1087414100766182
74.2407,"[434.60125732421875, 4.498055934906006, 0.0]","[509.2510986328125, 4.5, 0.0]",10.797212600874008,11.381409645080566,11.378558174965264,-1.6803741455980514,-1.7595899105072021,74.63381956867237,0.5862054823151048,0.6626605988762968,70.13381956867237,-0.584197044206558,10.85482406616211,0.5619077682495117,74.5999755859375,True,0,11.416731834411621,11.381409645080566,-1.5544509887695312,-0.4654167906815737,-0.09299781496214743,-0.010310914865256593,"StraightLane index=('>>>', '1S0_0_', 0)",True,384.3839416503906,0.0019426345825195312,0.0003051757812268847,"StraightLane index=('>>', '>>>', 0)",True,0.0,True,False,-0.012172399088740349,-0.10330872982740402,0.0,-0.10330872982740402,True,0.0,0.0,0.0,0.10330872982740402,0.0,0.10330872982740402
74.259182,"[434.81787109375, 4.498054504394531, 0.0]","[509.4769287109375, 4.5, 0.0]",10.763605117962433,11.360060691833496,11.352483153532782,-1.680374145578778,-1.7544305324554443,74.64984129686765,0.584197044206558,-0.1004219054273392,70.14984129686765,-0.5964555738710633,10.820369720458984,0.5619077682495117,74.5999755859375,True,0,11.382277488708496,11.360060691833496,-1.5544509887695312,-0.4654167906815737,-0.09299781496214743,-0.010310914865256593,"StraightLane index=('>>>', '1S0_0_', 0)",True,384.60125732421875,0.0019440650939941406,0.00031280517580081237,"StraightLane index=('>>', '>>>', 0)",True,0.0,True,False,-0.012172399088740349,-0.10330872982740402,0.0,-0.10330872982740402,True,0.0,0.0,0.0,0.10330872982740402,0.0,0.10330872982740402
74.279839,"[435.0338134765625, 4.498053073883057, 0.0]","[509.7051086425781, 4.5, 0.0]",10.729997635050818,11.328420639038086,11.32337446355185,-1.680374145580732,-1.7497684955596924,74.65905760545347,0.5964555738710633,0.6129264832252623,70.15905760545347,-0.5984230039872678,10.78593921661377,0.5619077682495117,74.5999755859375,True,0,11.347846984863281,11.328420639038086,-1.5544509887695312,-0.4654167906815737,-0.09299781496214743,-0.010310914865256593,"StraightLane index=('>>>', '1S0_0_', 0)",True,384.81787109375,0.00194549560546875,0.00031280517580081237,"StraightLane index=('>>', '>>>', 0)",True,0.0,True,False,-0.012172399088740349,-0.10330872982740402,0.0,-0.10330872982740402,True,0.0,0.0,0.0,0.10330872982740402,0.0,0.10330872982740402
74.299396,"[435.24908447265625, 4.49805212020874, 0.0]","[509.93218994140625, 4.5, 0.0]",10.69639015213942,11.300248146057129,11.295789432239657,-1.6803741455698962,-1.7875401973724365,74.6712951542736,0.5984230039872678,0.09837150581022414,70.1712951542736,-0.6038579939177087,10.746615409851074,0.5619077682495117,74.5999755859375,True,0,11.308523178100586,11.300248146057129,-1.389017105102539,-0.4674907102920052,-0.07498301424549453,-0.028325715581909494,"StraightLane index=('>>>', '1S0_0_', 0)",True,385.0338134765625,0.0019469261169433594,0.00031280517580081237,"StraightLane index=('>>', '>>>', 0)",True,0.0,True,False,-0.012172399088740349,-0.10330872982740402,0.0,-0.10330872982740402,True,0.0,0.0,0.0,0.10330872982740402,0.0,0.10330872982740402
74.319271,"[435.46368408203125, 4.498051166534424, 0.0]","[510.15234375, 4.5, 0.0]",10.66278266923044,11.274051666259766,11.269698688832401,-1.680374145449015,-1.7608556747436523,74.68310545668825,0.6038579939177087,0.2717494965220446,70.18310545668825,-0.6112689970293257,10.713951110839844,0.5964555740356445,74.6590576171875,True,0,11.310406684875488,11.274051666259766,-1.389017105102539,-0.4674907102920052,-0.07498301424549453,-0.028325715581909494,"StraightLane index=('>>>', '1S0_0_', 0)",True,385.24908447265625,0.0019478797912597656,0.00032043457032385116,"StraightLane index=('>>', '>>>', 0)",True,0.0,True,False,-0.012172399088740349,-0.10330872982740402,0.0,-0.10330872982740402,True,0.0,0.0,0.0,0.10330872982740402,0.0,0.10330872982740402
74.339116,"[435.6776123046875, 4.498050212860107, 0.0]","[510.3771057128906, 4.5, 0.0]",10.635927200483309,11.247831344604492,11.243700042373792,-1.3427734373565592,-1.736640453338623,74.68865965558581,0.6112689970293257,0.370550155580851,70.18865965558581,-0.6119041441211834,10.681549072265625,0.5964555740356445,74.6590576171875,True,0,11.27800464630127,11.247831344604492,-1.389017105102539,-0.4674907102920052,-0.07498301424549453,-0.007569277207390146,"StraightLane index=('>>>', '1S0_0_', 0)",True,385.46368408203125,0.0019488334655761719,0.00032806396484688996,"StraightLane index=('>>', '>>>', 0)",True,0.0,True,False,-0.012172399088740349,-0.08255229145288467,0.0,-0.08255229145288467,True,0.0,0.0,0.0,0.08255229145288467,0.0,0.08255229145288467
74.359585,"[435.890869140625, 4.498049259185791, 0.0]","[510.6059875488281, 4.5, 0.0]",10.609071731735096,11.221131324768066,11.216880644241293,-1.3427734374106493,-1.6914080381393433,74.69949339613045,0.6119041441211834,0.03175735459288731,70.19949339613045,-0.6120595930329706,10.634665489196777,0.5964555740356445,74.6590576171875,True,0,11.231121063232422,11.221131324768066,-1.389017105102539,-0.4674907102920052,-0.07498301424549453,-0.007569277207390146,"StraightLane index=('>>>', '1S0_0_', 0)",True,385.6776123046875,0.0019497871398925781,0.00032043457032385116,"StraightLane index=('>>', '>>>', 0)",True,0.0,True,False,-0.012172399088740349,-0.08255229145288467,0.0,-0.08255229145288467,True,0.0,0.0,0.0,0.08255229145288467,0.0,0.08255229145288467
74.380212,"[436.10357666015625, 4.498048305511475, 0.0]","[510.831298828125, 4.5, 0.0]",10.582216262983884,11.194847106933594,11.189873699956637,-1.3427734375605738,-1.6890085935592651,74.71511839580883,0.6120595930329706,0.0077724455893601885,70.21511839580883,-0.6126308439497095,10.618002891540527,0.5964555740356445,74.6590576171875,True,0,11.214458465576172,11.194847106933594,-1.389017105102539,-0.4674907102920052,-0.07498301424549453,-0.007569277207390146,"StraightLane index=('>>>', '1S0_0_', 0)",True,385.890869140625,0.0019507408142089844,0.00032806396484688996,"StraightLane index=('>>', '>>>', 0)",True,0.0,True,False,-0.012172399088740349,-0.08255229145288467,0.0,-0.08255229145288467,True,0.0,0.0,0.0,0.08255229145288467,0.0,0.08255229145288467
74.399568,"[436.3157653808594, 4.498046875, 0.0]","[511.0556945800781, 4.5, 0.0]",10.555360794233223,11.168669700622559,11.164523400043377,-1.3427734375330402,-1.6522105932235718,74.72772215619985,0.6126308439497095,0.028562545836940956,70.22772215619985,-0.6133089063893351,10.588383674621582,0.5964555740356445,74.6590576171875,True,0,11.184839248657227,11.168669700622559,-1.3157844543457031,-0.4667940951649043,-0.06814330601183644,-0.014408985441048239,"StraightLane index=('>>>', '1S0_0_', 0)",True,386.10357666015625,0.0019516944885253906,0.00031280517580081237,"StraightLane index=('>>', '>>>', 0)",True,0.0,True,False,-0.012172399088740349,-0.08255229145288467,0.0,-0.08255229145288467,True,0.0,0.0,0.0,0.08255229145288467,0.0,0.08255229145288467
74.419431,"[436.52740478515625, 4.498045921325684, 0.0]","[511.27398681640625, 4.5, 0.0]",10.528505325480417,11.144219398498535,11.14024080258492,-1.3427734376403322,-1.5680073499679565,74.73992918744186,0.6133089063893351,0.033903121981282425,70.23992918744186,-0.6157140730181183,10.548444747924805,0.6126308441162109,74.72772216796875,True,0,11.161075592041016,11.144219398498535,-1.3157844543457031,-0.4667940951649043,-0.06814330601183644,-0.014408985441048239,"StraightLane index=('>>>', '1S0_0_', 0)",True,386.3157653808594,0.001953125,0.00031280517580081237,"StraightLane index=('>>', '>>>', 0)",True,0.0,True,False,-0.03102811612188816,-0.08255229145288467,0.0,-0.08255229145288467,True,0.0,0.0,0.0,0.08255229145288467,0.0,0.08255229145288467
74.440041,"[436.738525390625, 4.498044967651367, 0.0]","[511.50177001953125, 4.5, 0.0]",10.505411148230356,11.119191169738771,11.115100411412891,-1.1547088625030177,-1.5562093257904053,74.7465820194678,0.6157140730181183,0.12025833143916032,70.2465820194678,-0.6137800215084148,10.534002304077148,0.6126308441162109,74.72772216796875,True,0,11.14663314819336,11.119191169738771,-1.3157844543457031,-0.4667940951649043,-0.06814330601183644,-0.002850244109947775,"StraightLane index=('>>>', '1S0_0_', 0)",True,386.52740478515625,0.0019540786743164062,0.00031280517580081237,"StraightLane index=('>>', '>>>', 0)",True,0.0,True,False,-0.03102811612188816,-0.07099355012178421,0.0,-0.07099355012178421,True,0.0,0.0,0.0,0.07099355012178421,0.0,0.07099355012178421
74.459314,"[436.9490966796875, 4.498044013977051, 0.0]","[511.72216796875, 4.5, 0.0]",10.482316970979223,11.09497356414795,11.09159635865933,-1.1547088625566637,-1.5111793279647827,74.7632446177453,0.6137800215084148,-0.09670257548517469,70.2632446177453,-0.612656593168726,10.507959365844727,0.6126308441162109,74.72772216796875,True,0,11.120590209960938,11.09497356414795,-1.3157844543457031,-0.4667940951649043,-0.06814330601183644,-0.002850244109947775,"StraightLane index=('>>>', '1S0_0_', 0)",True,386.738525390625,0.0019550323486328125,0.00029754638670384596,"StraightLane index=('>>', '>>>', 0)",True,0.0,True,False,-0.03102811612188816,-0.07099355012178421,0.0,-0.07099355012178421,True,0.0,0.0,0.0,0.07099355012178421,0.0,0.07099355012178421
74.481335,"[437.1592102050781, 4.498043060302734, 0.0]","[511.9434509277344, 4.5, 0.0]",10.459222793731792,11.070657730102539,11.064730800888386,-1.1547088623715673,-1.462935209274292,74.77307127695401,0.612656593168726,-0.056171416984440725,70.27307127695401,-0.6114349363707472,10.483125686645508,0.6126308441162109,74.72772216796875,True,0,11.095756530761719,11.070657730102539,-1.3157844543457031,-0.4667940951649043,-0.06814330601183644,-0.002850244109947775,"StraightLane index=('>>>', '1S0_0_', 0)",True,386.9490966796875,0.0019559860229492188,0.00032043457032385116,"StraightLane index=('>>', '>>>', 0)",True,0.0,True,False,-0.03102811612188816,-0.07099355012178421,0.0,-0.07099355012178421,True,0.0,0.0,0.0,0.07099355012178421,0.0,0.07099355012178421
74.49937,"[437.3688659667969, 4.498042106628418, 0.0]","[512.1607666015625, 4.5, 0.0]",10.436128616486808,11.04677677154541,11.042712051782175,-1.1547088622491763,-1.407578468322754,74.78424071148513,0.6114349363707472,-0.06108283989894048,70.28424071148513,-0.6106481550586018,10.460046768188477,0.6126308441162109,74.72772216796875,True,0,11.072677612304688,11.04677677154541,-1.2189292907714844,-0.4627772108254158,-0.0658559100373246,-0.005137640084459605,"StraightLane index=('>>>', '1S0_0_', 0)",True,387.1592102050781,0.001956939697265625,0.00029754638670384596,"StraightLane index=('>>', '>>>', 0)",True,0.0,True,False,-0.03102811612188816,-0.07099355012178421,0.0,-0.07099355012178421,True,0.0,0.0,0.0,0.07099355012178421,0.0,0.07099355012178421
74.5193,"[437.57806396484375, 4.498041152954102, 0.0]","[512.3823852539062, 4.5, 0.0]",10.413034439241107,11.023735046386719,11.020527915804296,-1.1547088622850588,-1.3551521301269531,74.79190062264618,0.6106481550586018,-0.039339065607268964,70.29190062264618,-0.6107006071456116,10.437780380249023,0.6114349365234375,74.78424072265625,True,0,11.049215316772461,11.023735046386719,-1.2189292907714844,-0.4627772108254158,-0.0658559100373246,-0.005137640084459605,"StraightLane index=('>>>', '1S0_0_', 0)",True,387.3688659667969,0.0019578933715820312,0.00032043457032385116,"StraightLane index=('>>', '>>>', 0)",True,0.0,True,False,-0.03102811612188816,-0.07099355012178421,0.0,-0.07099355012178421,True,0.0,0.0,0.0,0.07099355012178421,0.0,0.07099355012178421
74.541595,"[437.7867736816406, 4.498040199279785, 0.0]","[512.61181640625, 4.5, 0.0]",10.39097785965149,11.000554084777832,10.99578072553576,-1.1028289794808188,-1.2985111474990845,74.80432127756795,0.6107006071456116,0.0026226043504884444,70.30432127756795,-0.6095762251263412,10.403214454650879,0.6114349365234375,74.78424072265625,True,0,11.014649391174316,11.000554084777832,-1.2189292907714844,-0.4627772108254158,-0.0658559100373246,-0.0019465340630553385,"StraightLane index=('>>>', '1S0_0_', 0)",True,387.57806396484375,0.0019588470458984375,0.0003051757812268847,"StraightLane index=('>>', '>>>', 0)",True,0.0,True,False,-0.03102811612188816,-0.06780244410037994,0.0,-0.06780244410037994,True,0.0,0.0,0.0,0.06780244410037994,0.0,0.06780244410037994
74.559234,"[437.9950256347656, 4.498039245605469, 0.0]","[512.8265380859375, 4.5, 0.0]",10.368921280061569,10.978861808776855,10.976195263942815,-1.1028289794960955,-1.2807997465133667,74.82504271279477,0.6095762251263412,-0.05621910096351712,70.32504271279477,-0.6099405287152866,10.392087936401367,0.6114349365234375,74.78424072265625,True,0,11.003522872924805,10.978861808776855,-1.2189292907714844,-0.4627772108254158,-0.0658559100373246,-0.0019465340630553385,"StraightLane index=('>>>', '1S0_0_', 0)",True,387.7867736816406,0.0019598007202148438,0.00031280517580081237,"StraightLane index=('>>', '>>>', 0)",True,0.0,True,False,-0.03102811612188816,-0.06780244410037994,0.0,-0.06780244410037994,True,0.0,0.0,0.0,0.06780244410037994,0.0,0.06780244410037994
74.579825,"[438.2028503417969, 4.498038291931152, 0.0]","[513.0463256835938, 4.5, 0.0]",10.346864700471595,10.956655502319336,10.953353671735846,-1.1028289794986712,-1.2303690910339355,74.83151243935197,0.6099405287152866,0.01821517944726736,70.33151243935197,-0.6097908018477405,10.372123718261719,0.6114349365234375,74.78424072265625,True,0,10.983558654785156,10.956655502319336,-1.2189292907714844,-0.4627772108254158,-0.0658559100373246,-0.0019465340630553385,"StraightLane index=('>>>', '1S0_0_', 0)",True,387.9950256347656,0.00196075439453125,0.00031280517580081237,"StraightLane index=('>>', '>>>', 0)",True,0.0,True,False,-0.03102811612188816,-0.06780244410037994,0.0,-0.06780244410037994,True,0.0,0.0,0.0,0.06780244410037994,0.0,0.06780244410037994
74.600145,"[438.41021728515625, 4.498037338256836, 0.0]","[513.2657470703125, 4.5, 0.0]",10.324808120881848,10.934488296508789,10.93080863680003,-1.1028289794873913,-1.1876163482666016,74.84347532997157,0.6097908018477405,-0.00748634337730536,70.34347532997157,-0.6096801756269414,10.352325439453125,0.6114349365234375,74.78424072265625,True,0,10.963760375976562,10.934488296508789,-1.122884750366211,-0.4558004560056916,-0.05950834184817966,-0.008294102252200286,"StraightLane index=('>>>', '1S0_0_', 0)",True,388.2028503417969,0.0019617080688476562,0.00031280517580081237,"StraightLane index=('>>', '>>>', 0)",True,0.0,True,False,-0.03102811612188816,-0.06780244410037994,0.0,-0.06780244410037994,True,0.0,0.0,0.0,0.06780244410037994,0.0,0.06780244410037994
74.61922,"[438.6171569824219, 4.4980363845825195, 0.0]","[513.4802856445312, 4.5, 0.0]",10.302751541294034,10.913880348205566,10.91135108414874,-1.1028289793906687,-1.128483772277832,74.85552977332557,0.6096801756269414,-0.0055313110399524135,70.35552977332557,-0.6111288069115322,10.323531150817871,0.6097908020019531,74.84347534179688,True,0,10.933321952819824,10.913880348205566,-1.122884750366211,-0.4558004560056916,-0.05950834184817966,-0.008294102252200286,"StraightLane index=('>>>', '1S0_0_', 0)",True,388.41021728515625,0.0019626617431640625,0.00031280517580081237,"StraightLane index=('>>', '>>>', 0)",True,0.0,True,False,-0.048131998628377914,-0.06780244410037994,0.0,-0.06780244410037994,True,0.0,0.0,0.0,0.06780244410037994,0.0,0.06780244410037994
74.639975,"[438.8236389160156, 4.498035430908203, 0.0]","[513.703369140625, 4.5, 0.0]",10.283910751500322,10.892965316772461,10.890186559453836,-0.9420394896856088,-1.1260467767715454,74.8631286499568,0.6111288069115322,0.0724315642295359,70.3631286499568,-0.6090545652721389,10.312501907348633,0.6097908020019531,74.84347534179688,True,0,10.922292709350586,10.892965316772461,-1.122884750366211,-0.4558004560056916,-0.05950834184817966,0.001593488752171357,"StraightLane index=('>>>', '1S0_0_', 0)",True,388.6171569824219,0.0019636154174804688,0.00032043457032385116,"StraightLane index=('>>', '>>>', 0)",True,0.0,True,False,-0.048131998628377914,-0.0579148530960083,0.0,-0.0579148530960083,True,0.0,0.0,0.0,0.0579148530960083,0.0,0.0579148530960083
74.659533,"[439.0296936035156, 4.498034477233887, 0.0]","[513.91943359375, 4.5, 0.0]",10.265069961706306,10.872713088989258,10.870265597354853,-0.9420394897007967,-1.0889041423797607,74.87973021245122,0.6090545652721389,-0.10371208196966464,70.37973021245122,-0.6076431272829517,10.283020973205566,0.6097908020019531,74.84347534179688,True,0,10.89281177520752,10.872713088989258,-1.122884750366211,-0.4558004560056916,-0.05950834184817966,0.001593488752171357,"StraightLane index=('>>>', '1S0_0_', 0)",True,388.8236389160156,0.001964569091796875,0.00032043457032385116,"StraightLane index=('>>', '>>>', 0)",True,0.0,True,False,-0.048131998628377914,-0.0579148530960083,0.0,-0.0579148530960083,True,0.0,0.0,0.0,0.0579148530960083,0.0,0.0579148530960083
74.67933,"[439.2353820800781, 4.49803352355957, 0.0]","[514.1318969726562, 4.5, 0.0]",10.246229171911875,10.852795600891113,10.850039573672229,-0.94203948972158,-1.0883852243423462,74.88973997775257,0.6076431272829517,-0.0705718994593596,70.38973997775257,-0.6065664289792387,10.272186279296875,0.6097908020019531,74.84347534179688,True,0,10.881977081298828,10.852795600891113,-1.122884750366211,-0.4558004560056916,-0.05950834184817966,0.001593488752171357,"StraightLane index=('>>>', '1S0_0_', 0)",True,389.0296936035156,0.0019655227661132812,0.00032806396484688996,"StraightLane index=('>>', '>>>', 0)",True,0.0,True,False,-0.048131998628377914,-0.0579148530960083,0.0,-0.0579148530960083,True,0.0,0.0,0.0,0.0579148530960083,0.0,0.0579148530960083
74.699323,"[439.440673828125, 4.498032569885254, 0.0]","[514.3490600585938, 4.5, 0.0]",10.22738838211948,10.835766792297363,10.829646585137937,-0.942039489619706,-1.0501779317855835,74.89651488009075,0.6065664289792387,-0.05383491518564654,70.39651488009075,-0.6083784101778829,10.24392318725586,0.6097908020019531,74.84347534179688,True,0,10.853713989257812,10.835766792297363,-0.9872150421142578,-0.44477293687912145,-0.04932697026349758,-0.008587882832510718,"StraightLane index=('>>>', '1S0_0_', 0)",True,389.2353820800781,0.0019664764404296875,0.00032806396484688996,"StraightLane index=('>>', '>>>', 0)",True,0.0,True,False,-0.048131998628377914,-0.0579148530960083,0.0,-0.0579148530960083,True,0.0,0.0,0.0,0.0579148530960083,0.0,0.0579148530960083
74.719429,"[439.6455993652344, 4.4980316162109375, 0.0]","[514.5686645507812, 4.5, 0.0]",10.208547592326205,10.809616088867188,10.81089032111486,-0.9420394896637596,-1.0447050333023071,74.90838621829414,0.6083784101778829,0.09059905993220596,70.40838621829414,-0.6010684965409823,10.23399543762207,0.6065664291381836,74.89651489257812,True,0,10.840561866760254,10.809616088867188,-0.9872150421142578,-0.44477293687912145,-0.04932697026349758,-0.008587882832510718,"StraightLane index=('>>>', '1S0_0_', 0)",True,389.440673828125,0.0019674301147460938,0.00032043457032385116,"StraightLane index=('>>', '>>>', 0)",True,0.0,True,False,-0.048131998628377914,-0.0579148530960083,0.0,-0.0579148530960083,True,0.0,0.0,0.0,0.0579148530960083,0.0,0.0579148530960083
74.739889,"[439.85015869140625, 4.498030662536621, 0.0]","[514.787841796875, 4.5, 0.0]",10.201272964639553,10.797381401062012,10.791901088205632,-0.36373138433258845,-1.0195629596710205,74.92306517304816,0.6010684965409823,-0.36549568184502945,70.42306517304816,-0.5961084364224583,10.215958595275879,0.6065664291381836,74.89651489257812,True,0,10.822525024414062,10.797381401062012,-0.9872150421142578,-0.44477293687912145,-0.04932697026349758,-0.00017453076027179604,"StraightLane index=('>>>', '1S0_0_', 0)",True,389.6455993652344,0.0019683837890625,0.00032806396484688996,"StraightLane index=('>>', '>>>', 0)",True,0.0,True,False,-0.048131998628377914,-0.04950150102376938,0.0,-0.04950150102376938,True,0.0,0.0,0.0,-0.0,0.0,-0.0
74.759741,"[440.0543212890625, 4.498029708862305, 0.0]","[515.0020751953125, 4.5, 0.0]",10.193998336955685,10.77223587036133,10.773409237916058,-0.3637313841934109,-0.9991016983985901,74.9376830936004,0.5961084364224583,-0.24800300592620061,70.4376830936004,-0.5782375334056447,10.19791030883789,0.6065664291381836,74.89651489257812,True,0,10.804476737976074,10.77223587036133,-0.9872150421142578,-0.44477293687912145,-0.04932697026349758,-0.00017453076027179604,"StraightLane index=('>>>', '1S0_0_', 0)",True,389.85015869140625,0.0019693374633789062,0.00031280517580081237,"StraightLane index=('>>', '>>>', 0)",True,0.0,True,False,-0.048131998628377914,-0.04950150102376938,0.0,-0.04950150102376938,True,0.0,0.0,0.0,-0.0,0.0,-0.0
74.780316,"[440.25836181640625, 4.498028755187988, 0.0]","[515.213623046875, 4.5, 0.0]",10.18672370927115,10.760660171508789,10.75428215949796,-0.3637313842268064,-0.9344117045402527,74.94775389373994,0.5782375334056447,-0.89354515084068,70.44775389373994,-0.5739364622376399,10.175239562988281,0.6065664291381836,74.89651489257812,True,0,10.781805992126465,10.760660171508789,-0.9872150421142578,-0.44477293687912145,-0.04932697026349758,-0.00017453076027179604,"StraightLane index=('>>>', '1S0_0_', 0)",True,390.0543212890625,0.0019702911376953125,0.00032806396484688996,"StraightLane index=('>>', '>>>', 0)",True,0.0,True,False,-0.048131998628377914,-0.04950150102376938,0.0,-0.04950150102376938,True,0.0,0.0,0.0,-0.0,0.0,-0.0
74.799383,"[440.4622497558594, 4.498027801513672, 0.0]","[515.42822265625, 4.5, 0.0]",10.179449081586396,10.735480308532715,10.736533576335349,-0.3637313842376422,-0.8607209324836731,74.95526121795312,0.5739364622376399,-0.21505355840023554,70.45526121795312,-0.5560312269463186,10.164600372314453,0.6065664291381836,74.89651489257812,True,0,10.771166801452637,10.735480308532715,-1.0028648376464844,-0.43539591250883625,-0.07397561499372918,0.0244741139699598,"StraightLane index=('>>>', '1S0_0_', 0)",True,390.25836181640625,0.0019712448120117188,0.00032806396484688996,"StraightLane index=('>>', '>>>', 0)",True,0.0,True,False,-0.048131998628377914,-0.04950150102376938,0.0,-0.04950150102376938,True,0.0,0.0,0.0,-0.0,0.0,-0.0
74.819283,"[440.6659851074219, 4.4980268478393555, 0.0]","[515.6434936523438, 4.5, 0.0]",10.17217445390149,10.724554061889648,10.71957533016504,-0.3637313842452805,-0.825028121471405,74.96597288786936,0.5560312269463186,-0.8952617645660688,70.46597288786936,-0.5523796079881578,10.159737586975098,0.5739364624023438,74.95526123046875,True,0,10.733674049377441,10.724554061889648,-1.0028648376464844,-0.43539591250883625,-0.07397561499372918,0.0244741139699598,"StraightLane index=('>>>', '1S0_0_', 0)",True,390.4622497558594,0.001972198486328125,0.00032806396484688996,"StraightLane index=('>>', '>>>', 0)",True,0.0,True,False,-0.0632341057062149,-0.04950150102376938,0.0,-0.04950150102376938,True,0.0,0.0,0.0,-0.0,0.0,-0.0
74.83998,"[440.86956787109375, 4.498025894165039, 0.0]","[515.8629150390625, 4.5, 0.0]",10.152669906780257,10.700444221496582,10.702028776754393,-0.9752273560616587,-0.6941429376602173,74.97750853271418,0.5523796079881578,-0.1825809479080398,70.47750853271418,-0.5477743147163245,10.14999771118164,0.5739364624023438,74.95526123046875,True,0,10.723934173583984,10.700444221496582,-1.0028648376464844,-0.43539591250883625,-0.07397561499372918,0.014019675343193594,"StraightLane index=('>>>', '1S0_0_', 0)",True,390.6659851074219,0.0019731521606445312,0.00032043457032385116,"StraightLane index=('>>', '>>>', 0)",True,0.0,True,False,-0.0632341057062149,-0.059955939650535583,0.0,-0.059955939650535583,True,0.0,0.0,0.0,0.059955939650535583,0.0,0.059955939650535583
74.859243,"[441.072998046875, 4.498024940490723, 0.0]","[516.0756225585938, 4.5, 0.0]",10.133165359659737,10.690206527709961,10.68560353315517,-0.9752273560260427,-0.6572672128677368,74.99334715607353,0.5477743147163245,-0.23026466359166164,70.49334715607353,-0.5570411680502243,10.14692497253418,0.5739364624023438,74.95526123046875,True,0,10.720861434936523,10.690206527709961,-1.0028648376464844,-0.43539591250883625,-0.07397561499372918,0.014019675343193594,"StraightLane index=('>>>', '1S0_0_', 0)",True,390.86956787109375,0.0019741058349609375,0.00031280517580081237,"StraightLane index=('>>', '>>>', 0)",True,0.0,True,False,-0.0632341057062149,-0.059955939650535583,0.0,-0.059955939650535583,True,0.0,0.0,0.0,0.059955939650535583,0.0,0.059955939650535583
74.879886,"[441.27606201171875, 4.498023986816406, 0.0]","[516.2902221679688, 4.5, 0.0]",10.113660812539395,10.666479110717773,10.668065518846214,-0.9752273560170721,-0.601981520652771,75.0026244995,0.5570411680502243,0.463342666694988,70.5026244995,-0.5528182981783782,10.139998435974121,0.5739364624023438,74.95526123046875,True,0,10.713934898376465,10.666479110717773,-1.0028648376464844,-0.43539591250883625,-0.07397561499372918,0.014019675343193594,"StraightLane index=('>>>', '1S0_0_', 0)",True,391.072998046875,0.0019750595092773438,0.00032043457032385116,"StraightLane index=('>>', '>>>', 0)",True,0.0,True,False,-0.0632341057062149,-0.059955939650535583,0.0,-0.059955939650535583,True,0.0,0.0,0.0,0.059955939650535583,0.0,0.059955939650535583
74.899419,"[441.4787292480469, 4.49802303314209, 0.0]","[516.4982299804688, 4.5, 0.0]",10.094156265421434,10.656615257263184,10.651469744850711,-0.9752273558980562,-0.5798372030258179,75.0141601437061,0.5528182981783782,-0.2111434935923029,70.5141601437061,-0.5624589918417495,10.124638557434082,0.5739364624023438,74.95526123046875,True,0,10.698575019836426,10.656615257263184,-0.7886505126953125,-0.4194590892022886,-0.05386074450515138,-0.006095195145384202,"StraightLane index=('>>>', '1S0_0_', 0)",True,391.27606201171875,0.00197601318359375,0.00032806396484688996,"StraightLane index=('>>', '>>>', 0)",True,0.0,True,False,-0.0632341057062149,-0.059955939650535583,0.0,-0.059955939650535583,True,0.0,0.0,0.0,0.059955939650535583,0.0,0.059955939650535583
74.919996,"[441.6809997558594, 4.498022079467773, 0.0]","[516.7142944335938, 4.5, 0.0]",10.074651718302789,10.633366584777832,10.634967950409282,-0.9752273559322511,-0.5976743698120117,75.01950071922886,0.5624589918417495,0.482034683168564,70.51950071922886,-0.558714866475043,10.116969108581543,0.5528182983398438,75.01416015625,True,0,10.669787406921387,10.633366584777832,-0.7886505126953125,-0.4194590892022886,-0.05386074450515138,-0.006095195145384202,"StraightLane index=('>>>', '1S0_0_', 0)",True,391.4787292480469,0.0019769668579101562,0.00034332275389296755,"StraightLane index=('>>', '>>>', 0)",True,0.0,True,False,-0.0632341057062149,-0.059955939650535583,0.0,-0.059955939650535583,True,0.0,0.0,0.0,0.059955939650535583,0.0,0.059955939650535583
74.939195,"[441.88287353515625, 4.498021125793457, 0.0]","[516.9238891601562, 4.5, 0.0]",10.05657005326395,10.624231338500977,10.619609413602392,-0.904083251941934,-0.6293540000915527,75.03329466517924,0.558714866475043,-0.18720626833532705,70.53329466517924,-0.5676612852370262,10.101641654968262,0.5528182983398438,75.01416015625,True,0,10.654459953308105,10.624231338500977,-0.7886505126953125,-0.4194590892022886,-0.05386074450515138,-0.0017213839600242475,"StraightLane index=('>>>', '1S0_0_', 0)",True,391.6809997558594,0.0019779205322265625,0.00032806396484688996,"StraightLane index=('>>', '>>>', 0)",True,0.0,True,False,-0.0632341057062149,-0.05558212846517563,0.0,-0.05558212846517563,True,0.0,0.0,0.0,0.05558212846517563,0.0,0.05558212846517563
74.958605,"[442.0843811035156, 4.498020172119141, 0.0]","[517.134765625, 4.5, 0.0]",10.038488388224986,10.601668357849123,10.604076405595059,-0.90408325194824,-0.6885083913803101,75.04101561243928,0.5676612852370262,0.4473209380991605,70.54101561243928,-0.5631799696241373,10.07599925994873,0.5528182983398438,75.01416015625,True,0,10.628817558288574,10.601668357849123,-0.7886505126953125,-0.4194590892022886,-0.05386074450515138,-0.0017213839600242475,"StraightLane index=('>>>', '1S0_0_', 0)",True,391.88287353515625,0.0019788742065429688,0.00032806396484688996,"StraightLane index=('>>', '>>>', 0)",True,0.0,True,False,-0.0632341057062149,-0.05558212846517563,0.0,-0.05558212846517563,True,0.0,0.0,0.0,0.05558212846517563,0.0,0.05558212846517563
74.980511,"[442.2855224609375, 4.498019218444824, 0.0]","[517.349609375, 4.5, 0.0]",10.020406723185829,10.592135429382324,10.586570288011805,-0.9040832519578323,-0.7390245199203491,75.05038450923821,0.5631799696241373,-0.2240657806444446,70.55038450923821,-0.5717287061964953,10.056591033935547,0.5528182983398438,75.01416015625,True,0,10.60940933227539,10.592135429382324,-0.7886505126953125,-0.4194590892022886,-0.05386074450515138,-0.0017213839600242475,"StraightLane index=('>>>', '1S0_0_', 0)",True,392.0843811035156,0.001979827880859375,0.00032043457032385116,"StraightLane index=('>>', '>>>', 0)",True,0.0,True,False,-0.0632341057062149,-0.05558212846517563,0.0,-0.05558212846517563,True,0.0,0.0,0.0,0.05558212846517563,0.0,0.05558212846517563
75.000221,"[442.4862976074219, 4.498018264770508, 0.0]","[517.56494140625, 4.5, 0.0]",10.002325058144445,10.569235801696777,10.570806748260743,-0.9040832520692099,-0.76839679479599,75.06408690149047,0.5717287061964953,0.4274368286178998,70.56408690149047,-0.5669107435523326,10.046119689941406,0.5528182983398438,75.01416015625,True,0,10.59893798828125,10.569235801696777,-0.8737945556640625,-0.4080959897303019,-0.0396040064212857,-0.01597812204388993,"StraightLane index=('>>>', '1S0_0_', 0)",True,392.2855224609375,0.0019807815551757812,0.00032806396484688996,"StraightLane index=('>>', '>>>', 0)",True,0.0,True,False,-0.0632341057062149,-0.05558212846517563,0.0,-0.05558212846517563,True,0.0,0.0,0.0,0.05558212846517563,0.0,0.05558212846517563
75.020061,"[442.68670654296875, 4.498017311096191, 0.0]","[517.7774047851562, 4.5, 0.0]",9.984243393103869,10.560644149780273,10.556122378456289,-0.9040832520287978,-0.8098170757293701,75.07864378688998,0.5669107435523326,-0.24089813220813383,70.57864378688998,-0.5764007566764047,10.026286125183105,0.5717287063598633,75.0640869140625,True,0,10.598014831542969,10.560644149780273,-0.8737945556640625,-0.4080959897303019,-0.0396040064212857,-0.01597812204388993,"StraightLane index=('>>>', '1S0_0_', 0)",True,392.4862976074219,0.0019817352294921875,0.00031280517580081237,"StraightLane index=('>>', '>>>', 0)",True,0.0,True,False,-0.07709458470344543,-0.05558212846517563,0.0,-0.05558212846517563,True,0.0,0.0,0.0,0.05558212846517563,0.0,0.05558212846517563
75.039808,"[442.8867492675781, 4.498016357421875, 0.0]","[517.98828125, 4.5, 0.0]",9.976968765417244,10.539159774780273,10.541517422455595,-0.3637313843312562,-0.8447633981704712,75.09069823024397,0.5764007566764047,0.4745006562036025,70.59069823024397,-0.5621910093630298,10.00631046295166,0.5717287063598633,75.0640869140625,True,0,10.578039169311523,10.539159774780273,-0.8737945556640625,-0.4080959897303019,-0.0396040064212857,0.011057771828490326,"StraightLane index=('>>>', '1S0_0_', 0)",True,392.68670654296875,0.0019826889038085938,0.00031280517580081237,"StraightLane index=('>>', '>>>', 0)",True,0.0,True,False,-0.07709458470344543,-0.028546234592795372,0.0,-0.028546234592795372,True,0.0,0.0,0.0,-0.0,0.0,-0.0
75.059185,"[443.08642578125, 4.498015403747559, 0.0]","[518.1975708007812, 4.5, 0.0]",9.96969413773094,10.531126976013184,10.527167315091585,-0.36373138431518015,-0.8737128376960754,75.10153196983285,0.5621910093630298,-0.7104873656687438,70.60153196983285,-0.5614328382822436,9.986319541931152,0.5717287063598633,75.0640869140625,True,0,10.558048248291016,10.531126976013184,-0.8737945556640625,-0.4080959897303019,-0.0396040064212857,0.011057771828490326,"StraightLane index=('>>>', '1S0_0_', 0)",True,392.8867492675781,0.001983642578125,0.00032806396484688996,"StraightLane index=('>>', '>>>', 0)",True,0.0,True,False,-0.07709458470344543,-0.028546234592795372,0.0,-0.028546234592795372,True,0.0,0.0,0.0,-0.0,0.0,-0.0
75.079539,"[443.2859802246094, 4.498014450073242, 0.0]","[518.404052734375, 4.5, 0.0]",9.962419510044894,10.509952545166017,10.51214957007812,-0.36373138430230156,-0.8774824738502502,75.11114500725746,0.5614328382822436,-0.03790855403931204,70.61114500725746,-0.5475330351211234,9.968400955200195,0.5717287063598633,75.0640869140625,True,0,10.540129661560059,10.509952545166017,-0.8737945556640625,-0.4080959897303019,-0.0396040064212857,0.011057771828490326,"StraightLane index=('>>>', '1S0_0_', 0)",True,393.08642578125,0.0019845962524414062,0.00032043457032385116,"StraightLane index=('>>', '>>>', 0)",True,0.0,True,False,-0.07709458470344543,-0.028546234592795372,0.0,-0.028546234592795372,True,0.0,0.0,0.0,-0.0,0.0,-0.0
75.100177,"[443.4853820800781, 4.498013496398926, 0.0]","[518.61865234375, 4.5, 0.0]",9.955144882359026,10.501544952392578,10.496847090144405,-0.3637313842934198,-0.8483408093452454,75.11807249748641,0.5475330351211234,-0.6949901580560081,70.61807249748641,-0.5464000700335525,9.954063415527344,0.5717287063598633,75.0640869140625,True,0,10.525792121887207,10.501544952392578,-0.6769084930419922,-0.39097818801374146,-0.035818142491932325,0.0072719078991369535,"StraightLane index=('>>>', '1S0_0_', 0)",True,393.2859802246094,0.0019855499267578125,0.00032043457032385116,"StraightLane index=('>>', '>>>', 0)",True,0.0,True,False,-0.07709458470344543,-0.028546234592795372,0.0,-0.028546234592795372,True,0.0,0.0,0.0,-0.0,0.0,-0.0
75.119684,"[443.68463134765625, 4.498012542724609, 0.0]","[518.823974609375, 4.5, 0.0]",9.947870254673106,10.480788230895996,10.482996990920624,-0.3637313842959955,-0.7702249884605408,75.13327025170689,0.5464000700335525,-0.05664825437854404,70.63327025170689,-0.5329179762228904,9.937531471252441,0.5475330352783203,75.11807250976562,True,0,10.485064506530762,10.480788230895996,-0.6769084930419922,-0.39097818801374146,-0.035818142491932325,0.0072719078991369535,"StraightLane index=('>>>', '1S0_0_', 0)",True,393.4853820800781,0.0019865036010742188,0.00031280517580081237,"StraightLane index=('>>', '>>>', 0)",True,0.0,True,False,-0.07709458470344543,-0.028546234592795372,0.0,-0.028546234592795372,True,0.0,0.0,0.0,-0.0,0.0,-0.0
75.139119,"[443.88372802734375, 4.498011589050293, 0.0]","[519.0336303710938, 4.5, 0.0]",9.940595626989365,10.473226547241211,10.469195457120483,-0.363731384187016,-0.7403181791305542,75.13934324910726,0.5329179762228904,-0.6741046905331061,70.63934324910726,-0.5326309202518456,9.932967185974121,0.5475330352783203,75.11807250976562,True,0,10.480500221252441,10.473226547241211,-0.6769084930419922,-0.39097818801374146,-0.035818142491932325,-0.002576919597034044,"StraightLane index=('>>>', '1S0_0_', 0)",True,393.68463134765625,0.001987457275390625,0.00032806396484688996,"StraightLane index=('>>', '>>>', 0)",True,0.0,True,False,-0.07709458470344543,-0.03839506208896637,0.0,-0.03839506208896637,True,0.0,0.0,0.0,-0.0,0.0,-0.0
75.15944,"[444.0826721191406, 4.498010635375977, 0.0]","[519.2470703125, 4.5, 0.0]",9.933320999304753,10.45207214355469,10.454763002411752,-0.36373138423062557,-0.6734244227409363,75.14990233113288,0.5326309202518456,-0.014352798552241808,70.64990233113288,-0.5187511442499364,9.925552368164062,0.5475330352783203,75.11807250976562,True,0,10.473085403442383,10.45207214355469,-0.6769084930419922,-0.39097818801374146,-0.035818142491932325,-0.002576919597034044,"StraightLane index=('>>>', '1S0_0_', 0)",True,393.88372802734375,0.0019884109497070312,0.00032806396484688996,"StraightLane index=('>>', '>>>', 0)",True,0.0,True,False,-0.07709458470344543,-0.03839506208896637,0.0,-0.03839506208896637,True,0.0,0.0,0.0,-0.0,0.0,-0.0
75.184401,"[444.281494140625, 4.49800968170166, 0.0]","[519.4585571289062, 4.5, 0.0]",9.92604637161766,10.444389343261719,10.437049772595755,-0.3637313843546153,-0.605816662311554,75.16439818073655,0.5187511442499364,-0.6939888000954575,70.66439818073655,-0.5183429716440582,9.919535636901855,0.5475330352783203,75.11807250976562,True,0,10.467068672180176,10.444389343261719,-0.6769084930419922,-0.39097818801374146,-0.035818142491932325,-0.002576919597034044,"StraightLane index=('>>>', '1S0_0_', 0)",True,394.0826721191406,0.0019893646240234375,0.00032806396484688996,"StraightLane index=('>>', '>>>', 0)",True,0.0,True,False,-0.07709458470344543,-0.03839506208896637,0.0,-0.03839506208896637,True,0.0,0.0,0.0,-0.0,0.0,-0.0
75.200178,"[444.48016357421875, 4.498008728027344, 0.0]","[519.6659545898438, 4.5, 0.0]",9.918771743929149,10.426979064941406,10.425850923813067,-0.36373138442558073,-0.5425418019294739,75.17706297629479,0.5183429716440582,-0.020408630293911045,70.67706297629479,-0.5082073210122573,9.914423942565918,0.5475330352783203,75.11807250976562,True,0,10.461956977844238,10.426979064941406,-0.7456588745117188,-0.37797842982027746,-0.04764367116231022,0.00924860907334385,"StraightLane index=('>>>', '1S0_0_', 0)",True,394.281494140625,0.0019903182983398438,0.00031280517580081237,"StraightLane index=('>>', '>>>', 0)",True,0.0,True,False,-0.07709458470344543,-0.03839506208896637,0.0,-0.03839506208896637,True,0.0,0.0,0.0,-0.0,0.0,-0.0
75.219759,"[444.6786804199219, 4.498007774353027, 0.0]","[519.8706665039062, 4.5, 0.0]",9.911497116241929,10.41315746307373,10.412142426208828,-0.36373138436101016,-0.4900778830051422,75.1857910036332,0.5082073210122573,-0.5067825315900443,70.6857910036332,-0.5016603468318017,9.909390449523926,0.5187511444091797,75.16439819335938,True,0,10.428141593933105,10.41315746307373,-0.7456588745117188,-0.37797842982027746,-0.04764367116231022,0.00924860907334385,"StraightLane index=('>>>', '1S0_0_', 0)",True,394.48016357421875,0.00199127197265625,0.00031280517580081237,"StraightLane index=('>>', '>>>', 0)",True,0.0,True,False,-0.0901002511382103,-0.03839506208896637,0.0,-0.03839506208896637,True,0.0,0.0,0.0,-0.0,0.0,-0.0
75.24021,"[444.8770446777344, 4.498006820678711, 0.0]","[520.0773315429688, 4.5, 0.0]",9.904222488555192,10.3992338180542,10.397827659305419,-0.3637313843368517,-0.44387373328208923,75.19198607198727,0.5016603468318017,-0.3273487090227789,70.69198607198727,-0.4950113294990075,9.904695510864258,0.5187511444091797,75.16439819335938,True,0,10.423446655273438,10.3992338180542,-0.7456588745117188,-0.37797842982027746,-0.04764367116231022,0.010000786162796593,"StraightLane index=('>>>', '1S0_0_', 0)",True,394.6786804199219,0.0019922256469726562,0.00031280517580081237,"StraightLane index=('>>', '>>>', 0)",True,0.0,True,False,-0.0901002511382103,-0.037642884999513626,0.0,-0.037642884999513626,True,0.0,0.0,0.0,-0.0,0.0,-0.0
75.259442,"[445.0752868652344, 4.4980058670043945, 0.0]","[520.289794921875, 4.5, 0.0]",9.896947860868785,10.38492202758789,10.384356700401636,-0.3637313843203316,-0.40565115213394165,75.20028685323194,0.4950113294990075,-0.3324508666397108,70.70028685323194,-0.48797416671910554,9.90007209777832,0.5187511444091797,75.16439819335938,True,0,10.4188232421875,10.38492202758789,-0.7456588745117188,-0.37797842982027746,-0.04764367116231022,0.010000786162796593,"StraightLane index=('>>>', '1S0_0_', 0)",True,394.8770446777344,0.0019931793212890625,0.00031280517580081237,"StraightLane index=('>>', '>>>', 0)",True,0.0,True,False,-0.0901002511382103,-0.037642884999513626,0.0,-0.037642884999513626,True,0.0,0.0,0.0,-0.0,0.0,-0.0
75.279357,"[445.27337646484375, 4.498004913330078, 0.0]","[520.4920043945312, 4.5, 0.0]",9.88967323318251,10.371297836303711,10.37042281750147,-0.36373138431375907,-0.3746938109397888,75.21450804495232,0.48797416671910554,-0.3518581389950981,70.71450804495232,-0.48162460312120103,9.895389556884766,0.5187511444091797,75.16439819335938,True,0,10.414140701293945,10.371297836303711,-0.7456588745117188,-0.37797842982027746,-0.04764367116231022,0.010000786162796593,"StraightLane index=('>>>', '1S0_0_', 0)",True,395.0752868652344,0.0019941329956054688,0.0003051757812268847,"StraightLane index=('>>', '>>>', 0)",True,0.0,True,False,-0.0901002511382103,-0.037642884999513626,0.0,-0.037642884999513626,True,0.0,0.0,0.0,-0.0,0.0,-0.0
75.300026,"[445.4713134765625, 4.498003959655762, 0.0]","[520.7050170898438, 4.5, 0.0]",9.882398605496414,10.356948852539062,10.355953359448291,-0.36373138430478846,-0.3403450548648834,75.21862791767438,0.48162460312120103,-0.3174781798952253,70.71862791767438,-0.47455024704264837,9.888153076171875,0.5187511444091797,75.16439819335938,True,0,10.406904220581055,10.356948852539062,-0.7003021240234375,-0.36469116117907,-0.056233500601348574,0.018590615601834948,"StraightLane index=('>>>', '1S0_0_', 0)",True,395.27337646484375,0.001995086669921875,0.00031280517580081237,"StraightLane index=('>>', '>>>', 0)",True,0.0,True,False,-0.0901002511382103,-0.037642884999513626,0.0,-0.037642884999513626,True,0.0,0.0,0.0,-0.0,0.0,-0.0
75.319182,"[445.6690979003906, 4.498003005981445, 0.0]","[520.9073486328125, 4.5, 0.0]",9.87512397781067,10.343392372131348,10.34273476312385,-0.36373138428720253,-0.33912307024002075,75.2337036012627,0.47455024704264837,-0.3537178039276334,70.7337036012627,-0.4682683943206776,9.88487720489502,0.4816246032714844,75.2186279296875,True,0,10.366501808166504,10.343392372131348,-0.7003021240234375,-0.36469116117907,-0.056233500601348574,0.018590615601834948,"StraightLane index=('>>>', '1S0_0_', 0)",True,395.4713134765625,0.0019960403442382812,0.00031280517580081237,"StraightLane index=('>>', '>>>', 0)",True,0.0,True,False,-0.0901002511382103,-0.037642884999513626,0.0,-0.037642884999513626,True,0.0,0.0,0.0,-0.0,0.0,-0.0
75.339052,"[445.86676025390625, 4.498002052307129, 0.0]","[521.114013671875, 4.5, 0.0]",9.867849350124693,10.329573631286621,10.329023920083536,-0.36373138429883767,-0.3305608630180359,75.23825071975416,0.4682683943206776,-0.31409263609853966,70.73825071975416,-0.46172428116192776,9.879059791564941,0.4816246032714844,75.2186279296875,True,0,10.360684394836426,10.329573631286621,-0.7003021240234375,-0.36469116117907,-0.056233500601348574,0.009974685968455965,"StraightLane index=('>>>', '1S0_0_', 0)",True,395.6690979003906,0.0019969940185546875,0.00032806396484688996,"StraightLane index=('>>', '>>>', 0)",True,0.0,True,False,-0.0901002511382103,-0.04625881463289261,0.0,-0.04625881463289261,True,0.0,0.0,0.0,-0.0,0.0,-0.0
75.359564,"[446.06427001953125, 4.4980010986328125, 0.0]","[521.324462890625, 4.5, 0.0]",9.860574722438699,10.315506935119632,10.314871835853092,-0.36373138429972585,-0.3259560763835907,75.24725340625966,0.46172428116192776,-0.32720565793749046,70.74725340625966,-0.45493221268093365,9.873003005981445,0.4816246032714844,75.2186279296875,True,0,10.35462760925293,10.315506935119632,-0.7003021240234375,-0.36469116117907,-0.056233500601348574,0.009974685968455965,"StraightLane index=('>>>', '1S0_0_', 0)",True,395.86676025390625,0.0019979476928710938,0.0003051757812268847,"StraightLane index=('>>', '>>>', 0)",True,0.0,True,False,-0.0901002511382103,-0.04625881463289261,0.0,-0.04625881463289261,True,0.0,0.0,0.0,-0.0,0.0,-0.0
75.379298,"[446.2616271972656, 4.498000144958496, 0.0]","[521.526123046875, 4.5, 0.0]",9.853300094754818,10.302024841308594,10.301260261736,-0.3637313841940326,-0.3283231258392334,75.2601928593794,0.45493221268093365,-0.3396034240497059,70.7601928593794,-0.4487247465537756,9.866268157958984,0.4816246032714844,75.2186279296875,True,0,10.347892761230469,10.302024841308594,-0.7003021240234375,-0.36469116117907,-0.056233500601348574,0.009974685968455965,"StraightLane index=('>>>', '1S0_0_', 0)",True,396.06427001953125,0.0019989013671875,0.0003051757812268847,"StraightLane index=('>>', '>>>', 0)",True,0.0,True,False,-0.0901002511382103,-0.04625881463289261,0.0,-0.04625881463289261,True,0.0,0.0,0.0,-0.0,0.0,-0.0
75.399561,"[446.4588317871094, 4.49799919128418, 0.0]","[521.7326049804688, 4.5, 0.0]",9.846025467074647,10.288223266601564,10.287298976308497,-0.36373138400858096,-0.33088722825050354,75.26449583692485,0.4487247465537756,-0.31037330635790283,70.76449583692485,-0.44219779952691773,9.859439849853516,0.4816246032714844,75.2186279296875,True,0,10.341064453125,10.288223266601564,-0.6872558593749822,-0.3522760001392874,-0.06484743044679087,0.018588615813898257,"StraightLane index=('>>>', '1S0_0_', 0)",True,396.2616271972656,0.0019998550415039062,0.00032806396484688996,"StraightLane index=('>>', '>>>', 0)",True,0.0,True,False,-0.0901002511382103,-0.04625881463289261,0.0,-0.04625881463289261,True,0.0,0.0,0.0,-0.0,0.0,-0.0
75.419421,"[446.6558837890625, 4.497998237609863, 0.0]","[521.9388427734375, 4.5, 0.0]",9.838750839394784,10.274372100830078,10.273583772479153,-0.36373138399312666,-0.3341607451438904,75.27377318034475,0.44219779952691773,-0.3263473513428927,70.77377318034475,-0.4356212614352941,9.852505683898926,0.44872474670410156,75.26449584960938,True,0,10.301230430603027,10.274372100830078,-0.6872558593749822,-0.3522760001392874,-0.06484743044679087,0.018588615813898257,"StraightLane index=('>>>', '1S0_0_', 0)",True,396.4588317871094,0.0020008087158203125,0.00033569335936992875,"StraightLane index=('>>', '>>>', 0)",True,0.0,True,False,-0.10217685997486115,-0.04625881463289261,0.0,-0.04625881463289261,True,0.0,0.0,0.0,-0.0,0.0,-0.0
75.439213,"[446.8528137207031, 4.497997283935547, 0.0]","[522.14404296875, 4.5, 0.0]",9.820871353316539,10.260560989379883,10.259913181987768,-0.8939743039122483,-0.3370113670825958,75.28295897167926,0.4356212614352941,-0.3288269045811809,70.78295897167926,-0.43968963606334377,9.845528602600098,0.44872474670410156,75.26449584960938,True,0,10.2942533493042,10.260560989379883,-0.6872558593749822,-0.3522760001392874,-0.06484743044679087,0.009884322294639758,"StraightLane index=('>>>', '1S0_0_', 0)",True,396.6558837890625,0.0020017623901367188,0.00032806396484688996,"StraightLane index=('>>', '>>>', 0)",True,0.0,True,False,-0.10217685997486115,-0.05496310815215111,0.0,-0.05496310815215111,True,0.0,0.0,0.0,0.05496310815215111,0.0,0.05496310815215111
75.458875,"[447.0495910644531, 4.4979963302612305, 0.0]","[522.347900390625, 4.5, 0.0]",9.802991867238593,10.246841430664062,10.246342444835582,-0.8939743038973269,-0.34011414647102356,75.29122923403851,0.43968963606334377,0.20341873140248268,70.79122923403851,-0.44384956342547,9.83849048614502,0.44872474670410156,75.26449584960938,True,0,10.287215232849121,10.246841430664062,-0.6872558593749822,-0.3522760001392874,-0.06484743044679087,0.009884322294639758,"StraightLane index=('>>>', '1S0_0_', 0)",True,396.8528137207031,0.002002716064453125,0.00035858154298993396,"StraightLane index=('>>', '>>>', 0)",True,0.0,True,False,-0.10217685997486115,-0.05496310815215111,0.0,-0.05496310815215111,True,0.0,0.0,0.0,0.05496310815215111,0.0,0.05496310815215111
75.480045,"[447.2460021972656, 4.497995376586914, 0.0]","[522.5584106445312, 4.5, 0.0]",9.785112381161127,10.232677459716799,10.231741456260032,-0.8939743038732573,-0.3609192371368408,75.2983093124863,0.44384956342547,0.20799636810631128,70.7983093124863,-0.4475650785556713,9.829512596130371,0.44872474670410156,75.26449584960938,True,0,10.278237342834473,10.232677459716799,-0.6872558593749822,-0.3522760001392874,-0.06484743044679087,0.009884322294639758,"StraightLane index=('>>>', '1S0_0_', 0)",True,397.0495910644531,0.0020036697387695312,0.0003509521484668952,"StraightLane index=('>>', '>>>', 0)",True,0.0,True,False,-0.10217685997486115,-0.05496310815215111,0.0,-0.05496310815215111,True,0.0,0.0,0.0,0.05496310815215111,0.0,0.05496310815215111
75.4999,"[447.4420471191406, 4.497994422912598, 0.0]","[522.7630004882812, 4.5, 0.0]",9.767232895081703,10.218905448913574,10.218039745387038,-0.8939743039712233,-0.4092814028263092,75.31240843357395,0.4475650785556713,0.18577575651006484,70.81240843357395,-0.4516725538318713,9.817099571228027,0.44872474670410156,75.26449584960938,True,0,10.265824317932129,10.218905448913574,-0.6931781768799006,-0.3413096363161552,-0.0477224763254388,-0.007240631826712307,"StraightLane index=('>>>', '1S0_0_', 0)",True,397.2460021972656,0.0020046234130859375,0.0003509521484668952,"StraightLane index=('>>', '>>>', 0)",True,0.0,True,False,-0.10217685997486115,-0.05496310815215111,0.0,-0.05496310815215111,True,0.0,0.0,0.0,0.05496310815215111,0.0,0.05496310815215111
75.519467,"[447.63775634765625, 4.497993469238281, 0.0]","[522.9678955078125, 4.5, 0.0]",9.749353409001142,10.204773902893066,10.20414533903281,-0.8939743040280668,-0.47353607416152954,75.32095335511377,0.4516725538318713,0.20537376381000172,70.82095335511377,-0.45542049389192485,9.801936149597168,0.44756507873535156,75.31240844726562,True,0,10.24950122833252,10.204773902893066,-0.6931781768799006,-0.3413096363161552,-0.0477224763254388,-0.007240631826712307,"StraightLane index=('>>>', '1S0_0_', 0)",True,397.4420471191406,0.0020055770874023438,0.00035858154298993396,"StraightLane index=('>>', '>>>', 0)",True,0.0,True,False,-0.10217685997486115,-0.05496310815215111,0.0,-0.05496310815215111,True,0.0,0.0,0.0,0.05496310815215111,0.0,0.05496310815215111
75.539449,"[447.8330993652344, 4.497992038726807, 0.0]","[523.1719970703125, 4.5, 0.0]",9.742078781320435,10.190543174743652,10.189960122650488,-0.36373138403531513,-0.5458880662918091,75.33013914579263,0.45542049389192485,0.18739700300267614,70.83013914579263,-0.4484643934232171,9.784612655639648,0.44756507873535156,75.31240844726562,True,0,10.232177734375,10.190543174743652,-0.6931781768799006,-0.3413096363161552,-0.0477224763254388,0.004942538938926044,"StraightLane index=('>>>', '1S0_0_', 0)",True,397.63775634765625,0.00200653076171875,0.00036621093751297275,"StraightLane index=('>>', '>>>', 0)",True,0.0,True,False,-0.10217685997486115,-0.042779937386512756,0.0,-0.042779937386512756,True,0.0,0.0,0.0,-0.0,0.0,-0.0
75.559261,"[448.028076171875, 4.497990608215332, 0.0]","[523.3746337890625, 4.5, 0.0]",9.734804153640447,10.176411628723145,10.175890372860417,-0.3637313839994327,-0.6188567876815796,75.338897690373,0.4484643934232171,-0.347805023435388,70.838897690373,-0.44160747508269793,9.765742301940918,0.44756507873535156,75.31240844726562,True,0,10.21330738067627,10.176411628723145,-0.6931781768799006,-0.3413096363161552,-0.0477224763254388,0.004942538938926044,"StraightLane index=('>>>', '1S0_0_', 0)",True,397.8330993652344,0.0020079612731933594,0.00037384033203601154,"StraightLane index=('>>', '>>>', 0)",True,0.0,True,False,-0.10217685997486115,-0.042779937386512756,0.0,-0.042779937386512756,True,0.0,0.0,0.0,-0.0,0.0,-0.0
75.579631,"[448.2229309082031, 4.497989177703857, 0.0]","[523.5787963867188, 4.5, 0.0]",9.72752952595864,10.162178039550781,10.161435972062286,-0.3637313840902934,-0.6701111793518066,75.34655760180416,0.44160747508269793,-0.3428459170259579,70.84655760180416,-0.4346485135921405,9.747727394104004,0.44756507873535156,75.31240844726562,True,0,10.195292472839355,10.162178039550781,-0.6931781768799006,-0.3413096363161552,-0.0477224763254388,0.004942538938926044,"StraightLane index=('>>>', '1S0_0_', 0)",True,398.028076171875,0.0020093917846679688,0.000389099121132978,"StraightLane index=('>>', '>>>', 0)",True,0.0,True,False,-0.10217685997486115,-0.042779937386512756,0.0,-0.042779937386512756,True,0.0,0.0,0.0,-0.0,0.0,-0.0
75.600001,"[448.4176330566406, 4.497987747192383, 0.0]","[523.7818603515625, 4.5, 0.0]",9.72025489827324,10.148017883300781,10.146969739125106,-0.3637313842700607,-0.6865740418434143,75.35586546379149,0.4346485135921405,-0.3479480745278707,70.85586546379149,-0.42776298502754173,9.732498168945312,0.44756507873535156,75.31240844726562,True,0,10.180063247680664,10.148017883300781,-0.7088756561279297,-0.3319893206490172,-0.05394338038111507,0.011163442994602313,"StraightLane index=('>>>', '1S0_0_', 0)",True,398.2229309082031,0.002010822296142578,0.00037384033203601154,"StraightLane index=('>>', '>>>', 0)",True,0.0,True,False,-0.10217685997486115,-0.042779937386512756,0.0,-0.042779937386512756,True,0.0,0.0,0.0,-0.0,0.0,-0.0
75.61981,"[448.6121826171875, 4.497986316680908, 0.0]","[523.9854125976562, 4.5, 0.0]",9.71298027058809,10.136947631835938,10.132707544242495,-0.36373138425744855,-0.6780632734298706,75.36422728052098,0.42776298502754173,-0.3442764282299393,70.86422728052098,-0.42396736124784695,9.719718933105469,-6.772952079772949,60.15877914428711,False,-1,2.9467668533325195,10.136947631835938,-0.7088756561279297,-0.3319893206490172,-0.05394338038111507,0.011163442994602313,"StraightLane index=('>>>', '1S0_0_', 0)",True,398.4176330566406,0.0020122528076171875,0.00036621093751297275,"StraightLane index=('>>', '>>>', 0)",True,0.0,True,False,-0.11302479356527328,-0.042779937386512756,0.0,-0.042779937386512756,True,0.0,0.0,0.0,-0.0,0.0,-0.0
75.639945,"[448.80657958984375, 4.497984886169434, 0.0]","[524.18798828125, 4.5, 0.0]",9.70570564290538,10.11585521697998,10.118211592727805,-0.36373138413550166,-0.6562251448631287,75.37322996639014,0.42396736124784695,-0.18978118898473895,70.87322996639014,-0.41014957407459995,9.708582878112793,-6.772952079772949,60.15877914428711,False,-1,2.9356307983398438,10.11585521697998,-0.7088756561279297,-0.3319893206490172,-0.05394338038111507,0.05394338038111507,"StraightLane index=('>>>', '1S0_0_', 0)",True,398.6121826171875,0.002013683319091797,0.00035858154298993396,"StraightLane index=('>>', '>>>', 0)",True,0.0,True,False,-0.11302479356527328,0.0,0.0,0.0,True,0.0,0.0,0.0,-0.0,0.0,-0.0
75.659313,"[449.0008239746094, 4.497983455657959, 0.0]","[524.389404296875, 4.5, 0.0]",9.698431015221612,10.108181953430176,10.104260321923997,-0.3637313841884371,-0.6216461658477783,75.38140867698671,0.41014957407459995,-0.6908893586623499,70.88140867698671,-0.409750938208564,9.699265480041504,-6.772952079772949,60.15877914428711,False,-1,2.9263134002685547,10.108181953430176,-0.7088756561279297,-0.3319893206490172,-0.05394338038111507,0.05394338038111507,"StraightLane index=('>>>', '1S0_0_', 0)",True,398.80657958984375,0.0020151138305664062,0.00036621093751297275,"StraightLane index=('>>', '>>>', 0)",True,0.0,True,False,-0.11302479356527328,0.0,0.0,0.0,True,0.0,0.0,0.0,-0.0,0.0,-0.0
75.67933,"[449.1949462890625, 4.497982025146484, 0.0]","[524.5863647460938, 4.5, 0.0]",9.691156387539353,10.08748722076416,10.089855634729378,-0.3637313841129419,-0.5808535814285278,75.38858030750346,0.409750938208564,-0.019931793301797285,70.88858030750346,-0.3963308332248072,9.691354751586914,-6.772952079772949,60.15877914428711,False,-1,2.918402671813965,10.08748722076416,-0.7088756561279297,-0.3319893206490172,-0.05394338038111507,0.05394338038111507,"StraightLane index=('>>>', '1S0_0_', 0)",True,399.0008239746094,0.0020165443420410156,0.00037384033203601154,"StraightLane index=('>>', '>>>', 0)",True,0.0,True,False,-0.11302479356527328,0.0,0.0,0.0,True,0.0,0.0,0.0,-0.0,0.0,-0.0
75.699148,"[449.388916015625, 4.49798059463501, 0.0]","[524.7881469726562, 4.5, 0.0]",9.683881759856133,10.079784393310547,10.075581141520292,-0.3637313841609924,-0.5420185327529907,75.39141844225968,0.3963308332248072,-0.6710052491878393,70.89141844225968,-0.3959026334544138,9.684046745300293,-6.772952079772949,60.15877914428711,False,-1,2.9110946655273438,10.079784393310547,-0.6823348999023438,-0.3226721100806975,-0.06533539833532853,0.06533539833532853,"StraightLane index=('>>>', '1S0_0_', 0)",True,399.1949462890625,0.002017974853515625,0.00037384033203601154,"StraightLane index=('>>', '>>>', 0)",True,0.0,True,False,-0.11302479356527328,0.0,0.0,0.0,True,0.0,0.0,0.0,-0.0,0.0,-0.0
75.719347,"[449.5827331542969, 4.497979164123535, 0.0]","[524.9904174804688, 4.5, 0.0]",9.676607132171986,10.05824089050293,10.060456704255195,-0.3637313842073553,-0.5023270845413208,75.39923094157871,0.3959026334544138,-0.021409988519671685,70.89923094157871,-0.3816337583309437,9.677589416503906,-6.772952079772949,60.15877914428711,False,-1,2.904637336730957,10.05824089050293,-0.6823348999023438,-0.3226721100806975,-0.06533539833532853,0.06533539833532853,"StraightLane index=('>>>', '1S0_0_', 0)",True,399.388916015625,0.0020194053649902344,0.000389099121132978,"StraightLane index=('>>', '>>>', 0)",True,0.0,True,False,-0.11302479356527328,0.0,0.0,0.0,True,0.0,0.0,0.0,-0.0,0.0,-0.0
75.73951,"[449.7763977050781, 4.4979777336120605, 0.0]","[525.1962890625, 4.5, 0.0]",9.669332504487446,10.049527168273926,10.045338666264433,-0.36373138422698403,-0.4651683270931244,75.40768431104603,0.3816337583309437,-0.7134437561735041,70.90768431104603,-0.3801946637864795,9.671673774719238,-6.772952079772949,60.15877914428711,False,-1,2.898721694946289,10.049527168273926,-0.6823348999023438,-0.3226721100806975,-0.06533539833532853,0.06533539833532853,"StraightLane index=('>>>', '1S0_0_', 0)",True,399.5827331542969,0.0020208358764648438,0.00038146972655905034,"StraightLane index=('>>', '>>>', 0)",True,0.0,True,False,-0.11302479356527328,0.0,0.0,0.0,True,0.0,0.0,0.0,-0.0,0.0,-0.0
75.759508,"[449.9699401855469, 4.497976303100586, 0.0]","[525.3959350585938, 4.5, 0.0]",9.662057876802647,10.027939796447756,10.030338643745926,-0.36373138423995144,-0.41198694705963135,75.41989134295584,0.3801946637864795,-0.07195472722321128,70.91989134295584,-0.3658819196451084,9.663829803466797,-6.772952079772949,60.15877914428711,False,-1,2.8908777236938477,10.027939796447756,-0.6823348999023438,-0.3226721100806975,-0.06533539833532853,0.06533539833532853,"StraightLane index=('>>>', '1S0_0_', 0)",True,399.7763977050781,0.002022266387939453,0.00036621093751297275,"StraightLane index=('>>', '>>>', 0)",True,0.0,True,False,-0.11302479356527328,0.0,0.0,0.0,True,0.0,0.0,0.0,-0.0,0.0,-0.0
75.779225,"[450.163330078125, 4.497974872589111, 0.0]","[525.5918579101562, 4.5, 0.0]",9.654783249114857,10.01996898651123,10.015552944265071,-0.3637313843895207,-0.4026711881160736,75.42599485823725,0.3658819196451084,-0.7156372070685535,70.92599485823725,-0.3651857373963736,9.660687446594238,-6.772952079772949,60.15877914428711,False,-1,2.887735366821289,10.01996898651123,-0.6823348999023438,-0.3226721100806975,-0.06533539833532853,0.06533539833532853,"StraightLane index=('>>>', '1S0_0_', 0)",True,399.9699401855469,0.0020236968994140625,0.00037384033203601154,"StraightLane index=('>>', '>>>', 0)",True,0.0,True,False,-0.11302479356527328,0.0,0.0,0.0,True,0.0,0.0,0.0,-0.0,0.0,-0.0
75.799304,"[450.3565673828125, 4.497973442077637, 0.0]","[525.7930908203125, 4.5, 0.0]",9.647508621427804,9.998266220092773,10.000492614258835,-0.3637313843526613,-0.3728349506855011,75.42852781721223,0.3651857373963736,-0.03480911243674001,70.92852781721223,-0.3507575986649698,9.65207576751709,-6.772952079772949,60.15877914428711,False,-1,2.8791236877441406,9.998266220092773,-0.8151817321777344,-0.3189362596988485,-0.0909438205666181,0.0909438205666181,"StraightLane index=('>>>', '1S0_0_', 0)",True,400.163330078125,0.002025127410888672,0.00037384033203601154,"StraightLane index=('>>', '>>>', 0)",True,0.0,True,False,-0.11302479356527328,0.0,0.0,0.0,True,0.0,0.0,0.0,-0.0,0.0,-0.0
75.820066,"[450.5496520996094, 4.497972011566162, 0.0]","[525.9942016601562, 4.5, 0.0]",9.640233993740946,9.989503860473633,9.984436911881074,-0.3637313843428913,-0.36706113815307617,75.43652342267147,0.3507575986649698,-0.7214069365701903,70.93652342267147,-0.349269866732687,9.648953437805176,0.3651857376098633,75.42852783203125,True,0,10.014139175415039,9.989503860473633,-0.8151817321777344,-0.3189362596988485,-0.0909438205666181,0.0909438205666181,"StraightLane index=('>>>', '1S0_0_', 0)",True,400.3565673828125,0.0020265579223632812,0.00037384033203601154,"StraightLane index=('>>', '>>>', 0)",True,0.0,True,False,-0.16036401689052582,0.0,0.0,0.0,True,0.0,0.0,0.0,-0.0,0.0,-0.0
75.839291,"[450.74261474609375, 4.4979705810546875, 0.0]","[526.192626953125, 4.5, 0.0]",9.644651413171225,9.967416763305664,9.96955756296647,0.2208709715139534,-0.3547942042350769,75.44454954604376,0.349269866732687,-0.07438659661413993,70.94454954604376,-0.3227653501344392,9.6430082321167,0.3651857376098633,75.42852783203125,True,0,10.008193969726562,9.967416763305664,-0.8151817321777344,-0.3189362596988485,-0.0909438205666181,0.3283145500130292,"StraightLane index=('>>>', '1S0_0_', 0)",True,400.5496520996094,0.0020279884338378906,0.00036621093751297275,"StraightLane index=('>>', '>>>', 0)",True,0.0,True,False,-0.16036401689052582,0.23737072944641113,0.0,0.23737072944641113,True,0.0,0.0,0.08,0.0,0.08,0.0
75.858666,"[450.9354248046875, 4.497969150543213, 0.0]","[526.3905029296875, 4.5, 0.0]",9.652845382895896,9.958709716796875,9.954554768018589,0.409698486233534,-0.3499668538570404,75.45001219251888,0.3227653501344392,-1.325225829912391,70.95001219251888,-0.30586433390097945,9.636488914489746,0.3651857376098633,75.42852783203125,True,0,10.00167465209961,9.958709716796875,-0.8151817321777344,-0.3189362596988485,-0.0909438205666181,0.3283145500130292,"StraightLane index=('>>>', '1S0_0_', 0)",True,400.74261474609375,0.0020294189453125,0.00036621093751297275,"StraightLane index=('>>', '>>>', 0)",True,0.0,True,False,-0.16036401689052582,0.23737072944641113,0.0,0.23737072944641113,True,0.0,0.0,0.14835670590400696,0.0,0.14835670590400696,0.0
75.87976,"[451.1283264160156, 4.497967720031738, 0.0]","[526.5955810546875, 4.5, 0.0]",9.661039352621179,9.936106681823732,9.938236005907637,0.40969848626417615,-0.32767003774642944,75.45507811047838,0.30586433390097945,-0.8450508116729871,70.95507811047838,-0.27506732920255317,9.631868362426758,0.3651857376098633,75.42852783203125,True,0,9.997054100036621,9.936106681823732,-0.8151817321777344,-0.3189362596988485,-0.0909438205666181,0.3283145500130292,"StraightLane index=('>>>', '1S0_0_', 0)",True,400.9354248046875,0.0020308494567871094,0.00036621093751297275,"StraightLane index=('>>', '>>>', 0)",True,0.0,True,False,-0.16036401689052582,0.23737072944641113,0.0,0.23737072944641113,True,0.0,0.0,0.14835670590400696,0.0,0.14835670590400696,0.0
75.900402,"[451.3213806152344, 4.497966289520264, 0.0]","[526.7938842773438, 4.5, 0.0]",9.66923332235149,9.927366256713867,9.922288536755751,0.40969848651553065,-0.2350681573152542,75.46725462414088,0.27506732920255317,-1.539850234921314,70.96725462414088,-0.2581329343623775,9.632534980773926,0.3651857376098633,75.42852783203125,True,0,9.997720718383789,9.927366256713867,-0.7089996337890625,-0.3118576209115808,-0.14407121357603545,0.3814419430224466,"StraightLane index=('>>>', '1S0_0_', 0)",True,401.1283264160156,0.0020322799682617188,0.00036621093751297275,"StraightLane index=('>>', '>>>', 0)",True,0.0,True,False,-0.16036401689052582,0.23737072944641113,0.0,0.23737072944641113,True,0.0,0.0,0.14835670590400696,0.0,0.14835670590400696,0.0
75.919662,"[451.51458740234375, 4.497964859008789, 0.0]","[526.9930419921875, 4.5, 0.0]",9.677427292077976,9.904762268066406,9.906825933433227,0.40969848632430583,-0.18765310943126678,75.472503646558,0.2581329343623775,-0.8467197420087835,70.972503646558,-0.22733497598843044,9.63515853881836,0.2750673294067383,75.46725463867188,True,0,9.910225868225098,9.904762268066406,-0.7089996337890625,-0.3118576209115808,-0.14407121357603545,0.3814419430224466,"StraightLane index=('>>>', '1S0_0_', 0)",True,401.3213806152344,0.002033710479736328,0.000389099121132978,"StraightLane index=('>>', '>>>', 0)",True,0.0,True,False,-0.16036401689052582,0.23737072944641113,0.0,0.23737072944641113,True,0.0,0.0,0.14835670590400696,0.0,0.14835670590400696,0.0
75.939737,"[451.7079772949219, 4.4979634284973145, 0.0]","[527.19091796875, 4.5, 0.0]",9.682405472011759,9.895392417907715,9.890739184503039,0.24890899668914557,-0.04631615802645683,75.47845457529424,0.22733497598843044,-1.5398979186973527,70.97845457529424,-0.21298694589595613,9.64574146270752,0.2750673294067383,75.46725463867188,True,0,9.920808792114258,9.895392417907715,-0.7089996337890625,-0.3118576209115808,-0.14407121357603545,0.2883021008698511,"StraightLane index=('>>>', '1S0_0_', 0)",True,401.51458740234375,0.0020351409912109375,0.00036621093751297275,"StraightLane index=('>>', '>>>', 0)",True,0.0,True,False,-0.16036401689052582,0.1442308872938156,0.0,0.1442308872938156,True,0.0,0.0,0.09014430455863476,0.0,0.09014430455863476,0.0
75.959003,"[451.9015197753906, 4.49796199798584, 0.0]","[527.387451171875, 4.5, 0.0]",9.68738365194732,9.872794151306152,9.875298040777329,0.24890899677805223,0.05151435360312462,75.48294065825706,0.21298694589595613,-0.7174015046237159,70.98294065825706,-0.18541049935883258,9.655609130859375,0.2750673294067383,75.46725463867188,True,0,9.930676460266113,9.872794151306152,-0.7089996337890625,-0.3118576209115808,-0.14407121357603545,0.2883021008698511,"StraightLane index=('>>>', '1S0_0_', 0)",True,401.7079772949219,0.002036571502685547,0.000389099121132978,"StraightLane index=('>>', '>>>', 0)",True,0.0,True,False,-0.16036401689052582,0.1442308872938156,0.0,0.1442308872938156,True,0.0,0.0,0.09014430455863476,0.0,0.09014430455863476,0.0
75.979063,"[452.09515380859375, 4.497960567474365, 0.0]","[527.5804443359375, 4.5, 0.0]",9.69236183188656,9.863821983337402,9.859240276029043,0.24890899696199398,0.09751564264297485,75.48593138056322,0.18541049935883258,-1.3788223268561772,70.98593138056322,-0.1714601514508427,9.66094970703125,0.2750673294067383,75.46725463867188,True,0,9.936017036437988,9.863821983337402,-0.7089996337890625,-0.3118576209115808,-0.14407121357603545,0.2883021008698511,"StraightLane index=('>>>', '1S0_0_', 0)",True,401.9015197753906,0.0020380020141601562,0.00039672851560512793,"StraightLane index=('>>', '>>>', 0)",True,0.0,True,False,-0.16036401689052582,0.1442308872938156,0.0,0.1442308872938156,True,0.0,0.0,0.09014430455863476,0.0,0.09014430455863476,0.0
75.999187,"[452.2889099121094, 4.497959136962891, 0.0]","[527.77783203125, 4.5, 0.0]",9.697340011828535,9.841153144836426,9.8431167195398,0.24890899709877345,0.1683216542005539,75.4852905114127,0.1714601514508427,-0.697517395399494,70.9852905114127,-0.14381313300789067,9.670700073242188,0.2750673294067383,75.46725463867188,True,0,9.945767402648926,9.841153144836426,-0.8621311187744141,-0.31084644797752725,-0.21736791152239832,0.36159879881621393,"StraightLane index=('>>>', '1S0_0_', 0)",True,402.09515380859375,0.0020394325256347656,0.00039672851560512793,"StraightLane index=('>>', '>>>', 0)",True,0.0,True,False,-0.16036401689052582,0.1442308872938156,0.0,0.1442308872938156,True,0.0,0.0,0.09014430455863476,0.0,0.09014430455863476,0.0
76.019165,"[452.4827575683594, 4.497957706451416, 0.0]","[527.9752807617188, 4.5, 0.0]",9.702318191770203,9.831418991088867,9.826672313016605,0.24890899708340797,0.22143949568271637,75.48892210147606,0.14381313300789067,-1.3823509221476016,70.98892210147606,-0.12910079931866392,9.679893493652344,0.17146015167236328,75.48529052734375,True,0,9.851353645324707,9.831418991088867,-0.8621311187744141,-0.31084644797752725,-0.21736791152239832,0.36159879881621393,"StraightLane index=('>>>', '1S0_0_', 0)",True,402.2889099121094,0.002040863037109375,0.0004348754882712107,"StraightLane index=('>>', '>>>', 0)",True,0.0,True,False,-0.16036401689052582,0.1442308872938156,0.0,0.1442308872938156,True,0.0,0.0,0.09014430455863476,0.0,0.09014430455863476,0.0
76.039764,"[452.67669677734375, 4.497956275939941, 0.0]","[528.1766357421875, 4.5, 0.0]",9.704401016481482,9.807823181152344,9.8097225868816,0.10414123556392596,0.2626502513885498,75.49252317672257,0.12910079931866392,-0.7356166844613377,70.99252317672257,-0.10342216467086196,9.688840866088867,0.17146015167236328,75.48529052734375,True,0,9.86030101776123,9.807823181152344,-0.8621311187744141,-0.31084644797752725,-0.21736791152239832,0.27767324987531694,"StraightLane index=('>>>', '1S0_0_', 0)",True,402.4827575683594,0.0020422935485839844,0.0004119873047020944,"StraightLane index=('>>', '>>>', 0)",True,0.0,True,False,-0.1600702852010727,0.060305338352918625,0.0,0.060305338352918625,True,0.0,0.0,0.03769083647057414,0.0,0.03769083647057414,0.0
76.059149,"[452.8707580566406, 4.497954845428467, 0.0]","[528.3713989257812, 4.5, 0.0]",9.706483841189032,9.798118591308594,9.793718244991728,0.10414123537749731,0.29290178418159485,75.49993894888264,0.10342216467086196,-1.2839317323900978,70.99993894888264,-0.09163475011956201,9.697406768798828,0.17146015167236328,75.48529052734375,True,0,9.868866920471191,9.798118591308594,-0.8621311187744141,-0.31084644797752725,-0.21736791152239832,0.27767324987531694,"StraightLane index=('>>>', '1S0_0_', 0)",True,402.67669677734375,0.0020437240600585938,0.00039672851560512793,"StraightLane index=('>>', '>>>', 0)",True,0.0,True,False,-0.1600702852010727,0.060305338352918625,0.0,0.060305338352918625,True,0.0,0.0,0.03769083647057414,0.0,0.03769083647057414,0.0
76.079835,"[453.0648498535156, 4.497953414916992, 0.0]","[528.5682983398438, 4.5, 0.0]",9.708566665897381,9.774897575378418,9.776683035448189,0.10414123541746534,0.30892422795295715,75.50064085248303,0.09163475011956201,-0.5893707275649973,71.00064085248303,-0.06633090948103693,9.705034255981445,0.17146015167236328,75.48529052734375,True,0,9.876494407653809,9.774897575378418,-0.8621311187744141,-0.31084644797752725,-0.21736791152239832,0.27767324987531694,"StraightLane index=('>>>', '1S0_0_', 0)",True,402.8707580566406,0.002045154571533203,0.0004119873047020944,"StraightLane index=('>>', '>>>', 0)",True,0.0,True,False,-0.1600702852010727,0.060305338352918625,0.0,0.060305338352918625,True,0.0,0.0,0.03769083647057414,0.0,0.03769083647057414,0.0
76.099997,"[453.25897216796875, 4.497951984405518, 0.0]","[528.7643432617188, 4.5, 0.0]",9.710649490605494,9.765084266662598,9.760066737962182,0.10414123540565257,0.3053775429725647,75.50344847000432,0.06633090948103693,-1.2651920319262544,71.00344847000432,-0.05443477605710356,9.71084976196289,0.17146015167236328,75.48529052734375,True,0,9.882309913635254,9.765084266662598,-0.7606887817382812,-0.30638591054061437,-0.27100330610349704,0.33130864445641567,"StraightLane index=('>>>', '1S0_0_', 0)",True,403.0648498535156,0.0020465850830078125,0.0004043579101790556,"StraightLane index=('>>', '>>>', 0)",True,0.0,True,False,-0.1600702852010727,0.060305338352918625,0.0,0.060305338352918625,True,0.0,0.0,0.03769083647057414,0.0,0.03769083647057414,0.0
76.119901,"[453.4531555175781, 4.497950553894043, 0.0]","[528.9591674804688, 4.5, 0.0]",9.71273231531348,9.7449951171875,9.74326498942752,0.10414123539925768,0.2888796925544739,75.50537107741604,0.05443477605710356,-0.5948066711966682,71.00537107741604,-0.03226280187402075,9.71513843536377,0.0663309097290039,75.50344848632812,True,0,9.781469345092773,9.7449951171875,-0.7606887817382812,-0.30638591054061437,-0.27100330610349704,0.33130864445641567,"StraightLane index=('>>>', '1S0_0_', 0)",True,403.25897216796875,0.002048015594482422,0.0004043579101790556,"StraightLane index=('>>', '>>>', 0)",True,0.0,True,False,-0.1600702852010727,0.060305338352918625,0.0,0.060305338352918625,True,0.0,0.0,0.03769083647057414,0.0,0.03769083647057414,0.0
76.139073,"[453.6473693847656, 4.497949123382568, 0.0]","[529.1488647460938, 4.5, 0.0]",9.705457687631107,9.72518539428711,9.7270844535724,-0.36373138411862627,0.26807641983032227,75.50601194654656,0.03226280187402075,-1.1085987091541405,71.00601194654656,-0.019727706656002653,9.718621253967285,0.0663309097290039,75.50344848632812,True,0,9.784952163696289,9.72518539428711,-0.7606887817382812,-0.30638591054061437,-0.27100330610349704,0.2427336258865886,"StraightLane index=('>>>', '1S0_0_', 0)",True,403.4531555175781,0.0020494461059570312,0.0004043579101790556,"StraightLane index=('>>', '>>>', 0)",True,0.0,True,False,-0.1600702852010727,-0.028269680216908455,0.0,-0.028269680216908455,True,0.0,0.0,0.0,-0.0,0.0,-0.0
76.159255,"[453.84161376953125, 4.497947692871094, 0.0]","[529.3469848632812, 4.5, 0.0]",9.698183059947144,9.714648246765137,9.71004417798901,-0.36373138419811823,0.24548451602458954,75.50149534462936,0.019727706656002653,-0.626754760900905,71.00149534462936,-0.01646518681799236,9.721487998962402,0.0663309097290039,75.50344848632812,True,0,9.787818908691406,9.714648246765137,-0.7606887817382812,-0.30638591054061437,-0.27100330610349704,0.2427336258865886,"StraightLane index=('>>>', '1S0_0_', 0)",True,403.6473693847656,0.0020508766174316406,0.0004119873047020944,"StraightLane index=('>>', '>>>', 0)",True,0.0,True,False,-0.1600702852010727,-0.028269680216908455,0.0,-0.028269680216908455,True,0.0,0.0,0.0,-0.0,0.0,-0.0
76.179767,"[454.0357360839844, 4.497946262359619, 0.0]","[529.5421752929688, 4.5, 0.0]",9.690908432262809,9.691027641296387,9.692748255634681,-0.36373138421677,0.20456166565418243,75.50537107669462,0.01646518681799236,-0.16312599190051458,71.00537107669462,-0.00011920903357776069,9.721979141235352,0.0663309097290039,75.50344848632812,True,0,9.788310050964355,9.691027641296387,-0.7606887817382812,-0.30638591054061437,-0.27100330610349704,0.2427336258865886,"StraightLane index=('>>>', '1S0_0_', 0)",True,403.84161376953125,0.00205230712890625,0.00041961669922513313,"StraightLane index=('>>', '>>>', 0)",True,0.0,True,False,-0.1600702852010727,-0.028269680216908455,0.0,-0.028269680216908455,True,0.0,0.0,0.0,-0.0,0.0,-0.0
76.199944,"[454.2297058105469, 4.4979448318481445, 0.0]","[529.7359008789062, 4.5, 0.0]",9.683633804577962,9.680869102478027,9.675712351100639,-0.3637313842423495,0.13758248090744019,75.50643919226492,0.00011920903357776069,-0.81729888922073,71.00643919226492,0.002764702099934624,9.718770980834961,0.0663309097290039,75.50344848632812,True,0,9.785101890563965,9.680869102478027,-0.8421516418457031,-0.30522262695115254,-0.30701968331611007,0.2787500030992016,"StraightLane index=('>>>', '1S0_0_', 0)",True,404.0357360839844,0.0020537376403808594,0.0004119873047020944,"StraightLane index=('>>', '>>>', 0)",True,0.0,True,False,-0.1600702852010727,-0.028269680216908455,0.0,-0.028269680216908455,True,0.0,0.0,0.0,-0.0,0.0,-0.0
76.22003,"[454.42352294921875, 4.49794340133667, 0.0]","[529.9302978515625, 4.5, 0.0]",9.67635917689008,9.657033920288086,9.658493965576021,-0.3637313843941392,0.025213580578565598,75.50619505231887,-0.002764702099934624,-0.14419555667561923,71.00619505231887,0.019325256601993246,9.709985733032227,0.00011920903489226475,75.50643920898438,True,0,9.710104942067119,9.657033920288086,-0.8421516418457031,-0.30522262695115254,-0.30701968331611007,0.2787500030992016,"StraightLane index=('>>>', '1S0_0_', 0)",True,404.2297058105469,0.0020551681518554688,0.00039672851560512793,"StraightLane index=('>>', '>>>', 0)",True,0.0,True,False,-0.16850948333740234,-0.028269680216908455,0.0,-0.028269680216908455,True,0.0,0.0,0.0,-0.0,0.0,-0.0
76.239315,"[454.6171875, 4.497941970825195, 0.0]","[530.1179809570312, 4.5, 0.0]",9.647165298713992,9.647003173828125,9.641969079898695,-1.4596939088043825,-0.01900906302034855,75.5067748859492,-0.019325256601993246,-0.8280277251029311,71.0067748859492,0.0001621248858665325,9.705598831176758,0.00011920903489226475,75.50643920898438,True,0,9.70571804021165,9.647003173828125,-0.8421516418457031,-0.30522262695115254,-0.30701968331611007,0.217276858880876,"StraightLane index=('>>>', '1S0_0_', 0)",True,404.42352294921875,0.002056598663330078,0.0004043579101790556,"StraightLane index=('>>', '>>>', 0)",True,0.0,True,False,-0.16850948333740234,-0.08974282443523407,0.0,-0.08974282443523407,True,0.0,0.0,0.0,0.08974282443523407,0.0,0.08974282443523407
76.259389,"[454.8106994628906, 4.497940540313721, 0.0]","[530.314208984375, 4.5, 0.0]",9.617971420538307,9.622875213623047,9.624760441915825,-1.459693908784221,-0.09997734427452087,75.50079344062674,-0.0001621248858665325,0.9581565858063357,71.00079344062674,-0.00490379308473976,9.696354866027832,0.00011920903489226475,75.50643920898438,True,0,9.696474075062724,9.622875213623047,-0.8421516418457031,-0.30522262695115254,-0.30701968331611007,0.217276858880876,"StraightLane index=('>>>', '1S0_0_', 0)",True,404.6171875,0.0020580291748046875,0.0004043579101790556,"StraightLane index=('>>', '>>>', 0)",True,0.0,True,False,-0.16850948333740234,-0.08974282443523407,0.0,-0.08974282443523407,True,0.0,0.0,0.0,0.08974282443523407,0.0,0.08974282443523407
76.280375,"[455.0036315917969, 4.497939109802246, 0.0]","[530.5079345703125, 4.5, 0.0]",9.58877754236021,9.612310409545898,9.606792693043266,-1.4596939089048355,-0.2677305042743683,75.5035095057574,0.00490379308473976,0.25329589853031464,71.0035095057574,-0.023532867185688033,9.674312591552734,0.00011920903489226475,75.50643920898438,True,0,9.674431800587627,9.612310409545898,-0.8421516418457031,-0.30522262695115254,-0.30701968331611007,0.217276858880876,"StraightLane index=('>>>', '1S0_0_', 0)",True,404.8106994628906,0.002059459686279297,0.000389099121132978,"StraightLane index=('>>', '>>>', 0)",True,0.0,True,False,-0.16850948333740234,-0.08974282443523407,0.0,-0.08974282443523407,True,0.0,0.0,0.0,0.08974282443523407,0.0,0.08974282443523407
76.300181,"[455.19598388671875, 4.4979376792907715, 0.0]","[530.7003173828125, 4.5, 0.0]",9.55958366418349,9.588526725769043,9.589812860668017,-1.4596939088360017,-0.3633793890476227,75.50430296277892,0.023532867185688033,0.9314537050474136,71.00430296277892,-0.0289430615855526,9.661601066589355,0.00011920903489226475,75.50643920898438,True,0,9.661720275624248,9.588526725769043,-0.9234237670898438,-0.3070201961041818,-0.2882072060735726,0.19846438163833852,"StraightLane index=('>>>', '1S0_0_', 0)",True,405.0036315917969,0.0020608901977539062,0.000389099121132978,"StraightLane index=('>>', '>>>', 0)",True,0.0,True,False,-0.16850948333740234,-0.08974282443523407,0.0,-0.08974282443523407,True,0.0,0.0,0.0,0.08974282443523407,0.0,0.08974282443523407
76.321312,"[455.38775634765625, 4.497936248779297, 0.0]","[530.8887329101562, 4.5, 0.0]",9.53038978600726,9.578256607055664,9.57166199216441,-1.459693908811488,-0.5395784378051758,75.50433347965887,0.0289430615855526,0.27050971999322826,71.00433347965887,-0.04786682104840345,9.635104179382324,0.023532867431640625,75.50430297851562,True,0,9.658637046813965,9.578256607055664,-0.9234237670898438,-0.3070201961041818,-0.2882072060735726,0.19846438163833852,"StraightLane index=('>>>', '1S0_0_', 0)",True,405.19598388671875,0.0020623207092285156,0.0004043579101790556,"StraightLane index=('>>', '>>>', 0)",True,0.0,True,False,-0.16850948333740234,-0.08974282443523407,0.0,-0.08974282443523407,True,0.0,0.0,0.0,0.08974282443523407,0.0,0.08974282443523407
76.339732,"[455.5789489746094, 4.497934818267822, 0.0]","[531.0834350585938, 4.5, 0.0]",9.50167655968923,9.554014205932617,9.555712872516562,-1.4356613159015374,-0.7213437557220459,75.5009765460551,0.04786682104840345,0.9461879731425427,71.0009765460551,-0.052337646243387326,9.604477882385254,0.023532867431640625,75.50430297851562,True,0,9.628010749816895,9.554014205932617,-0.9234237670898438,-0.3070201961041818,-0.2882072060735726,0.19994747931080098,"StraightLane index=('>>>', '1S0_0_', 0)",True,405.38775634765625,0.002063751220703125,0.0004043579101790556,"StraightLane index=('>>', '>>>', 0)",True,0.0,True,False,-0.16850948333740234,-0.0882597267627716,0.0,-0.0882597267627716,True,0.0,0.0,0.0,0.0882597267627716,0.0,0.0882597267627716
76.358624,"[455.7695617675781, 4.497933387756348, 0.0]","[531.2685546875, 4.5, 0.0]",9.472963333373013,9.543965339660645,9.539421590577371,-1.4356613158108544,-0.8952704668045044,75.50448606683473,0.052337646243387326,0.2235412597491937,71.00448606683473,-0.07100200628763176,9.571040153503418,0.023532867431640625,75.50430297851562,True,0,9.594573020935059,9.543965339660645,-0.9234237670898438,-0.3070201961041818,-0.2882072060735726,0.19994747931080098,"StraightLane index=('>>>', '1S0_0_', 0)",True,405.5789489746094,0.0020651817321777344,0.00041961669922513313,"StraightLane index=('>>', '>>>', 0)",True,0.0,True,False,-0.16850948333740234,-0.0882597267627716,0.0,-0.0882597267627716,True,0.0,0.0,0.0,0.0882597267627716,0.0,0.0882597267627716
76.37961,"[455.9595947265625, 4.497931957244873, 0.0]","[531.464111328125, 4.5, 0.0]",9.444250107055316,9.51963806152344,9.521339393289786,-1.4356613158848397,-1.1048164367675781,75.49899290311004,0.07100200628763176,0.9332180022122216,70.99899290311004,-0.0753879544681233,9.519989967346191,0.023532867431640625,75.50430297851562,True,0,9.543522834777832,9.51963806152344,-0.9234237670898438,-0.3070201961041818,-0.2882072060735726,0.19994747931080098,"StraightLane index=('>>>', '1S0_0_', 0)",True,405.7695617675781,0.0020666122436523438,0.0004119873047020944,"StraightLane index=('>>', '>>>', 0)",True,0.0,True,False,-0.16850948333740234,-0.0882597267627716,0.0,-0.0882597267627716,True,0.0,0.0,0.0,0.0882597267627716,0.0,0.0882597267627716
76.399475,"[456.1490478515625, 4.497930526733398, 0.0]","[531.6549072265625, 4.5, 0.0]",9.415536880737449,9.509081840515137,9.504213793636909,-1.4356613158933662,-1.1840747594833374,75.50451658474023,0.0753879544681233,0.21929740902457695,71.00451658474023,-0.09354495977768806,9.500627517700195,0.023532867431640625,75.50430297851562,True,0,9.524160385131836,9.509081840515137,-0.7944488525390625,-0.3041238863326308,-0.24331966247713357,0.15505993571436197,"StraightLane index=('>>>', '1S0_0_', 0)",True,405.9595947265625,0.002068042755126953,0.0004119873047020944,"StraightLane index=('>>', '>>>', 0)",True,0.0,True,False,-0.16850948333740234,-0.0882597267627716,0.0,-0.0882597267627716,True,0.0,0.0,0.0,0.0882597267627716,0.0,0.0882597267627716
76.419751,"[456.3379211425781, 4.497929096221924, 0.0]","[531.8414916992188, 4.5, 0.0]",9.38682365441675,9.485487937927246,9.48678042543326,-1.4356613160349418,-1.2965763807296753,75.5058593581674,0.09354495977768806,0.9078502654782383,71.0058593581674,-0.09866428351049628,9.464673042297363,0.07538795471191406,75.5045166015625,True,0,9.540060997009277,9.485487937927246,-0.7944488525390625,-0.3041238863326308,-0.24331966247713357,0.15505993571436197,"StraightLane index=('>>>', '1S0_0_', 0)",True,406.1490478515625,0.0020694732666015625,0.0004119873047020944,"StraightLane index=('>>', '>>>', 0)",True,0.0,True,False,-0.17828311026096344,-0.0882597267627716,0.0,-0.0882597267627716,True,0.0,0.0,0.0,0.0882597267627716,0.0,0.0882597267627716
76.440685,"[456.5262451171875, 4.497927665710449, 0.0]","[532.0326538085938, 4.5, 0.0]",9.358594894649555,9.474776268005371,9.468777366895534,-1.411437988359765,-1.382437825202942,75.50357054049124,0.09866428351049628,0.2559661866404106,71.00357054049124,-0.11618137335581658,9.429398536682129,0.07538795471191406,75.5045166015625,True,0,9.504786491394043,9.474776268005371,-0.7944488525390625,-0.3041238863326308,-0.24331966247713357,0.1565532853857258,"StraightLane index=('>>>', '1S0_0_', 0)",True,406.3379211425781,0.002070903778076172,0.00039672851560512793,"StraightLane index=('>>', '>>>', 0)",True,0.0,True,False,-0.17828311026096344,-0.08676637709140778,0.0,-0.08676637709140778,True,0.0,0.0,0.0,0.08676637709140778,0.0,0.08676637709140778
76.459516,"[456.7139892578125, 4.497926235198975, 0.0]","[532.2236328125, 4.5, 0.0]",9.33036613488306,9.450748443603516,9.452581308539097,-1.411437988324682,-1.4487717151641846,75.50640867524689,0.11618137335581658,0.875854492266015,71.00640867524689,-0.12038230872045474,9.394579887390137,0.07538795471191406,75.5045166015625,True,0,9.46996784210205,9.450748443603516,-0.7944488525390625,-0.3041238863326308,-0.24331966247713357,0.1565532853857258,"StraightLane index=('>>>', '1S0_0_', 0)",True,406.5262451171875,0.0020723342895507812,0.00039672851560512793,"StraightLane index=('>>', '>>>', 0)",True,0.0,True,False,-0.17828311026096344,-0.08676637709140778,0.0,-0.08676637709140778,True,0.0,0.0,0.0,0.08676637709140778,0.0,0.08676637709140778
76.47928,"[456.9011535644531, 4.4979248046875, 0.0]","[532.407958984375, 4.5, 0.0]",9.302137375116503,9.440661430358887,9.435587535665558,-1.4114379883278794,-1.4964802265167236,75.50964353851815,0.12038230872045474,0.2100467682319085,71.00964353851815,-0.13852405524238343,9.360459327697754,0.07538795471191406,75.5045166015625,True,0,9.435847282409668,9.440661430358887,-0.7944488525390625,-0.3041238863326308,-0.24331966247713357,0.1565532853857258,"StraightLane index=('>>>', '1S0_0_', 0)",True,406.7139892578125,0.0020737648010253906,0.00039672851560512793,"StraightLane index=('>>', '>>>', 0)",True,0.0,True,False,-0.17828311026096344,-0.08676637709140778,0.0,-0.08676637709140778,True,0.0,0.0,0.0,0.08676637709140778,0.0,0.08676637709140778
76.498923,"[457.0877685546875, 4.497923374176025, 0.0]","[532.59619140625, 4.5, 0.0]",9.273908615349852,9.416885375976562,9.418685658971965,-1.4114379883325867,-1.5192557573318481,75.50680540339607,0.13852405524238343,0.907087326096434,71.00680540339607,-0.14297676062671094,9.31286334991455,0.07538795471191406,75.5045166015625,True,0,9.388251304626465,9.416885375976562,-0.9219646453857422,-0.30598026028786873,-0.2130453658805066,0.12627898878909882,"StraightLane index=('>>>', '1S0_0_', 0)",True,406.9011535644531,0.0020751953125,0.0004043579101790556,"StraightLane index=('>>', '>>>', 0)",True,0.0,True,False,-0.17828311026096344,-0.08676637709140778,0.0,-0.08676637709140778,True,0.0,0.0,0.0,0.08676637709140778,0.0,0.08676637709140778
76.51916,"[457.2738037109375, 4.497921943664551, 0.0]","[532.7855224609375, 4.5, 0.0]",9.245679855583349,9.406318664550781,9.401400502215965,-1.411437988325126,-1.5359892845153809,75.50842283537337,0.14297676062671094,0.22263526921637578,71.00842283537337,-0.1606388089674322,9.295915603637695,0.13852405548095703,75.50680541992188,True,0,9.434439659118652,9.406318664550781,-0.9219646453857422,-0.30598026028786873,-0.2130453658805066,0.12627898878909882,"StraightLane index=('>>>', '1S0_0_', 0)",True,407.0877685546875,0.0020766258239746094,0.00039672851560512793,"StraightLane index=('>>', '>>>', 0)",True,0.0,True,False,-0.17828311026096344,-0.08676637709140778,0.0,-0.08676637709140778,True,0.0,0.0,0.0,0.08676637709140778,0.0,0.08676637709140778
76.53913,"[457.45928955078125, 4.497920513153076, 0.0]","[532.97314453125, 4.5, 0.0]",9.223459244010199,9.382555961608887,9.384345573951965,-1.1110305786575125,-1.5358022451400757,75.51171873345388,0.1606388089674322,0.8831024170360635,71.01171873345388,-0.15909671759868793,9.265329360961914,0.13852405548095703,75.50680541992188,True,0,9.403853416442871,9.382555961608887,-0.9219646453857422,-0.30598026028786873,-0.2130453658805066,0.1447392774329358,"StraightLane index=('>>>', '1S0_0_', 0)",True,407.2738037109375,0.0020780563354492188,0.0004043579101790556,"StraightLane index=('>>', '>>>', 0)",True,0.0,True,False,-0.17828311026096344,-0.0683060884475708,0.0,-0.0683060884475708,True,0.0,0.0,0.0,0.0683060884475708,0.0,0.0683060884475708
76.558323,"[457.6441955566406, 4.497919082641602, 0.0]","[533.1591186523438, 4.5, 0.0]",9.201238632437322,9.37228775024414,9.367949892702114,-1.1110305786438346,-1.5317182540893555,75.51385496425968,0.15909671759868793,-0.07710456843721403,71.01385496425968,-0.17104911780681853,9.235201835632324,0.13852405548095703,75.50680541992188,True,0,9.373725891113281,9.37228775024414,-0.9219646453857422,-0.30598026028786873,-0.2130453658805066,0.1447392774329358,"StraightLane index=('>>>', '1S0_0_', 0)",True,407.45928955078125,0.002079486846923828,0.00039672851560512793,"StraightLane index=('>>', '>>>', 0)",True,0.0,True,False,-0.17828311026096344,-0.0683060884475708,0.0,-0.0683060884475708,True,0.0,0.0,0.0,0.0683060884475708,0.0,0.0683060884475708
76.579765,"[457.82867431640625, 4.497917652130127, 0.0]","[533.35205078125, 4.5, 0.0]",9.179018020859559,9.351375579833984,9.34965094775521,-1.1110305788881725,-1.4890127182006836,75.51492307913674,0.17104911780681853,0.5976200104065299,71.01492307913674,-0.17235755897442573,9.194048881530762,0.13852405548095703,75.50680541992188,True,0,9.332572937011719,9.351375579833984,-0.9219646453857422,-0.30598026028786873,-0.2130453658805066,0.1447392774329358,"StraightLane index=('>>>', '1S0_0_', 0)",True,407.6441955566406,0.0020809173583984375,0.0004043579101790556,"StraightLane index=('>>', '>>>', 0)",True,0.0,True,False,-0.17828311026096344,-0.0683060884475708,0.0,-0.0683060884475708,True,0.0,0.0,0.0,0.0683060884475708,0.0,0.0683060884475708
76.599467,"[458.0126953125, 4.497916221618652, 0.0]","[533.5398559570312, 4.5, 0.0]",9.156797409281266,9.334268569946289,9.3328182738385,-1.1110305789146402,-1.479138731956482,75.52337644896089,0.17235755897442573,0.06542205838035997,71.02337644896089,-0.17747116066502322,9.180194854736328,0.13852405548095703,75.50680541992188,True,0,9.318718910217285,9.334268569946289,-0.8261680603027344,-0.3042981163696776,-0.18894186193741247,0.12063577348984167,"StraightLane index=('>>>', '1S0_0_', 0)",True,407.82867431640625,0.002082347869873047,0.000389099121132978,"StraightLane index=('>>', '>>>', 0)",True,0.0,True,False,-0.17828311026096344,-0.0683060884475708,0.0,-0.0683060884475708,True,0.0,0.0,0.0,0.0683060884475708,0.0,0.0683060884475708
76.619162,"[458.1962890625, 4.497914791107178, 0.0]","[533.7222900390625, 4.5, 0.0]",9.13457679770231,9.317668914794922,9.31617156375226,-1.1110305789477692,-1.3952312469482422,75.5271606289837,0.17747116066502322,0.25568008452987456,71.0271606289837,-0.18309211709261142,9.145427703857422,0.17235755920410156,75.52337646484375,True,0,9.317785263061523,9.317668914794922,-0.8261680603027344,-0.3042981163696776,-0.18894186193741247,0.12063577348984167,"StraightLane index=('>>>', '1S0_0_', 0)",True,408.0126953125,0.0020837783813476562,0.00038146972655905034,"StraightLane index=('>>', '>>>', 0)",True,0.0,True,False,-0.17828311026096344,-0.0683060884475708,0.0,-0.0683060884475708,True,0.0,0.0,0.0,0.0683060884475708,0.0,0.0683060884475708
76.639702,"[458.3794250488281, 4.497913360595703, 0.0]","[533.9127807617188, 4.5, 0.0]",9.112993240571209,9.300342559814455,9.298821493094412,-1.0791778565550914,-1.3413968086242676,75.52600096100544,0.18309211709261142,0.28104782137940987,71.02600096100544,-0.18734931924324627,9.12333869934082,0.17235755920410156,75.52337646484375,True,0,9.295696258544922,9.300342559814455,-0.8261680603027344,-0.3042981163696776,-0.18894186193741247,0.1225912454227297,"StraightLane index=('>>>', '1S0_0_', 0)",True,408.1962890625,0.0020852088928222656,0.00038146972655905034,"StraightLane index=('>>', '>>>', 0)",True,0.0,True,False,-0.18757054209709167,-0.06635061651468277,0.0,-0.06635061651468277,True,0.0,0.0,0.0,0.06635061651468277,0.0,0.06635061651468277
76.659399,"[458.5621032714844, 4.4979119300842285, 0.0]","[534.0972290039062, 4.5, 0.0]",9.091409683442906,9.283563613891602,9.28216588485096,-1.0791778564151144,-1.288859486579895,75.5333556962834,0.18734931924324627,0.21286010753174267,71.0333556962834,-0.19215393044869522,9.102188110351562,0.17235755920410156,75.52337646484375,True,0,9.274545669555664,9.283563613891602,-0.8261680603027344,-0.3042981163696776,-0.18894186193741247,0.1225912454227297,"StraightLane index=('>>>', '1S0_0_', 0)",True,408.3794250488281,0.002086639404296875,0.0004043579101790556,"StraightLane index=('>>', '>>>', 0)",True,0.0,True,False,-0.18757054209709167,-0.06635061651468277,0.0,-0.06635061651468277,True,0.0,0.0,0.0,0.06635061651468277,0.0,0.06635061651468277
76.680163,"[458.7443542480469, 4.497910499572754, 0.0]","[534.283447265625, 4.5, 0.0]",9.069826126313789,9.26662826538086,9.264631271255762,-1.0791778564558818,-1.2694449424743652,75.53512571649988,0.19215393044869522,0.2402305602724475,71.03512571649988,-0.19680213906707067,9.091336250305176,0.17235755920410156,75.52337646484375,True,0,9.263693809509277,9.26662826538086,-0.8261680603027344,-0.3042981163696776,-0.18894186193741247,0.1225912454227297,"StraightLane index=('>>>', '1S0_0_', 0)",True,408.5621032714844,0.0020880699157714844,0.000389099121132978,"StraightLane index=('>>', '>>>', 0)",True,0.0,True,False,-0.18757054209709167,-0.06635061651468277,0.0,-0.06635061651468277,True,0.0,0.0,0.0,0.06635061651468277,0.0,0.06635061651468277
76.699448,"[458.9261779785156, 4.497909069061279, 0.0]","[534.4691772460938, 4.5, 0.0]",9.048242569184517,9.249734878540039,9.248327320727673,-1.079177856463609,-1.184014081954956,75.53909300164634,0.19680213906707067,0.23241043091877245,71.03909300164634,-0.20149230935552254,9.063114166259766,0.17235755920410156,75.52337646484375,True,0,9.235471725463867,9.249734878540039,-0.8453369140625,-0.30345509672489734,-0.17248509564380768,0.10613447912912491,"StraightLane index=('>>>', '1S0_0_', 0)",True,408.7443542480469,0.0020895004272460938,0.000389099121132978,"StraightLane index=('>>', '>>>', 0)",True,0.0,True,False,-0.18757054209709167,-0.06635061651468277,0.0,-0.06635061651468277,True,0.0,0.0,0.0,0.06635061651468277,0.0,0.06635061651468277
76.720019,"[459.1075744628906, 4.497907638549805, 0.0]","[534.6548461914062, 4.5, 0.0]",9.02665901205269,9.23287868499756,9.231149275428418,-1.079177856591329,-1.1451882123947144,75.54299925163652,0.20149230935552254,0.23450851442259335,71.04299925163652,-0.20621967294487042,9.043611526489258,0.17235755920410156,75.52337646484375,True,0,9.21596908569336,9.23287868499756,-0.8453369140625,-0.30345509672489734,-0.17248509564380768,0.10613447912912491,"StraightLane index=('>>>', '1S0_0_', 0)",True,408.9261779785156,0.002090930938720703,0.000389099121132978,"StraightLane index=('>>', '>>>', 0)",True,0.0,True,False,-0.18757054209709167,-0.06635061651468277,0.0,-0.06635061651468277,True,0.0,0.0,0.0,0.06635061651468277,0.0,0.06635061651468277
76.739104,"[459.2885437011719, 4.49790620803833, 0.0]","[534.8340454101562, 4.5, 0.0]",8.999284744470097,9.216625213623047,9.215214295747085,-1.3687133791296269,-1.139197587966919,75.54727171291046,0.20621967294487042,0.2363681794673944,71.04727171291046,-0.21734046915294947,9.032788276672363,0.19680213928222656,75.53909301757812,True,0,9.22959041595459,9.216625213623047,-0.8453369140625,-0.30345509672489734,-0.17248509564380768,0.08833712079506043,"StraightLane index=('>>>', '1S0_0_', 0)",True,409.1075744628906,0.0020923614501953125,0.00038146972655905034,"StraightLane index=('>>', '>>>', 0)",True,0.0,True,False,-0.18757054209709167,-0.08414797484874725,0.0,-0.08414797484874725,True,0.0,0.0,0.0,0.08414797484874725,0.0,0.08414797484874725
76.759012,"[459.4690856933594, 4.4979047775268555, 0.0]","[535.021728515625, 4.5, 0.0]",8.971910476888977,9.199601173400879,9.198582228845137,-1.3687133790559969,-1.1088283061981201,75.54550169371484,0.21734046915294947,0.5560398104039521,71.04550169371484,-0.22769069651190144,9.013429641723633,0.19680213928222656,75.53909301757812,True,0,9.21023178100586,9.199601173400879,-0.8453369140625,-0.30345509672489734,-0.17248509564380768,0.08833712079506043,"StraightLane index=('>>>', '1S0_0_', 0)",True,409.2885437011719,0.002093791961669922,0.00037384033203601154,"StraightLane index=('>>', '>>>', 0)",True,0.0,True,False,-0.18757054209709167,-0.08414797484874725,0.0,-0.08414797484874725,True,0.0,0.0,0.0,0.08414797484874725,0.0,0.08414797484874725
76.780244,"[459.6490783691406, 4.497903347015381, 0.0]","[535.2060546875, 4.5, 0.0]",8.94453620930869,9.182882308959961,9.18086358561801,-1.3687133790143413,-1.0930498838424683,75.55264280629466,0.22769069651190144,0.5175113679475984,71.05264280629466,-0.2383460996512703,8.993145942687988,0.19680213928222656,75.53909301757812,True,0,9.189948081970215,9.182882308959961,-0.8453369140625,-0.30345509672489734,-0.17248509564380768,0.08833712079506043,"StraightLane index=('>>>', '1S0_0_', 0)",True,409.4690856933594,0.0020952224731445312,0.000389099121132978,"StraightLane index=('>>', '>>>', 0)",True,0.0,True,False,-0.18757054209709167,-0.08414797484874725,0.0,-0.08414797484874725,True,0.0,0.0,0.0,0.08414797484874725,0.0,0.08414797484874725
76.800049,"[459.8285217285156, 4.497901916503906, 0.0]","[535.3900146484375, 4.5, 0.0]",8.917161941731194,9.166200637817383,9.164326961032607,-1.3687133788748085,-1.1002390384674072,75.5569763023786,0.2383460996512703,0.5327701569684429,71.0569763023786,-0.24903869608618834,8.9706449508667,0.19680213928222656,75.53909301757812,True,0,9.167447090148926,9.166200637817383,-0.8353424072265625,-0.3023465713053373,-0.14047141884931488,0.05632344400056763,"StraightLane index=('>>>', '1S0_0_', 0)",True,409.6490783691406,0.0020966529846191406,0.000389099121132978,"StraightLane index=('>>', '>>>', 0)",True,0.0,True,False,-0.18757054209709167,-0.08414797484874725,0.0,-0.08414797484874725,True,0.0,0.0,0.0,0.08414797484874725,0.0,0.08414797484874725
76.819264,"[460.0074157714844, 4.497900485992432, 0.0]","[535.5693359375, 4.5, 0.0]",8.889787674153077,9.14993953704834,9.148434307681745,-1.3687133789058947,-1.1262860298156738,75.56149290393127,0.24903869608618834,0.5346298217459022,71.06149290393127,-0.26015186289526326,8.934700965881348,0.23834609985351562,75.55697631835938,True,0,9.173047065734863,9.14993953704834,-0.8353424072265625,-0.3023465713053373,-0.14047141884931488,0.05632344400056763,"StraightLane index=('>>>', '1S0_0_', 0)",True,409.8285217285156,0.00209808349609375,0.000389099121132978,"StraightLane index=('>>', '>>>', 0)",True,0.0,True,False,-0.19638676941394806,-0.08414797484874725,0.0,-0.08414797484874725,True,0.0,0.0,0.0,0.08414797484874725,0.0,0.08414797484874725
76.83982,"[460.1857604980469, 4.497899055480957, 0.0]","[535.7566528320312, 4.5, 0.0]",8.882513046470063,9.132960319519043,9.13143401848979,-0.3637313841506895,-1.1622354984283447,75.56192015001531,0.26015186289526326,0.5556583404537463,71.06192015001531,-0.2504472730489802,8.90810489654541,0.23834609985351562,75.55697631835938,True,0,9.146450996398926,9.132960319519043,-0.8353424072265625,-0.3023465713053373,-0.14047141884931488,0.10381132503518029,"StraightLane index=('>>>', '1S0_0_', 0)",True,410.0074157714844,0.0020995140075683594,0.000389099121132978,"StraightLane index=('>>', '>>>', 0)",True,0.0,True,False,-0.19638676941394806,-0.0366600938141346,0.0,-0.0366600938141346,True,0.0,0.0,0.0,-0.0,0.0,-0.0
76.859269,"[460.3635559082031, 4.497897624969482, 0.0]","[535.938232421875, 4.5, 0.0]",8.875238418786154,9.116499900817871,9.115343784934494,-0.3637313841954537,-1.201168179512024,75.57089231797413,0.2504472730489802,-0.48522949231415424,71.07089231797413,-0.24126148203171738,8.880456924438477,0.23834609985351562,75.55697631835938,True,0,9.118803024291992,9.116499900817871,-0.8353424072265625,-0.3023465713053373,-0.14047141884931488,0.10381132503518029,"StraightLane index=('>>>', '1S0_0_', 0)",True,410.1857604980469,0.0021009445190429688,0.000389099121132978,"StraightLane index=('>>', '>>>', 0)",True,0.0,True,False,-0.19638676941394806,-0.0366600938141346,0.0,-0.0366600938141346,True,0.0,0.0,0.0,-0.0,0.0,-0.0
76.880016,"[460.54119873046875, 4.497896194458008, 0.0]","[536.1210327148438, 4.5, 0.0]",8.8679637911042,9.099931716918945,9.098196172320868,-0.36373138409766526,-1.1963958740234375,75.57467649765182,0.24126148203171738,-0.45928955086314005,71.07467649765182,-0.2319679258147449,8.868946075439453,0.23834609985351562,75.55697631835938,True,0,9.107292175292969,9.099931716918945,-0.8353424072265625,-0.3023465713053373,-0.14047141884931488,0.10381132503518029,"StraightLane index=('>>>', '1S0_0_', 0)",True,410.3635559082031,0.002102375030517578,0.000389099121132978,"StraightLane index=('>>', '>>>', 0)",True,0.0,True,False,-0.19638676941394806,-0.0366600938141346,0.0,-0.0366600938141346,True,0.0,0.0,0.0,-0.0,0.0,-0.0
76.899312,"[460.71868896484375, 4.497894763946533, 0.0]","[536.3028564453125, 4.5, 0.0]",8.860689163425718,9.083447456359863,9.082232109166512,-0.3637313839241152,-1.1060668230056763,75.57983396799597,0.2319679258147449,-0.4646778108486238,71.07983396799597,-0.22275829293414517,8.84326457977295,0.23834609985351562,75.55697631835938,True,0,9.081610679626465,9.083447456359863,-0.8275318145751953,-0.3010755276849354,-0.15628263727774103,0.11962254346360643,"StraightLane index=('>>>', '1S0_0_', 0)",True,410.54119873046875,0.0021038055419921875,0.00039672851560512793,"StraightLane index=('>>', '>>>', 0)",True,0.0,True,False,-0.19638676941394806,-0.0366600938141346,0.0,-0.0366600938141346,True,0.0,0.0,0.0,-0.0,0.0,-0.0
76.919558,"[460.89605712890625, 4.497893333435059, 0.0]","[536.4802856445312, 4.5, 0.0]",8.853414535747188,9.067358016967773,9.065635116781042,-0.3637313839265133,-1.0672369003295898,75.584167463729,0.22275829293414517,-0.46048164402998637,71.084167463729,-0.2139434812205856,8.83627700805664,0.23196792602539062,75.579833984375,True,0,9.068244934082031,9.067358016967773,-0.8275318145751953,-0.3010755276849354,-0.15628263727774103,0.11962254346360643,"StraightLane index=('>>>', '1S0_0_', 0)",True,410.71868896484375,0.002105236053466797,0.0004043579101790556,"StraightLane index=('>>', '>>>', 0)",True,0.0,True,False,-0.19638676941394806,-0.0366600938141346,0.0,-0.0366600938141346,True,0.0,0.0,0.0,-0.0,0.0,-0.0
76.939495,"[461.0732727050781, 4.497891902923584, 0.0]","[536.6615600585938, 4.5, 0.0]",8.833826065297455,9.050917625427246,9.049314051626416,-0.9794235224866554,-0.9666770696640015,75.58422849710067,0.2139434812205856,-0.4407405856779789,71.08422849710067,-0.21709156012979136,8.8259859085083,0.23196792602539062,75.579833984375,True,0,9.057953834533691,9.050917625427246,-0.8275318145751953,-0.3010755276849354,-0.15628263727774103,0.09607060254563768,"StraightLane index=('>>>', '1S0_0_', 0)",True,410.89605712890625,0.0021066665649414062,0.0004425048828451384,"StraightLane index=('>>', '>>>', 0)",True,0.0,True,False,-0.19638676941394806,-0.06021203473210335,0.0,-0.06021203473210335,True,0.0,0.0,0.0,0.06021203473210335,0.0,0.06021203473210335
76.959393,"[461.2503356933594, 4.497890472412109, 0.0]","[536.845703125, 4.5, 0.0]",8.814237594844624,9.034213066101074,9.032963629651631,-0.9794235226415537,-0.8013888001441956,75.58828733426056,0.21709156012979136,0.15740394546028824,71.08828733426056,-0.21997547125645056,8.815994262695312,0.23196792602539062,75.579833984375,True,0,9.047962188720703,9.034213066101074,-0.8275318145751953,-0.3010755276849354,-0.15628263727774103,0.09607060254563768,"StraightLane index=('>>>', '1S0_0_', 0)",True,411.0732727050781,0.0021080970764160156,0.000457763671891216,"StraightLane index=('>>', '>>>', 0)",True,0.0,True,False,-0.19638676941394806,-0.06021203473210335,0.0,-0.06021203473210335,True,0.0,0.0,0.0,0.06021203473210335,0.0,0.06021203473210335
76.980082,"[461.427001953125, 4.497889041900635, 0.0]","[537.0240478515625, 4.5, 0.0]",8.794649124392997,9.018035888671877,9.016005339196116,-0.9794235225813352,-0.7726187705993652,75.59536741309385,0.21997547125645056,0.14419555633296,71.09536741309385,-0.22338676427887982,8.81099796295166,0.23196792602539062,75.579833984375,True,0,9.04296588897705,9.018035888671877,-0.8275318145751953,-0.3010755276849354,-0.15628263727774103,0.09607060254563768,"StraightLane index=('>>>', '1S0_0_', 0)",True,411.2503356933594,0.002109527587890625,0.0004425048828451384,"StraightLane index=('>>', '>>>', 0)",True,0.0,True,False,-0.19638676941394806,-0.06021203473210335,0.0,-0.06021203473210335,True,0.0,0.0,0.0,0.06021203473210335,0.0,0.06021203473210335
76.999396,"[461.603271484375, 4.49788761138916, 0.0]","[537.2079467773438, 4.5, 0.0]",8.775060653941535,9.004693984985352,9.000161636237452,-0.9794235225730752,-0.7243942618370056,75.59704588023781,0.22338676427887982,0.17056465112146313,71.09704588023781,-0.2296333310438161,8.80097484588623,0.23196792602539062,75.579833984375,True,0,9.032942771911621,9.004693984985352,-0.7875347137451172,-0.29853168989752094,-0.14927002471904047,0.08905798998693712,"StraightLane index=('>>>', '1S0_0_', 0)",True,411.427001953125,0.0021109580993652344,0.0004348754882712107,"StraightLane index=('>>', '>>>', 0)",True,0.0,True,False,-0.19638676941394806,-0.06021203473210335,0.0,-0.06021203473210335,True,0.0,0.0,0.0,0.06021203473210335,0.0,0.06021203473210335
77.020088,"[461.7791748046875, 4.4978861808776855, 0.0]","[537.3892822265625, 4.5, 0.0]",8.75547218349327,8.981555938720703,8.98331592114286,-0.9794235224132919,-0.6959538459777832,75.60467527367886,0.2296333310438161,0.3123283382468145,71.10467527367886,-0.2260837552274335,8.78262996673584,0.2233867645263672,75.5970458984375,True,0,9.006016731262207,8.981555938720703,-0.7875347137451172,-0.29853168989752094,-0.14927002471904047,0.08905798998693712,"StraightLane index=('>>>', '1S0_0_', 0)",True,411.603271484375,0.0021123886108398438,0.000457763671891216,"StraightLane index=('>>', '>>>', 0)",True,0.0,True,False,-0.20354382693767548,-0.06021203473210335,0.0,-0.06021203473210335,True,0.0,0.0,0.0,0.06021203473210335,0.0,0.06021203473210335
77.039906,"[461.9546813964844, 4.497884750366211, 0.0]","[537.5634155273438, 4.5, 0.0]",8.734460830961199,8.972400665283203,8.967183286075933,-1.050567626603538,-0.7086144089698792,75.61010740148174,0.2260837552274335,-0.17747879081912998,71.11010740148174,-0.23793983432200427,8.77434253692627,0.2233867645263672,75.5970458984375,True,0,8.997729301452637,8.972400665283203,-0.7875347137451172,-0.29853168989752094,-0.14927002471904047,0.0846833704135824,"StraightLane index=('>>>', '1S0_0_', 0)",True,411.7791748046875,0.002113819122314453,0.0004806518554603323,"StraightLane index=('>>', '>>>', 0)",True,0.0,True,False,-0.20354382693767548,-0.06458665430545807,0.0,-0.06458665430545807,True,0.0,0.0,0.0,0.06458665430545807,0.0,0.06458665430545807
77.058802,"[462.1297912597656, 4.497883319854736, 0.0]","[537.7408447265625, 4.5, 0.0]",8.713449478426778,8.949615478515627,8.951797570895856,-1.050567626721044,-0.7315810322761536,75.60873411118372,0.23793983432200427,0.592803954728538,71.10873411118372,-0.2361660000888488,8.750500679016113,0.2233867645263672,75.5970458984375,True,0,8.97388744354248,8.949615478515627,-0.7875347137451172,-0.29853168989752094,-0.14927002471904047,0.0846833704135824,"StraightLane index=('>>>', '1S0_0_', 0)",True,411.9546813964844,0.0021152496337890625,0.0004653930664142548,"StraightLane index=('>>', '>>>', 0)",True,0.0,True,False,-0.20354382693767548,-0.06458665430545807,0.0,-0.06458665430545807,True,0.0,0.0,0.0,0.06458665430545807,0.0,0.06458665430545807
77.08157,"[462.3044738769531, 4.497881889343262, 0.0]","[537.9241943359375, 4.5, 0.0]",8.692438125890918,8.939624786376953,8.933280564603672,-1.0505676267929864,-0.7600650191307068,75.61105344674523,0.2361660000888488,-0.08869171165777345,71.11105344674523,-0.24718666048603488,8.740196228027344,0.2233867645263672,75.5970458984375,True,0,8.963582992553711,8.939624786376953,-0.7875347137451172,-0.29853168989752094,-0.14927002471904047,0.0846833704135824,"StraightLane index=('>>>', '1S0_0_', 0)",True,412.1297912597656,0.002116680145263672,0.0004730224609372935,"StraightLane index=('>>', '>>>', 0)",True,0.0,True,False,-0.20354382693767548,-0.06458665430545807,0.0,-0.06458665430545807,True,0.0,0.0,0.0,0.06458665430545807,0.0,0.06458665430545807
77.09932,"[462.4787292480469, 4.497880458831787, 0.0]","[538.1043701171875, 4.5, 0.0]",8.671426773359531,8.916584014892578,8.918816088216596,-1.050567626569343,-0.8117084503173828,75.61972043928513,0.24718666048603488,0.5510330198593039,71.11972043928513,-0.24515724153304674,8.711458206176758,0.2233867645263672,75.5970458984375,True,0,8.934844970703125,8.916584014892578,-0.8810997009277344,-0.29951701044023954,-0.14016480344375915,0.07557814913830108,"StraightLane index=('>>>', '1S0_0_', 0)",True,412.3044738769531,0.0021181106567382812,0.0004653930664142548,"StraightLane index=('>>', '>>>', 0)",True,0.0,True,False,-0.20354382693767548,-0.06458665430545807,0.0,-0.06458665430545807,True,0.0,0.0,0.0,0.06458665430545807,0.0,0.06458665430545807
77.119701,"[462.652587890625, 4.4978790283203125, 0.0]","[538.28271484375, 4.5, 0.0]",8.650415420828171,8.907085418701172,8.902428781931448,-1.0505676265680108,-0.8445485234260559,75.62564084796271,0.24515724153304674,-0.1014709476494069,71.12564084796271,-0.2566699978730007,8.699896812438965,0.24718666076660156,75.61972045898438,True,0,8.947083473205566,8.907085418701172,-0.8810997009277344,-0.29951701044023954,-0.14016480344375915,0.07557814913830108,"StraightLane index=('>>>', '1S0_0_', 0)",True,412.4787292480469,0.0021195411682128906,0.0004959106445572987,"StraightLane index=('>>', '>>>', 0)",True,0.0,True,False,-0.20354382693767548,-0.06458665430545807,0.0,-0.06458665430545807,True,0.0,0.0,0.0,0.06458665430545807,0.0,0.06458665430545807
77.139969,"[462.8260192871094, 4.497877597808838, 0.0]","[538.4605712890625, 4.5, 0.0]",8.63342475921196,8.884309768676758,8.886131840215807,-0.8495330808105273,-0.8978822231292725,75.63012693230345,0.2566699978730007,0.5756378169976983,71.13012693230345,-0.2508850094647972,8.668396949768066,0.24718666076660156,75.61972045898438,True,0,8.915583610534668,8.884309768676758,-0.8810997009277344,-0.29951701044023954,-0.14016480344375915,0.08794289055308646,"StraightLane index=('>>>', '1S0_0_', 0)",True,412.652587890625,0.0021209716796875,0.0004882812499833711,"StraightLane index=('>>', '>>>', 0)",True,0.0,True,False,-0.20354382693767548,-0.052221912890672684,0.0,-0.052221912890672684,True,0.0,0.0,0.0,0.052221912890672684,0.0,0.052221912890672684
77.159383,"[462.9990234375, 4.497876167297363, 0.0]","[538.6367797851562, 4.5, 0.0]",8.616434097594455,8.875020980834961,8.870517777496413,-0.8495330808752755,-0.9284079670906067,75.63455198185345,0.2508850094647972,-0.2892494204101759,71.13455198185345,-0.2585868832405058,8.65621566772461,0.24718666076660156,75.61972045898438,True,0,8.903402328491211,8.875020980834961,-0.8810997009277344,-0.29951701044023954,-0.14016480344375915,0.08794289055308646,"StraightLane index=('>>>', '1S0_0_', 0)",True,412.8260192871094,0.0021224021911621094,0.0004730224609372935,"StraightLane index=('>>', '>>>', 0)",True,0.0,True,False,-0.20354382693767548,-0.052221912890672684,0.0,-0.052221912890672684,True,0.0,0.0,0.0,0.052221912890672684,0.0,0.052221912890672684
77.180025,"[463.17169189453125, 4.497874736785889, 0.0]","[538.8109741210938, 4.5, 0.0]",8.599443435975473,8.852580070495605,8.853936521292013,-0.8495330809490831,-0.9594902992248535,75.63775632754465,0.2585868832405058,0.3850936887854317,71.13775632754465,-0.253136634520132,8.634284019470215,0.24718666076660156,75.61972045898438,True,0,8.881470680236816,8.852580070495605,-0.8810997009277344,-0.29951701044023954,-0.14016480344375915,0.08794289055308646,"StraightLane index=('>>>', '1S0_0_', 0)",True,412.9990234375,0.0021238327026367188,0.0004730224609372935,"StraightLane index=('>>', '>>>', 0)",True,0.0,True,False,-0.20354382693767548,-0.052221912890672684,0.0,-0.052221912890672684,True,0.0,0.0,0.0,0.052221912890672684,0.0,0.052221912890672684
77.199775,"[463.3440246582031, 4.497873306274414, 0.0]","[538.98779296875, 4.5, 0.0]",8.582452774355525,8.843232154846191,8.838058727295769,-0.8495330809974,-0.9741040468215942,75.63928220607222,0.253136634520132,-0.27251243601869035,71.13928220607222,-0.26077938049066596,8.613545417785645,0.24718666076660156,75.61972045898438,True,0,8.860732078552246,8.843232154846191,-0.7335186004638672,-0.29523846041245094,-0.12573186309351805,0.07350995020284537,"StraightLane index=('>>>', '1S0_0_', 0)",True,413.17169189453125,0.002125263214111328,0.0004806518554603323,"StraightLane index=('>>', '>>>', 0)",True,0.0,True,False,-0.20354382693767548,-0.052221912890672684,0.0,-0.052221912890672684,True,0.0,0.0,0.0,0.052221912890672684,0.0,0.052221912890672684
77.219259,"[463.5160217285156, 4.4978718757629395, 0.0]","[539.1652221679688, 4.5, 0.0]",8.56546211273752,8.820548057556152,8.82259280665475,-0.8495330809002333,-0.9761377573013306,75.64376828967609,0.26077938049066596,0.38213729852669687,71.14376828967609,-0.25508594481863156,8.593901634216309,0.25313663482666016,75.6392822265625,True,0,8.847038269042969,8.820548057556152,-0.7335186004638672,-0.29523846041245094,-0.12573186309351805,0.07350995020284537,"StraightLane index=('>>>', '1S0_0_', 0)",True,413.3440246582031,0.0021266937255859375,0.0004882812499833711,"StraightLane index=('>>', '>>>', 0)",True,0.0,True,False,-0.20906199514865875,-0.052221912890672684,0.0,-0.052221912890672684,True,0.0,0.0,0.0,0.052221912890672684,0.0,0.052221912890672684
77.239329,"[463.68768310546875, 4.497870445251465, 0.0]","[539.3403930664062, 4.5, 0.0]",8.545400619822086,8.811429023742676,8.806678858065307,-1.0030746457717399,-0.9691192507743835,75.64920041782881,0.25508594481863156,-0.28467178360171985,71.14920041782881,-0.2660284039205898,8.575216293334961,0.25313663482666016,75.6392822265625,True,0,8.828352928161621,8.811429023742676,-0.7335186004638672,-0.29523846041245094,-0.12573186309351805,0.06406349689974669,"StraightLane index=('>>>', '1S0_0_', 0)",True,413.5160217285156,0.002128124237060547,0.0005035400390803375,"StraightLane index=('>>', '>>>', 0)",True,0.0,True,False,-0.20906199514865875,-0.06166836619377136,0.0,-0.06166836619377136,True,0.0,0.0,0.0,0.06166836619377136,0.0,0.06166836619377136
77.259023,"[463.8589782714844, 4.49786901473999, 0.0]","[539.5164184570312, 4.5, 0.0]",8.52533912690472,8.788897514343262,8.7910573028496,-1.0030746458682849,-0.9561018347740173,75.65270993967191,0.2660284039205898,0.5471229550979118,71.15270993967191,-0.26355838743854143,8.557333946228027,0.25313663482666016,75.6392822265625,True,0,8.810470581054688,8.788897514343262,-0.7335186004638672,-0.29523846041245094,-0.12573186309351805,0.06406349689974669,"StraightLane index=('>>>', '1S0_0_', 0)",True,413.68768310546875,0.0021295547485351562,0.0004959106445572987,"StraightLane index=('>>', '>>>', 0)",True,0.0,True,False,-0.20906199514865875,-0.06166836619377136,0.0,-0.06166836619377136,True,0.0,0.0,0.0,0.06166836619377136,0.0,0.06166836619377136
77.28019,"[464.0298767089844, 4.497867584228516, 0.0]","[539.6939086914062, 4.5, 0.0]",8.505277633991529,8.779563903808594,8.774283260141818,-1.003074645659563,-0.9488361477851868,75.65744016314983,0.26355838743854143,-0.12350082410241825,71.15744016314983,-0.2742862698170647,8.539129257202148,0.25313663482666016,75.6392822265625,True,0,8.792265892028809,8.779563903808594,-0.7335186004638672,-0.29523846041245094,-0.12573186309351805,0.06406349689974669,"StraightLane index=('>>>', '1S0_0_', 0)",True,413.8589782714844,0.0021309852600097656,0.0005187988281264151,"StraightLane index=('>>', '>>>', 0)",True,0.0,True,False,-0.20906199514865875,-0.06166836619377136,0.0,-0.06166836619377136,True,0.0,0.0,0.0,0.06166836619377136,0.0,0.06166836619377136
77.300078,"[464.20037841796875, 4.497866153717041, 0.0]","[539.8734130859375, 4.5, 0.0]",8.485216141072824,8.756719589233398,8.758509441249663,-1.0030746459352535,-0.9492533802986145,75.66403196113109,0.2742862698170647,0.5363941189261645,71.16403196113109,-0.2715034481605745,8.520196914672852,0.25313663482666016,75.6392822265625,True,0,8.773333549499512,8.756719589233398,-0.8651256561279297,-0.2959940123356834,-0.11951677103130998,0.057848404837538614,"StraightLane index=('>>>', '1S0_0_', 0)",True,414.0298767089844,0.002132415771484375,0.0004959106445572987,"StraightLane index=('>>', '>>>', 0)",True,0.0,True,False,-0.20906199514865875,-0.06166836619377136,0.0,-0.06166836619377136,True,0.0,0.0,0.0,0.06166836619377136,0.0,0.06166836619377136
77.319396,"[464.3704833984375, 4.497864723205566, 0.0]","[540.0467529296875, 4.5, 0.0]",8.465154648153844,8.747859954833984,8.74345923838553,-1.0030746459490203,-0.9412844181060791,75.67303464629323,0.2715034481605745,-0.1391410828245121,71.17303464629323,-0.2827053066801408,8.511540412902832,0.25313663482666016,75.6392822265625,True,0,8.764677047729492,8.747859954833984,-0.8651256561279297,-0.2959940123356834,-0.11951677103130998,0.057848404837538614,"StraightLane index=('>>>', '1S0_0_', 0)",True,414.20037841796875,0.0021338462829589844,0.0005035400390803375,"StraightLane index=('>>', '>>>', 0)",True,0.0,True,False,-0.20906199514865875,-0.06166836619377136,0.0,-0.06166836619377136,True,0.0,0.0,0.0,0.06166836619377136,0.0,0.06166836619377136
77.339144,"[464.5401916503906, 4.497863292694092, 0.0]","[540.2184448242188, 4.5, 0.0]",8.44875907930697,8.72585391998291,8.72807300371768,-0.8197784423436438,-0.9541545510292053,75.67626950956179,0.2827053066801408,0.5600929259783172,71.17626950956179,-0.2770948406759395,8.481826782226562,0.27428627014160156,75.66403198242188,True,0,8.756113052368164,8.72585391998291,-0.8651256561279297,-0.2959940123356834,-0.11951677103130998,0.06912101779668511,"StraightLane index=('>>>', '1S0_0_', 0)",True,414.3704833984375,0.0021352767944335938,0.0005035400390803375,"StraightLane index=('>>', '>>>', 0)",True,0.0,True,False,-0.20906199514865875,-0.05039575323462486,0.0,-0.05039575323462486,True,0.0,0.0,0.0,0.05039575323462486,0.0,0.05039575323462486
77.358519,"[464.7095031738281, 4.497861862182617, 0.0]","[540.3917236328125, 4.5, 0.0]",8.432363510457089,8.717039108276367,8.712978859795154,-0.8197784424941013,-0.9622163772583008,75.67825315287074,0.2770948406759395,-0.2805233002100671,71.17825315287074,-0.28467559781927854,8.461969375610352,0.27428627014160156,75.66403198242188,True,0,8.736255645751953,8.717039108276367,-0.8651256561279297,-0.2959940123356834,-0.11951677103130998,0.06912101779668511,"StraightLane index=('>>>', '1S0_0_', 0)",True,414.5401916503906,0.002136707305908203,0.0004882812499833711,"StraightLane index=('>>', '>>>', 0)",True,0.0,True,False,-0.20906199514865875,-0.05039575323462486,0.0,-0.05039575323462486,True,0.0,0.0,0.0,0.05039575323462486,0.0,0.05039575323462486
77.380049,"[464.87847900390625, 4.497860431671143, 0.0]","[540.5709228515625, 4.5, 0.0]",8.4159679416081,8.694360733032228,8.696234859300588,-0.8197784424494259,-0.9634807705879211,75.68222043838458,0.28467559781927854,0.3790378571669528,71.18222043838458,-0.2783927914241282,8.44262409210205,0.27428627014160156,75.66403198242188,True,0,8.716910362243652,8.694360733032228,-0.8651256561279297,-0.2959940123356834,-0.11951677103130998,0.06912101779668511,"StraightLane index=('>>>', '1S0_0_', 0)",True,414.7095031738281,0.0021381378173828125,0.0004806518554603323,"StraightLane index=('>>', '>>>', 0)",True,0.0,True,False,-0.20906199514865875,-0.05039575323462486,0.0,-0.05039575323462486,True,0.0,0.0,0.0,0.05039575323462486,0.0,0.05039575323462486
77.400148,"[465.047119140625, 4.497859001159668, 0.0]","[540.7449340820312, 4.5, 0.0]",8.399572372759188,8.68548583984375,8.680556743888491,-0.8197784424456067,-0.9383072853088379,75.6924438263025,0.2783927914241282,-0.31414031975751655,71.1924438263025,-0.285913467084562,8.416589736938477,0.27428627014160156,75.66403198242188,True,0,8.690876007080078,8.68548583984375,-0.7123374938964844,-0.291326423388492,-0.10548266978352672,0.055086916548901854,"StraightLane index=('>>>', '1S0_0_', 0)",True,414.87847900390625,0.002139568328857422,0.0004959106445572987,"StraightLane index=('>>', '>>>', 0)",True,0.0,True,False,-0.20906199514865875,-0.05039575323462486,0.0,-0.05039575323462486,True,0.0,0.0,0.0,0.05039575323462486,0.0,0.05039575323462486
77.419911,"[465.2154235839844, 4.497857570648193, 0.0]","[540.9191284179688, 4.5, 0.0]",8.383176803910281,8.663368225097656,8.665452659482327,-0.8197784424453403,-0.9381793737411499,75.69781492003992,0.285913467084562,0.37603378302168977,71.19781492003992,-0.28019142118737506,8.407219886779785,0.2783927917480469,75.69244384765625,True,0,8.685612678527832,8.663368225097656,-0.7123374938964844,-0.291326423388492,-0.10548266978352672,0.055086916548901854,"StraightLane index=('>>>', '1S0_0_', 0)",True,415.047119140625,0.0021409988403320312,0.0004959106445572987,"StraightLane index=('>>', '>>>', 0)",True,0.0,True,False,-0.21261078119277954,-0.05039575323462486,0.0,-0.05039575323462486,True,0.0,0.0,0.0,0.05039575323462486,0.0,0.05039575323462486
77.439672,"[465.3834228515625, 4.497856140136719, 0.0]","[541.0921630859375, 4.5, 0.0]",8.364984512648995,8.65473747253418,8.650358426081787,-0.9096145630643093,-0.9216471910476685,75.70370481223223,0.28019142118737506,-0.28610229485934724,71.20370481223223,-0.2897529598851847,8.390347480773926,0.2783927917480469,75.69244384765625,True,0,8.668740272521973,8.65473747253418,-0.7123374938964844,-0.291326423388492,-0.10548266978352672,0.049557538939410506,"StraightLane index=('>>>', '1S0_0_', 0)",True,415.2154235839844,0.0021424293518066406,0.0005035400390803375,"StraightLane index=('>>', '>>>', 0)",True,0.0,True,False,-0.21261078119277954,-0.05592513084411621,0.0,-0.05592513084411621,True,0.0,0.0,0.0,0.05592513084411621,0.0,0.05592513084411621
77.459065,"[465.55108642578125, 4.497854709625244, 0.0]","[541.2640991210938, 4.5, 0.0]",8.346792221385035,8.632869720458984,8.635536386007747,-0.9096145631979802,-0.9047660231590271,75.70874021335555,0.2897529598851847,0.4780769348904812,71.20874021335555,-0.28607749907394897,8.373846054077148,0.2783927917480469,75.69244384765625,True,0,8.652238845825195,8.632869720458984,-0.7123374938964844,-0.291326423388492,-0.10548266978352672,0.049557538939410506,"StraightLane index=('>>>', '1S0_0_', 0)",True,415.3834228515625,0.00214385986328125,0.0004882812499833711,"StraightLane index=('>>', '>>>', 0)",True,0.0,True,False,-0.21261078119277954,-0.05592513084411621,0.0,-0.05592513084411621,True,0.0,0.0,0.0,0.05592513084411621,0.0,0.05592513084411621
77.479744,"[465.7183837890625, 4.4978532791137695, 0.0]","[541.4374389648438, 4.5, 0.0]",8.328599930119427,8.624214172363281,8.619745852936363,-0.9096145632804031,-0.8932728171348572,75.71301267428072,0.28607749907394897,-0.18377304056178545,71.21301267428072,-0.2956142422438539,8.3571138381958,0.2783927917480469,75.69244384765625,True,0,8.635506629943848,8.624214172363281,-0.7123374938964844,-0.291326423388492,-0.10548266978352672,0.049557538939410506,"StraightLane index=('>>>', '1S0_0_', 0)",True,415.55108642578125,0.0021452903747558594,0.0004882812499833711,"StraightLane index=('>>', '>>>', 0)",True,0.0,True,False,-0.21261078119277954,-0.05592513084411621,0.0,-0.05592513084411621,True,0.0,0.0,0.0,0.05592513084411621,0.0,0.05592513084411621
77.500797,"[465.88531494140625, 4.497851848602295, 0.0]","[541.6097412109375, 4.5, 0.0]",8.310407638858322,8.60565185546875,8.60367536547304,-0.9096145630552499,-0.8855780959129333,75.71905515510815,0.2956142422438539,0.4768371584952469,71.21905515510815,-0.29524421661042766,8.340167999267578,0.2783927917480469,75.69244384765625,True,0,8.618560791015625,8.60565185546875,-0.79833984375,-0.2901356755808928,-0.09822693478411484,0.04230180393999863,"StraightLane index=('>>>', '1S0_0_', 0)",True,415.7183837890625,0.0021467208862304688,0.0004806518554603323,"StraightLane index=('>>', '>>>', 0)",True,0.0,True,False,-0.21261078119277954,-0.05592513084411621,0.0,-0.05592513084411621,True,0.0,0.0,0.0,0.05592513084411621,0.0,0.05592513084411621
77.520214,"[466.0518798828125, 4.49785041809082, 0.0]","[541.7821655273438, 4.5, 0.0]",8.292215347597315,8.590524673461914,8.589126337825652,-0.9096145630503649,-0.908421516418457,75.72442624772803,0.29524421661042766,-0.018501281671312597,71.22442624772803,-0.298309325864599,8.319853782653809,0.29561424255371094,75.71905517578125,True,0,8.61546802520752,8.590524673461914,-0.79833984375,-0.2901356755808928,-0.09822693478411484,0.04230180393999863,"StraightLane index=('>>>', '1S0_0_', 0)",True,415.88531494140625,0.002148151397705078,0.0005035400390803375,"StraightLane index=('>>', '>>>', 0)",True,0.0,True,False,-0.21261078119277954,-0.05592513084411621,0.0,-0.05592513084411621,True,0.0,0.0,0.0,0.05592513084411621,0.0,0.05592513084411621
77.540629,"[466.21807861328125, 4.497848987579346, 0.0]","[541.9550170898438, 4.5, 0.0]",8.284940719907889,8.575410842895508,8.57383828011488,-0.3637313844713219,-0.896996021270752,75.73028562420392,0.298309325864599,0.15325546270856805,71.23028562420392,-0.2904701229876192,8.30301570892334,0.29561424255371094,75.71905517578125,True,0,8.59862995147705,8.575410842895508,-0.79833984375,-0.2901356755808928,-0.09822693478411484,0.05264450993484307,"StraightLane index=('>>>', '1S0_0_', 0)",True,416.0518798828125,0.0021495819091796875,0.0004730224609372935,"StraightLane index=('>>', '>>>', 0)",True,0.0,True,False,-0.21261078119277954,-0.045582424849271774,0.0,-0.045582424849271774,True,0.0,0.0,0.0,-0.0,0.0,-0.0
77.558641,"[466.3839111328125, 4.497847557067871, 0.0]","[542.1192016601562, 4.5, 0.0]",8.277666092222246,8.56105899810791,8.560340790795172,-0.3637313842821399,-0.889848530292511,75.73693845585277,0.2904701229876192,-0.3919601438489906,71.23693845585277,-0.28339290588566435,8.28596019744873,0.29561424255371094,75.71905517578125,True,0,8.581574440002441,8.56105899810791,-0.79833984375,-0.2901356755808928,-0.09822693478411484,0.05264450993484307,"StraightLane index=('>>>', '1S0_0_', 0)",True,416.21807861328125,0.002151012420654297,0.0004806518554603323,"StraightLane index=('>>', '>>>', 0)",True,0.0,True,False,-0.21261078119277954,-0.045582424849271774,0.0,-0.045582424849271774,True,0.0,0.0,0.0,-0.0,0.0,-0.0
77.579846,"[466.54962158203125, 4.4978461265563965, 0.0]","[542.2960205078125, 4.5, 0.0]",8.27039146453923,8.545598983764648,8.544466521481876,-0.3637313841507783,-0.8670122027397156,75.73529050662208,0.28339290588566435,-0.3538608550977429,71.23529050662208,-0.2752075192254182,8.27065372467041,0.29561424255371094,75.71905517578125,True,0,8.566267967224121,8.545598983764648,-0.79833984375,-0.2901356755808928,-0.09822693478411484,0.05264450993484307,"StraightLane index=('>>>', '1S0_0_', 0)",True,416.3839111328125,0.0021524429321289062,0.0004806518554603323,"StraightLane index=('>>', '>>>', 0)",True,0.0,True,False,-0.21261078119277954,-0.045582424849271774,0.0,-0.045582424849271774,True,0.0,0.0,0.0,-0.0,0.0,-0.0
77.599115,"[466.7151794433594, 4.497844696044922, 0.0]","[542.4629516601562, 4.5, 0.0]",8.26311683685528,8.53100299835205,8.530031904346668,-0.3637313841974965,-0.8196213841438293,75.74639890430166,0.2752075192254182,-0.4092693330123076,71.24639890430166,-0.26788616149677047,8.258541107177734,0.29561424255371094,75.71905517578125,True,0,8.554155349731445,8.53100299835205,-0.7464885711669922,-0.2872492080136483,-0.11312320304074747,0.06754077819147569,"StraightLane index=('>>>', '1S0_0_', 0)",True,416.54962158203125,0.0021538734436035156,0.0004959106445572987,"StraightLane index=('>>', '>>>', 0)",True,0.0,True,False,-0.21261078119277954,-0.045582424849271774,0.0,-0.045582424849271774,True,0.0,0.0,0.0,-0.0,0.0,-0.0
77.620793,"[466.8805847167969, 4.497843265533447, 0.0]","[542.6414184570312, 4.5, 0.0]",8.255842209173338,8.51549243927002,8.514064400781875,-0.36373138409713235,-0.7269108891487122,75.74777219605076,0.26788616149677047,-0.3660678864323863,71.24777219605076,-0.25965023009668187,8.244577407836914,0.27520751953125,75.74639892578125,True,0,8.519784927368164,8.51549243927002,-0.7464885711669922,-0.2872492080136483,-0.11312320304074747,0.06754077819147569,"StraightLane index=('>>>', '1S0_0_', 0)",True,416.7151794433594,0.002155303955078125,0.0004806518554603323,"StraightLane index=('>>', '>>>', 0)",True,0.0,True,False,-0.21437081694602966,-0.045582424849271774,0.0,-0.045582424849271774,True,0.0,0.0,0.0,-0.0,0.0,-0.0
77.640134,"[467.04583740234375, 4.497841835021973, 0.0]","[542.8037109375, 4.5, 0.0]",8.234415054634018,8.501426696777344,8.499831784386187,-1.0713577269659602,-0.6948678493499756,75.76083371797779,0.25965023009668187,-0.41179657000443015,71.26083371797779,-0.2670116421433253,8.240670204162598,0.27520751953125,75.74639892578125,True,0,8.515877723693848,8.501426696777344,-0.7464885711669922,-0.2872492080136483,-0.11312320304074747,0.04725714993634683,"StraightLane index=('>>>', '1S0_0_', 0)",True,416.8805847167969,0.0021567344665527344,0.0005111694336033763,"StraightLane index=('>>', '>>>', 0)",True,0.0,True,False,-0.21437081694602966,-0.06586605310440063,0.0,-0.06586605310440063,True,0.0,0.0,0.0,0.06586605310440063,0.0,0.06586605310440063
77.659245,"[467.2109680175781, 4.497840404510498, 0.0]","[542.9771118164062, 4.5, 0.0]",8.212987900097092,8.48639965057373,8.485766347465105,-1.0713577268463226,-0.6268189549446106,75.75787351326373,0.2670116421433253,0.36807060233217115,71.25787351326373,-0.27341175047663846,8.234296798706055,0.27520751953125,75.74639892578125,True,0,8.509504318237305,8.48639965057373,-0.7464885711669922,-0.2872492080136483,-0.11312320304074747,0.04725714993634683,"StraightLane index=('>>>', '1S0_0_', 0)",True,417.04583740234375,0.0021581649780273438,0.0005035400390803375,"StraightLane index=('>>', '>>>', 0)",True,0.0,True,False,-0.21437081694602966,-0.06586605310440063,0.0,-0.06586605310440063,True,0.0,0.0,0.0,0.06586605310440063,0.0,0.06586605310440063
77.680937,"[467.37567138671875, 4.497838973999023, 0.0]","[543.1483154296875, 4.5, 0.0]",8.191560745558352,8.471562385559082,8.469821010491811,-1.0713577269370056,-0.5888818502426147,75.76614377616757,0.27341175047663846,0.3200054166656585,71.26614377616757,-0.28000164000073013,8.226092338562012,0.27520751953125,75.74639892578125,True,0,8.501299858093262,8.471562385559082,-0.7464885711669922,-0.2872492080136483,-0.11312320304074747,0.04725714993634683,"StraightLane index=('>>>', '1S0_0_', 0)",True,417.2109680175781,0.002159595489501953,0.0005187988281264151,"StraightLane index=('>>', '>>>', 0)",True,0.0,True,False,-0.21437081694602966,-0.06586605310440063,0.0,-0.06586605310440063,True,0.0,0.0,0.0,0.06586605310440063,0.0,0.06586605310440063
77.69924,"[467.5399169921875, 4.497837543487549, 0.0]","[543.3170166015625, 4.5, 0.0]",8.17013359101861,8.456944465637209,8.456324441213162,-1.0713577269870989,-0.5894355773925781,75.77264402067341,0.28000164000073013,0.3294944762045837,71.27264402067341,-0.2868108746185989,8.214376449584961,0.27520751953125,75.74639892578125,True,0,8.489583969116211,8.456944465637209,-0.7405853271484197,-0.28444477366247817,-0.09801770516038888,0.032151652055988245,"StraightLane index=('>>>', '1S0_0_', 0)",True,417.37567138671875,0.0021610260009765625,0.0005111694336033763,"StraightLane index=('>>', '>>>', 0)",True,0.0,True,False,-0.21437081694602966,-0.06586605310440063,0.0,-0.06586605310440063,True,0.0,0.0,0.0,0.06586605310440063,0.0,0.06586605310440063
77.719258,"[467.7037353515625, 4.497836112976074, 0.0]","[543.4820556640625, 4.5, 0.0]",8.14870643647866,8.442718505859375,8.44182485606,-1.0713577269974905,-0.6180058121681213,75.77709958706673,0.2868108746185989,0.3404617308934377,71.27709958706673,-0.2940120693807149,8.199583053588867,0.2800016403198242,75.77264404296875,True,0,8.479584693908691,8.442718505859375,-0.7405853271484197,-0.28444477366247817,-0.09801770516038888,0.032151652055988245,"StraightLane index=('>>>', '1S0_0_', 0)",True,417.5399169921875,0.002162456512451172,0.0005111694336033763,"StraightLane index=('>>', '>>>', 0)",True,0.0,True,False,-0.21437081694602966,-0.06586605310440063,0.0,-0.06586605310440063,True,0.0,0.0,0.0,0.06586605310440063,0.0,0.06586605310440063
77.739226,"[467.86712646484375, 4.4978346824646, 0.0]","[543.6504516601562, 4.5, 0.0]",8.130815506306387,8.428238868713379,8.42736761717,-0.8945465086136473,-0.668608546257019,75.7783202901789,0.2940120693807149,0.36005973810580016,71.2783202901789,-0.29742336240699174,8.181782722473145,0.2800016403198242,75.77264404296875,True,0,8.461784362792969,8.428238868713379,-0.7405853271484197,-0.28444477366247817,-0.09801770516038888,0.04302758865357392,"StraightLane index=('>>>', '1S0_0_', 0)",True,417.7037353515625,0.0021638870239257812,0.0005111694336033763,"StraightLane index=('>>', '>>>', 0)",True,0.0,True,False,-0.21437081694602966,-0.05499011650681496,0.0,-0.05499011650681496,True,0.0,0.0,0.0,0.05499011650681496,0.0,0.05499011650681496
77.759618,"[468.03009033203125, 4.497833251953125, 0.0]","[543.8222045898438, 4.5, 0.0]",8.112924576133123,8.413467407226562,8.412599910429819,-0.8945465086632076,-0.7271615266799927,75.78332517259942,0.29742336240699174,0.17056465131384257,71.28332517259942,-0.3005428310934395,8.162063598632812,0.2800016403198242,75.77264404296875,True,0,8.442065238952637,8.413467407226562,-0.7405853271484197,-0.28444477366247817,-0.09801770516038888,0.04302758865357392,"StraightLane index=('>>>', '1S0_0_', 0)",True,417.86712646484375,0.0021653175354003906,0.0005187988281264151,"StraightLane index=('>>', '>>>', 0)",True,0.0,True,False,-0.21437081694602966,-0.05499011650681496,0.0,-0.05499011650681496,True,0.0,0.0,0.0,0.05499011650681496,0.0,0.05499011650681496
77.779745,"[468.1927185058594, 4.49783182144165, 0.0]","[543.9873657226562, 4.5, 0.0]",8.095033645961818,8.39926528930664,8.398037278862226,-0.8945465085652415,-0.7839104533195496,75.7921142350861,0.3005428310934395,0.1559734343223873,71.2921142350861,-0.30423164334482244,8.141366958618164,0.2800016403198242,75.77264404296875,True,0,8.421368598937988,8.39926528930664,-0.7405853271484197,-0.28444477366247817,-0.09801770516038888,0.04302758865357392,"StraightLane index=('>>>', '1S0_0_', 0)",True,418.03009033203125,0.002166748046875,0.0005187988281264151,"StraightLane index=('>>', '>>>', 0)",True,0.0,True,False,-0.21437081694602966,-0.05499011650681496,0.0,-0.05499011650681496,True,0.0,0.0,0.0,0.05499011650681496,0.0,0.05499011650681496
77.799192,"[468.35498046875, 4.497830390930176, 0.0]","[544.1552734375, 4.5, 0.0]",8.077142715788678,8.384827613830566,8.383954366815415,-0.8945465086569904,-0.8313148617744446,75.79464719329454,0.30423164334482244,0.1844406125691478,71.29464719329454,-0.30768489804188803,8.120536804199219,0.2800016403198242,75.77264404296875,True,0,8.400538444519043,8.384827613830566,-0.721168518066424,-0.2812411944285552,-0.081246010701328,0.026255894194513046,"StraightLane index=('>>>', '1S0_0_', 0)",True,418.1927185058594,0.0021681785583496094,0.0005340576171724927,"StraightLane index=('>>', '>>>', 0)",True,0.0,True,False,-0.21437081694602966,-0.05499011650681496,0.0,-0.05499011650681496,True,0.0,0.0,0.0,0.05499011650681496,0.0,0.05499011650681496
77.81936,"[468.5168762207031, 4.497828960418701, 0.0]","[544.3230590820312, 4.5, 0.0]",8.059251785617173,8.37052059173584,8.369641667130717,-0.894546508575278,-0.869926393032074,75.8002929456164,0.30768489804188803,0.17266273485327943,71.3002929456164,-0.31126880611866703,8.099749565124512,0.3042316436767578,75.79464721679688,True,0,8.40398120880127,8.37052059173584,-0.721168518066424,-0.2812411944285552,-0.081246010701328,0.026255894194513046,"StraightLane index=('>>>', '1S0_0_', 0)",True,418.35498046875,0.0021696090698242188,0.0005264282226494539,"StraightLane index=('>>', '>>>', 0)",True,0.0,True,False,-0.21481835842132568,-0.05499011650681496,0.0,-0.05499011650681496,True,0.0,0.0,0.0,0.05499011650681496,0.0,0.05499011650681496
77.839166,"[468.67840576171875, 4.497827529907227, 0.0]","[544.4899291992188, 4.5, 0.0]",8.051977157931569,8.356343269348145,8.355600029892486,-0.3637313842801859,-0.9015636444091797,75.80618283818113,0.31126880611866703,0.17919540383894983,71.30618283818113,-0.30436611141657544,8.069952011108398,0.3042316436767578,75.79464721679688,True,0,8.374183654785156,8.356343269348145,-0.721168518066424,-0.2812411944285552,-0.081246010701328,0.038520648817687714,"StraightLane index=('>>>', '1S0_0_', 0)",True,418.5168762207031,0.002171039581298828,0.0005264282226494539,"StraightLane index=('>>', '>>>', 0)",True,0.0,True,False,-0.21481835842132568,-0.04272536188364029,0.0,-0.04272536188364029,True,0.0,0.0,0.0,-0.0,0.0,-0.0
77.85917,"[468.839599609375, 4.497826099395752, 0.0]","[544.66015625, 4.5, 0.0]",8.044702530243644,8.341885566711426,8.341412858359831,-0.36373138439627084,-0.9218059778213501,75.81152341547968,0.30436611141657544,-0.3451347351045797,71.31152341547968,-0.2971830364677821,8.049604415893555,0.3042316436767578,75.79464721679688,True,0,8.353836059570312,8.341885566711426,-0.721168518066424,-0.2812411944285552,-0.081246010701328,0.038520648817687714,"StraightLane index=('>>>', '1S0_0_', 0)",True,418.67840576171875,0.0021724700927734375,0.0005035400390803375,"StraightLane index=('>>', '>>>', 0)",True,0.0,True,False,-0.21481835842132568,-0.04272536188364029,0.0,-0.04272536188364029,True,0.0,0.0,0.0,-0.0,0.0,-0.0
77.879872,"[469.0006408691406, 4.497824668884277, 0.0]","[544.8237915039062, 4.5, 0.0]",8.037427902556729,8.32798957824707,8.326746817585777,-0.3637313843457335,-0.9165402054786682,75.82055661783268,0.2971830364677821,-0.35915374743966666,71.32055661783268,-0.2905616756903413,8.040939331054688,0.3042316436767578,75.79464721679688,True,0,8.345170974731445,8.32798957824707,-0.721168518066424,-0.2812411944285552,-0.081246010701328,0.038520648817687714,"StraightLane index=('>>>', '1S0_0_', 0)",True,418.839599609375,0.002173900604248047,0.0005187988281264151,"StraightLane index=('>>', '>>>', 0)",True,0.0,True,False,-0.21481835842132568,-0.04272536188364029,0.0,-0.04272536188364029,True,0.0,0.0,0.0,-0.0,0.0,-0.0
77.899719,"[469.1615295410156, 4.497823238372803, 0.0]","[544.994140625, 4.5, 0.0]",8.030153274867398,8.31352424621582,8.312666301636199,-0.36373138446652575,-0.8498697876930237,75.82315061196024,0.2905616756903413,-0.33106803887203995,71.32315061196024,-0.2833709713484218,8.021005630493164,0.3042316436767578,75.79464721679688,True,0,8.325237274169922,8.31352424621582,-0.7130336761474609,-0.27807325365086083,-0.09388212227438664,0.05115676039074635,"StraightLane index=('>>>', '1S0_0_', 0)",True,419.0006408691406,0.0021753311157226562,0.0005187988281264151,"StraightLane index=('>>', '>>>', 0)",True,0.0,True,False,-0.21481835842132568,-0.04272536188364029,0.0,-0.04272536188364029,True,0.0,0.0,0.0,-0.0,0.0,-0.0
77.919796,"[469.322265625, 4.497821807861328, 0.0]","[545.1607666015625, 4.5, 0.0]",8.022878647176388,8.302884101867676,8.298812205729718,-0.36373138455054743,-0.7900038957595825,75.83261106154626,0.2833709713484218,-0.35953521709597425,71.33261106154626,-0.28000545469128824,8.010539054870605,0.2905616760253906,75.82315063476562,True,0,8.301100730895996,8.302884101867676,-0.7130336761474609,-0.27807325365086083,-0.09388212227438664,0.05115676039074635,"StraightLane index=('>>>', '1S0_0_', 0)",True,419.1615295410156,0.0021767616271972656,0.0005111694336033763,"StraightLane index=('>>', '>>>', 0)",True,0.0,True,False,-0.21481835842132568,-0.04272536188364029,0.0,-0.04272536188364029,True,0.0,0.0,0.0,-0.0,0.0,-0.0
77.939201,"[469.4828796386719, 4.4978203773498535, 0.0]","[545.3226928710938, 4.5, 0.0]",8.003293991410422,8.282720565795898,8.285419453404554,-0.979232788298301,-0.7567909359931946,75.83850095449087,0.28000545469128824,-0.16827583285667913,71.33850095449087,-0.2794265743854769,8.006122589111328,0.2905616760253906,75.82315063476562,True,0,8.296684265136719,8.282720565795898,-0.7130336761474609,-0.27807325365086083,-0.09388212227438664,0.03367860728119587,"StraightLane index=('>>>', '1S0_0_', 0)",True,419.322265625,0.002178192138671875,0.0005035400390803375,"StraightLane index=('>>', '>>>', 0)",True,0.0,True,False,-0.21481835842132568,-0.060203514993190765,0.0,-0.060203514993190765,True,0.0,0.0,0.0,0.060203514993190765,0.0,0.060203514993190765
77.959235,"[469.6433410644531, 4.497818946838379, 0.0]","[545.4917602539062, 4.5, 0.0]",7.983709335647897,8.275300025939941,8.271605170403433,-0.9792327881262164,-0.6840370893478394,75.83981320995795,0.2794265743854769,-0.028944015290566227,71.33981320995795,-0.2915906902920442,7.999024868011475,0.2905616760253906,75.82315063476562,True,0,8.289586544036865,8.275300025939941,-0.7130336761474609,-0.27807325365086083,-0.09388212227438664,0.03367860728119587,"StraightLane index=('>>>', '1S0_0_', 0)",True,419.4828796386719,0.0021796226501464844,0.0005111694336033763,"StraightLane index=('>>', '>>>', 0)",True,0.0,True,False,-0.21481835842132568,-0.060203514993190765,0.0,-0.060203514993190765,True,0.0,0.0,0.0,0.060203514993190765,0.0,0.060203514993190765
77.979399,"[469.80340576171875, 4.497817516326904, 0.0]","[545.6531372070312, 4.5, 0.0]",7.964124679885113,8.255175590515137,8.257687332875737,-0.9792327881392282,-0.6346680521965027,75.84841916735596,0.2915906902920442,0.6082057953283648,71.34841916735596,-0.2910509106300241,7.990907669067383,0.2905616760253906,75.82315063476562,True,0,8.281469345092773,8.255175590515137,-0.7130336761474609,-0.27807325365086083,-0.09388212227438664,0.03367860728119587,"StraightLane index=('>>>', '1S0_0_', 0)",True,419.6433410644531,0.0021810531616210938,0.0005035400390803375,"StraightLane index=('>>', '>>>', 0)",True,0.0,True,False,-0.21481835842132568,-0.060203514993190765,0.0,-0.060203514993190765,True,0.0,0.0,0.0,0.060203514993190765,0.0,0.060203514993190765
77.999809,"[469.96307373046875, 4.49781608581543, 0.0]","[545.8224487304688, 4.5, 0.0]",7.944540024125136,8.247732162475586,8.24360151073744,-0.9792327879988516,-0.6204381585121155,75.84973142282264,0.2910509106300241,-0.02698898310100617,71.34973142282264,-0.30319213835045034,7.9799041748046875,0.2905616760253906,75.82315063476562,True,0,8.270465850830078,8.247732162475586,-0.6579208374023438,-0.2732931575948568,-0.07621826766706405,0.016014752673873284,"StraightLane index=('>>>', '1S0_0_', 0)",True,419.80340576171875,0.002182483673095703,0.0005111694336033763,"StraightLane index=('>>', '>>>', 0)",True,0.0,True,False,-0.21481835842132568,-0.060203514993190765,0.0,-0.060203514993190765,True,0.0,0.0,0.0,0.060203514993190765,0.0,0.060203514993190765
78.020326,"[470.1223449707031, 4.497814655303955, 0.0]","[545.9877319335938, 4.5, 0.0]",7.9249553683665175,8.227542877197266,8.229938337915343,-0.979232787930906,-0.6320174336433411,75.85937497673247,0.30319213835045034,0.6070613860213125,71.35937497673247,-0.30258750883074814,7.96633768081665,0.29105091094970703,75.8497314453125,True,0,8.257388591766357,8.227542877197266,-0.6579208374023438,-0.2732931575948568,-0.07621826766706405,0.016014752673873284,"StraightLane index=('>>>', '1S0_0_', 0)",True,419.96307373046875,0.0021839141845703125,0.0005264282226494539,"StraightLane index=('>>', '>>>', 0)",True,0.0,True,False,-0.21363036334514618,-0.060203514993190765,0.0,-0.060203514993190765,True,0.0,0.0,0.0,0.060203514993190765,0.0,0.060203514993190765
78.039836,"[470.28125, 4.4978132247924805, 0.0]","[546.1524658203125, 4.5, 0.0]",7.907831192345742,8.220848083496094,8.216941345245342,-0.8562088010387825,-0.661212146282196,75.86538693960969,0.30258750883074814,-0.030231475985109668,71.36538693960969,-0.3130168911503519,7.950593948364258,0.29105091094970703,75.8497314453125,True,0,8.241644859313965,8.220848083496094,-0.6579208374023438,-0.2732931575948568,-0.07621826766706405,0.023579166966447213,"StraightLane index=('>>>', '1S0_0_', 0)",True,420.1223449707031,0.002185344696044922,0.0005264282226494539,"StraightLane index=('>>', '>>>', 0)",True,0.0,True,False,-0.21363036334514618,-0.05263910070061684,0.0,-0.05263910070061684,True,0.0,0.0,0.0,0.05263910070061684,0.0,0.05263910070061684
78.059392,"[470.43975830078125, 4.497811794281006, 0.0]","[546.3157958984375, 4.5, 0.0]",7.890707016320491,8.200931549072266,8.203910750875014,-0.856208801262559,-0.7011350989341736,75.87121579701818,0.3130168911503519,0.5214691159801887,71.37121579701818,-0.310224532751775,7.933079719543457,0.29105091094970703,75.8497314453125,True,0,8.224130630493164,8.200931549072266,-0.6579208374023438,-0.2732931575948568,-0.07621826766706405,0.023579166966447213,"StraightLane index=('>>>', '1S0_0_', 0)",True,420.28125,0.0021867752075195312,0.0005264282226494539,"StraightLane index=('>>', '>>>', 0)",True,0.0,True,False,-0.21363036334514618,-0.05263910070061684,0.0,-0.05263910070061684,True,0.0,0.0,0.0,0.05263910070061684,0.0,0.05263910070061684
78.08294,"[470.597900390625, 4.497810363769531, 0.0]","[546.4816284179688, 4.5, 0.0]",7.873582840292284,8.194147109985352,8.18823521278746,-0.8562088014103519,-0.741634726524353,75.87603757549516,0.310224532751775,-0.1396179199288472,71.37603757549516,-0.32056426969306795,7.914674282073975,0.29105091094970703,75.8497314453125,True,0,8.205725193023682,8.194147109985352,-0.6579208374023438,-0.2732931575948568,-0.07621826766706405,0.023579166966447213,"StraightLane index=('>>>', '1S0_0_', 0)",True,420.43975830078125,0.0021882057189941406,0.0005035400390803375,"StraightLane index=('>>', '>>>', 0)",True,0.0,True,False,-0.21363036334514618,-0.05263910070061684,0.0,-0.05263910070061684,True,0.0,0.0,0.0,0.05263910070061684,0.0,0.05263910070061684
78.099179,"[470.7557067871094, 4.497808933258057, 0.0]","[546.6439819335938, 4.5, 0.0]",7.856458664262214,8.174310684204102,8.177413639195084,-0.8562088015034774,-0.7761947512626648,75.88372800478874,0.32056426969306795,0.5169868470646488,71.38372800478874,-0.3178520199418875,7.896111011505127,0.29105091094970703,75.8497314453125,True,0,8.187161922454834,8.174310684204102,-0.7342147827148438,-0.27166135923039064,-0.06505754626816376,0.012418445567546926,"StraightLane index=('>>>', '1S0_0_', 0)",True,420.597900390625,0.00218963623046875,0.0005111694336033763,"StraightLane index=('>>', '>>>', 0)",True,0.0,True,False,-0.21363036334514618,-0.05263910070061684,0.0,-0.05263910070061684,True,0.0,0.0,0.0,0.05263910070061684,0.0,0.05263910070061684
78.119059,"[470.9131774902344, 4.497807502746582, 0.0]","[546.8035888671875, 4.5, 0.0]",7.839334488233887,8.168432235717773,8.1648446326885,-0.8562088014163471,-0.8090436458587646,75.88827512391642,0.3178520199418875,-0.13561248755902255,71.38827512391642,-0.3290977474838863,7.877067565917969,0.32056427001953125,75.88372802734375,True,0,8.1976318359375,8.168432235717773,-0.7342147827148438,-0.27166135923039064,-0.06505754626816376,0.012418445567546926,"StraightLane index=('>>>', '1S0_0_', 0)",True,420.7557067871094,0.0021910667419433594,0.0005111694336033763,"StraightLane index=('>>', '>>>', 0)",True,0.0,True,False,-0.21363036334514618,-0.05263910070061684,0.0,-0.05263910070061684,True,0.0,0.0,0.0,0.05263910070061684,0.0,0.05263910070061684
78.139675,"[471.0703125, 4.497806072235107, 0.0]","[546.9677734375, 4.5, 0.0]",7.8320617678979065,8.149044036865234,8.1518374226937,-0.36363601679902935,-0.841633677482605,75.89041135437232,0.3290977474838863,0.5622863770999409,71.39041135437232,-0.31698226896732784,7.849008083343506,0.32056427001953125,75.88372802734375,True,0,8.169572353363037,8.149044036865234,-0.7342147827148438,-0.27166135923039064,-0.06505754626816376,0.034103777627407156,"StraightLane index=('>>>', '1S0_0_', 0)",True,420.9131774902344,0.0021924972534179688,0.0005111694336033763,"StraightLane index=('>>', '>>>', 0)",True,0.0,True,False,-0.21363036334514618,-0.030953768640756607,0.0,-0.030953768640756607,True,0.0,0.0,0.0,-0.0,0.0,-0.0
78.159031,"[471.22711181640625, 4.497804641723633, 0.0]","[547.1328125, 4.5, 0.0]",7.824789047566854,8.142924308776855,8.139617420539317,-0.36363601655264866,-0.8583258390426636,75.89746091452318,0.31698226896732784,-0.6057739258279238,71.39746091452318,-0.3181352612100019,7.830256462097168,0.32056427001953125,75.88372802734375,True,0,8.1508207321167,8.142924308776855,-0.7342147827148438,-0.27166135923039064,-0.06505754626816376,0.034103777627407156,"StraightLane index=('>>>', '1S0_0_', 0)",True,421.0703125,0.002193927764892578,0.0005187988281264151,"StraightLane index=('>>', '>>>', 0)",True,0.0,True,False,-0.21363036334514618,-0.030953768640756607,0.0,-0.030953768640756607,True,0.0,0.0,0.0,-0.0,0.0,-0.0
78.179394,"[471.3837585449219, 4.497803211212158, 0.0]","[547.2924194335938, 4.5, 0.0]",7.8175163272332595,8.123893737792969,8.126780926966166,-0.3636360166797026,-0.8532200455665588,75.90570065944603,0.3181352612100019,0.05764961213370334,71.40570065944603,-0.30637741055970924,7.822208881378174,0.32056427001953125,75.88372802734375,True,0,8.142773151397705,8.123893737792969,-0.7342147827148438,-0.27166135923039064,-0.06505754626816376,0.034103777627407156,"StraightLane index=('>>>', '1S0_0_', 0)",True,421.22711181640625,0.0021953582763671875,0.0005416870116955315,"StraightLane index=('>>', '>>>', 0)",True,0.0,True,False,-0.21363036334514618,-0.030953768640756607,0.0,-0.030953768640756607,True,0.0,0.0,0.0,-0.0,0.0,-0.0
78.199206,"[471.5402526855469, 4.497801780700684, 0.0]","[547.4552612304688, 4.5, 0.0]",7.810243606895796,8.11794662475586,8.114274260871609,-0.36363601687319225,-0.8191857933998108,75.90866086489791,0.30637741055970924,-0.5878925325146334,71.40866086489791,-0.3077030178600637,7.80889892578125,0.32056427001953125,75.88372802734375,True,0,8.129463195800781,8.11794662475586,-0.5636405944824219,-0.26422264411423635,-0.06421568250519494,0.03326191386443833,"StraightLane index=('>>>', '1S0_0_', 0)",True,421.3837585449219,0.002196788787841797,0.0005340576171724927,"StraightLane index=('>>', '>>>', 0)",True,0.0,True,False,-0.21363036334514618,-0.030953768640756607,0.0,-0.030953768640756607,True,0.0,0.0,0.0,-0.0,0.0,-0.0
78.219275,"[471.69659423828125, 4.497800350189209, 0.0]","[547.6177368164062, 4.5, 0.0]",7.802970886558779,8.09915351867676,8.102365649069009,-0.36363601685085456,-0.7706401348114014,75.91500852152056,0.3077030178600637,0.0662803650177235,71.41500852152056,-0.296182632117981,7.797874927520752,0.3063774108886719,75.90866088867188,True,0,8.104252338409424,8.09915351867676,-0.5636405944824219,-0.26422264411423635,-0.06421568250519494,0.03326191386443833,"StraightLane index=('>>>', '1S0_0_', 0)",True,421.5402526855469,0.0021982192993164062,0.0005264282226494539,"StraightLane index=('>>', '>>>', 0)",True,0.0,True,False,-0.21115642786026,-0.030953768640756607,0.0,-0.030953768640756607,True,0.0,0.0,0.0,-0.0,0.0,-0.0
78.239452,"[471.8528137207031, 4.497798919677734, 0.0]","[547.779296875, 4.5, 0.0]",7.795698166221641,8.093992233276367,8.090419552597963,-0.3636360168568942,-0.7101389765739441,75.92114255547916,0.296182632117981,-0.5760192871041347,71.42114255547916,-0.2982940670547265,7.789120674133301,0.3063774108886719,75.90866088867188,True,0,8.095498085021973,8.093992233276367,-0.5636405944824219,-0.26422264411423635,-0.06421568250519494,0.016864154546086585,"StraightLane index=('>>>', '1S0_0_', 0)",True,421.69659423828125,0.0021996498107910156,0.0005111694336033763,"StraightLane index=('>>', '>>>', 0)",True,0.0,True,False,-0.21115642786026,-0.04735152795910835,0.0,-0.04735152795910835,True,0.0,0.0,0.0,-0.0,0.0,-0.0
78.25929,"[472.0088806152344, 4.49779748916626, 0.0]","[547.93994140625, 4.5, 0.0]",7.78842544588483,8.075556755065918,8.078671999914386,-0.3636360168405517,-0.6455594301223755,75.9264831312541,0.2982940670547265,0.1055717468372741,71.4264831312541,-0.2871313091810883,7.782057762145996,0.3063774108886719,75.90866088867188,True,0,8.088435173034668,8.075556755065918,-0.5636405944824219,-0.26422264411423635,-0.06421568250519494,0.016864154546086585,"StraightLane index=('>>>', '1S0_0_', 0)",True,421.8528137207031,0.002201080322265625,0.0005187988281264151,"StraightLane index=('>>', '>>>', 0)",True,0.0,True,False,-0.21115642786026,-0.04735152795910835,0.0,-0.04735152795910835,True,0.0,0.0,0.0,-0.0,0.0,-0.0
78.27944,"[472.164794921875, 4.497796058654785, 0.0]","[548.102783203125, 4.5, 0.0]",7.781152725547451,8.070301055908203,8.066750141703336,-0.363636016868929,-0.585898756980896,75.93106076757421,0.2871313091810883,-0.5581378936819092,71.43106076757421,-0.28914833036075205,7.7757487297058105,0.3063774108886719,75.90866088867188,True,0,8.082126140594482,8.070301055908203,-0.5636405944824219,-0.26422264411423635,-0.06421568250519494,0.016864154546086585,"StraightLane index=('>>>', '1S0_0_', 0)",True,422.0088806152344,0.0022025108337402344,0.0005264282226494539,"StraightLane index=('>>', '>>>', 0)",True,0.0,True,False,-0.21115642786026,-0.04735152795910835,0.0,-0.04735152795910835,True,0.0,0.0,0.0,-0.0,0.0,-0.0
78.299635,"[472.320556640625, 4.4977946281433105, 0.0]","[548.2677612304688, 4.5, 0.0]",7.773880005213028,8.051551818847656,8.054791091084759,-0.3636360167211361,-0.49796807765960693,75.93798825779515,0.28914833036075205,0.1008510589831868,71.43798825779515,-0.2776718136346279,7.768277645111084,0.3063774108886719,75.90866088867188,True,0,8.074655055999756,8.051551818847656,-0.6639480590820312,-0.2610385617706838,-0.08055188290817566,0.03320035494906731,"StraightLane index=('>>>', '1S0_0_', 0)",True,422.164794921875,0.0022039413452148438,0.0005264282226494539,"StraightLane index=('>>', '>>>', 0)",True,0.0,True,False,-0.21115642786026,-0.04735152795910835,0.0,-0.04735152795910835,True,0.0,0.0,0.0,-0.0,0.0,-0.0
78.321168,"[472.4761657714844, 4.497793197631836, 0.0]","[548.4264526367188, 4.5, 0.0]",7.76660728487721,8.047157287597656,8.04299937551997,-0.3636360167909025,-0.4775954782962799,75.9472045655995,0.2776718136346279,-0.5738258363062076,71.4472045655995,-0.28055000272044595,7.765435218811035,0.28914833068847656,75.93798828125,True,0,8.054583549499512,8.047157287597656,-0.6639480590820312,-0.2610385617706838,-0.08055188290817566,0.03320035494906731,"StraightLane index=('>>>', '1S0_0_', 0)",True,422.320556640625,0.002205371856689453,0.0005416870116955315,"StraightLane index=('>>', '>>>', 0)",True,0.0,True,False,-0.21115642786026,-0.04735152795910835,0.0,-0.04735152795910835,True,0.0,0.0,0.0,-0.0,0.0,-0.0
78.339221,"[472.63165283203125, 4.497791767120361, 0.0]","[548.5853881835938, 4.5, 0.0]",7.750185013149128,8.029656410217285,8.03312131476567,-0.8211135864041097,-0.43307802081108093,75.95028684175271,0.28055000272044595,0.14390945429090252,71.45028684175271,-0.27947139706815705,7.760804176330566,0.28914833068847656,75.93798828125,True,0,8.049952507019043,8.029656410217285,-0.6639480590820312,-0.2610385617706838,-0.08055188290817566,0.030068980232308584,"StraightLane index=('>>>', '1S0_0_', 0)",True,422.4761657714844,0.0022068023681640625,0.0005264282226494539,"StraightLane index=('>>', '>>>', 0)",True,0.0,True,False,-0.21115642786026,-0.05048290267586708,0.0,-0.05048290267586708,True,0.0,0.0,0.0,0.05048290267586708,0.0,0.05048290267586708
78.359017,"[472.7869873046875, 4.497790336608887, 0.0]","[548.7494506835938, 4.5, 0.0]",7.733762741415218,8.025147438049316,8.022290332399036,-0.821113586695521,-0.3967092037200928,75.95373532845385,0.27947139706815705,-0.05393028261444499,71.45373532845385,-0.2913846966340987,7.756193161010742,0.28914833068847656,75.93798828125,True,0,8.045341491699219,8.025147438049316,-0.6639480590820312,-0.2610385617706838,-0.08055188290817566,0.030068980232308584,"StraightLane index=('>>>', '1S0_0_', 0)",True,422.63165283203125,0.002208232879638672,0.0005187988281264151,"StraightLane index=('>>', '>>>', 0)",True,0.0,True,False,-0.21115642786026,-0.05048290267586708,0.0,-0.05048290267586708,True,0.0,0.0,0.0,0.05048290267586708,0.0,0.05048290267586708
78.380276,"[472.9419860839844, 4.497788906097412, 0.0]","[548.9081420898438, 4.5, 0.0]",7.717340469683285,8.007665634155273,8.010669007259587,-0.8211135865966224,-0.3860492706298828,75.96246335539779,0.2913846966340987,0.5956649782970835,71.46246335539779,-0.2903251644719882,7.749550819396973,0.28914833068847656,75.93798828125,True,0,8.03869915008545,8.007665634155273,-0.6639480590820312,-0.2610385617706838,-0.08055188290817566,0.030068980232308584,"StraightLane index=('>>>', '1S0_0_', 0)",True,422.7869873046875,0.0022096633911132812,0.0005264282226494539,"StraightLane index=('>>', '>>>', 0)",True,0.0,True,False,-0.21115642786026,-0.05048290267586708,0.0,-0.05048290267586708,True,0.0,0.0,0.0,0.05048290267586708,0.0,0.05048290267586708
78.399288,"[473.0966491699219, 4.4977874755859375, 0.0]","[549.0672607421875, 4.5, 0.0]",7.700918197955433,8.00348949432373,8.000268306583857,-0.8211135863926078,-0.40593820810317993,75.96615598272432,0.2903251644719882,-0.05297660810552607,71.46615598272432,-0.3025712963682974,7.73975133895874,0.28914833068847656,75.93798828125,True,0,8.028899669647217,8.00348949432373,-0.4806232452392578,-0.25175651917698944,-0.05508517653759612,0.004602273861729039,"StraightLane index=('>>>', '1S0_0_', 0)",True,422.9419860839844,0.0022110939025878906,0.0005187988281264151,"StraightLane index=('>>', '>>>', 0)",True,0.0,True,False,-0.21115642786026,-0.05048290267586708,0.0,-0.05048290267586708,True,0.0,0.0,0.0,0.05048290267586708,0.0,0.05048290267586708
78.419344,"[473.2510070800781, 4.497786045074463, 0.0]","[549.2274169921875, 4.5, 0.0]",7.684495926224044,7.98976230621338,7.990110947189948,-0.8211135865694441,-0.46393072605133057,75.97061154911742,0.3025712963682974,0.6123065948154593,71.47061154911742,-0.3052663799893356,7.7209792137146,0.2903251647949219,75.96615600585938,True,0,8.011304378509521,7.98976230621338,-0.4806232452392578,-0.25175651917698944,-0.05508517653759612,0.004602273861729039,"StraightLane index=('>>>', '1S0_0_', 0)",True,423.0966491699219,0.0022125244140625,0.0005187988281264151,"StraightLane index=('>>', '>>>', 0)",True,0.0,True,False,-0.20755504071712494,-0.05048290267586708,0.0,-0.05048290267586708,True,0.0,0.0,0.0,0.05048290267586708,0.0,0.05048290267586708
78.439386,"[473.405029296875, 4.497784614562988, 0.0]","[549.3861694335938, 4.5, 0.0]",7.677223205887895,7.979709148406982,7.979990460353271,-0.36363601680746704,-0.4987410604953766,75.9764098885609,0.3052663799893356,0.1347541810519104,71.4764098885609,-0.30248594251908756,7.712688446044922,0.2903251647949219,75.96615600585938,True,0,8.003013610839844,7.979709148406982,-0.4806232452392578,-0.25175651917698944,-0.05508517653759612,0.014812955568395986,"StraightLane index=('>>>', '1S0_0_', 0)",True,423.2510070800781,0.0022139549255371094,0.0005264282226494539,"StraightLane index=('>>', '>>>', 0)",True,0.0,True,False,-0.20755504071712494,-0.040272220969200134,0.0,-0.040272220969200134,True,0.0,0.0,0.0,-0.0,0.0,-0.0
78.459455,"[473.5587158203125, 4.497783184051514, 0.0]","[549.5499877929688, 4.5, 0.0]",7.669950485553872,7.969333648681641,7.969852597974509,-0.3636360167011521,-0.5565617680549622,75.98114011315693,0.30248594251908756,-0.13902187351240158,71.48114011315693,-0.2993831631277688,7.696437358856201,0.2903251647949219,75.96615600585938,True,0,7.986762523651123,7.969333648681641,-0.4806232452392578,-0.25175651917698944,-0.05508517653759612,0.014812955568395986,"StraightLane index=('>>>', '1S0_0_', 0)",True,423.405029296875,0.0022153854370117188,0.0005264282226494539,"StraightLane index=('>>', '>>>', 0)",True,0.0,True,False,-0.20755504071712494,-0.040272220969200134,0.0,-0.040272220969200134,True,0.0,0.0,0.0,-0.0,0.0,-0.0
78.480017,"[473.7122497558594, 4.497781753540039, 0.0]","[549.7098999023438, 4.5, 0.0]",7.662677765221495,7.959208011627198,7.959474185920676,-0.36363601661886236,-0.5962463617324829,75.99127194869202,0.2993831631277688,-0.15513896956593776,71.49127194869202,-0.2965302464057036,7.6809258460998535,0.2903251647949219,75.96615600585938,True,0,7.971251010894775,7.959208011627198,-0.4806232452392578,-0.25175651917698944,-0.05508517653759612,0.014812955568395986,"StraightLane index=('>>>', '1S0_0_', 0)",True,423.5587158203125,0.002216815948486328,0.0005340576171724927,"StraightLane index=('>>', '>>>', 0)",True,0.0,True,False,-0.20755504071712494,-0.040272220969200134,0.0,-0.040272220969200134,True,0.0,0.0,0.0,-0.0,0.0,-0.0
78.499982,"[473.86566162109375, 4.4977803230285645, 0.0]","[549.8648071289062, 4.5, 0.0]",7.65540504489004,7.949398994445801,7.94938905995264,-0.3636360165727215,-0.6097173094749451,75.99765012250654,0.2965302464057036,-0.1426458361032612,71.49765012250654,-0.29399394955576064,7.667535305023193,0.2903251647949219,75.96615600585938,True,0,7.957860469818115,7.949398994445801,-0.5409049987792969,-0.24551254221656588,-0.05441647500532146,0.014144254036121323,"StraightLane index=('>>>', '1S0_0_', 0)",True,423.7122497558594,0.0022182464599609375,0.0005340576171724927,"StraightLane index=('>>', '>>>', 0)",True,0.0,True,False,-0.20755504071712494,-0.040272220969200134,0.0,-0.040272220969200134,True,0.0,0.0,0.0,-0.0,0.0,-0.0
78.519995,"[474.0189208984375, 4.49777889251709, 0.0]","[550.0281372070312, 4.5, 0.0]",7.648132324559747,7.939571857452393,7.940083040990115,-0.36363601651467903,-0.6030345559120178,75.99914548343068,0.29399394955576064,-0.12681484249714714,71.49914548343068,-0.291439532892646,7.656073570251465,0.29653024673461914,75.99765014648438,True,0,7.952603816986084,7.939571857452393,-0.5409049987792969,-0.24551254221656588,-0.05441647500532146,0.014144254036121323,"StraightLane index=('>>>', '1S0_0_', 0)",True,423.86566162109375,0.002219676971435547,0.0005416870116955315,"StraightLane index=('>>', '>>>', 0)",True,0.0,True,False,-0.20755504071712494,-0.040272220969200134,0.0,-0.040272220969200134,True,0.0,0.0,0.0,-0.0,0.0,-0.0
78.539472,"[474.1720275878906, 4.497777462005615, 0.0]","[550.1829223632812, 4.5, 0.0]",7.6408596042241985,7.9304890632629395,7.931028814881259,-0.3636360167774022,-0.5831779837608337,76.00921628380586,0.291439532892646,-0.12772083315573113,71.50921628380586,-0.28962945903874093,7.646225929260254,0.29653024673461914,75.99765014648438,True,0,7.942756175994873,7.9304890632629395,-0.5409049987792969,-0.24551254221656588,-0.05441647500532146,0.018896338648967698,"StraightLane index=('>>>', '1S0_0_', 0)",True,424.0189208984375,0.0022211074829101562,0.0005493164062694592,"StraightLane index=('>>', '>>>', 0)",True,0.0,True,False,-0.20755504071712494,-0.03552013635635376,0.0,-0.03552013635635376,True,0.0,0.0,0.0,-0.0,0.0,-0.0
78.55906,"[474.3249816894531, 4.497776031494141, 0.0]","[550.3409423828125, 4.5, 0.0]",7.633586883888603,7.921219348907471,7.9219165283978255,-0.3636360167797559,-0.5425108075141907,76.0108947513722,0.28962945903874093,-0.09050369269525405,71.5108947513722,-0.2876324650188673,7.633392333984375,0.29653024673461914,75.99765014648438,True,0,7.929922580718994,7.921219348907471,-0.5409049987792969,-0.24551254221656588,-0.05441647500532146,0.018896338648967698,"StraightLane index=('>>>', '1S0_0_', 0)",True,424.1720275878906,0.0022225379943847656,0.0005340576171724927,"StraightLane index=('>>', '>>>', 0)",True,0.0,True,False,-0.20755504071712494,-0.03552013635635376,0.0,-0.03552013635635376,True,0.0,0.0,0.0,-0.0,0.0,-0.0
78.579433,"[474.4778137207031, 4.497774600982666, 0.0]","[550.4991455078125, 4.5, 0.0]",7.626314163553134,7.911938190460205,7.912446261212146,-0.3636360167734498,-0.5287814140319824,76.0159606693274,0.2876324650188673,-0.09984970099368162,71.5159606693274,-0.28562402690707067,7.6294074058532715,0.29653024673461914,75.99765014648438,True,0,7.925937652587891,7.911938190460205,-0.5409049987792969,-0.24551254221656588,-0.05441647500532146,0.018896338648967698,"StraightLane index=('>>>', '1S0_0_', 0)",True,424.3249816894531,0.002223968505859375,0.0005340576171724927,"StraightLane index=('>>', '>>>', 0)",True,0.0,True,False,-0.20755504071712494,-0.03552013635635376,0.0,-0.03552013635635376,True,0.0,0.0,0.0,-0.0,0.0,-0.0
78.599102,"[474.6304931640625, 4.497773170471191, 0.0]","[550.6575317382812, 4.5, 0.0]",7.61904144321712,7.902646064758301,7.903297274608459,-0.3636360168007169,-0.49669337272644043,76.02133176267249,0.28562402690707067,-0.10042190558983144,71.52133176267249,-0.2836046215411807,7.622401714324951,0.29653024673461914,75.99765014648438,True,0,7.91893196105957,7.902646064758301,-0.467529296875,-0.2373248133855343,-0.052981809383766815,0.017461673027413055,"StraightLane index=('>>>', '1S0_0_', 0)",True,424.4778137207031,0.0022253990173339844,0.0005416870116955315,"StraightLane index=('>>', '>>>', 0)",True,0.0,True,False,-0.20755504071712494,-0.03552013635635376,0.0,-0.03552013635635376,True,0.0,0.0,0.0,-0.0,0.0,-0.0
78.620184,"[474.78302001953125, 4.497771739959717, 0.0]","[550.8163452148438, 4.5, 0.0]",7.611768722878022,7.893726348876955,7.894154023958677,-0.36363601695490466,-0.4691591262817383,76.02703855054985,0.2836046215411807,-0.10097026829449796,71.52703855054985,-0.2819576259989329,7.615537643432617,0.28562402725219727,76.02133178710938,True,0,7.9011616706848145,7.893726348876955,-0.467529296875,-0.2373248133855343,-0.052981809383766815,0.017461673027413055,"StraightLane index=('>>>', '1S0_0_', 0)",True,424.6304931640625,0.0022268295288085938,0.0005264282226494539,"StraightLane index=('>>', '>>>', 0)",True,0.0,True,False,-0.20755504071712494,-0.03552013635635376,0.0,-0.03552013635635376,True,0.0,0.0,0.0,-0.0,0.0,-0.0
78.640285,"[474.9353942871094, 4.497770309448242, 0.0]","[550.9779663085938, 4.5, 0.0]",7.604496002539846,7.884846210479736,7.885440120219531,-0.3636360169088082,-0.4248734712600708,76.03332517123977,0.2819576259989329,-0.08234977711238933,71.53332517123977,-0.2803502079398905,7.606537818908691,0.28562402725219727,76.02133178710938,True,0,7.892161846160889,7.884846210479736,-0.467529296875,-0.2373248133855343,-0.052981809383766815,0.015763126915829345,"StraightLane index=('>>>', '1S0_0_', 0)",True,424.78302001953125,0.002228260040283203,0.0005340576171724927,"StraightLane index=('>>', '>>>', 0)",True,0.0,True,False,-0.20277833938598633,-0.03721868246793747,0.0,-0.03721868246793747,True,0.0,0.0,0.0,-0.0,0.0,-0.0
78.659317,"[475.0876159667969, 4.497768878936768, 0.0]","[551.1344604492188, 4.5, 0.0]",7.5972232822043635,7.876247882843019,7.877193649071839,-0.36363601677411594,-0.40396758913993835,76.04257199621799,0.2803502079398905,-0.08037090295212046,71.54257199621799,-0.27902460063865586,7.600309371948242,0.28562402725219727,76.02133178710938,True,0,7.8859333992004395,7.876247882843019,-0.467529296875,-0.2373248133855343,-0.052981809383766815,0.015763126915829345,"StraightLane index=('>>>', '1S0_0_', 0)",True,424.9353942871094,0.0022296905517578125,0.000556945800792498,"StraightLane index=('>>', '>>>', 0)",True,0.0,True,False,-0.20277833938598633,-0.03721868246793747,0.0,-0.03721868246793747,True,0.0,0.0,0.0,-0.0,0.0,-0.0
78.680117,"[475.2397155761719, 4.497767448425293, 0.0]","[551.2937622070312, 4.5, 0.0]",7.58995056186509,7.867496490478516,7.8681931175273965,-0.3636360169636532,-0.39526259899139404,76.04684445792974,0.27902460063865586,-0.06628036506173274,71.54684445792974,-0.2775459286134252,7.597182750701904,0.28562402725219727,76.02133178710938,True,0,7.882806777954102,7.867496490478516,-0.467529296875,-0.2373248133855343,-0.052981809383766815,0.015763126915829345,"StraightLane index=('>>>', '1S0_0_', 0)",True,425.0876159667969,0.002231121063232422,0.0005416870116955315,"StraightLane index=('>>', '>>>', 0)",True,0.0,True,False,-0.20277833938598633,-0.03721868246793747,0.0,-0.03721868246793747,True,0.0,0.0,0.0,-0.0,0.0,-0.0
78.6994,"[475.39166259765625, 4.497766017913818, 0.0]","[551.4500732421875, 4.5, 0.0]",7.582677841524294,7.858906269073486,7.859839600983182,-0.3636360170398145,-0.37716397643089294,76.05404660713675,0.2775459286134252,-0.07393360126153325,71.55404660713675,-0.2762284275491922,7.591314792633057,0.28562402725219727,76.02133178710938,True,0,7.876938819885254,7.858906269073486,-0.43739795684814453,-0.22890126053666593,-0.049352782629691005,0.012134100161753536,"StraightLane index=('>>>', '1S0_0_', 0)",True,425.2397155761719,0.0022325515747070312,0.0005264282226494539,"StraightLane index=('>>', '>>>', 0)",True,0.0,True,False,-0.20277833938598633,-0.03721868246793747,0.0,-0.03721868246793747,True,0.0,0.0,0.0,-0.0,0.0,-0.0
78.719338,"[475.54345703125, 4.497764587402344, 0.0]","[551.6036376953125, 4.5, 0.0]",7.575405121181513,7.850803375244141,7.851732358641586,-0.36363601713906846,-0.36736220121383667,76.05841062118515,0.2762284275491922,-0.06587505321165033,71.55841062118515,-0.27539825406262786,7.588571548461914,0.28562402725219727,76.02133178710938,True,0,7.874195575714111,7.850803375244141,-0.43739795684814453,-0.22890126053666593,-0.049352782629691005,0.012134100161753536,"StraightLane index=('>>>', '1S0_0_', 0)",True,425.39166259765625,0.0022339820861816406,0.0005187988281264151,"StraightLane index=('>>', '>>>', 0)",True,0.0,True,False,-0.20277833938598633,-0.03721868246793747,0.0,-0.03721868246793747,True,0.0,0.0,0.0,-0.0,0.0,-0.0
78.742556,"[475.6950988769531, 4.497763156890869, 0.0]","[551.7625122070312, 4.5, 0.0]",7.568132400837681,7.84257459640503,7.842335319334129,-0.3636360171916042,-0.3580422103404999,76.06018064031333,0.27539825406262786,-0.0415086743282167,71.56018064031333,-0.2744421955673495,7.578604221343994,0.2775459289550781,76.05404663085938,True,0,7.856150150299072,7.84257459640503,-0.43739795684814453,-0.22890126053666593,-0.049352782629691005,0.0237383757161721,"StraightLane index=('>>>', '1S0_0_', 0)",True,425.54345703125,0.00223541259765625,0.0005264282226494539,"StraightLane index=('>>', '>>>', 0)",True,0.0,True,False,-0.20277833938598633,-0.025614406913518906,0.0,-0.025614406913518906,True,0.0,0.0,0.0,-0.0,0.0,-0.0
78.759387,"[475.84661865234375, 4.4977617263793945, 0.0]","[551.9202880859375, 4.5, 0.0]",7.560859680498797,7.8344035148620605,7.835475332220388,-0.3636360169442021,-0.35160091519355774,76.06741330709465,0.2744421955673495,-0.04780292476391779,71.56741330709465,-0.2735438343632639,7.572197437286377,0.2775459289550781,76.05404663085938,True,0,7.849743366241455,7.8344035148620605,-0.43739795684814453,-0.22890126053666593,-0.049352782629691005,0.0237383757161721,"StraightLane index=('>>>', '1S0_0_', 0)",True,425.6950988769531,0.0022368431091308594,0.0005111694336033763,"StraightLane index=('>>', '>>>', 0)",True,0.0,True,False,-0.20277833938598633,-0.025614406913518906,0.0,-0.025614406913518906,True,0.0,0.0,0.0,-0.0,0.0,-0.0
78.779941,"[475.99798583984375, 4.49776029586792, 0.0]","[552.0745239257812, 4.5, 0.0]",7.553586960159863,7.826416969299316,7.827129646567755,-0.363636016946689,-0.3464944660663605,76.07366941020815,0.2735438343632639,-0.0449180602042798,71.57366941020815,-0.27283000913945354,7.5657477378845215,0.2775459289550781,76.05404663085938,True,0,7.8432936668396,7.826416969299316,-0.43739795684814453,-0.22890126053666593,-0.049352782629691005,0.0237383757161721,"StraightLane index=('>>>', '1S0_0_', 0)",True,425.84661865234375,0.0022382736206054688,0.0005187988281264151,"StraightLane index=('>>', '>>>', 0)",True,0.0,True,False,-0.20277833938598633,-0.025614406913518906,0.0,-0.025614406913518906,True,0.0,0.0,0.0,-0.0,0.0,-0.0
78.798891,"[476.1492004394531, 4.497758865356445, 0.0]","[552.23046875, 4.5, 0.0]",7.546314239824096,7.818338394165039,7.819432943788193,-0.3636360167883268,-0.34021276235580444,76.07653806214822,0.27283000913945354,-0.03569126119051802,71.57653806214822,-0.27202415434094274,7.55610466003418,0.2775459289550781,76.05404663085938,True,0,7.833650588989258,7.818338394165039,-0.40567874908447266,-0.22020989070095587,-0.043394190379343084,0.017779783465824178,"StraightLane index=('>>>', '1S0_0_', 0)",True,425.99798583984375,0.002239704132080078,0.0005264282226494539,"StraightLane index=('>>', '>>>', 0)",True,0.0,True,False,-0.20277833938598633,-0.025614406913518906,0.0,-0.025614406913518906,True,0.0,0.0,0.0,-0.0,0.0,-0.0
78.819419,"[476.3002624511719, 4.497757434844971, 0.0]","[552.38720703125, 4.5, 0.0]",7.539041519485084,7.810451030731202,7.811467928909021,-0.363636016950597,-0.34573256969451904,76.08126828674425,0.27202415434094274,-0.04029273992554039,71.58126828674425,-0.2714095112461177,7.552123069763184,0.2728300094604492,76.0765380859375,True,0,7.824953079223633,7.810451030731202,-0.40567874908447266,-0.22020989070095587,-0.043394190379343084,0.017779783465824178,"StraightLane index=('>>>', '1S0_0_', 0)",True,426.1492004394531,0.0022411346435546875,0.0005264282226494539,"StraightLane index=('>>', '>>>', 0)",True,0.0,True,False,-0.19688263535499573,-0.025614406913518906,0.0,-0.025614406913518906,True,0.0,0.0,0.0,-0.0,0.0,-0.0
78.839941,"[476.4512023925781, 4.497756004333496, 0.0]","[552.5471801757812, 4.5, 0.0]",7.531768799149452,7.805844783782959,7.8035288394707845,-0.36363601678162105,-0.34723126888275146,76.08694455665314,0.2714095112461177,-0.030732154741253126,71.58694455665314,-0.274075984633507,7.545062065124512,0.2728300094604492,76.0765380859375,True,0,7.817892074584961,7.805844783782959,-0.40567874908447266,-0.22020989070095587,-0.043394190379343084,0.014496347987017683,"StraightLane index=('>>>', '1S0_0_', 0)",True,426.3002624511719,0.002242565155029297,0.0005187988281264151,"StraightLane index=('>>', '>>>', 0)",True,0.0,True,False,-0.19688263535499573,-0.0288978423923254,0.0,-0.0288978423923254,True,0.0,0.0,0.0,-0.0,0.0,-0.0
78.85933,"[476.60198974609375, 4.4977545738220215, 0.0]","[552.7021484375, 4.5, 0.0]",7.524496078813172,7.7914910316467285,7.796020105644153,-0.36363601681399516,-0.3487529456615448,76.09597775937358,0.274075984633507,0.13332366936946727,71.59597775937358,-0.26699495283355645,7.537993907928467,0.2728300094604492,76.0765380859375,True,0,7.810823917388916,7.7914910316467285,-0.40567874908447266,-0.22020989070095587,-0.043394190379343084,0.014496347987017683,"StraightLane index=('>>>', '1S0_0_', 0)",True,426.4512023925781,0.0022439956665039062,0.0005264282226494539,"StraightLane index=('>>', '>>>', 0)",True,0.0,True,False,-0.19688263535499573,-0.0288978423923254,0.0,-0.0288978423923254,True,0.0,0.0,0.0,-0.0,0.0,-0.0
78.87969,"[476.75262451171875, 4.497753143310547, 0.0]","[552.85400390625, 4.5, 0.0]",7.517223358476802,7.790620803833008,7.78814593080297,-0.36363601681852487,-0.35408133268356323,76.10015866756339,0.26699495283355645,-0.3540515899975283,71.60015866756339,-0.27339744535620625,7.530474662780762,0.2728300094604492,76.0765380859375,True,0,7.803304672241211,7.790620803833008,-0.40567874908447266,-0.22020989070095587,-0.043394190379343084,0.014496347987017683,"StraightLane index=('>>>', '1S0_0_', 0)",True,426.60198974609375,0.0022454261779785156,0.0005264282226494539,"StraightLane index=('>>', '>>>', 0)",True,0.0,True,False,-0.19688263535499573,-0.0288978423923254,0.0,-0.0288978423923254,True,0.0,0.0,0.0,-0.0,0.0,-0.0
78.899666,"[476.9031066894531, 4.497751712799072, 0.0]","[553.0140991210938, 4.5, 0.0]",7.509950638139746,7.7760114669799805,7.78043978595096,-0.36363601685276414,-0.35717886686325073,76.10137937067519,0.27339744535620625,0.3201246261324897,71.60137937067519,-0.2660608288402342,7.523069381713867,0.2728300094604492,76.0765380859375,True,0,7.795899391174316,7.7760114669799805,-0.42326927185058594,-0.21300332614563078,-0.04006378739947855,0.01116594500715315,"StraightLane index=('>>>', '1S0_0_', 0)",True,426.75262451171875,0.002246856689453125,0.0005264282226494539,"StraightLane index=('>>', '>>>', 0)",True,0.0,True,False,-0.19688263535499573,-0.0288978423923254,0.0,-0.0288978423923254,True,0.0,0.0,0.0,-0.0,0.0,-0.0
78.919142,"[477.0534362792969, 4.497750282287598, 0.0]","[553.1663818359375, 4.5, 0.0]",7.502677917802935,7.775259494781494,7.773105009255246,-0.3636360168405517,-0.35769662261009216,76.11099240777102,0.2660608288402342,-0.36683082579860304,71.61099240777102,-0.2725815769785589,7.5123114585876465,0.27339744567871094,76.10137939453125,True,0,7.785708904266357,7.775259494781494,-0.42326927185058594,-0.21300332614563078,-0.04006378739947855,0.01116594500715315,"StraightLane index=('>>>', '1S0_0_', 0)",True,426.9031066894531,0.0022482872009277344,0.0005264282226494539,"StraightLane index=('>>', '>>>', 0)",True,0.0,True,False,-0.19688263535499573,-0.0288978423923254,0.0,-0.0288978423923254,True,0.0,0.0,0.0,-0.0,0.0,-0.0
78.939761,"[477.2036437988281, 4.497748851776123, 0.0]","[553.3257446289062, 4.5, 0.0]",7.4954051974661935,7.76089334487915,7.765372953628698,-0.3636360168370878,-0.35968780517578125,76.11294553275779,0.2725815769785589,0.3260374069162353,71.61294553275779,-0.2654881474129569,7.508525371551514,0.27339744567871094,76.10137939453125,True,0,7.781922817230225,7.76089334487915,-0.42326927185058594,-0.21300332614563078,-0.04006378739947855,0.019593138395496007,"StraightLane index=('>>>', '1S0_0_', 0)",True,427.0534362792969,0.0022497177124023438,0.0005264282226494539,"StraightLane index=('>>', '>>>', 0)",True,0.0,True,False,-0.19688263535499573,-0.020470649003982544,0.0,-0.020470649003982544,True,0.0,0.0,0.0,-0.0,0.0,-0.0
78.959391,"[477.35369873046875, 4.497747421264648, 0.0]","[553.480224609375, 4.5, 0.0]",7.488132477134428,7.760095119476318,7.758010336376186,-0.3636360165882646,-0.3597131371498108,76.12210080499703,0.2654881474129569,-0.3546714782800997,71.62210080499703,-0.27196264234189016,7.50137186050415,0.27339744567871094,76.10137939453125,True,0,7.774769306182861,7.760095119476318,-0.42326927185058594,-0.21300332614563078,-0.04006378739947855,0.019593138395496007,"StraightLane index=('>>>', '1S0_0_', 0)",True,427.2036437988281,0.002251148223876953,0.0005493164062694592,"StraightLane index=('>>', '>>>', 0)",True,0.0,True,False,-0.19688263535499573,-0.020470649003982544,0.0,-0.020470649003982544,True,0.0,0.0,0.0,-0.0,0.0,-0.0
78.980189,"[477.50360107421875, 4.497745990753174, 0.0]","[553.632568359375, 4.5, 0.0]",7.480859756797903,7.746068954467773,7.75022302787694,-0.363636016826252,-0.36331287026405334,76.12652585499657,0.27196264234189016,0.32372474644666305,71.62652585499657,-0.2652091976698703,7.493823528289795,0.27339744567871094,76.10137939453125,True,0,7.767220973968506,7.746068954467773,-0.42326927185058594,-0.21300332614563078,-0.04006378739947855,0.019593138395496007,"StraightLane index=('>>>', '1S0_0_', 0)",True,427.35369873046875,0.0022525787353515625,0.0005264282226494539,"StraightLane index=('>>', '>>>', 0)",True,0.0,True,False,-0.19688263535499573,-0.020470649003982544,0.0,-0.020470649003982544,True,0.0,0.0,0.0,-0.0,0.0,-0.0
78.999334,"[477.6533508300781, 4.497744560241699, 0.0]","[553.7905883789062, 4.5, 0.0]",7.473587036456174,7.745100975036621,7.7430340146274945,-0.3636360170864439,-0.3646213710308075,76.12896726123331,0.2652091976698703,-0.3376722336009941,71.62896726123331,-0.2715139385804468,7.4864301681518555,0.27339744567871094,76.10137939453125,True,0,7.759827613830566,7.745100975036621,-0.30910491943359375,-0.20252166571124347,-0.026037605633953048,0.005566956629970504,"StraightLane index=('>>>', '1S0_0_', 0)",True,427.50360107421875,0.002254009246826172,0.0005264282226494539,"StraightLane index=('>>', '>>>', 0)",True,0.0,True,False,-0.19688263535499573,-0.020470649003982544,0.0,-0.020470649003982544,True,0.0,0.0,0.0,-0.0,0.0,-0.0
79.020158,"[477.802978515625, 4.497743129730225, 0.0]","[553.9461059570312, 4.5, 0.0]",7.466314316116641,7.730951309204103,7.735305741758533,-0.36363601697666503,-0.3649495542049408,76.1372375248917,0.2715139385804468,0.3152370455288267,71.6372375248917,-0.26463699308746236,7.479144096374512,0.2652091979980469,76.12896728515625,True,0,7.744353294372559,7.730951309204103,-0.30910491943359375,-0.20252166571124347,-0.026037605633953048,0.005566956629970504,"StraightLane index=('>>>', '1S0_0_', 0)",True,427.6533508300781,0.0022554397583007812,0.0005264282226494539,"StraightLane index=('>>', '>>>', 0)",True,0.0,True,False,-0.18955177068710327,-0.020470649003982544,0.0,-0.020470649003982544,True,0.0,0.0,0.0,-0.0,0.0,-0.0
79.039838,"[477.95245361328125, 4.49774169921875, 0.0]","[554.1007690429688, 4.5, 0.0]",7.459041595777729,7.730188369750977,7.728011001375252,-0.3636360169455788,-0.3684448003768921,76.14312741784943,0.26463699308746236,-0.3438472746492227,71.64312741784943,-0.27114677397324716,7.47150182723999,0.2652091979980469,76.12896728515625,True,0,7.736711025238037,7.730188369750977,-0.30910491943359375,-0.20252166571124347,-0.026037605633953048,0.0043967498149661555,"StraightLane index=('>>>', '1S0_0_', 0)",True,427.802978515625,0.0022568702697753906,0.0005187988281264151,"StraightLane index=('>>', '>>>', 0)",True,0.0,True,False,-0.18955177068710327,-0.021640855818986893,0.0,-0.021640855818986893,True,0.0,0.0,0.0,-0.0,0.0,-0.0
79.059395,"[478.1017761230469, 4.497740268707275, 0.0]","[554.254638671875, 4.5, 0.0]",7.451768875441739,7.716132640838623,7.7207470076135465,-0.36363601679951785,-0.3693667948246002,76.14831540572432,0.27114677397324716,0.32548904428923997,71.64831540572432,-0.264363765396884,7.464048385620117,0.2652091979980469,76.12896728515625,True,0,7.729257583618164,7.716132640838623,-0.30910491943359375,-0.20252166571124347,-0.026037605633953048,0.0043967498149661555,"StraightLane index=('>>>', '1S0_0_', 0)",True,427.95245361328125,0.00225830078125,0.0005264282226494539,"StraightLane index=('>>', '>>>', 0)",True,0.0,True,False,-0.18955177068710327,-0.021640855818986893,0.0,-0.021640855818986893,True,0.0,0.0,0.0,-0.0,0.0,-0.0
79.079746,"[478.2509460449219, 4.497738838195801, 0.0]","[554.409423828125, 4.5, 0.0]",7.444496155102464,7.715364933013916,7.7132012067140705,-0.36363601696374204,-0.36913174390792847,76.1528625248516,0.264363765396884,-0.33915042881815793,71.6528625248516,-0.2708687779114518,7.456728935241699,0.2652091979980469,76.12896728515625,True,0,7.721938133239746,7.715364933013916,-0.30910491943359375,-0.20252166571124347,-0.026037605633953048,0.0043967498149661555,"StraightLane index=('>>>', '1S0_0_', 0)",True,428.1017761230469,0.0022597312927246094,0.0005264282226494539,"StraightLane index=('>>', '>>>', 0)",True,0.0,True,False,-0.18955177068710327,-0.021640855818986893,0.0,-0.021640855818986893,True,0.0,0.0,0.0,-0.0,0.0,-0.0
79.099984,"[478.3999938964844, 4.497737407684326, 0.0]","[554.5635375976562, 4.5, 0.0]",7.437223434764071,7.701294422149658,7.705695282189639,-0.363636016919644,-0.36736392974853516,76.15847775921323,0.2708687779114518,0.3252506257283905,71.65847775921323,-0.2640709873855869,7.449558258056641,0.2652091979980469,76.12896728515625,True,0,7.7147674560546875,7.701294422149658,-0.4380655288696289,-0.19760179265055614,-0.025955650849924655,0.0043147950309377625,"StraightLane index=('>>>', '1S0_0_', 0)",True,428.2509460449219,0.0022611618041992188,0.0005264282226494539,"StraightLane index=('>>', '>>>', 0)",True,0.0,True,False,-0.18955177068710327,-0.021640855818986893,0.0,-0.021640855818986893,True,0.0,0.0,0.0,-0.0,0.0,-0.0
79.119947,"[478.54888916015625, 4.497735977172852, 0.0]","[554.7178955078125, 4.5, 0.0]",7.429950714426131,7.700425624847412,7.698143983366607,-0.36363601689699543,-0.3653413653373718,76.16354367716862,0.2640709873855869,-0.33988952629324665,71.66354367716862,-0.2704749104212807,7.442476749420166,0.27086877822875977,76.15847778320312,True,0,7.713345527648926,7.700425624847412,-0.4380655288696289,-0.19760179265055614,-0.025955650849924655,0.0043147950309377625,"StraightLane index=('>>>', '1S0_0_', 0)",True,428.3999938964844,0.002262592315673828,0.0005264282226494539,"StraightLane index=('>>', '>>>', 0)",True,0.0,True,False,-0.18955177068710327,-0.021640855818986893,0.0,-0.021640855818986893,True,0.0,0.0,0.0,-0.0,0.0,-0.0
79.140099,"[478.6976318359375, 4.497734546661377, 0.0]","[554.8683471679688, 4.5, 0.0]",7.42267799408846,7.686359405517578,7.690547061840421,-0.36363601688358393,-0.3671448826789856,76.16900632363962,0.2704749104212807,0.32019615178469074,71.66900632363962,-0.2636814114291184,7.435013294219971,0.27086877822875977,76.15847778320312,True,0,7.7058820724487305,7.686359405517578,-0.4380655288696289,-0.19760179265055614,-0.025955650849924655,0.016576031117425533,"StraightLane index=('>>>', '1S0_0_', 0)",True,428.54888916015625,0.0022640228271484375,0.0005264282226494539,"StraightLane index=('>>', '>>>', 0)",True,0.0,True,False,-0.18955177068710327,-0.009379619732499123,0.0,-0.009379619732499123,True,0.0,0.0,0.0,-0.0,0.0,-0.0
79.158975,"[478.8462219238281, 4.497733116149902, 0.0]","[555.0247192382812, 4.5, 0.0]",7.415405273750887,7.685335636138916,7.683388568525785,-0.36363601687865454,-0.3669458031654358,76.1707153080014,0.2636814114291184,-0.3396749496081153,71.6707153080014,-0.26993036238802937,7.427709579467773,0.27086877822875977,76.15847778320312,True,0,7.698578357696533,7.685335636138916,-0.4380655288696289,-0.19760179265055614,-0.025955650849924655,0.016576031117425533,"StraightLane index=('>>>', '1S0_0_', 0)",True,428.6976318359375,0.002265453338623047,0.0005264282226494539,"StraightLane index=('>>', '>>>', 0)",True,0.0,True,False,-0.18955177068710327,-0.009379619732499123,0.0,-0.009379619732499123,True,0.0,0.0,0.0,-0.0,0.0,-0.0
79.180348,"[478.99468994140625, 4.497731685638428, 0.0]","[555.1768798828125, 4.5, 0.0]",7.408132553413748,7.671186447143555,7.675315357168264,-0.3636360168569386,-0.3660622537136078,76.17849729040981,0.26993036238802937,0.3124475479455491,71.67849729040981,-0.2630538937298068,7.420510768890381,0.27086877822875977,76.15847778320312,True,0,7.691379547119141,7.671186447143555,-0.4380655288696289,-0.19760179265055614,-0.025955650849924655,0.016576031117425533,"StraightLane index=('>>>', '1S0_0_', 0)",True,428.8462219238281,0.0022668838500976562,0.0005264282226494539,"StraightLane index=('>>', '>>>', 0)",True,0.0,True,False,-0.18955177068710327,-0.009379619732499123,0.0,-0.009379619732499123,True,0.0,0.0,0.0,-0.0,0.0,-0.0
79.199422,"[479.14300537109375, 4.497730255126953, 0.0]","[555.332763671875, 4.5, 0.0]",7.400859833076345,7.6701884269714355,7.668102450757347,-0.36363601687012803,-0.3640209436416626,76.18218991734963,0.2630538937298068,-0.3438234329111278,71.68218991734963,-0.26932859389509023,7.413431644439697,0.27086877822875977,76.15847778320312,True,0,7.684300422668457,7.6701884269714355,-0.31105995178222656,-0.18872871169787844,-0.013665125666069783,0.00428550593357066,"StraightLane index=('>>>', '1S0_0_', 0)",True,428.99468994140625,0.0022683143615722656,0.0005264282226494539,"StraightLane index=('>>', '>>>', 0)",True,0.0,True,False,-0.18955177068710327,-0.009379619732499123,0.0,-0.009379619732499123,True,0.0,0.0,0.0,-0.0,0.0,-0.0
79.219363,"[479.2911682128906, 4.4977288246154785, 0.0]","[555.482421875, 4.5, 0.0]",7.393587112738895,7.6558685302734375,7.660175811026654,-0.3636360168725261,-0.3620077669620514,76.18975827671117,0.26932859389509023,0.313735008264171,71.68975827671117,-0.2622814175345427,7.406416416168213,0.26305389404296875,76.18218994140625,True,0,7.669470310211182,7.6558685302734375,-0.31105995178222656,-0.18872871169787844,-0.013665125666069783,0.00428550593357066,"StraightLane index=('>>>', '1S0_0_', 0)",True,429.14300537109375,0.002269744873046875,0.0005264282226494539,"StraightLane index=('>>', '>>>', 0)",True,0.0,True,False,-0.18095141649246216,-0.009379619732499123,0.0,-0.009379619732499123,True,0.0,0.0,0.0,-0.0,0.0,-0.0
79.239427,"[479.4391784667969, 4.497727394104004, 0.0]","[555.6353149414062, 4.5, 0.0]",7.386314392401506,7.654575824737549,7.652193344721163,-0.3636360168694619,-0.36402004957199097,76.19125363802608,0.2622814175345427,-0.35235881802737623,71.69125363802608,-0.26826143233604327,7.398996829986572,0.26305389404296875,76.18218994140625,True,0,7.662050724029541,7.654575824737549,-0.31105995178222656,-0.18872871169787844,-0.013665125666069783,0.0024024489874718558,"StraightLane index=('>>>', '1S0_0_', 0)",True,429.2911682128906,0.0022711753845214844,0.0005264282226494539,"StraightLane index=('>>', '>>>', 0)",True,0.0,True,False,-0.18095141649246216,-0.011262676678597927,0.0,-0.011262676678597927,True,0.0,0.0,0.0,-0.0,0.0,-0.0
79.258977,"[479.5870361328125, 4.497725963592529, 0.0]","[555.7874755859375, 4.5, 0.0]",7.379041672063863,7.63999080657959,7.644409066897409,-0.36363601688211844,-0.36415866017341614,76.19613645051274,0.26826143233604327,0.2990007400750283,71.69613645051274,-0.26094913451572666,7.39171838760376,0.26305389404296875,76.18218994140625,True,0,7.6547722816467285,7.63999080657959,-0.31105995178222656,-0.18872871169787844,-0.013665125666069783,0.0024024489874718558,"StraightLane index=('>>>', '1S0_0_', 0)",True,429.4391784667969,0.0022726058959960938,0.0005264282226494539,"StraightLane index=('>>', '>>>', 0)",True,0.0,True,False,-0.18095141649246216,-0.011262676678597927,0.0,-0.011262676678597927,True,0.0,0.0,0.0,-0.0,0.0,-0.0
79.280418,"[479.7347717285156, 4.497724533081055, 0.0]","[555.9449462890625, 4.5, 0.0]",7.371768951726547,7.638463497161865,7.635878872191999,-0.36363601686582037,-0.3636845350265503,76.20043942901503,0.26094913451572666,-0.3656148910158308,71.70043942901503,-0.26669454543531845,7.384530544281006,0.26305389404296875,76.18218994140625,True,0,7.647584438323975,7.638463497161865,-0.31105995178222656,-0.18872871169787844,-0.013665125666069783,0.0024024489874718558,"StraightLane index=('>>>', '1S0_0_', 0)",True,429.5870361328125,0.002274036407470703,0.0005264282226494539,"StraightLane index=('>>', '>>>', 0)",True,0.0,True,False,-0.18095141649246216,-0.011262676678597927,0.0,-0.011262676678597927,True,0.0,0.0,0.0,-0.0,0.0,-0.0
79.299595,"[479.8823547363281, 4.49772310256958, 0.0]","[556.0972900390625, 4.5, 0.0]",7.364496231389297,7.623868942260742,7.628243954608041,-0.3636360168624897,-0.366688072681427,76.21017453642335,0.26669454543531845,0.2872705459795899,71.71017453642335,-0.2593727108714452,7.376967906951904,0.26305389404296875,76.18218994140625,True,0,7.640021800994873,7.623868942260742,-0.4631948471069336,-0.18606766017683327,-0.01747539811039389,0.0062127214317959645,"StraightLane index=('>>>', '1S0_0_', 0)",True,429.7347717285156,0.0022754669189453125,0.0005264282226494539,"StraightLane index=('>>', '>>>', 0)",True,0.0,True,False,-0.18095141649246216,-0.011262676678597927,0.0,-0.011262676678597927,True,0.0,0.0,0.0,-0.0,0.0,-0.0
79.319169,"[480.02978515625, 4.4977216720581055, 0.0]","[556.246337890625, 4.5, 0.0]",7.3572235110519015,7.622281074523926,7.619779882053611,-0.36363601686977276,-0.36736783385276794,76.21493527859752,0.2593727108714452,-0.36609172819366265,71.71493527859752,-0.26505756347202425,7.3695759773254395,0.2666945457458496,76.21017456054688,True,0,7.636270523071289,7.622281074523926,-0.4631948471069336,-0.18606766017683327,-0.01747539811039389,0.0062127214317959645,"StraightLane index=('>>>', '1S0_0_', 0)",True,429.8823547363281,0.002276897430419922,0.0005264282226494539,"StraightLane index=('>>', '>>>', 0)",True,0.0,True,False,-0.18095141649246216,-0.011262676678597927,0.0,-0.011262676678597927,True,0.0,0.0,0.0,-0.0,0.0,-0.0
79.339207,"[480.17706298828125, 4.497720241546631, 0.0]","[556.3987426757812, 4.5, 0.0]",7.349950790714184,7.610272407531738,7.611105174778554,-0.3636360168858932,-0.3670825958251953,76.21655271022493,0.26505756347202425,0.28424263002895245,71.71655271022493,-0.2603216168175546,7.362302780151367,0.2666945457458496,76.21017456054688,True,0,7.628997325897217,7.610272407531738,-0.4631948471069336,-0.18606766017683327,-0.01747539811039389,0.01520969215052248,"StraightLane index=('>>>', '1S0_0_', 0)",True,430.02978515625,0.0022783279418945312,0.0005264282226494539,"StraightLane index=('>>', '>>>', 0)",True,0.0,True,False,-0.18095141649246216,-0.0022657059598714113,0.0,-0.0022657059598714113,True,0.0,0.0,0.0,-0.0,0.0,-0.0
79.358629,"[480.32421875, 4.497718811035156, 0.0]","[556.5501708984375, 4.5, 0.0]",7.342678070376875,7.5983171463012695,7.602691976555653,-0.3636360168654207,-0.36540454626083374,76.22167966333657,0.2603216168175546,-0.2367973327234818,71.72167966333657,-0.2556390759243943,7.35516357421875,0.2666945457458496,76.21017456054688,True,0,7.6218581199646,7.5983171463012695,-0.4631948471069336,-0.18606766017683327,-0.01747539811039389,0.01520969215052248,"StraightLane index=('>>>', '1S0_0_', 0)",True,430.17706298828125,0.0022797584533691406,0.0005264282226494539,"StraightLane index=('>>', '>>>', 0)",True,0.0,True,False,-0.18095141649246216,-0.0022657059598714113,0.0,-0.0022657059598714113,True,0.0,0.0,0.0,-0.0,0.0,-0.0
79.380058,"[480.4712219238281, 4.497717380523682, 0.0]","[556.7062377929688, 4.5, 0.0]",7.335405350039572,7.596099376678467,7.59341913303087,-0.36363601686515423,-0.36356502771377563,76.22595212426074,0.2556390759243943,-0.23412704465801681,71.72595212426074,-0.2606940266388946,7.348100662231445,0.2666945457458496,76.21017456054688,True,0,7.614795207977295,7.596099376678467,-0.4631948471069336,-0.18606766017683327,-0.01747539811039389,0.01520969215052248,"StraightLane index=('>>>', '1S0_0_', 0)",True,430.32421875,0.00228118896484375,0.0005264282226494539,"StraightLane index=('>>', '>>>', 0)",True,0.0,True,False,-0.18095141649246216,-0.0022657059598714113,0.0,-0.0022657059598714113,True,0.0,0.0,0.0,-0.0,0.0,-0.0
79.399749,"[480.6180725097656, 4.497715950012207, 0.0]","[556.8543090820312, 4.5, 0.0]",7.328132629705202,7.581003189086914,7.584892741243503,-0.363636016718516,-0.36560577154159546,76.23501584495034,0.2606940266388946,0.2527475357250175,71.73501584495034,-0.2528705593817122,7.340646743774414,0.2666945457458496,76.21017456054688,True,0,7.607341289520264,7.581003189086914,-0.42865753173828125,-0.18246390776998977,-0.018098044171876826,0.015832338212005415,"StraightLane index=('>>>', '1S0_0_', 0)",True,430.4712219238281,0.0022826194763183594,0.0005264282226494539,"StraightLane index=('>>', '>>>', 0)",True,0.0,True,False,-0.18095141649246216,-0.0022657059598714113,0.0,-0.0022657059598714113,True,0.0,0.0,0.0,-0.0,0.0,-0.0
79.421221,"[480.7647705078125, 4.497714519500732, 0.0]","[557.0077514648438, 4.5, 0.0]",7.320859909369616,7.578232765197754,7.57455040640305,-0.3636360167793118,-0.36566808819770813,76.23623654806215,0.2528705593817122,-0.39117336285912074,71.73623654806215,-0.2573728558281383,7.333345413208008,0.2606940269470215,76.23501586914062,True,0,7.594039440155029,7.578232765197754,-0.42865753173828125,-0.18246390776998977,-0.018098044171876826,0.015832338212005415,"StraightLane index=('>>>', '1S0_0_', 0)",True,430.6180725097656,0.0022840499877929688,0.0005264282226494539,"StraightLane index=('>>', '>>>', 0)",True,0.0,True,False,-0.17097556591033936,-0.0022657059598714113,0.0,-0.0022657059598714113,True,0.0,0.0,0.0,-0.0,0.0,-0.0
79.439257,"[480.9113464355469, 4.497713088989258, 0.0]","[557.1585693359375, 4.5, 0.0]",7.313587189033944,7.561952590942383,7.565873701726926,-0.36363601678357504,-0.3650479316711426,76.24298093281435,0.2573728558281383,0.22511482232130398,71.74298093281435,-0.2483654019084387,7.32614278793335,0.2606940269470215,76.23501586914062,True,0,7.586836814880371,7.561952590942383,-0.42865753173828125,-0.18246390776998977,-0.018098044171876826,0.014726022453926124,"StraightLane index=('>>>', '1S0_0_', 0)",True,430.7647705078125,0.002285480499267578,0.0005264282226494539,"StraightLane index=('>>', '>>>', 0)",True,0.0,True,False,-0.17097556591033936,-0.0033720217179507017,0.0,-0.0033720217179507017,True,0.0,0.0,0.0,-0.0,0.0,-0.0
79.459167,"[481.0577697753906, 4.497711658477783, 0.0]","[557.31201171875, 4.5, 0.0]",7.3063144686980825,7.558834552764893,7.556274577733387,-0.36363601679307855,-0.3632552921772003,76.2472228761604,0.2483654019084387,-0.45037269598497964,71.7472228761604,-0.25252008406681004,7.319056987762451,0.2606940269470215,76.23501586914062,True,0,7.579751014709473,7.558834552764893,-0.42865753173828125,-0.18246390776998977,-0.018098044171876826,0.014726022453926124,"StraightLane index=('>>>', '1S0_0_', 0)",True,430.9113464355469,0.0022869110107421875,0.0005264282226494539,"StraightLane index=('>>', '>>>', 0)",True,0.0,True,False,-0.17097556591033936,-0.0033720217179507017,0.0,-0.0033720217179507017,True,0.0,0.0,0.0,-0.0,0.0,-0.0
79.479378,"[481.20404052734375, 4.497710227966309, 0.0]","[557.4598999023438, 4.5, 0.0]",7.299041748361709,7.542741298675537,7.54652332057393,-0.3636360168186581,-0.3614652454853058,76.2542419191157,0.25252008406681004,0.20773410791856683,71.7542419191157,-0.24369955031382773,7.312032222747803,0.2606940269470215,76.23501586914062,True,0,7.572726249694824,7.542741298675537,-0.42865753173828125,-0.18246390776998977,-0.018098044171876826,0.014726022453926124,"StraightLane index=('>>>', '1S0_0_', 0)",True,431.0577697753906,0.002288341522216797,0.0005264282226494539,"StraightLane index=('>>', '>>>', 0)",True,0.0,True,False,-0.17097556591033936,-0.0033720217179507017,0.0,-0.0033720217179507017,True,0.0,0.0,0.0,-0.0,0.0,-0.0
79.500286,"[481.35015869140625, 4.497708797454834, 0.0]","[557.6148681640625, 4.5, 0.0]",7.291769028024664,7.539529800415039,7.536478511883435,-0.36363601685227565,-0.3620886504650116,76.25585935074312,0.24369955031382773,-0.44102668764911535,71.75585935074312,-0.2477607723903752,7.301131725311279,0.2606940269470215,76.23501586914062,True,0,7.561825752258301,7.539529800415039,-0.41473388671875,-0.17873320302814705,-0.01768870097440317,0.01431667925645247,"StraightLane index=('>>>', '1S0_0_', 0)",True,431.20404052734375,0.0022897720336914062,0.0005264282226494539,"StraightLane index=('>>', '>>>', 0)",True,0.0,True,False,-0.17097556591033936,-0.0033720217179507017,0.0,-0.0033720217179507017,True,0.0,0.0,0.0,-0.0,0.0,-0.0
79.52011,"[481.49615478515625, 4.497707366943359, 0.0]","[557.7655029296875, 4.5, 0.0]",7.2844963076877045,7.522404193878174,7.525716595930535,-0.363636016847968,-0.3639659881591797,76.26470944838586,0.2477607723903752,0.2030611038273733,71.76470944838586,-0.23790788619046932,7.297313690185547,0.2436995506286621,76.255859375,True,0,7.541013240814209,7.522404193878174,-0.41473388671875,-0.17873320302814705,-0.01768870097440317,0.01431667925645247,"StraightLane index=('>>>', '1S0_0_', 0)",True,431.35015869140625,0.0022912025451660156,0.0005264282226494539,"StraightLane index=('>>', '>>>', 0)",True,0.0,True,False,-0.17097556591033936,-0.0033720217179507017,0.0,-0.0033720217179507017,True,0.0,0.0,0.0,-0.0,0.0,-0.0
79.540403,"[481.6419982910156, 4.497705936431885, 0.0]","[557.9158325195312, 4.5, 0.0]",7.277223587350635,7.518260478973389,7.51476117799084,-0.3636360168534747,-0.36361563205718994,76.26934812024751,0.23790788619046932,-0.49264430999529374,71.76934812024751,-0.24103689162275366,7.290115833282471,0.2436995506286621,76.255859375,True,0,7.533815383911133,7.518260478973389,-0.41473388671875,-0.17873320302814705,-0.01768870097440317,0.0019945819382055086,"StraightLane index=('>>>', '1S0_0_', 0)",True,431.49615478515625,0.002292633056640625,0.0005264282226494539,"StraightLane index=('>>', '>>>', 0)",True,0.0,True,False,-0.17097556591033936,-0.015694119036197662,0.0,-0.015694119036197662,True,0.0,0.0,0.0,-0.0,0.0,-0.0
79.559134,"[481.7876892089844, 4.49770450592041, 0.0]","[558.0653076171875, 4.5, 0.0]",7.269950867013574,7.500848770141602,7.504639927741045,-0.3636360168530306,-0.3667110800743103,76.27383420421856,0.24103689162275366,0.15645027161421687,71.77383420421856,-0.23089790312802716,7.2825446128845215,0.2436995506286621,76.255859375,True,0,7.526244163513184,7.500848770141602,-0.41473388671875,-0.17873320302814705,-0.01768870097440317,0.0019945819382055086,"StraightLane index=('>>>', '1S0_0_', 0)",True,431.6419982910156,0.0022940635681152344,0.0005264282226494539,"StraightLane index=('>>', '>>>', 0)",True,0.0,True,False,-0.17097556591033936,-0.015694119036197662,0.0,-0.015694119036197662,True,0.0,0.0,0.0,-0.0,0.0,-0.0
79.579749,"[481.9332275390625, 4.4977030754089355, 0.0]","[558.2146606445312, 4.5, 0.0]",7.2626781466765795,7.4967732429504395,7.493516128629816,-0.36363601684974434,-0.36745479702949524,76.27761838389276,0.23089790312802716,-0.5069494247363249,71.77761838389276,-0.23409509627385994,7.275145530700684,0.2436995506286621,76.255859375,True,0,7.518845081329346,7.4967732429504395,-0.41473388671875,-0.17873320302814705,-0.01768870097440317,0.0019945819382055086,"StraightLane index=('>>>', '1S0_0_', 0)",True,431.7876892089844,0.0022954940795898438,0.0005264282226494539,"StraightLane index=('>>', '>>>', 0)",True,0.0,True,False,-0.17097556591033936,-0.015694119036197662,0.0,-0.015694119036197662,True,0.0,0.0,0.0,-0.0,0.0,-0.0
79.600259,"[482.07861328125, 4.497701644897461, 0.0]","[558.3662719726562, 4.5, 0.0]",7.255405426339678,7.479205131530762,7.482446924841528,-0.3636360168450814,-0.37862977385520935,76.28143308114507,0.23409509627385994,0.15985965729163887,71.78143308114507,-0.22379970519108383,7.266529560089111,0.2436995506286621,76.255859375,True,0,7.510229110717773,7.479205131530762,-0.6032466888427734,-0.1819735168348294,-0.036503708460624895,0.020809589424427233,"StraightLane index=('>>>', '1S0_0_', 0)",True,431.9332275390625,0.002296924591064453,0.0005264282226494539,"StraightLane index=('>>', '>>>', 0)",True,0.0,True,False,-0.17097556591033936,-0.015694119036197662,0.0,-0.015694119036197662,True,0.0,0.0,0.0,-0.0,0.0,-0.0
79.620076,"[482.223876953125, 4.497700214385986, 0.0]","[558.5166625976562, 4.5, 0.0]",7.248132706002527,7.4741106033325195,7.470468185718524,-0.3636360168575603,-0.36565670371055603,76.28765866706917,0.22379970519108383,-0.5147695541388053,71.78765866706917,-0.22597789732999285,7.256638526916504,0.2308979034423828,76.27761840820312,True,0,7.487536430358887,7.4741106033325195,-0.6032466888427734,-0.1819735168348294,-0.036503708460624895,0.020809589424427233,"StraightLane index=('>>>', '1S0_0_', 0)",True,432.07861328125,0.0022983551025390625,0.0005264282226494539,"StraightLane index=('>>', '>>>', 0)",True,0.0,True,False,-0.1601210981607437,-0.015694119036197662,0.0,-0.015694119036197662,True,0.0,0.0,0.0,-0.0,0.0,-0.0
79.639363,"[482.3689880371094, 4.497698783874512, 0.0]","[558.6612548828125, 4.5, 0.0]",7.240859985665122,7.45574712753296,7.458841216905425,-0.36363601687021685,-0.36745384335517883,76.29278562018081,0.22597789732999285,0.10890960694545093,71.79278562018081,-0.21488714186783753,7.252793788909912,0.2308979034423828,76.27761840820312,True,0,7.483691692352295,7.45574712753296,-0.6032466888427734,-0.1819735168348294,-0.036503708460624895,0.012291690805252276,"StraightLane index=('>>>', '1S0_0_', 0)",True,432.223876953125,0.002299785614013672,0.0005264282226494539,"StraightLane index=('>>', '>>>', 0)",True,0.0,True,False,-0.1601210981607437,-0.02421201765537262,0.0,-0.02421201765537262,True,0.0,0.0,0.0,-0.0,0.0,-0.0
79.659245,"[482.5139465332031, 4.497697353363037, 0.0]","[558.8093872070312, 4.5, 0.0]",7.233587265327594,7.4504289627075195,7.4468459230249335,-0.3636360168764341,-0.3668157458305359,76.29226682133957,0.21488714186783753,-0.5545377731077661,71.79226682133957,-0.21684169737992587,7.2455573081970215,0.2308979034423828,76.27761840820312,True,0,7.476455211639404,7.4504289627075195,-0.6032466888427734,-0.1819735168348294,-0.036503708460624895,0.012291690805252276,"StraightLane index=('>>>', '1S0_0_', 0)",True,432.3689880371094,0.0023012161254882812,0.0005264282226494539,"StraightLane index=('>>', '>>>', 0)",True,0.0,True,False,-0.1601210981607437,-0.02421201765537262,0.0,-0.02421201765537262,True,0.0,0.0,0.0,-0.0,0.0,-0.0
79.679649,"[482.65875244140625, 4.4976959228515625, 0.0]","[558.9588012695312, 4.5, 0.0]",7.226314544990175,7.431674003601074,7.434550355654799,-0.3636360168709274,-0.3649027943611145,76.2954406494513,0.21684169737992587,0.09772777560441703,71.7954406494513,-0.2053594586108991,7.2384490966796875,0.2308979034423828,76.27761840820312,True,0,7.46934700012207,7.431674003601074,-0.6032466888427734,-0.1819735168348294,-0.036503708460624895,0.012291690805252276,"StraightLane index=('>>>', '1S0_0_', 0)",True,432.5139465332031,0.0023026466369628906,0.0005264282226494539,"StraightLane index=('>>', '>>>', 0)",True,0.0,True,False,-0.1601210981607437,-0.02421201765537262,0.0,-0.02421201765537262,True,0.0,0.0,0.0,-0.0,0.0,-0.0
79.698942,"[482.8034362792969, 4.497694492340088, 0.0]","[559.107666015625, 4.5, 0.0]",7.219041824652926,7.42629337310791,7.422911637974648,-0.3636360168624453,-0.3629278242588043,76.30004880373482,0.2053594586108991,-0.5741119384513382,71.80004880373482,-0.20725154845498395,7.231411933898926,0.2308979034423828,76.27761840820312,True,0,7.462309837341309,7.42629337310791,-0.5291175842285156,-0.18229528059934452,-0.04758177410360495,0.02336975644823233,"StraightLane index=('>>>', '1S0_0_', 0)",True,432.65875244140625,0.0023040771484375,0.0005264282226494539,"StraightLane index=('>>', '>>>', 0)",True,0.0,True,False,-0.1601210981607437,-0.02421201765537262,0.0,-0.02421201765537262,True,0.0,0.0,0.0,-0.0,0.0,-0.0
79.719276,"[482.9479675292969, 4.497693061828613, 0.0]","[559.2565307617188, 4.5, 0.0]",7.211769104315492,7.406675338745117,7.409454499567959,-0.36363601687172675,-0.3632146716117859,76.30422971192463,0.20725154845498395,0.09460449220424216,71.80422971192463,-0.1949062344296255,7.220505714416504,0.20535945892333984,76.300048828125,True,0,7.425865173339844,7.406675338745117,-0.5291175842285156,-0.18229528059934452,-0.04758177410360495,0.02336975644823233,"StraightLane index=('>>>', '1S0_0_', 0)",True,432.8034362792969,0.0023055076599121094,0.0005264282226494539,"StraightLane index=('>>', '>>>', 0)",True,0.0,True,False,-0.1601210981607437,-0.02421201765537262,0.0,-0.02421201765537262,True,0.0,0.0,0.0,-0.0,0.0,-0.0
79.739273,"[483.09234619140625, 4.497691631317139, 0.0]","[559.4044799804688, 4.5, 0.0]",7.204496383975677,7.400026798248291,7.396156460004434,-0.36363601699074266,-0.3649762272834778,76.30856320800505,0.1949062344296255,-0.6172657012679217,71.80856320800505,-0.1955304142726142,7.216689109802246,0.20535945892333984,76.300048828125,True,0,7.422048568725586,7.400026798248291,-0.5291175842285156,-0.18229528059934452,-0.04758177410360495,0.0026143909573189406,"StraightLane index=('>>>', '1S0_0_', 0)",True,432.9479675292969,0.0023069381713867188,0.0005264282226494539,"StraightLane index=('>>', '>>>', 0)",True,0.0,True,False,-0.1601210981607437,-0.04496738314628601,0.0,-0.04496738314628601,True,0.0,0.0,0.0,-0.0,0.0,-0.0
79.758733,"[483.236572265625, 4.497690200805664, 0.0]","[559.5512084960938, 4.5, 0.0]",7.19722366363691,7.383491516113281,7.383210184797947,-0.36363601693834013,-0.36439958214759827,76.31213376463238,0.1955304142726142,0.031208992149434067,71.81213376463238,-0.18626785247637123,7.209495544433594,0.20535945892333984,76.300048828125,True,0,7.414855003356934,7.383491516113281,-0.5291175842285156,-0.18229528059934452,-0.04758177410360495,0.0026143909573189406,"StraightLane index=('>>>', '1S0_0_', 0)",True,433.09234619140625,0.002308368682861328,0.0005264282226494539,"StraightLane index=('>>', '>>>', 0)",True,0.0,True,False,-0.1601210981607437,-0.04496738314628601,0.0,-0.04496738314628601,True,0.0,0.0,0.0,-0.0,0.0,-0.0
79.780252,"[483.38067626953125, 4.4976887702941895, 0.0]","[559.7030029296875, 4.5, 0.0]",7.18995094329855,7.369828224182129,7.368908364295504,-0.36363601691800085,-0.36267733573913574,76.31463620602538,0.18626785247637123,-0.46312808981214815,71.81463620602538,-0.1798772808835789,7.2024149894714355,0.20535945892333984,76.300048828125,True,0,7.407774448394775,7.369828224182129,-0.5291175842285156,-0.18229528059934452,-0.04758177410360495,0.0026143909573189406,"StraightLane index=('>>>', '1S0_0_', 0)",True,433.236572265625,0.0023097991943359375,0.0005264282226494539,"StraightLane index=('>>', '>>>', 0)",True,0.0,True,False,-0.1601210981607437,-0.04496738314628601,0.0,-0.04496738314628601,True,0.0,0.0,0.0,-0.0,0.0,-0.0
79.801671,"[483.5246276855469, 4.497687339782715, 0.0]","[559.8509521484375, 4.5, 0.0]",7.1826782229606305,7.35651159286499,7.3545669241857174,-0.363636016895974,-0.36097240447998047,76.32232663569941,0.1798772808835789,-0.31952857963961634,71.82232663569941,-0.1738333699043597,7.195392608642578,0.20535945892333984,76.300048828125,True,0,7.400752067565918,7.35651159286499,-0.6978178024291992,-0.18848937562443205,-0.07549768518659823,0.03053030204031222,"StraightLane index=('>>>', '1S0_0_', 0)",True,433.38067626953125,0.002311229705810547,0.0005264282226494539,"StraightLane index=('>>', '>>>', 0)",True,0.0,True,False,-0.1601210981607437,-0.04496738314628601,0.0,-0.04496738314628601,True,0.0,0.0,0.0,-0.0,0.0,-0.0
79.819231,"[483.6684265136719, 4.49768590927124, 0.0]","[559.9945068359375, 4.5, 0.0]",7.17540550262264,7.342753410339356,7.341902177771169,-0.36363601689952674,-0.3632665276527405,76.32632443842047,0.1738333699043597,-0.30219554896095957,71.82632443842047,-0.16734790771671637,7.187963008880615,0.18626785278320312,76.31463623046875,True,0,7.374230861663818,7.342753410339356,-0.6978178024291992,-0.18848937562443205,-0.07549768518659823,0.03053030204031222,"StraightLane index=('>>>', '1S0_0_', 0)",True,433.5246276855469,0.0023126602172851562,0.0005264282226494539,"StraightLane index=('>>', '>>>', 0)",True,0.0,True,False,-0.1481754183769226,-0.04496738314628601,0.0,-0.04496738314628601,True,0.0,0.0,0.0,-0.0,0.0,-0.0
79.839258,"[483.81207275390625, 4.497684478759766, 0.0]","[560.1409301757812, 4.5, 0.0]",7.1562709811367595,7.328333854675294,7.327462409386173,-0.9567260742940231,-0.3636510968208313,76.32608029778235,0.16734790771671637,-0.32427310938216714,71.82608029778235,-0.17206287353853433,7.180672645568848,0.18626785278320312,76.31463623046875,True,0,7.366940498352051,7.328333854675294,-0.6978178024291992,-0.18848937562443205,-0.07549768518659823,0.016678704135153224,"StraightLane index=('>>>', '1S0_0_', 0)",True,433.6684265136719,0.0023140907287597656,0.0005264282226494539,"StraightLane index=('>>', '>>>', 0)",True,0.0,True,False,-0.1481754183769226,-0.05881898105144501,0.0,-0.05881898105144501,True,0.0,0.0,0.0,0.05881898105144501,0.0,0.05881898105144501
79.859987,"[483.95556640625, 4.497683048248291, 0.0]","[560.2906494140625, 4.5, 0.0]",7.137136459651271,7.3135833740234375,7.312518597121579,-0.9567260742744388,-0.3633824586868286,76.32885739737847,0.17206287353853433,0.23574829109089812,71.82885739737847,-0.17644691437216675,7.173471927642822,0.18626785278320312,76.31463623046875,True,0,7.359739780426025,7.3135833740234375,-0.6978178024291992,-0.18848937562443205,-0.07549768518659823,0.016678704135153224,"StraightLane index=('>>>', '1S0_0_', 0)",True,433.81207275390625,0.002315521240234375,0.0005264282226494539,"StraightLane index=('>>', '>>>', 0)",True,0.0,True,False,-0.1481754183769226,-0.05881898105144501,0.0,-0.05881898105144501,True,0.0,0.0,0.0,0.05881898105144501,0.0,0.05881898105144501
79.879473,"[484.09869384765625, 4.497681617736816, 0.0]","[560.4337158203125, 4.5, 0.0]",7.118001938160915,7.299491882324219,7.298474214318962,-0.9567260745177997,-0.38498586416244507,76.33508298410366,0.17644691437216675,0.21920204168162094,71.83508298410366,-0.181489944163304,7.163963317871094,0.18626785278320312,76.31463623046875,True,0,7.350231170654297,7.299491882324219,-0.6978178024291992,-0.18848937562443205,-0.07549768518659823,0.016678704135153224,"StraightLane index=('>>>', '1S0_0_', 0)",True,433.95556640625,0.0023169517517089844,0.0005111694336033763,"StraightLane index=('>>', '>>>', 0)",True,0.0,True,False,-0.1481754183769226,-0.05881898105144501,0.0,-0.05881898105144501,True,0.0,0.0,0.0,0.05881898105144501,0.0,0.05881898105144501
79.900783,"[484.2414245605469, 4.497680187225342, 0.0]","[560.5828857421875, 4.5, 0.0]",7.0988674166722925,7.284799098968506,7.283069654412897,-0.9567260744311135,-0.43633371591567993,76.33502194933338,0.181489944163304,0.2521514895568622,71.83502194933338,-0.18593168229621337,7.150737762451172,0.18626785278320312,76.31463623046875,True,0,7.337005615234375,7.284799098968506,-0.7171249389648438,-0.19473981092575837,-0.07388421743321967,0.015065236381774663,"StraightLane index=('>>>', '1S0_0_', 0)",True,434.09869384765625,0.0023183822631835938,0.0005035400390803375,"StraightLane index=('>>', '>>>', 0)",True,0.0,True,False,-0.1481754183769226,-0.05881898105144501,0.0,-0.05881898105144501,True,0.0,0.0,0.0,0.05881898105144501,0.0,0.05881898105144501
79.91972,"[484.3837890625, 4.497678756713867, 0.0]","[560.7252197265625, 4.5, 0.0]",7.0797328951850576,7.270119667053223,7.268622553860166,-0.9567260743617467,-0.505670428276062,76.34146115790601,0.18593168229621337,0.22208690664546893,71.84146115790601,-0.1903867718681651,7.134494781494141,0.17644691467285156,76.3350830078125,True,0,7.310941696166992,7.270119667053223,-0.7171249389648438,-0.19473981092575837,-0.07388421743321967,0.015065236381774663,"StraightLane index=('>>>', '1S0_0_', 0)",True,434.2414245605469,0.002319812774658203,0.0005111694336033763,"StraightLane index=('>>', '>>>', 0)",True,0.0,True,False,-0.1481754183769226,-0.05881898105144501,0.0,-0.05881898105144501,True,0.0,0.0,0.0,0.05881898105144501,0.0,0.05881898105144501
79.939731,"[484.5257568359375, 4.497677326202393, 0.0]","[560.8704833984375, 4.5, 0.0]",7.056632995890402,7.254818439483643,7.2533525410157536,-1.1549949647327917,-0.6061568260192871,76.34143064111198,0.1903867718681651,0.22275447859758657,71.84143064111198,-0.19818544359324086,7.107754707336426,0.17644691467285156,76.3350830078125,True,0,7.284201622009277,7.254818439483643,-0.7171249389648438,-0.19473981092575837,-0.07388421743321967,0.0028788357894475453,"StraightLane index=('>>>', '1S0_0_', 0)",True,434.3837890625,0.0023212432861328125,0.0004959106445572987,"StraightLane index=('>>', '>>>', 0)",True,0.0,True,False,-0.1481754183769226,-0.07100538164377213,0.0,-0.07100538164377213,True,0.0,0.0,0.0,0.07100538164377213,0.0,0.07100538164377213
79.959373,"[484.6673583984375, 4.497675895690918, 0.0]","[561.0181884765625, 4.5, 0.0]",7.0335330965958285,7.239264488220215,7.2383597031778555,-1.1549949647286617,-0.6512871980667114,76.34472653913905,0.19818544359324086,0.3899335862537878,71.84472653913905,-0.20573139162438636,7.096958637237549,0.17644691467285156,76.3350830078125,True,0,7.2734055519104,7.239264488220215,-0.7171249389648438,-0.19473981092575837,-0.07388421743321967,0.0028788357894475453,"StraightLane index=('>>>', '1S0_0_', 0)",True,434.5257568359375,0.002322673797607422,0.0005035400390803375,"StraightLane index=('>>', '>>>', 0)",True,0.0,True,False,-0.1481754183769226,-0.07100538164377213,0.0,-0.07100538164377213,True,0.0,0.0,0.0,0.07100538164377213,0.0,0.07100538164377213
79.979491,"[484.8085021972656, 4.497674465179443, 0.0]","[561.1603393554688, 4.5, 0.0]",7.010433197302176,7.224294185638428,7.223038465552009,-1.1549949646826096,-0.7316592931747437,76.35083005435173,0.20573139162438636,0.377297401557275,71.85083005435173,-0.21386098833625145,7.075229644775391,0.17644691467285156,76.3350830078125,True,0,7.251676559448242,7.224294185638428,-0.7171249389648438,-0.19473981092575837,-0.07388421743321967,0.0028788357894475453,"StraightLane index=('>>>', '1S0_0_', 0)",True,434.6673583984375,0.0023241043090820312,0.0005111694336033763,"StraightLane index=('>>', '>>>', 0)",True,0.0,True,False,-0.1481754183769226,-0.07100538164377213,0.0,-0.07100538164377213,True,0.0,0.0,0.0,0.07100538164377213,0.0,0.07100538164377213
80.000268,"[484.94915771484375, 4.497673034667969, 0.0]","[561.3082275390625, 4.5, 0.0]",6.987333298006639,7.208723068237305,7.207160194288799,-1.1549949647768454,-0.8159982562065125,76.35183713481675,0.21386098833625145,0.4064798355932542,71.85183713481675,-0.2213897702306653,7.051422595977783,0.17644691467285156,76.3350830078125,True,0,7.227869510650635,7.208723068237305,-0.7607603073120117,-0.20189244058910294,-0.057989089939170485,-0.01301629170460164,"StraightLane index=('>>>', '1S0_0_', 0)",True,434.8085021972656,0.0023255348205566406,0.0005035400390803375,"StraightLane index=('>>', '>>>', 0)",True,0.0,True,False,-0.1481754183769226,-0.07100538164377213,0.0,-0.07100538164377213,True,0.0,0.0,0.0,0.07100538164377213,0.0,0.07100538164377213
80.020693,"[485.08935546875, 4.497671604156494, 0.0]","[561.4524536132812, 4.5, 0.0]",6.964233398712035,7.193019866943359,7.190978925444743,-1.154994964730216,-0.8941358923912048,76.35906980081953,0.2213897702306653,0.37643909472069303,71.85906980081953,-0.2287864682313243,7.026605606079102,0.20573139190673828,76.350830078125,True,0,7.23233699798584,7.193019866943359,-0.7607603073120117,-0.20189244058910294,-0.057989089939170485,-0.01301629170460164,"StraightLane index=('>>>', '1S0_0_', 0)",True,434.94915771484375,0.00232696533203125,0.0005035400390803375,"StraightLane index=('>>', '>>>', 0)",True,0.0,True,False,-0.13517096638679504,-0.07100538164377213,0.0,-0.07100538164377213,True,0.0,0.0,0.0,0.07100538164377213,0.0,0.07100538164377213
80.0398,"[485.2290954589844, 4.4976701736450195, 0.0]","[561.5924682617188, 4.5, 0.0]",6.944021225250508,7.177545547485352,7.175883198737025,-1.0106086730763408,-0.967724621295929,76.36309812071921,0.2287864682313243,0.3698349000329504,71.86309812071921,-0.23352432223484332,7.000746250152588,0.20573139190673828,76.350830078125,True,0,7.206477642059326,7.177545547485352,-0.7607603073120117,-0.20189244058910294,-0.057989089939170485,-0.004140754040903444,"StraightLane index=('>>>', '1S0_0_', 0)",True,435.08935546875,0.0023283958435058594,0.0005111694336033763,"StraightLane index=('>>', '>>>', 0)",True,0.0,True,False,-0.13517096638679504,-0.06212984398007393,0.0,-0.06212984398007393,True,0.0,0.0,0.0,0.06212984398007393,0.0,0.06212984398007393
80.059249,"[485.3683776855469, 4.497668743133545, 0.0]","[561.7388305664062, 4.5, 0.0]",6.923809051788244,7.161374092102051,7.160438518413432,-1.0106086731132002,-1.0501766204833984,76.36337277930983,0.23352432223484332,0.2368927001759502,71.86337277930983,-0.23756504031380654,6.962170600891113,0.20573139190673828,76.350830078125,True,0,7.167901992797852,7.161374092102051,-0.7607603073120117,-0.20189244058910294,-0.057989089939170485,-0.004140754040903444,"StraightLane index=('>>>', '1S0_0_', 0)",True,435.2290954589844,0.0023298263549804688,0.0005035400390803375,"StraightLane index=('>>', '>>>', 0)",True,0.0,True,False,-0.13517096638679504,-0.06212984398007393,0.0,-0.06212984398007393,True,0.0,0.0,0.0,0.06212984398007393,0.0,0.06212984398007393
80.079834,"[485.50726318359375, 4.49766731262207, 0.0]","[561.882568359375, 4.5, 0.0]",6.903596878325927,7.145492076873779,7.144143550834009,-1.0106086731158648,-1.079588532447815,76.3704528570215,0.23756504031380654,0.20203590394816118,71.8704528570215,-0.24189519854785235,6.948583602905273,0.20573139190673828,76.350830078125,True,0,7.154314994812012,7.145492076873779,-0.7607603073120117,-0.20189244058910294,-0.057989089939170485,-0.004140754040903444,"StraightLane index=('>>>', '1S0_0_', 0)",True,435.3683776855469,0.002331256866455078,0.0005111694336033763,"StraightLane index=('>>', '>>>', 0)",True,0.0,True,False,-0.13517096638679504,-0.06212984398007393,0.0,-0.06212984398007393,True,0.0,0.0,0.0,0.06212984398007393,0.0,0.06212984398007393
80.099086,"[485.645751953125, 4.497665882110596, 0.0]","[562.0224609375, 4.5, 0.0]",6.883384704863687,7.130035400390626,7.128899940303848,-1.0106086731120012,-1.1049879789352417,76.37530515193043,0.24189519854785235,0.21650791170229056,71.87530515193043,-0.24665069552693897,6.913193702697754,0.20573139190673828,76.350830078125,True,0,7.118925094604492,7.130035400390626,-0.786876678466788,-0.20924388027653024,-0.04892092818401991,-0.013208915796054016,"StraightLane index=('>>>', '1S0_0_', 0)",True,435.50726318359375,0.0023326873779296875,0.0005111694336033763,"StraightLane index=('>>', '>>>', 0)",True,0.0,True,False,-0.13517096638679504,-0.06212984398007393,0.0,-0.06212984398007393,True,0.0,0.0,0.0,0.06212984398007393,0.0,0.06212984398007393
80.1191,"[485.7838134765625, 4.497664451599121, 0.0]","[562.1644897460938, 4.5, 0.0]",6.863172531403979,7.114047050476074,7.112787977969026,-1.0106086729853914,-1.118211030960083,76.37670895970557,0.24665069552693897,0.23777484895433076,71.87670895970557,-0.2508745190720951,6.889533996582031,0.2375650405883789,76.37045288085938,True,0,7.12709903717041,7.114047050476074,-0.786876678466788,-0.20924388027653024,-0.04892092818401991,-0.013208915796054016,"StraightLane index=('>>>', '1S0_0_', 0)",True,435.645751953125,0.002334117889404297,0.0005264282226494539,"StraightLane index=('>>', '>>>', 0)",True,0.0,True,False,-0.13517096638679504,-0.06212984398007393,0.0,-0.06212984398007393,True,0.0,0.0,0.0,0.06212984398007393,0.0,0.06212984398007393
80.140019,"[485.9214782714844, 4.4976630210876465, 0.0]","[562.3064575195312, 4.5, 0.0]",6.845405578892572,7.0979228019714355,7.09595215401835,-0.8883476255703737,-1.1184436082839966,76.38067624525229,0.2508745190720951,0.2111911772578079,71.88067624525229,-0.25251722307886393,6.867042541503906,0.2375650405883789,76.37045288085938,True,0,7.104607582092285,7.0979228019714355,-0.786876678466788,-0.20924388027653024,-0.04892092818401991,-0.005691447611821304,"StraightLane index=('>>>', '1S0_0_', 0)",True,435.7838134765625,0.0023355484008789062,0.0005187988281264151,"StraightLane index=('>>', '>>>', 0)",True,0.0,True,False,-0.13517096638679504,-0.05461237579584122,0.0,-0.05461237579584122,True,0.0,0.0,0.0,0.05461237579584122,0.0,0.05461237579584122
80.15966,"[486.0587463378906, 4.497661590576172, 0.0]","[562.4508666992188, 4.5, 0.0]",6.827638626382172,7.081521987915039,7.0801312587890886,-0.8883476255199696,-1.1236765384674072,76.38497922335081,0.25251722307886393,0.08213520033844013,71.88497922335081,-0.25388336153286684,6.855309009552002,0.2375650405883789,76.37045288085938,True,0,7.092874050140381,7.081521987915039,-0.786876678466788,-0.20924388027653024,-0.04892092818401991,-0.005691447611821304,"StraightLane index=('>>>', '1S0_0_', 0)",True,435.9214782714844,0.0023369789123535156,0.0005264282226494539,"StraightLane index=('>>', '>>>', 0)",True,0.0,True,False,-0.13517096638679504,-0.05461237579584122,0.0,-0.05461237579584122,True,0.0,0.0,0.0,0.05461237579584122,0.0,0.05461237579584122
80.179903,"[486.1956481933594, 4.497660160064697, 0.0]","[562.59033203125, 4.5, 0.0]",6.809871673870081,7.069016456604004,7.063847894285765,-0.8883476256045686,-1.0944299697875977,76.39212033661863,0.25388336153286684,0.06830692270014538,71.89212033661863,-0.25914478273392305,6.824933052062988,0.2375650405883789,76.37045288085938,True,0,7.062498092651367,7.069016456604004,-0.786876678466788,-0.20924388027653024,-0.04892092818401991,-0.005691447611821304,"StraightLane index=('>>>', '1S0_0_', 0)",True,436.0587463378906,0.002338409423828125,0.0005264282226494539,"StraightLane index=('>>', '>>>', 0)",True,0.0,True,False,-0.13517096638679504,-0.05461237579584122,0.0,-0.05461237579584122,True,0.0,0.0,0.0,0.05461237579584122,0.0,0.05461237579584122
80.199696,"[486.33221435546875, 4.497658729553223, 0.0]","[562.7355346679688, 4.5, 0.0]",6.792104721356968,7.045856475830078,7.047907882397897,-0.8883476256556389,-1.067651391029358,76.39468381316787,0.25914478273392305,0.2630710600528108,71.89468381316787,-0.25375175447311005,6.805900573730469,0.2375650405883789,76.37045288085938,True,0,7.043465614318848,7.045856475830078,-0.8417892456054776,-0.21778211584506893,-0.05284347543754739,-0.001768900358293829,"StraightLane index=('>>>', '1S0_0_', 0)",True,436.1956481933594,0.0023398399353027344,0.0005264282226494539,"StraightLane index=('>>', '>>>', 0)",True,0.0,True,False,-0.13517096638679504,-0.05461237579584122,0.0,-0.05461237579584122,True,0.0,0.0,0.0,0.05461237579584122,0.0,0.05461237579584122
80.219306,"[486.4684143066406, 4.497657299041748, 0.0]","[562.8723754882812, 4.5, 0.0]",6.774337768843107,7.03691291809082,7.032196758756683,-0.8883476256930756,-1.0590062141418457,76.40332028776373,0.25375175447311005,-0.2696514130406502,71.90332028776373,-0.26257514924771375,6.796131134033203,0.25914478302001953,76.39468383789062,True,0,7.055275917053223,7.03691291809082,-0.8417892456054776,-0.21778211584506893,-0.05284347543754739,-0.001768900358293829,"StraightLane index=('>>>', '1S0_0_', 0)",True,436.33221435546875,0.0023412704467773438,0.0005264282226494539,"StraightLane index=('>>', '>>>', 0)",True,0.0,True,False,-0.12071458995342255,-0.05461237579584122,0.0,-0.05461237579584122,True,0.0,0.0,0.0,0.05461237579584122,0.0,0.05461237579584122
80.240335,"[486.604248046875, 4.497655868530273, 0.0]","[563.0162353515625, 4.5, 0.0]",6.767065048507411,7.01380491256714,7.015360135238274,-0.3636360167847741,-1.0283135175704956,76.4039611568912,0.26257514924771375,0.44116973873018495,71.9039611568912,-0.24673986405972848,6.778419494628906,0.25914478302001953,76.39468383789062,True,0,7.037564277648926,7.01380491256714,-0.8417892456054776,-0.21778211584506893,-0.05284347543754739,0.005228848851110163,"StraightLane index=('>>>', '1S0_0_', 0)",True,436.4684143066406,0.002342700958251953,0.0005264282226494539,"StraightLane index=('>>', '>>>', 0)",True,0.0,True,False,-0.12071458995342255,-0.047614626586437225,0.0,-0.047614626586437225,True,0.0,0.0,0.0,-0.0,0.0,-0.0
80.259687,"[486.73974609375, 4.497654438018799, 0.0]","[563.1554565429688, 4.5, 0.0]",6.759792328171721,7.00455904006958,6.999865020929172,-0.36363601678450763,-0.9758255481719971,76.41198727992459,0.24673986405972848,-0.7917642593992635,71.91198727992459,-0.24476671189785915,6.753591060638428,0.25914478302001953,76.39468383789062,True,0,7.012735843658447,7.00455904006958,-0.8417892456054776,-0.21778211584506893,-0.05284347543754739,0.005228848851110163,"StraightLane index=('>>>', '1S0_0_', 0)",True,436.604248046875,0.0023441314697265625,0.0005264282226494539,"StraightLane index=('>>', '>>>', 0)",True,0.0,True,False,-0.12071458995342255,-0.047614626586437225,0.0,-0.047614626586437225,True,0.0,0.0,0.0,-0.0,0.0,-0.0
80.279561,"[486.8750915527344, 4.497653007507324, 0.0]","[563.29248046875, 4.5, 0.0]",6.752519607838288,6.982226371765137,6.983952390186929,-0.36363601667166456,-0.9200188517570496,76.41571042444254,0.24476671189785915,-0.09865760809346646,71.91571042444254,-0.22970676392684908,6.740146160125732,0.25914478302001953,76.39468383789062,True,0,6.999290943145752,6.982226371765137,-0.8417892456054776,-0.21778211584506893,-0.05284347543754739,0.005228848851110163,"StraightLane index=('>>>', '1S0_0_', 0)",True,436.73974609375,0.002345561981201172,0.0005264282226494539,"StraightLane index=('>>', '>>>', 0)",True,0.0,True,False,-0.12071458995342255,-0.047614626586437225,0.0,-0.047614626586437225,True,0.0,0.0,0.0,-0.0,0.0,-0.0
80.299429,"[487.0102844238281, 4.49765157699585, 0.0]","[563.4332885742188, 4.5, 0.0]",6.7452468875031615,6.972804069519043,6.9680612855044926,-0.36363601675630797,-0.8412348031997681,76.41738889081951,0.22970676392684908,-0.7529973985505034,71.91738889081951,-0.2275571820158815,6.730358123779297,0.25914478302001953,76.39468383789062,True,0,6.989502906799316,6.972804069519043,-0.7305240631103516,-0.22157224646942433,-0.07366007815910136,0.026045451572664136,"StraightLane index=('>>>', '1S0_0_', 0)",True,436.8750915527344,0.0023469924926757812,0.0005340576171724927,"StraightLane index=('>>', '>>>', 0)",True,0.0,True,False,-0.12071458995342255,-0.047614626586437225,0.0,-0.047614626586437225,True,0.0,0.0,0.0,-0.0,0.0,-0.0
80.321401,"[487.14532470703125, 4.497650146484375, 0.0]","[563.5733032226562, 4.5, 0.0]",6.737974167165095,6.95032262802124,6.950958009743655,-0.3636360169033459,-0.8040351867675781,76.42300412518092,0.2275571820158815,-0.10747909554837953,71.92300412518092,-0.21234846085614567,6.725848197937012,0.25914478302001953,76.39468383789062,True,0,6.984992980957031,6.95032262802124,-0.7305240631103516,-0.22157224646942433,-0.07366007815910136,0.026045451572664136,"StraightLane index=('>>>', '1S0_0_', 0)",True,437.0102844238281,0.0023484230041503906,0.0005340576171724927,"StraightLane index=('>>', '>>>', 0)",True,0.0,True,False,-0.12071458995342255,-0.047614626586437225,0.0,-0.047614626586437225,True,0.0,0.0,0.0,-0.0,0.0,-0.0
80.34073,"[487.2802429199219, 4.4976487159729, 0.0]","[563.7109985351562, 4.5, 0.0]",6.712461471848664,6.941524028778076,6.935907463586482,-1.2756347658215095,-0.7229328155517578,76.42797849080883,0.21234846085614567,-0.7604360579867908,71.92797849080883,-0.2290625569294118,6.718721866607666,0.2297067642211914,76.41738891601562,True,0,6.948428630828857,6.941524028778076,-0.7305240631103516,-0.22157224646942433,-0.07366007815910136,-0.0047653590528889955,"StraightLane index=('>>>', '1S0_0_', 0)",True,437.14532470703125,0.002349853515625,0.0005264282226494539,"StraightLane index=('>>', '>>>', 0)",True,0.0,True,False,-0.12071458995342255,-0.07842543721199036,0.0,-0.07842543721199036,True,0.0,0.0,0.0,0.07842543721199036,0.0,0.07842543721199036
80.359905,"[487.4150085449219, 4.497647285461426, 0.0]","[563.8490600585938, 4.5, 0.0]",6.686948776533302,6.919360160827637,6.9209630911007425,-1.27563476576813,-0.6422248482704163,76.43075559040496,0.2290625569294118,0.8357048036633064,71.93075559040496,-0.23241138429433494,6.713156700134277,0.2297067642211914,76.41738891601562,True,0,6.942863464355469,6.919360160827637,-0.7305240631103516,-0.22157224646942433,-0.07366007815910136,-0.0047653590528889955,"StraightLane index=('>>>', '1S0_0_', 0)",True,437.2802429199219,0.0023512840270996094,0.0005264282226494539,"StraightLane index=('>>', '>>>', 0)",True,0.0,True,False,-0.12071458995342255,-0.07842543721199036,0.0,-0.07842543721199036,True,0.0,0.0,0.0,0.07842543721199036,0.0,0.07842543721199036
80.379854,"[487.54925537109375, 4.497645854949951, 0.0]","[563.9907836914062, 4.5, 0.0]",6.661436081218658,6.910113334655762,6.905443946994088,-1.2756347657322031,-0.5996986031532288,76.43405148923529,0.23241138429433494,0.1674413682461573,71.93405148923529,-0.248677253437104,6.7052001953125,0.2297067642211914,76.41738891601562,True,0,6.934906959533691,6.910113334655762,-0.7305240631103516,-0.22157224646942433,-0.07366007815910136,-0.0047653590528889955,"StraightLane index=('>>>', '1S0_0_', 0)",True,437.4150085449219,0.0023527145385742188,0.0005187988281264151,"StraightLane index=('>>', '>>>', 0)",True,0.0,True,False,-0.12071458995342255,-0.07842543721199036,0.0,-0.07842543721199036,True,0.0,0.0,0.0,0.07842543721199036,0.0,0.07842543721199036
80.399971,"[487.6829833984375, 4.497644424438477, 0.0]","[564.1290893554688, 4.5, 0.0]",6.6359233859089075,6.887913227081299,6.889788746986542,-1.27563476548751,-0.6133217215538025,76.44152829504866,0.248677253437104,0.8132934571384531,71.94152829504866,-0.2519898411723913,6.691875457763672,0.2297067642211914,76.41738891601562,True,0,6.921582221984863,6.887913227081299,-0.8489084243774414,-0.22912681667569235,-0.06533341991363797,-0.013092017298352382,"StraightLane index=('>>>', '1S0_0_', 0)",True,437.54925537109375,0.002354145050048828,0.0005340576171724927,"StraightLane index=('>>', '>>>', 0)",True,0.0,True,False,-0.12071458995342255,-0.07842543721199036,0.0,-0.07842543721199036,True,0.0,0.0,0.0,0.07842543721199036,0.0,0.07842543721199036
80.420131,"[487.81622314453125, 4.497642993927002, 0.0]","[564.2674560546875, 4.5, 0.0]",6.610410690596664,6.879483699798584,6.874916252900792,-1.2756347656121658,-0.6620908975601196,76.44610593052214,0.2519898411723913,0.16562938676436545,71.94610593052214,-0.2690730092019198,6.674396991729736,0.2297067642211914,76.41738891601562,True,0,6.904103755950928,6.879483699798584,-0.8489084243774414,-0.22912681667569235,-0.06533341991363797,-0.013092017298352382,"StraightLane index=('>>>', '1S0_0_', 0)",True,437.6829833984375,0.0023555755615234375,0.000556945800792498,"StraightLane index=('>>', '>>>', 0)",True,0.0,True,False,-0.12071458995342255,-0.07842543721199036,0.0,-0.07842543721199036,True,0.0,0.0,0.0,0.07842543721199036,0.0,0.07842543721199036
80.439851,"[487.9489440917969, 4.497641563415527, 0.0]","[564.4046020507812, 4.5, 0.0]",6.5858116152792,6.858047962188721,6.860358746078508,-1.2299537658732262,-0.7617137432098389,76.4512328848653,0.2690730092019198,0.8541584014764236,71.9512328848653,-0.27223634690952103,6.643156051635742,0.24867725372314453,76.4415283203125,True,0,6.891833305358887,6.858047962188721,-0.8489084243774414,-0.22912681667569235,-0.06533341991363797,-0.010279601936947963,"StraightLane index=('>>>', '1S0_0_', 0)",True,437.81622314453125,0.002357006072998047,0.0005340576171724927,"StraightLane index=('>>', '>>>', 0)",True,0.0,True,False,-0.10584219545125961,-0.07561302185058594,0.0,-0.07561302185058594,True,0.0,0.0,0.0,0.07561302185058594,0.0,0.07561302185058594
80.459217,"[488.0811462402344, 4.497640132904053, 0.0]","[564.5409545898438, 4.5, 0.0]",6.561212539961213,6.850029945373535,6.846061815251191,-1.2299537658993387,-0.8148840665817261,76.45565793367992,0.27223634690952103,0.15816688538006218,71.95565793367992,-0.28881740541232226,6.629961013793945,0.24867725372314453,76.4415283203125,True,0,6.87863826751709,6.850029945373535,-0.8489084243774414,-0.22912681667569235,-0.06533341991363797,-0.010279601936947963,"StraightLane index=('>>>', '1S0_0_', 0)",True,437.9489440917969,0.0023584365844726562,0.0005340576171724927,"StraightLane index=('>>', '>>>', 0)",True,0.0,True,False,-0.10584219545125961,-0.07561302185058594,0.0,-0.07561302185058594,True,0.0,0.0,0.0,0.07561302185058594,0.0,0.07561302185058594
80.479413,"[488.2128601074219, 4.497638702392578, 0.0]","[564.6747436523438, 4.5, 0.0]",6.536613464640784,6.828958034515382,6.831163244673343,-1.2299537660214632,-0.8999539613723755,76.4598083242914,0.28881740541232226,0.8290529251400613,71.9598083242914,-0.2923445698745981,6.604426383972168,0.24867725372314453,76.4415283203125,True,0,6.8531036376953125,6.828958034515382,-0.8489084243774414,-0.22912681667569235,-0.06533341991363797,-0.010279601936947963,"StraightLane index=('>>>', '1S0_0_', 0)",True,438.0811462402344,0.0023598670959472656,0.0005340576171724927,"StraightLane index=('>>', '>>>', 0)",True,0.0,True,False,-0.10584219545125961,-0.07561302185058594,0.0,-0.07561302185058594,True,0.0,0.0,0.0,0.07561302185058594,0.0,0.07561302185058594
80.499644,"[488.3440856933594, 4.4976372718811035, 0.0]","[564.8148803710938, 4.5, 0.0]",6.512014389318767,6.820530414581299,6.816231036804558,-1.229953766100822,-0.9819931983947754,76.46188351999912,0.2923445698745981,0.1763582231137928,71.96188351999912,-0.30851602526253163,6.577517509460449,0.24867725372314453,76.4415283203125,True,0,6.826194763183594,6.820530414581299,-0.673828125,-0.2297981193831231,-0.029262702962477544,-0.046350318888108394,"StraightLane index=('>>>', '1S0_0_', 0)",True,438.2128601074219,0.002361297607421875,0.0005264282226494539,"StraightLane index=('>>', '>>>', 0)",True,0.0,True,False,-0.10584219545125961,-0.07561302185058594,0.0,-0.07561302185058594,True,0.0,0.0,0.0,0.07561302185058594,0.0,0.07561302185058594
80.519623,"[488.4748229980469, 4.497635841369629, 0.0]","[564.9481201171875, 4.5, 0.0]",6.487415313993636,6.800167560577393,6.80259254700574,-1.229953766256564,-1.0568875074386597,76.47079465320562,0.30851602526253163,0.808572769396676,71.97079465320562,-0.31275224658375667,6.54974889755249,0.24867725372314453,76.4415283203125,True,0,6.798426151275635,6.800167560577393,-0.673828125,-0.2297981193831231,-0.029262702962477544,-0.046350318888108394,"StraightLane index=('>>>', '1S0_0_', 0)",True,438.3440856933594,0.0023627281188964844,0.0005187988281264151,"StraightLane index=('>>', '>>>', 0)",True,0.0,True,False,-0.10584219545125961,-0.07561302185058594,0.0,-0.07561302185058594,True,0.0,0.0,0.0,0.07561302185058594,0.0,0.07561302185058594
80.539698,"[488.6050720214844, 4.497634410858154, 0.0]","[565.08740234375, 4.5, 0.0]",6.461656570700222,6.792825698852539,6.788897333650906,-1.287937164670705,-1.122150182723999,76.4732970945988,0.31275224658375667,0.21181106606125155,71.9732970945988,-0.33116912815231725,6.521538257598877,0.2923445701599121,76.46188354492188,True,0,6.813882827758789,6.792825698852539,-0.673828125,-0.2297981193831231,-0.029262702962477544,-0.04991765687791552,"StraightLane index=('>>>', '1S0_0_', 0)",True,438.4748229980469,0.0023641586303710938,0.0005187988281264151,"StraightLane index=('>>', '>>>', 0)",True,0.0,True,False,-0.10584219545125961,-0.07918035984039307,0.0,-0.07918035984039307,True,0.0,0.0,0.0,0.07918035984039307,0.0,0.07918035984039307
80.559235,"[488.7348327636719, 4.497633457183838, 0.0]","[565.2224731445312, 4.5, 0.0]",6.435897827410933,6.772572994232178,6.7755694502581,-1.2879371644644255,-1.1766035556793213,76.48233029811702,0.33116912815231725,0.9208440784280292,71.98233029811702,-0.33667516682124443,6.493210315704346,0.2923445701599121,76.46188354492188,True,0,6.785554885864258,6.772572994232178,-0.673828125,-0.2297981193831231,-0.029262702962477544,-0.04991765687791552,"StraightLane index=('>>>', '1S0_0_', 0)",True,438.6050720214844,0.002365589141845703,0.0005111694336033763,"StraightLane index=('>>', '>>>', 0)",True,0.0,True,False,-0.10584219545125961,-0.07918035984039307,0.0,-0.07918035984039307,True,0.0,0.0,0.0,0.07918035984039307,0.0,0.07918035984039307
80.579793,"[488.86407470703125, 4.4976325035095215, 0.0]","[565.3580932617188, 4.5, 0.0]",6.4101390841245625,6.7656025886535645,6.761554941563398,-1.2879371643185422,-1.2200698852539062,76.48764035670204,0.33667516682124443,0.2753019334463591,71.98764035670204,-0.355463504529002,6.465000629425049,0.2923445701599121,76.46188354492188,True,0,6.757345199584961,6.7656025886535645,-0.673828125,-0.2297981193831231,-0.029262702962477544,-0.04991765687791552,"StraightLane index=('>>>', '1S0_0_', 0)",True,438.7348327636719,0.0023665428161621094,0.0005111694336033763,"StraightLane index=('>>', '>>>', 0)",True,0.0,True,False,-0.10584219545125961,-0.07918035984039307,0.0,-0.07918035984039307,True,0.0,0.0,0.0,0.07918035984039307,0.0,0.07918035984039307
80.599775,"[488.9927978515625, 4.497631549835205, 0.0]","[565.4937133789062, 4.5, 0.0]",6.384380340837744,6.745296955108643,6.747927853858153,-1.2879371643409243,-1.2530910968780518,76.49401852970645,0.355463504529002,0.9394168853878782,71.99401852970645,-0.3609166142708986,6.437070369720459,0.2923445701599121,76.46188354492188,True,0,6.729414939880371,6.745296955108643,-0.7523345947265625,-0.23315001826024048,0.0014457810158436113,-0.08062614085623668,"StraightLane index=('>>>', '1S0_0_', 0)",True,438.86407470703125,0.0023674964904785156,0.0005264282226494539,"StraightLane index=('>>', '>>>', 0)",True,0.0,True,False,-0.10584219545125961,-0.07918035984039307,0.0,-0.07918035984039307,True,0.0,0.0,0.0,0.07918035984039307,0.0,0.07918035984039307
80.619217,"[489.1210021972656, 4.497630596160889, 0.0]","[565.6256103515625, 4.5, 0.0]",6.3586215975505755,6.739573001861572,6.736032364250222,-1.2879371643584214,-1.2766878604888916,76.50091550316887,0.3609166142708986,0.27265548709483056,72.00091550316887,-0.3809514043109967,6.409517288208008,0.35546350479125977,76.4940185546875,True,0,6.764980792999268,6.739573001861572,-0.7523345947265625,-0.23315001826024048,0.0014457810158436113,-0.08062614085623668,"StraightLane index=('>>>', '1S0_0_', 0)",True,438.9927978515625,0.002368450164794922,0.0005111694336033763,"StraightLane index=('>>', '>>>', 0)",True,0.0,True,False,-0.0897621214389801,-0.07918035984039307,0.0,-0.07918035984039307,True,0.0,0.0,0.0,0.07918035984039307,0.0,0.07918035984039307
80.639853,"[489.2486877441406, 4.497629642486572, 0.0]","[565.7599487304688, 4.5, 0.0]",6.351348877213279,6.720686912536622,6.723425397174437,-0.36363601686484337,-1.296766996383667,76.50460812970627,0.3809514043109967,1.0017395020049058,72.00460812970627,-0.3693380353233433,6.381903648376465,0.35546350479125977,76.4940185546875,True,0,6.737367153167725,6.720686912536622,-0.7523345947265625,-0.23315001826024048,0.0014457810158436113,0.0013198183895493931,"StraightLane index=('>>>', '1S0_0_', 0)",True,439.1210021972656,0.002369403839111328,0.0005187988281264151,"StraightLane index=('>>', '>>>', 0)",True,0.0,True,False,-0.0897621214389801,0.0027655994053930044,0.0,0.0027655994053930044,True,0.0,0.0,0.0,-0.0,0.0,-0.0
80.65916,"[489.3758544921875, 4.497628688812256, 0.0]","[565.8971557617188, 4.5, 0.0]",6.344076156875427,6.71487283706665,6.711622390002571,-0.36363601689259895,-1.3124010562896729,76.51126096172861,0.3693380353233433,-0.5806684493826708,72.01126096172861,-0.3707966801912237,6.354351997375488,0.35546350479125977,76.4940185546875,True,0,6.709815502166748,6.71487283706665,-0.7523345947265625,-0.23315001826024048,0.0014457810158436113,0.0013198183895493931,"StraightLane index=('>>>', '1S0_0_', 0)",True,439.2486877441406,0.0023703575134277344,0.0005187988281264151,"StraightLane index=('>>', '>>>', 0)",True,0.0,True,False,-0.0897621214389801,0.0027655994053930044,0.0,0.0027655994053930044,True,0.0,0.0,0.0,-0.0,0.0,-0.0
80.67977,"[489.50286865234375, 4.4976277351379395, 0.0]","[566.0318603515625, 4.5, 0.0]",6.3368034365404435,6.695954322814941,6.699037291238527,-0.36363601674915813,-1.2923905849456787,76.5213012449227,0.3707966801912237,0.07293224339401938,72.0213012449227,-0.35915088627449787,6.3302693367004395,0.35546350479125977,76.4940185546875,True,0,6.685732841491699,6.695954322814941,-0.7523345947265625,-0.23315001826024048,0.0014457810158436113,0.0013198183895493931,"StraightLane index=('>>>', '1S0_0_', 0)",True,439.3758544921875,0.0023713111877441406,0.0005187988281264151,"StraightLane index=('>>', '>>>', 0)",True,0.0,True,False,-0.0897621214389801,0.0027655994053930044,0.0,0.0027655994053930044,True,0.0,0.0,0.0,-0.0,0.0,-0.0
80.699475,"[489.6297607421875, 4.497626781463623, 0.0]","[566.1659545898438, 4.5, 0.0]",6.3295307162069525,6.6904191970825195,6.6869925871282545,-0.36363601667455114,-1.2203867435455322,76.52899167419241,0.35915088627449787,-0.5822896958362911,72.02899167419241,-0.360888480875567,6.312302112579346,0.35546350479125977,76.4940185546875,True,0,6.6677656173706055,6.6904191970825195,-0.5487775802612305,-0.2290422317433595,0.005535280825759076,-0.0027696814203660713,"StraightLane index=('>>>', '1S0_0_', 0)",True,439.50286865234375,0.002372264862060547,0.0005264282226494539,"StraightLane index=('>>', '>>>', 0)",True,0.0,True,False,-0.0897621214389801,0.0027655994053930044,0.0,0.0027655994053930044,True,0.0,0.0,0.0,-0.0,0.0,-0.0
80.720466,"[489.7565002441406, 4.497625827789307, 0.0]","[566.2998046875, 4.5, 0.0]",6.322257995872036,6.675971031188965,6.675831280456729,-0.36363601674582746,-1.1165835857391357,76.53619382179882,0.360888480875567,0.0868797300534574,72.03619382179882,-0.3537130353169289,6.299316883087158,0.35915088653564453,76.52899169921875,True,0,6.658467769622803,6.675971031188965,-0.5487775802612305,-0.2290422317433595,0.005535280825759076,-0.0027696814203660713,"StraightLane index=('>>>', '1S0_0_', 0)",True,439.6297607421875,0.002373218536376953,0.0005416870116955315,"StraightLane index=('>>', '>>>', 0)",True,0.0,True,False,-0.0897621214389801,0.0027655994053930044,0.0,0.0027655994053930044,True,0.0,0.0,0.0,-0.0,0.0,-0.0
80.739181,"[489.8830871582031, 4.49762487411499, 0.0]","[566.4298095703125, 4.5, 0.0]",6.314985275534716,6.665624141693117,6.665911298021779,-0.363636016865998,-0.9957998991012573,76.5433044183149,0.3537130353169289,-0.3587722779319069,72.0433044183149,-0.350638866158401,6.290266513824463,0.35915088653564453,76.52899169921875,True,0,6.649417400360107,6.665624141693117,-0.5487775802612305,-0.2290422317433595,0.005535280825759076,-0.012119038524294995,"StraightLane index=('>>>', '1S0_0_', 0)",True,439.7565002441406,0.0023741722106933594,0.0005264282226494539,"StraightLane index=('>>', '>>>', 0)",True,0.0,True,False,-0.0897621214389801,-0.006583757698535919,0.0,-0.006583757698535919,True,0.0,0.0,0.0,-0.0,0.0,-0.0
80.758932,"[490.009521484375, 4.497623920440674, 0.0]","[566.5623168945312, 4.5, 0.0]",6.3077125551955735,6.655079364776611,6.655440459023626,-0.3636360169571251,-0.8710401654243469,76.54672238787312,0.350638866158401,-0.15370845792639365,72.04672238787312,-0.3473668095810378,6.284106731414795,0.35915088653564453,76.52899169921875,True,0,6.6432576179504395,6.655079364776611,-0.5487775802612305,-0.2290422317433595,0.005535280825759076,-0.012119038524294995,"StraightLane index=('>>>', '1S0_0_', 0)",True,439.8830871582031,0.0023751258850097656,0.0005111694336033763,"StraightLane index=('>>', '>>>', 0)",True,0.0,True,False,-0.0897621214389801,-0.006583757698535919,0.0,-0.006583757698535919,True,0.0,0.0,0.0,-0.0,0.0,-0.0
80.779309,"[490.1358337402344, 4.497622966766357, 0.0]","[566.6957397460938, 4.5, 0.0]",6.300439834854691,6.644465446472168,6.644644541880511,-0.3636360170441222,-0.6978713870048523,76.55279538631791,0.3473668095810378,-0.16360282886815902,72.05279538631791,-0.3440256116174769,6.277934551239014,0.35915088653564453,76.52899169921875,True,0,6.637085437774658,6.644465446472168,-0.5487775802612305,-0.2290422317433595,0.005535280825759076,-0.012119038524294995,"StraightLane index=('>>>', '1S0_0_', 0)",True,440.009521484375,0.002376079559326172,0.0005035400390803375,"StraightLane index=('>>', '>>>', 0)",True,0.0,True,False,-0.0897621214389801,-0.006583757698535919,0.0,-0.006583757698535919,True,0.0,0.0,0.0,-0.0,0.0,-0.0
80.799634,"[490.2619934082031, 4.497622013092041, 0.0]","[566.832275390625, 4.5, 0.0]",6.2931671145127455,6.633597373962402,6.633870473968667,-0.36363601709727966,-0.6474321484565735,76.55990598201237,0.3440256116174769,-0.16705989817804578,72.05990598201237,-0.3404302594496569,6.276247024536133,0.35915088653564453,76.52899169921875,True,0,6.635397911071777,6.633597373962402,-0.5682182312011719,-0.22602564666106456,-0.004745978018787594,-0.0018377796797483248,"StraightLane index=('>>>', '1S0_0_', 0)",True,440.1358337402344,0.002377033233642578,0.0005035400390803375,"StraightLane index=('>>', '>>>', 0)",True,0.0,True,False,-0.0897621214389801,-0.006583757698535919,0.0,-0.006583757698535919,True,0.0,0.0,0.0,-0.0,0.0,-0.0
80.819148,"[490.38800048828125, 4.497621059417725, 0.0]","[566.9619750976562, 4.5, 0.0]",6.285894394174578,6.624370574951173,6.625159289891732,-0.3636360169083641,-0.509674608707428,76.57028195856608,0.3404302594496569,-0.1797676083910016,72.07028195856608,-0.3384761807765946,6.272748947143555,-2.49539852142334,58.17142868041992,False,-1,3.777350425720215,6.624370574951173,-0.5682182312011719,-0.22602564666106456,-0.004745978018787594,-0.0018377796797483248,"StraightLane index=('>>>', '1S0_0_', 0)",True,440.2619934082031,0.0023779869079589844,0.0005035400390803375,"StraightLane index=('>>', '>>>', 0)",True,0.0,True,False,-0.07287941873073578,-0.006583757698535919,0.0,-0.006583757698535919,True,0.0,0.0,0.0,-0.0,0.0,-0.0
80.839923,"[490.51385498046875, 4.497620105743408, 0.0]","[567.097900390625, 4.5, 0.0]",6.278621673836688,6.6152238845825195,6.615917406627693,-0.36363601689450853,-0.4736761152744293,76.5739745855107,0.3384761807765946,-0.09770393365311492,72.0739745855107,-0.3366022107458315,6.27142858505249,-2.49539852142334,58.17142868041992,False,-1,3.7760300636291504,6.6152238845825195,-0.5682182312011719,-0.22602564666106456,-0.004745978018787594,0.004745978018787594,"StraightLane index=('>>>', '1S0_0_', 0)",True,440.38800048828125,0.0023789405822753906,0.0005035400390803375,"StraightLane index=('>>', '>>>', 0)",True,0.0,True,False,-0.07287941873073578,0.0,0.0,0.0,True,0.0,0.0,0.0,-0.0,0.0,-0.0
80.859104,"[490.63958740234375, 4.497619152069092, 0.0]","[567.2256469726562, 4.5, 0.0]",6.271348953498915,6.606623649597169,6.607377081436996,-0.36363601688864655,-0.4099128246307373,76.58404538587597,0.3366022107458315,-0.09369850153815307,72.08404538587597,-0.3352746960982538,6.269025802612305,-2.49539852142334,58.17142868041992,False,-1,3.773627281188965,6.606623649597169,-0.5682182312011719,-0.22602564666106456,-0.004745978018787594,0.004745978018787594,"StraightLane index=('>>>', '1S0_0_', 0)",True,440.51385498046875,0.002379894256591797,0.0005111694336033763,"StraightLane index=('>>', '>>>', 0)",True,0.0,True,False,-0.07287941873073578,0.0,0.0,0.0,True,0.0,0.0,0.0,-0.0,0.0,-0.0
80.879631,"[490.7651672363281, 4.497618198394775, 0.0]","[567.3577880859375, 4.5, 0.0]",6.264076233161037,6.597728729248047,6.598246908748978,-0.3636360168938868,-0.36517590284347534,76.58605954643096,0.3352746960982538,-0.06637573237888716,72.08605954643096,-0.33365249608700953,6.265804290771484,-2.49539852142334,58.17142868041992,False,-1,3.7704057693481445,6.597728729248047,-0.5682182312011719,-0.22602564666106456,-0.004745978018787594,0.004745978018787594,"StraightLane index=('>>>', '1S0_0_', 0)",True,440.63958740234375,0.002380847930908203,0.0005035400390803375,"StraightLane index=('>>', '>>>', 0)",True,0.0,True,False,-0.07287941873073578,0.0,0.0,0.0,True,0.0,0.0,0.0,-0.0,0.0,-0.0
80.900154,"[490.8905944824219, 4.497617244720459, 0.0]","[567.4937133789062, 4.5, 0.0]",6.256803512821431,6.5885820388793945,6.589127558455036,-0.36363601698030656,-0.33205872774124146,76.59262082531173,0.33365249608700953,-0.08111000056221229,72.09262082531173,-0.3317785260579633,6.262173175811768,-2.49539852142334,58.17142868041992,False,-1,3.7667746543884277,6.5885820388793945,-0.4501533508300781,-0.21917844927401084,-0.0035224073363346875,0.0035224073363346875,"StraightLane index=('>>>', '1S0_0_', 0)",True,440.7651672363281,0.0023818016052246094,0.0005111694336033763,"StraightLane index=('>>', '>>>', 0)",True,0.0,True,False,-0.07287941873073578,0.0,0.0,0.0,True,0.0,0.0,0.0,-0.0,0.0,-0.0
80.919225,"[491.015869140625, 4.497616291046143, 0.0]","[567.6224365234375, 4.5, 0.0]",6.249530792480477,6.5809550285339355,6.58216914041415,-0.3636360170477193,-0.30993154644966125,76.60311887217782,0.3317785260579633,-0.09369850145231062,72.10311887217782,-0.3314242360534587,6.258019924163818,-2.49539852142334,58.17142868041992,False,-1,3.7626214027404785,6.5809550285339355,-0.4501533508300781,-0.21917844927401084,-0.0035224073363346875,0.0035224073363346875,"StraightLane index=('>>>', '1S0_0_', 0)",True,440.8905944824219,0.0023827552795410156,0.0005111694336033763,"StraightLane index=('>>', '>>>', 0)",True,0.0,True,False,-0.07287941873073578,0.0,0.0,0.0,True,0.0,0.0,0.0,-0.0,0.0,-0.0
80.939204,"[491.1409912109375, 4.497615337371826, 0.0]","[567.7540283203125, 4.5, 0.0]",6.242258072138324,6.573646068572998,6.574874594617537,-0.36363601710762694,-0.3008355498313904,76.60656735971642,0.3314242360534587,-0.017714500225229912,72.10656735971642,-0.33138799643467376,6.252872943878174,-2.49539852142334,58.17142868041992,False,-1,3.757474422454834,6.573646068572998,-0.4501533508300781,-0.21917844927401084,-0.0035224073363346875,0.0035224073363346875,"StraightLane index=('>>>', '1S0_0_', 0)",True,441.015869140625,0.002383708953857422,0.0004882812499833711,"StraightLane index=('>>', '>>>', 0)",True,0.0,True,False,-0.07287941873073578,0.0,0.0,0.0,True,0.0,0.0,0.0,-0.0,0.0,-0.0
80.959147,"[491.2659912109375, 4.49761438369751, 0.0]","[567.887939453125, 4.5, 0.0]",6.23498535179806,6.566209316253662,6.567594239642454,-0.3636360170132136,-0.2924715578556061,76.61303708586541,0.33138799643467376,-0.001811980939248059,72.11303708586541,-0.3312239644556021,6.244809150695801,-2.49539852142334,58.17142868041992,False,-1,3.749410629272461,6.566209316253662,-0.4501533508300781,-0.21917844927401084,-0.0035224073363346875,0.0035224073363346875,"StraightLane index=('>>>', '1S0_0_', 0)",True,441.1409912109375,0.002384662628173828,0.0004959106445572987,"StraightLane index=('>>', '>>>', 0)",True,0.0,True,False,-0.07287941873073578,0.0,0.0,0.0,True,0.0,0.0,0.0,-0.0,0.0,-0.0
80.980412,"[491.3908386230469, 4.497613430023193, 0.0]","[568.0198364257812, 4.5, 0.0]",6.227712631456813,6.558882713317871,6.559837234453403,-0.36363601706232984,-0.2976852059364319,76.62194821907461,0.3312239644556021,-0.0082015989535833,72.12194821907461,-0.3311700818610577,6.241337299346924,-2.49539852142334,58.17142868041992,False,-1,3.745938777923584,6.558882713317871,-0.4501533508300781,-0.21917844927401084,-0.0035224073363346875,0.0035224073363346875,"StraightLane index=('>>>', '1S0_0_', 0)",True,441.2659912109375,0.0023856163024902344,0.0004882812499833711,"StraightLane index=('>>', '>>>', 0)",True,0.0,True,False,-0.07287941873073578,0.0,0.0,0.0,True,0.0,0.0,0.0,-0.0,0.0,-0.0
80.999827,"[491.5155334472656, 4.497612476348877, 0.0]","[568.15087890625, 4.5, 0.0]",6.2204399111148945,6.551602363586426,6.552758684341638,-0.3636360170959474,-0.29919663071632385,76.62899778122123,0.3311700818610577,-0.0026941297272209397,72.12899778122123,-0.3311624524715313,6.232220649719238,-2.49539852142334,58.17142868041992,False,-1,3.7368221282958984,6.551602363586426,-0.3697967529296875,-0.21020349069914882,0.005052103407346548,-0.005052103407346548,"StraightLane index=('>>>', '1S0_0_', 0)",True,441.3908386230469,0.0023865699768066406,0.000457763671891216,"StraightLane index=('>>', '>>>', 0)",True,0.0,True,False,-0.07287941873073578,0.0,0.0,0.0,True,0.0,0.0,0.0,-0.0,0.0,-0.0
81.019525,"[491.64007568359375, 4.4976115226745605, 0.0]","[568.280029296875, 4.5, 0.0]",6.213167190776598,6.545409679412842,6.547008355151995,-0.3636360169148034,-0.30769285559654236,76.63534543666181,0.3311624524715313,-0.00038146947631823025,72.13534543666181,-0.3322424886362434,6.225271701812744,0.3786287307739258,54.5587158203125,False,-1,6.60390043258667,6.545409679412842,-0.3697967529296875,-0.21020349069914882,0.005052103407346548,-0.005052103407346548,"StraightLane index=('>>>', '1S0_0_', 0)",True,441.5155334472656,0.002387523651123047,0.0004730224609372935,"StraightLane index=('>>', '>>>', 0)",True,0.0,True,False,-0.06757967919111252,0.0,0.0,0.0,True,0.0,0.0,0.0,-0.0,0.0,-0.0
81.039224,"[491.7644958496094, 4.497610569000244, 0.0]","[568.4100341796875, 4.5, 0.0]",6.2058944704386,6.5396246910095215,6.541273122000146,-0.3636360168999264,-0.3173624277114868,76.63995359054766,0.3322424886362434,0.05400180823560419,72.13995359054766,-0.3337302205709216,6.221180438995361,0.3786287307739258,54.5587158203125,False,-1,6.599809169769287,6.5396246910095215,-0.3697967529296875,-0.21020349069914882,0.005052103407346548,-0.005052103407346548,"StraightLane index=('>>>', '1S0_0_', 0)",True,441.64007568359375,0.002388477325439453,0.0004806518554603323,"StraightLane index=('>>', '>>>', 0)",True,0.0,True,False,-0.06757967919111252,0.0,0.0,0.0,True,0.0,0.0,0.0,-0.0,0.0,-0.0
81.05911,"[491.8887634277344, 4.497609615325928, 0.0]","[568.5435180664062, 4.5, 0.0]",6.198621750102539,6.533682823181153,6.535484507515315,-0.36363601680302615,-0.3265746533870697,76.64553830611887,0.3337302205709216,0.07438659673391079,72.14553830611887,-0.3350610730786139,6.21383810043335,0.3786287307739258,54.5587158203125,False,-1,6.592466831207275,6.533682823181153,-0.3697967529296875,-0.21020349069914882,0.005052103407346548,-0.005052103407346548,"StraightLane index=('>>>', '1S0_0_', 0)",True,441.7644958496094,0.0023894309997558594,0.0005035400390803375,"StraightLane index=('>>', '>>>', 0)",True,0.0,True,False,-0.06757967919111252,0.0,0.0,0.0,True,0.0,0.0,0.0,-0.0,0.0,-0.0
81.079797,"[492.01287841796875, 4.497608661651611, 0.0]","[568.6744995117188, 4.5, 0.0]",6.191349029766152,6.527852535247803,6.52946915746834,-0.36363601681936863,-0.33629971742630005,76.65475461592176,0.3350610730786139,0.06654262538461353,72.15475461592176,-0.33650350548165076,6.202939033508301,0.3786287307739258,54.5587158203125,False,-1,6.581567764282227,6.527852535247803,-0.3697967529296875,-0.21020349069914882,0.005052103407346548,-0.005052103407346548,"StraightLane index=('>>>', '1S0_0_', 0)",True,441.8887634277344,0.0023903846740722656,0.0004806518554603323,"StraightLane index=('>>', '>>>', 0)",True,0.0,True,False,-0.06757967919111252,0.0,0.0,0.0,True,0.0,0.0,0.0,-0.0,0.0,-0.0
81.09933,"[492.1368408203125, 4.497607707977295, 0.0]","[568.8048095703125, 4.5, 0.0]",6.184076309427158,6.522053241729736,6.523782003912625,-0.3636360169497088,-0.34117671847343445,76.66162107099164,0.33650350548165076,0.07212162015184376,72.16162107099164,-0.3379769323025785,6.199064254760742,0.3786287307739258,54.5587158203125,False,-1,6.577692985534668,6.522053241729736,-0.29549121856689453,-0.19952533427907523,0.020159671717600802,-0.020159671717600802,"StraightLane index=('>>>', '1S0_0_', 0)",True,442.01287841796875,0.002391338348388672,0.0004806518554603323,"StraightLane index=('>>', '>>>', 0)",True,0.0,True,False,-0.06757967919111252,0.0,0.0,0.0,True,0.0,0.0,0.0,-0.0,0.0,-0.0
81.119707,"[492.26068115234375, 4.4976067543029785, 0.0]","[568.9324951171875, 4.5, 0.0]",6.17680358909118,6.517160892486572,6.519037466334195,-0.3636360167988961,-0.34650880098342896,76.66796872682855,0.3379769323025785,0.0736713410463885,72.16796872682855,-0.3403573033953924,6.191697120666504,0.3786287307739258,54.5587158203125,False,-1,6.57032585144043,6.517160892486572,-0.29549121856689453,-0.19952533427907523,0.020159671717600802,-0.020159671717600802,"StraightLane index=('>>>', '1S0_0_', 0)",True,442.1368408203125,0.002392292022705078,0.0004882812499833711,"StraightLane index=('>>', '>>>', 0)",True,0.0,True,False,-0.06757967919111252,0.0,0.0,0.0,True,0.0,0.0,0.0,-0.0,0.0,-0.0
81.139569,"[492.3843688964844, 4.497605800628662, 0.0]","[569.06298828125, 4.5, 0.0]",6.169530868756763,6.515864849090576,6.514452376672404,-0.36363601672082524,-0.3546786308288574,76.67181394125767,0.3403573033953924,0.119018554640693,72.17181394125767,-0.3463339803338128,6.1839094161987305,0.3786287307739258,54.5587158203125,False,-1,6.562538146972656,6.515864849090576,-0.29549121856689453,-0.19952533427907523,0.020159671717600802,-0.020159671717600802,"StraightLane index=('>>>', '1S0_0_', 0)",True,442.26068115234375,0.0023932456970214844,0.0004959106445572987,"StraightLane index=('>>', '>>>', 0)",True,0.0,True,False,-0.06757967919111252,0.0,0.0,0.0,True,0.0,0.0,0.0,-0.0,0.0,-0.0
81.159061,"[492.5079040527344, 4.497604846954346, 0.0]","[569.1956787109375, 4.5, 0.0]",6.16225814842339,6.504492759704591,6.509945072563673,-0.36363601666868917,-0.35975685715675354,76.67861935994337,0.3463339803338128,0.29883384692102055,72.17861935994337,-0.34223461128120114,6.176273345947266,0.3786287307739258,54.5587158203125,False,-1,6.554902076721191,6.504492759704591,-0.29549121856689453,-0.19952533427907523,0.020159671717600802,-0.020159671717600802,"StraightLane index=('>>>', '1S0_0_', 0)",True,442.3843688964844,0.0023941993713378906,0.0005187988281264151,"StraightLane index=('>>', '>>>', 0)",True,0.0,True,False,-0.06757967919111252,0.0,0.0,0.0,True,0.0,0.0,0.0,-0.0,0.0,-0.0
81.17992,"[492.63128662109375, 4.497603893280029, 0.0]","[569.3262939453125, 4.5, 0.0]",6.154985428088779,6.50652551651001,6.5051342261400595,-0.3636360167305508,-0.36305707693099976,76.68777463419194,0.34223461128120114,-0.20496845263058283,72.18777463419194,-0.3515400884212312,6.16875696182251,0.3786287307739258,54.5587158203125,False,-1,6.5473856925964355,6.50652551651001,-0.29549121856689453,-0.19952533427907523,0.020159671717600802,-0.020159671717600802,"StraightLane index=('>>>', '1S0_0_', 0)",True,442.5079040527344,0.002395153045654297,0.0005035400390803375,"StraightLane index=('>>', '>>>', 0)",True,0.0,True,False,-0.06757967919111252,0.0,0.0,0.0,True,0.0,0.0,0.0,-0.0,0.0,-0.0
81.199517,"[492.7545166015625, 4.497602939605713, 0.0]","[569.456787109375, 4.5, 0.0]",6.147712707753625,6.495230674743652,6.5006032930388935,-0.36363601675768464,-0.3687780797481537,76.69500729978941,0.3515400884212312,0.4652738570015025,72.19500729978941,-0.34751796699002746,6.16090726852417,0.3786287307739258,54.5587158203125,False,-1,6.539535999298096,6.495230674743652,-0.26822566986083984,-0.1889606992962971,0.03692597924722074,-0.03692597924722074,"StraightLane index=('>>>', '1S0_0_', 0)",True,442.63128662109375,0.002396106719970703,0.0005111694336033763,"StraightLane index=('>>', '>>>', 0)",True,0.0,True,False,-0.06757967919111252,0.0,0.0,0.0,True,0.0,0.0,0.0,-0.0,0.0,-0.0
81.21919,"[492.87762451171875, 4.4976019859313965, 0.0]","[569.58349609375, 4.5, 0.0]",6.140439987417988,6.498010158538818,6.496942781707185,-0.3636360167818431,-0.3712596297264099,76.70227048378399,0.34751796699002746,-0.20110607156018645,72.20227048378399,-0.35757017112083034,6.1532745361328125,0.35154008865356445,76.69500732421875,True,0,6.504814624786377,6.498010158538818,-0.26822566986083984,-0.1889606992962971,0.03692597924722074,-0.03692597924722074,"StraightLane index=('>>>', '1S0_0_', 0)",True,442.7545166015625,0.0023970603942871094,0.0005035400390803375,"StraightLane index=('>>', '>>>', 0)",True,0.0,True,False,-0.047009896486997604,0.0,0.0,0.0,True,0.0,0.0,0.0,-0.0,0.0,-0.0
81.240645,"[493.0005798339844, 4.49760103225708, 0.0]","[569.716796875, 4.5, 0.0]",6.144859314201585,6.487545967102051,6.492973796331935,0.2209663391798511,-0.3720165491104126,76.70587155799423,0.35757017112083034,0.5026102065401439,72.20587155799423,-0.34268665290046574,6.145808219909668,0.35154008865356445,76.69500732421875,True,0,6.497348308563232,6.487545967102051,-0.26822566986083984,-0.1889606992962971,0.03692597924722074,0.19157507241713168,"StraightLane index=('>>>', '1S0_0_', 0)",True,442.87762451171875,0.0023980140686035156,0.0005035400390803375,"StraightLane index=('>>', '>>>', 0)",True,0.0,True,False,-0.047009896486997604,0.22850105166435242,0.0,0.22850105166435242,True,0.0,0.0,0.08,0.0,0.08,0.0
81.259675,"[493.1233825683594, 4.497600078582764, 0.0]","[569.8458251953125, 4.5, 0.0]",6.152748108148147,6.490533828735352,6.489451518615533,0.39443969732810835,-0.3707771599292755,76.71621701737836,0.34268665290046574,-0.74417591101823,72.21621701737836,-0.33778572058720435,6.138521194458008,0.35154008865356445,76.69500732421875,True,0,6.490061283111572,6.490533828735352,-0.26822566986083984,-0.1889606992962971,0.03692597924722074,0.19157507241713168,"StraightLane index=('>>>', '1S0_0_', 0)",True,443.0005798339844,0.002398967742919922,0.0004959106445572987,"StraightLane index=('>>', '>>>', 0)",True,0.0,True,False,-0.047009896486997604,0.22850105166435242,0.0,0.22850105166435242,True,0.0,0.0,0.14281315729022026,0.0,0.14281315729022026,0.0
81.279344,"[493.24627685546875, 4.497599124908447, 0.0]","[569.97265625, 4.5, 0.0]",6.160636902094615,6.480252742767334,6.485814946420432,0.394439697323401,-0.3504856824874878,76.7224426028987,0.33778572058720435,-0.2450466156630693,72.2224426028987,-0.31961584067271875,6.133286476135254,0.35154008865356445,76.69500732421875,True,0,6.484826564788818,6.480252742767334,-0.26822566986083984,-0.1889606992962971,0.03692597924722074,0.19157507241713168,"StraightLane index=('>>>', '1S0_0_', 0)",True,443.1233825683594,0.002399921417236328,0.0005035400390803375,"StraightLane index=('>>', '>>>', 0)",True,0.0,True,False,-0.047009896486997604,0.22850105166435242,0.0,0.22850105166435242,True,0.0,0.0,0.14281315729022026,0.0,0.14281315729022026,0.0
81.2995,"[493.36932373046875, 4.497598171234131, 0.0]","[570.1056518554688, 4.5, 0.0]",6.168525696038795,6.483129501342773,6.48208641183417,0.3944396972090036,-0.2970377802848816,76.72637937128454,0.31961584067271875,-0.9084939957242799,72.22637937128454,-0.31460380530397813,6.132068634033203,0.35154008865356445,76.69500732421875,True,0,6.483608722686768,6.483129501342773,-0.12101173400878906,-0.17430004005697503,0.030192433390610757,0.19830861827374166,"StraightLane index=('>>>', '1S0_0_', 0)",True,443.24627685546875,0.0024008750915527344,0.0004882812499833711,"StraightLane index=('>>', '>>>', 0)",True,0.0,True,False,-0.047009896486997604,0.22850105166435242,0.0,0.22850105166435242,True,0.0,0.0,0.14281315729022026,0.0,0.14281315729022026,0.0
81.319277,"[493.4925231933594, 4.4975972175598145, 0.0]","[570.2323608398438, 4.5, 0.0]",6.176414489983771,6.473343849182129,6.479145252421824,0.394439697248794,-0.21554020047187805,76.736328102151,0.31460380530397813,-0.25060176843703097,72.236328102151,-0.2969293591983577,6.135020732879639,0.31961584091186523,76.72637939453125,True,0,6.454636573791504,6.473343849182129,-0.12101173400878906,-0.17430004005697503,0.030192433390610757,0.19830861827374166,"StraightLane index=('>>>', '1S0_0_', 0)",True,443.36932373046875,0.0024018287658691406,0.0004806518554603323,"StraightLane index=('>>', '>>>', 0)",True,0.0,True,False,-0.047009896486997604,0.22850105166435242,0.0,0.22850105166435242,True,0.0,0.0,0.14281315729022026,0.0,0.14281315729022026,0.0
81.339779,"[493.61590576171875, 4.497596263885498, 0.0]","[570.3653564453125, 4.5, 0.0]",6.183048248528257,6.4769697189331055,6.476106416965463,0.33168792722428897,-0.11909114569425583,76.7398376228132,0.2969293591983577,-0.8837223052810206,72.2398376228132,-0.2939214704048485,6.141260623931885,0.31961584091186523,76.72637939453125,True,0,6.46087646484375,6.4769697189331055,-0.12101173400878906,-0.17430004005697503,0.030192433390610757,0.16199109097958272,"StraightLane index=('>>>', '1S0_0_', 0)",True,443.4925231933594,0.002402782440185547,0.0004959106445572987,"StraightLane index=('>>', '>>>', 0)",True,0.0,True,False,-0.047009896486997604,0.19218352437019348,0.0,0.19218352437019348,True,0.0,0.0,0.12011470273137093,0.0,0.12011470273137093,0.0
81.359089,"[493.73944091796875, 4.497595310211182, 0.0]","[570.4938354492188, 4.5, 0.0]",6.189682007072887,6.467365741729736,6.473247737616743,0.3316879272314832,-0.01789955236017704,76.74945065991396,0.2939214704048485,-0.15039443967546084,72.24945065991396,-0.2776837346568497,6.149961948394775,0.31961584091186523,76.72637939453125,True,0,6.469577789306641,6.467365741729736,-0.12101173400878906,-0.17430004005697503,0.030192433390610757,0.16199109097958272,"StraightLane index=('>>>', '1S0_0_', 0)",True,443.61590576171875,0.002403736114501953,0.0004959106445572987,"StraightLane index=('>>', '>>>', 0)",True,0.0,True,False,-0.047009896486997604,0.19218352437019348,0.0,0.19218352437019348,True,0.0,0.0,0.12011470273137093,0.0,0.12011470273137093,0.0
81.380094,"[493.86309814453125, 4.497594356536865, 0.0]","[570.6237182617188, 4.5, 0.0]",6.196315765615171,6.47106409072876,6.470140941895056,0.33168792711419925,0.07588973641395569,76.7543945083764,0.2776837346568497,-0.8118867873999402,72.2543945083764,-0.27474832511358915,6.1599040031433105,0.31961584091186523,76.72637939453125,True,0,6.479519844055176,6.47106409072876,-0.12101173400878906,-0.17430004005697503,0.030192433390610757,0.16199109097958272,"StraightLane index=('>>>', '1S0_0_', 0)",True,443.73944091796875,0.0024046897888183594,0.0004806518554603323,"StraightLane index=('>>', '>>>', 0)",True,0.0,True,False,-0.047009896486997604,0.19218352437019348,0.0,0.19218352437019348,True,0.0,0.0,0.12011470273137093,0.0,0.12011470273137093,0.0
81.399154,"[493.98687744140625, 4.497593402862549, 0.0]","[570.7501220703125, 4.5, 0.0]",6.202949524158622,6.461507797241211,6.467318964473997,0.3316879271725526,0.15483254194259644,76.76062009389891,0.27474832511358915,-0.14677047716302738,72.26062009389891,-0.2585582730825893,6.1700921058654785,0.31961584091186523,76.72637939453125,True,0,6.489707946777344,6.461507797241211,-0.216217041015625,-0.1644376324868244,0.0036252450168586525,0.18855827935333483,"StraightLane index=('>>>', '1S0_0_', 0)",True,443.86309814453125,0.0024056434631347656,0.0004882812499833711,"StraightLane index=('>>', '>>>', 0)",True,0.0,True,False,-0.047009896486997604,0.19218352437019348,0.0,0.19218352437019348,True,0.0,0.0,0.12011470273137093,0.0,0.12011470273137093,0.0
81.420202,"[494.1108093261719, 4.497592449188232, 0.0]","[570.8843994140625, 4.5, 0.0]",6.209583282704793,6.46548318862915,6.464749925328617,0.3316879273085771,0.22303993999958038,76.76324460560943,0.2585582730825893,-0.809502601549994,72.26324460560943,-0.2558999059243572,6.180655479431152,-1.194300651550293,46.303733825683594,False,-1,4.986354827880859,6.46548318862915,-0.216217041015625,-0.1644376324868244,0.0036252450168586525,0.18855827935333483,"StraightLane index=('>>>', '1S0_0_', 0)",True,443.98687744140625,0.002406597137451172,0.0004882812499833711,"StraightLane index=('>>', '>>>', 0)",True,0.0,True,False,-0.028939124196767807,0.19218352437019348,0.0,0.19218352437019348,True,0.0,0.0,0.12011470273137093,0.0,0.12011470273137093,0.0
81.439292,"[494.23486328125, 4.497591495513916, 0.0]","[571.0088500976562, 4.5, 0.0]",6.202310562367973,6.456486701965332,6.462440818441386,-0.3636360168409958,0.2979011833667755,76.77359006458529,0.2558999059243572,-0.13291835791160445,72.27359006458529,-0.25417613959735874,6.1960320472717285,-1.194300651550293,46.303733825683594,False,-1,5.0017313957214355,6.456486701965332,-0.216217041015625,-0.1644376324868244,0.0036252450168586525,-0.0036252450168586525,"StraightLane index=('>>>', '1S0_0_', 0)",True,444.1108093261719,0.002407550811767578,0.0004882812499833711,"StraightLane index=('>>', '>>>', 0)",True,0.0,True,False,-0.028939124196767807,0.0,0.0,0.0,True,0.0,0.0,0.0,-0.0,0.0,-0.0
81.460056,"[494.35906982421875, 4.4975905418396, 0.0]","[571.1408081054688, 4.5, 0.0]",6.195037842030786,6.460681915283203,6.4599289350337,-0.3636360168593811,0.3183125853538513,76.77398679227439,0.25417613959735874,-0.08618831634992219,72.27398679227439,-0.26564407325241746,6.201152324676514,-1.194300651550293,46.303733825683594,False,-1,5.006851673126221,6.460681915283203,-0.216217041015625,-0.1644376324868244,0.0036252450168586525,-0.0036252450168586525,"StraightLane index=('>>>', '1S0_0_', 0)",True,444.23486328125,0.0024085044860839844,0.0005035400390803375,"StraightLane index=('>>', '>>>', 0)",True,0.0,True,False,-0.028939124196767807,0.0,0.0,0.0,True,0.0,0.0,0.0,-0.0,0.0,-0.0
81.481011,"[494.4831237792969, 4.497589588165283, 0.0]","[571.2670288085938, 4.5, 0.0]",6.18776512169145,6.451652050018311,6.457393695845758,-0.36363601696676184,0.3255700170993805,76.78173825792814,0.26564407325241746,0.5733966827529358,72.28173825792814,-0.263886928326861,6.208398818969727,-1.194300651550293,46.303733825683594,False,-1,5.014098167419434,6.451652050018311,-0.216217041015625,-0.1644376324868244,0.0036252450168586525,-0.0036252450168586525,"StraightLane index=('>>>', '1S0_0_', 0)",True,444.35906982421875,0.0024094581604003906,0.0004882812499833711,"StraightLane index=('>>', '>>>', 0)",True,0.0,True,False,-0.028939124196767807,0.0,0.0,0.0,True,0.0,0.0,0.0,-0.0,0.0,-0.0
81.499536,"[494.6070251464844, 4.497588634490967, 0.0]","[571.399169921875, 4.5, 0.0]",6.1804924013527245,6.455843448638916,6.455151493364793,-0.3636360169362973,0.2893109917640686,76.78390500555801,0.263886928326861,-0.08785724627782265,72.28390500555801,-0.27535104728619153,6.211013317108154,-1.194300651550293,46.303733825683594,False,-1,5.016712665557861,6.455843448638916,-0.05664348602294922,-0.14997639124894518,0.02900178948707932,-0.02900178948707932,"StraightLane index=('>>>', '1S0_0_', 0)",True,444.4831237792969,0.002410411834716797,0.0004959106445572987,"StraightLane index=('>>', '>>>', 0)",True,0.0,True,False,-0.028939124196767807,0.0,0.0,0.0,True,0.0,0.0,0.0,-0.0,0.0,-0.0
81.519329,"[494.73077392578125, 4.49758768081665, 0.0]","[571.5255737304688, 4.5, 0.0]",6.17321968101472,6.447129249572754,6.4532216724072,-0.3636360169002373,0.22509410977363586,76.79214475205212,0.27535104728619153,0.5732059479665264,72.29214475205212,-0.27390956855803417,6.2097883224487305,-1.194300651550293,46.303733825683594,False,-1,5.0154876708984375,6.447129249572754,-0.05664348602294922,-0.14997639124894518,0.02900178948707932,-0.02900178948707932,"StraightLane index=('>>>', '1S0_0_', 0)",True,444.6070251464844,0.002411365509033203,0.0004882812499833711,"StraightLane index=('>>', '>>>', 0)",True,0.0,True,False,-0.028939124196767807,0.0,0.0,0.0,True,0.0,0.0,0.0,-0.0,0.0,-0.0
81.539606,"[494.8543701171875, 4.497586727142334, 0.0]","[571.6580200195312, 4.5, 0.0]",6.165946960679293,6.451803684234619,6.451254377286817,-0.3636360167713182,0.10289240628480911,76.79479978093173,0.27390956855803417,-0.07207393640786819,72.29479978093173,-0.28585672355532576,6.202566146850586,-1.194300651550293,46.303733825683594,False,-1,5.008265495300293,6.451803684234619,-0.05664348602294922,-0.14997639124894518,0.02900178948707932,-0.02900178948707932,"StraightLane index=('>>>', '1S0_0_', 0)",True,444.73077392578125,0.0024123191833496094,0.0004959106445572987,"StraightLane index=('>>', '>>>', 0)",True,0.0,True,False,-0.028939124196767807,0.0,0.0,0.0,True,0.0,0.0,0.0,-0.0,0.0,-0.0
81.559452,"[494.97784423828125, 4.497585773468018, 0.0]","[571.7871704101562, 4.5, 0.0]",6.1586742403433785,6.443195819854736,6.4493287377475,-0.3636360167957431,0.05254397168755531,76.80364987857938,0.28585672355532576,0.5973577498645799,72.30364987857938,-0.2845215795113578,6.198313236236572,-1.194300651550293,46.303733825683594,False,-1,5.004012584686279,6.443195819854736,-0.05664348602294922,-0.14997639124894518,0.02900178948707932,-0.02900178948707932,"StraightLane index=('>>>', '1S0_0_', 0)",True,444.8543701171875,0.0024132728576660156,0.0004959106445572987,"StraightLane index=('>>', '>>>', 0)",True,0.0,True,False,-0.028939124196767807,0.0,0.0,0.0,True,0.0,0.0,0.0,-0.0,0.0,-0.0
81.579656,"[495.1011657714844, 4.497584819793701, 0.0]","[571.9154052734375, 4.5, 0.0]",6.151401520006882,6.447933673858643,6.447369699654076,-0.36363601682483093,-0.036594685167074203,76.80932614810216,0.2845215795113578,-0.06675720219839754,72.30932614810216,-0.2965321538517607,6.18958044052124,-1.194300651550293,46.303733825683594,False,-1,4.995279788970947,6.447933673858643,-0.05664348602294922,-0.14997639124894518,0.02900178948707932,-0.02900178948707932,"StraightLane index=('>>>', '1S0_0_', 0)",True,444.97784423828125,0.002414226531982422,0.0004959106445572987,"StraightLane index=('>>', '>>>', 0)",True,0.0,True,False,-0.028939124196767807,0.0,0.0,0.0,True,0.0,0.0,0.0,-0.0,0.0,-0.0
81.600275,"[495.2243347167969, 4.497583866119385, 0.0]","[572.0444946289062, 4.5, 0.0]",6.144128799669947,6.439325809478761,6.445377256713249,-0.36363601684672453,-0.1192367672920227,76.81423947817186,0.2965321538517607,0.6005287170201434,72.31423947817186,-0.29519700980881325,6.1797990798950195,-1.194300651550293,46.303733825683594,False,-1,4.985498428344727,6.439325809478761,-0.16517639160155362,-0.14075992583010505,0.05111813054562356,-0.05111813054562356,"StraightLane index=('>>>', '1S0_0_', 0)",True,445.1011657714844,0.002415180206298828,0.0004959106445572987,"StraightLane index=('>>', '>>>', 0)",True,0.0,True,False,-0.028939124196767807,0.0,0.0,0.0,True,0.0,0.0,0.0,-0.0,0.0,-0.0
81.619693,"[495.34735107421875, 4.497582912445068, 0.0]","[572.17041015625, 4.5, 0.0]",6.136856079332957,6.444432258605957,6.443979041911568,-0.3636360168495223,-0.1915110945701599,76.82015988913744,0.29519700980881325,-0.06675720214737169,72.32015988913744,-0.30757617927300007,6.169476509094238,-1.194300651550293,46.303733825683594,False,-1,4.975175857543945,6.444432258605957,-0.16517639160155362,-0.14075992583010505,0.05111813054562356,-0.05111813054562356,"StraightLane index=('>>>', '1S0_0_', 0)",True,445.2243347167969,0.0024161338806152344,0.0004806518554603323,"StraightLane index=('>>', '>>>', 0)",True,0.0,True,False,-0.03051912412047386,0.0,0.0,0.0,True,0.0,0.0,0.0,-0.0,0.0,-0.0
81.639083,"[495.4702453613281, 4.497581958770752, 0.0]","[572.299072265625, 4.5, 0.0]",6.129583358997798,6.439661502838135,6.442583104904648,-0.3636360167579511,-0.2527521848678589,76.82305905782206,0.30757617927300007,0.6189584732093412,72.32305905782206,-0.31007814384033683,6.158944606781006,-0.26628684997558594,55.62700653076172,False,-1,5.89265775680542,6.439661502838135,-0.16517639160155362,-0.14075992583010505,0.05111813054562356,-0.05111813054562356,"StraightLane index=('>>>', '1S0_0_', 0)",True,445.34735107421875,0.0024170875549316406,0.0005035400390803375,"StraightLane index=('>>', '>>>', 0)",True,0.0,True,False,-0.03051912412047386,0.0,0.0,0.0,True,0.0,0.0,0.0,-0.0,0.0,-0.0
81.659383,"[495.5929870605469, 4.4975810050964355, 0.0]","[572.4309692382812, 4.5, 0.0]",6.122310638661847,6.438187122344971,6.4411208412085195,-0.36363601679756385,-0.3063165247440338,76.8288268804903,0.31007814384033683,0.12509822836683782,72.3288268804903,-0.31587648368312404,6.148029804229736,-0.26628684997558594,55.62700653076172,False,-1,5.88174295425415,6.438187122344971,-0.16517639160155362,-0.14075992583010505,0.05111813054562356,-0.05111813054562356,"StraightLane index=('>>>', '1S0_0_', 0)",True,445.4702453613281,0.002418041229248047,0.0004959106445572987,"StraightLane index=('>>', '>>>', 0)",True,0.0,True,False,-0.03051912412047386,0.0,0.0,0.0,True,0.0,0.0,0.0,-0.0,0.0,-0.0
81.679147,"[495.715576171875, 4.497580051422119, 0.0]","[572.5567626953125, 4.5, 0.0]",6.115037918327621,6.436781406402588,6.439698780296744,-0.3636360167112773,-0.3465622663497925,76.83798215350787,0.31587648368312404,0.28991699213936073,72.33798215350787,-0.3217434880749668,6.137484073638916,-0.26628684997558594,55.62700653076172,False,-1,5.87119722366333,6.436781406402588,-0.16517639160155362,-0.14075992583010505,0.05111813054562356,-0.05111813054562356,"StraightLane index=('>>>', '1S0_0_', 0)",True,445.5929870605469,0.002418994903564453,0.0005035400390803375,"StraightLane index=('>>', '>>>', 0)",True,0.0,True,False,-0.03051912412047386,0.0,0.0,0.0,True,0.0,0.0,0.0,-0.0,0.0,-0.0
81.701816,"[495.8380126953125, 4.497579097747803, 0.0]","[572.6907958984375, 4.5, 0.0]",6.1077651979923955,6.435283660888672,6.438120060119411,-0.36363601676128177,-0.3756296932697296,76.84118649837542,0.3217434880749668,0.2933502195921367,72.34118649837542,-0.3275184628962764,6.1273884773254395,-0.26628684997558594,55.62700653076172,False,-1,5.8611016273498535,6.435283660888672,-0.04042148590088779,-0.1280986852536256,0.08478831562895406,-0.08478831562895406,"StraightLane index=('>>>', '1S0_0_', 0)",True,445.715576171875,0.0024199485778808594,0.0005187988281264151,"StraightLane index=('>>', '>>>', 0)",True,0.0,True,False,-0.03051912412047386,0.0,0.0,0.0,True,0.0,0.0,0.0,-0.0,0.0,-0.0
81.719176,"[495.9603271484375, 4.497578144073486, 0.0]","[572.8146362304688, 4.5, 0.0]",6.1004924776566805,6.434288024902344,6.437373679578403,-0.3636360167857511,-0.40462222695350647,76.85278317846816,0.3275184628962764,0.288748741065481,72.35278317846816,-0.3337955472456633,6.112760066986084,-0.26628684997558594,55.62700653076172,False,-1,5.846473217010498,6.434288024902344,-0.04042148590088779,-0.1280986852536256,0.08478831562895406,-0.08478831562895406,"StraightLane index=('>>>', '1S0_0_', 0)",True,445.8380126953125,0.0024209022521972656,0.0005111694336033763,"StraightLane index=('>>', '>>>', 0)",True,0.0,True,False,-0.03051912412047386,0.0,0.0,0.0,True,0.0,0.0,0.0,-0.0,0.0,-0.0
81.740336,"[496.0824890136719, 4.49757719039917, 0.0]","[572.9468994140625, 4.5, 0.0]",6.09321975732062,6.433404922485352,6.436463948185917,-0.36363601680302615,-0.4119676649570465,76.85430905736584,0.3337955472456633,0.31385421746934483,72.35430905736584,-0.34018516516473163,6.107943058013916,-0.26628684997558594,55.62700653076172,False,-1,5.84165620803833,6.433404922485352,-0.04042148590088779,-0.1280986852536256,0.08478831562895406,-0.08478831562895406,"StraightLane index=('>>>', '1S0_0_', 0)",True,445.9603271484375,0.002421855926513672,0.0005111694336033763,"StraightLane index=('>>', '>>>', 0)",True,0.0,True,False,-0.03051912412047386,0.0,0.0,0.0,True,0.0,0.0,0.0,-0.0,0.0,-0.0
81.759207,"[496.2044982910156, 4.4975762367248535, 0.0]","[573.0746459960938, 4.5, 0.0]",6.085947036986465,6.432551383972168,6.43565197123111,-0.3636360167077246,-0.4177779257297516,76.86441037488572,0.34018516516473163,0.3194808959534168,72.36441037488572,-0.3466043469857025,6.0991010665893555,-0.26628684997558594,55.62700653076172,False,-1,5.8328142166137695,6.432551383972168,-0.04042148590088779,-0.1280986852536256,0.08478831562895406,-0.08478831562895406,"StraightLane index=('>>>', '1S0_0_', 0)",True,446.0824890136719,0.002422809600830078,0.0005264282226494539,"StraightLane index=('>>', '>>>', 0)",True,0.0,True,False,-0.03051912412047386,0.0,0.0,0.0,True,0.0,0.0,0.0,-0.0,0.0,-0.0
81.780885,"[496.32635498046875, 4.497575283050537, 0.0]","[573.2037353515625, 4.5, 0.0]",6.078674316651809,6.431688785552979,6.434724304711167,-0.36363601673281565,-0.41734036803245544,76.87014767956423,0.3466043469857025,0.3209590910485449,72.37014767956423,-0.3530144689011703,6.090806007385254,-0.26628684997558594,55.62700653076172,False,-1,5.824519157409668,6.431688785552979,-0.04042148590088779,-0.1280986852536256,0.08478831562895406,-0.08478831562895406,"StraightLane index=('>>>', '1S0_0_', 0)",True,446.2044982910156,0.0024237632751464844,0.0005264282226494539,"StraightLane index=('>>', '>>>', 0)",True,0.0,True,False,-0.03051912412047386,0.0,0.0,0.0,True,0.0,0.0,0.0,-0.0,0.0,-0.0
81.799253,"[496.44805908203125, 4.497574329376221, 0.0]","[573.3294677734375, 4.5, 0.0]",6.0714015963204275,6.430849075317385,6.433930377350288,-0.36363601656907996,-0.40797826647758484,76.87738034557077,0.3530144689011703,0.3205060957733874,72.37738034557077,-0.35944747899695706,6.07936954498291,-0.26628684997558594,55.62700653076172,False,-1,5.813082695007324,6.430849075317385,-0.04434585571287286,-0.1168409216782136,0.11679993966980849,-0.11679993966980849,"StraightLane index=('>>>', '1S0_0_', 0)",True,446.32635498046875,0.0024247169494628906,0.0005264282226494539,"StraightLane index=('>>', '>>>', 0)",True,0.0,True,False,-0.03051912412047386,0.0,0.0,0.0,True,0.0,0.0,0.0,-0.0,0.0,-0.0
81.819257,"[496.56964111328125, 4.497573375701904, 0.0]","[573.458251953125, 4.5, 0.0]",6.064128875985041,6.43048620223999,6.433784197624063,-0.3636360167693198,-0.4106193780899048,76.88140866587435,0.35944747899695706,0.3216505047893392,72.38140866587435,-0.3663573262549491,6.075012683868408,1.4509696960449219,52.52203369140625,False,-1,7.52598237991333,6.43048620223999,-0.04434585571287286,-0.1168409216782136,0.11679993966980849,-0.11679993966980849,"StraightLane index=('>>>', '1S0_0_', 0)",True,446.44805908203125,0.002425670623779297,0.0005264282226494539,"StraightLane index=('>>', '>>>', 0)",True,0.0,True,False,-0.008709908463060856,0.0,0.0,0.0,True,0.0,0.0,0.0,-0.0,0.0,-0.0
81.839585,"[496.6910705566406, 4.497572422027588, 0.0]","[573.5864868164062, 4.5, 0.0]",6.056856155649175,6.430366516113281,6.433662304960005,-0.3636360167933006,-0.39676639437675476,76.88861081430278,0.3663573262549491,0.34549236289960206,72.38861081430278,-0.37351036046410613,6.064252853393555,1.4509696960449219,52.52203369140625,False,-1,7.515222549438477,6.430366516113281,-0.04434585571287286,-0.1168409216782136,0.11679993966980849,-0.11679993966980849,"StraightLane index=('>>>', '1S0_0_', 0)",True,446.56964111328125,0.002426624298095703,0.0005264282226494539,"StraightLane index=('>>', '>>>', 0)",True,0.0,True,False,-0.008709908463060856,0.0,0.0,0.0,True,0.0,0.0,0.0,-0.0,0.0,-0.0
81.859424,"[496.8123474121094, 4.4975714683532715, 0.0]","[573.7183837890625, 4.5, 0.0]",6.049583435315307,6.430243492126465,6.433543185598089,-0.36363601669342493,-0.3973703384399414,76.8954162342156,0.37351036046410613,0.3576517104578514,72.3954162342156,-0.3806600568111582,6.060222148895264,1.4509696960449219,52.52203369140625,False,-1,7.5111918449401855,6.430243492126465,-0.04434585571287286,-0.1168409216782136,0.11679993966980849,-0.11679993966980849,"StraightLane index=('>>>', '1S0_0_', 0)",True,446.6910705566406,0.0024275779724121094,0.0005264282226494539,"StraightLane index=('>>', '>>>', 0)",True,0.0,True,False,-0.008709908463060856,0.0,0.0,0.0,True,0.0,0.0,0.0,-0.0,0.0,-0.0
81.87922,"[496.9334716796875, 4.497570514678955, 0.0]","[573.8441162109375, 4.5, 0.0]",6.042310714980291,6.430126190185547,6.433424457184027,-0.36363601675080126,-0.38882654905319214,76.90603635055622,0.3806600568111582,0.3574848173526046,72.40603635055622,-0.3878154752052563,6.049296855926514,1.4509696960449219,52.52203369140625,False,-1,7.5002665519714355,6.430126190185547,-0.04434585571287286,-0.1168409216782136,0.11679993966980849,-0.11679993966980849,"StraightLane index=('>>>', '1S0_0_', 0)",True,446.8123474121094,0.0024285316467285156,0.0005416870116955315,"StraightLane index=('>>', '>>>', 0)",True,0.0,True,False,-0.008709908463060856,0.0,0.0,0.0,True,0.0,0.0,0.0,-0.0,0.0,-0.0
81.898954,"[497.0544738769531, 4.497569561004639, 0.0]","[573.972412109375, 4.5, 0.0]",6.035037994644492,6.430006504058838,6.433305999688094,-0.3636360167899255,-0.3802436888217926,76.91064450568182,0.3878154752052563,0.3577709197049028,72.41064450568182,-0.3949685094143458,6.0424323081970215,1.4509696960449219,52.52203369140625,False,-1,7.493402004241943,6.430006504058838,-0.008425712585466982,-0.10545172945088357,0.1512778016684412,-0.1512778016684412,"StraightLane index=('>>>', '1S0_0_', 0)",True,446.9334716796875,0.002429485321044922,0.0005264282226494539,"StraightLane index=('>>', '>>>', 0)",True,0.0,True,False,-0.008709908463060856,0.0,0.0,0.0,True,0.0,0.0,0.0,-0.0,0.0,-0.0
81.920547,"[497.1753234863281, 4.497568607330322, 0.0]","[574.1047973632812, 4.5, 0.0]",6.027765274308508,6.430524826049805,6.4341166679993735,-0.363636016799207,-0.3815142512321472,76.91793820684462,0.3949685094143458,0.3576517104544763,72.41793820684462,-0.40275955174129674,6.038496494293213,1.4509696960449219,52.52203369140625,False,-1,7.489466190338135,6.430524826049805,-0.008425712585466982,-0.10545172945088357,0.1512778016684412,-0.1512778016684412,"StraightLane index=('>>>', '1S0_0_', 0)",True,447.0544738769531,0.002430438995361328,0.0005264282226494539,"StraightLane index=('>>', '>>>', 0)",True,0.0,True,False,-0.008709908463060856,0.0,0.0,0.0,True,0.0,0.0,0.0,-0.0,0.0,-0.0
81.940007,"[497.2960205078125, 4.497567653656006, 0.0]","[574.2339477539062, 4.5, 0.0]",6.020492553969768,6.431327819824219,6.434902053879527,-0.36363601693700787,-0.37479808926582336,76.92947385178383,0.40275955174129674,0.38955211634754683,72.42947385178383,-0.41083526585445096,6.031623363494873,1.4509696960449219,52.52203369140625,False,-1,7.482593059539795,6.431327819824219,-0.008425712585466982,-0.10545172945088357,0.1512778016684412,-0.1512778016684412,"StraightLane index=('>>>', '1S0_0_', 0)",True,447.1753234863281,0.0024313926696777344,0.0005187988281264151,"StraightLane index=('>>', '>>>', 0)",True,0.0,True,False,-0.008709908463060856,0.0,0.0,0.0,True,0.0,0.0,0.0,-0.0,0.0,-0.0
81.95849,"[497.41656494140625, 4.4975666999816895, 0.0]","[574.3582763671875, 4.5, 0.0]",6.013219833631388,6.432100296020508,6.43564132264019,-0.36363601691897784,-0.36881038546562195,76.93792722049812,0.41083526585445096,0.403785705657711,72.43792722049812,-0.4188804623891196,6.024829864501953,1.4509696960449219,52.52203369140625,False,-1,7.475799560546875,6.432100296020508,-0.008425712585466982,-0.10545172945088357,0.1512778016684412,-0.1512778016684412,"StraightLane index=('>>>', '1S0_0_', 0)",True,447.2960205078125,0.0024323463439941406,0.0005264282226494539,"StraightLane index=('>>', '>>>', 0)",True,0.0,True,False,-0.008709908463060856,0.0,0.0,0.0,True,0.0,0.0,0.0,-0.0,0.0,-0.0
81.98052,"[497.5369873046875, 4.497565746307373, 0.0]","[574.4906616210938, 4.5, 0.0]",6.005947113292893,6.432923316955566,6.436521894840011,-0.363636016924751,-0.36758723855018616,76.9417114001767,0.4188804623891196,0.40225982673343097,72.4417114001767,-0.4269762036626732,6.0176310539245605,1.4509696960449219,52.52203369140625,False,-1,7.468600749969482,6.432923316955566,-0.008425712585466982,-0.10545172945088357,0.1512778016684412,-0.1512778016684412,"StraightLane index=('>>>', '1S0_0_', 0)",True,447.41656494140625,0.002433300018310547,0.0005264282226494539,"StraightLane index=('>>', '>>>', 0)",True,0.0,True,False,-0.008709908463060856,0.0,0.0,0.0,True,0.0,0.0,0.0,-0.0,0.0,-0.0
81.999221,"[497.6572570800781, 4.497564792633057, 0.0]","[574.6172485351562, 4.5, 0.0]",5.998674392954797,6.433710098266602,6.437270691240159,-0.3636360169048114,-0.3652120530605316,76.95367429121005,0.4269762036626732,0.4047870636776807,72.45367429121005,-0.4350357053118046,6.010558605194092,1.4509696960449219,52.52203369140625,False,-1,7.461528301239014,6.433710098266602,0.03703594207763672,-0.09361029853307792,0.18916290991959508,-0.18916290991959508,"StraightLane index=('>>>', '1S0_0_', 0)",True,447.5369873046875,0.002434253692626953,0.0005187988281264151,"StraightLane index=('>>', '>>>', 0)",True,0.0,True,False,-0.008709908463060856,0.0,0.0,0.0,True,0.0,0.0,0.0,-0.0,0.0,-0.0
82.019138,"[497.7773742675781, 4.49756383895874, 0.0]","[574.7454223632812, 4.5, 0.0]",5.991401672618817,6.435288429260254,6.439179695369571,-0.36363601679898494,-0.3628893196582794,76.95999142945529,0.4350357053118046,0.4029750824565692,72.45999142945529,-0.4438867566414366,6.00355339050293,-1.1844568252563477,41.93859100341797,False,-1,4.819096565246582,6.435288429260254,0.03703594207763672,-0.09361029853307792,0.18916290991959508,-0.18916290991959508,"StraightLane index=('>>>', '1S0_0_', 0)",True,447.6572570800781,0.0024352073669433594,0.0005264282226494539,"StraightLane index=('>>', '>>>', 0)",True,0.0,True,False,0.013402790762484074,0.0,0.0,0.0,True,0.0,0.0,0.0,-0.0,0.0,-0.0
82.039295,"[497.8973388671875, 4.497562885284424, 0.0]","[574.8742065429688, 4.5, 0.0]",5.984128952282421,6.4372477531433105,6.441155290598643,-0.3636360168198127,-0.3600195348262787,76.96804807007118,0.4438867566414366,0.4425525664816021,72.46804807007118,-0.4531188008608895,5.99662971496582,-1.1844568252563477,41.93859100341797,False,-1,4.812172889709473,6.4372477531433105,0.03703594207763672,-0.09361029853307792,0.18916290991959508,-0.18916290991959508,"StraightLane index=('>>>', '1S0_0_', 0)",True,447.7773742675781,0.0024361610412597656,0.0005264282226494539,"StraightLane index=('>>', '>>>', 0)",True,0.0,True,False,0.013402790762484074,0.0,0.0,0.0,True,0.0,0.0,0.0,-0.0,0.0,-0.0
82.058606,"[498.0171813964844, 4.497561931610107, 0.0]","[575.0023193359375, 4.5, 0.0]",5.976856231945994,6.442529678344727,6.443048146684084,-0.36363601682136704,-0.35766178369522095,76.97686765014016,0.4531188008608895,0.46160221097264476,72.47686765014016,-0.46567344639873287,5.98973274230957,-1.1844568252563477,41.93859100341797,False,-1,4.805275917053223,6.442529678344727,0.03703594207763672,-0.09361029853307792,0.18916290991959508,-0.18916290991959508,"StraightLane index=('>>>', '1S0_0_', 0)",True,447.8973388671875,0.002437114715576172,0.0005264282226494539,"StraightLane index=('>>', '>>>', 0)",True,0.0,True,False,0.013402790762484074,0.0,0.0,0.0,True,0.0,0.0,0.0,-0.0,0.0,-0.0
82.07986,"[498.1368713378906, 4.497560977935791, 0.0]","[575.1349487304688, 4.5, 0.0]",5.969583511613806,6.437880516052246,6.445129903942475,-0.36363601660940326,-0.35969483852386475,76.98513791338341,0.46567344639873287,0.6277322768921678,72.48513791338341,-0.46829700443844047,5.98239803314209,-1.1844568252563477,41.93859100341797,False,-1,4.797941207885742,6.437880516052246,0.03703594207763672,-0.09361029853307792,0.18916290991959508,-0.18916290991959508,"StraightLane index=('>>>', '1S0_0_', 0)",True,448.0171813964844,0.002438068389892578,0.0005340576171724927,"StraightLane index=('>>', '>>>', 0)",True,0.0,True,False,0.013402790762484074,0.0,0.0,0.0,True,0.0,0.0,0.0,-0.0,0.0,-0.0
82.100208,"[498.25640869140625, 4.497560024261475, 0.0]","[575.2632446289062, 4.5, 0.0]",5.962310791281875,6.446498870849609,6.447142173174385,-0.36363601659652467,-0.3601113259792328,76.99807736565555,0.46829700443844047,0.13117790198537982,72.49807736565555,-0.48418807956773424,5.975175857543945,-1.1844568252563477,41.93859100341797,False,-1,4.790719032287598,6.446498870849609,0.12788772583007812,-0.0797731982757174,0.2349490534433099,-0.2349490534433099,"StraightLane index=('>>>', '1S0_0_', 0)",True,448.1368713378906,0.0024390220642089844,0.0005493164062694592,"StraightLane index=('>>', '>>>', 0)",True,0.0,True,False,0.013402790762484074,0.0,0.0,0.0,True,0.0,0.0,0.0,-0.0,0.0,-0.0
82.120082,"[498.37579345703125, 4.497559070587158, 0.0]","[575.3926391601562, 4.5, 0.0]",5.955038070948155,6.442730426788331,6.450421222464671,-0.36363601668600865,-0.36008092761039734,77.00683591056787,0.48418807956773424,0.7945537564646887,72.50683591056787,-0.487692355840176,5.968020439147949,-1.1844568252563477,41.93859100341797,False,-1,4.783563613891602,6.442730426788331,0.12788772583007812,-0.0797731982757174,0.2349490534433099,-0.2349490534433099,"StraightLane index=('>>>', '1S0_0_', 0)",True,448.25640869140625,0.0024399757385253906,0.0005493164062694592,"StraightLane index=('>>', '>>>', 0)",True,0.0,True,False,0.013402790762484074,0.0,0.0,0.0,True,0.0,0.0,0.0,-0.0,0.0,-0.0
82.139164,"[498.4950256347656, 4.497558116912842, 0.0]","[575.5188598632812, 4.5, 0.0]",5.947765350613676,6.4526238441467285,6.453569758402323,-0.36363601672393386,-0.3625568151473999,77.01684567618327,0.487692355840176,0.1752138136220882,72.51684567618327,-0.5048584935330522,5.95694637298584,-1.1844568252563477,41.93859100341797,False,-1,4.772489547729492,6.4526238441467285,0.12788772583007812,-0.0797731982757174,0.2349490534433099,-0.2349490534433099,"StraightLane index=('>>>', '1S0_0_', 0)",True,448.37579345703125,0.002440929412841797,0.0005493164062694592,"StraightLane index=('>>', '>>>', 0)",True,0.0,True,False,0.013402790762484074,0.0,0.0,0.0,True,0.0,0.0,0.0,-0.0,0.0,-0.0
82.159178,"[498.6141357421875, 4.497557163238525, 0.0]","[575.650390625, 4.5, 0.0]",5.940492630278111,6.4493184089660645,6.456873048999137,-0.363636016778246,-0.36075496673583984,77.02383420156444,0.5048584935330522,0.8583068846438113,72.52383420156444,-0.5088257786879531,5.9498610496521,-1.1844568252563477,41.93859100341797,False,-1,4.765404224395752,6.4493184089660645,0.12788772583007812,-0.0797731982757174,0.2349490534433099,-0.2349490534433099,"StraightLane index=('>>>', '1S0_0_', 0)",True,448.4950256347656,0.002441883087158203,0.0005493164062694592,"StraightLane index=('>>', '>>>', 0)",True,0.0,True,False,0.013402790762484074,0.0,0.0,0.0,True,0.0,0.0,0.0,-0.0,0.0,-0.0
82.179834,"[498.73309326171875, 4.497556209564209, 0.0]","[575.7800903320312, 4.5, 0.0]",5.933219909942228,6.4593000411987305,6.4602791184223545,-0.3636360167941888,-0.3627641201019287,77.0362548558516,0.5088257786879531,0.19836425774504285,72.5362548558516,-0.5260801312565029,5.942391395568848,-1.1844568252563477,41.93859100341797,False,-1,4.7579345703125,6.4593000411987305,0.12788772583007812,-0.0797731982757174,0.2349490534433099,-0.2349490534433099,"StraightLane index=('>>>', '1S0_0_', 0)",True,448.6141357421875,0.0024428367614746094,0.0005493164062694592,"StraightLane index=('>>', '>>>', 0)",True,0.0,True,False,0.013402790762484074,0.0,0.0,0.0,True,0.0,0.0,0.0,-0.0,0.0,-0.0
82.199466,"[498.8518981933594, 4.497555255889893, 0.0]","[575.9088745117188, 4.5, 0.0]",5.925947189606104,6.455925464630127,6.46351926302394,-0.3636360168061792,-0.36396682262420654,77.04699704334196,0.5260801312565029,0.8627176284274896,72.54699704334196,-0.529978275024023,5.938637733459473,-1.1844568252563477,41.93859100341797,False,-1,4.754180908203125,6.455925464630127,0.09426593780517578,-0.0684965706249645,0.2759893081406504,-0.2759893081406504,"StraightLane index=('>>>', '1S0_0_', 0)",True,448.73309326171875,0.0024437904357910156,0.0005493164062694592,"StraightLane index=('>>', '>>>', 0)",True,0.0,True,False,0.013402790762484074,0.0,0.0,0.0,True,0.0,0.0,0.0,-0.0,0.0,-0.0
82.220084,"[498.9705505371094, 4.497554302215576, 0.0]","[576.0386962890625, 4.5, 0.0]",5.918674469270054,6.466979026794434,6.468466212955291,-0.36363601680249324,-0.36257776618003845,77.05697629137923,0.529978275024023,0.1949071883760034,72.55697629137923,-0.5483045575243795,5.931554317474365,0.010036468505859375,49.37143325805664,False,-1,5.941590785980225,6.466979026794434,0.09426593780517578,-0.0684965706249645,0.2759893081406504,-0.2759893081406504,"StraightLane index=('>>>', '1S0_0_', 0)",True,448.8518981933594,0.002444744110107422,0.0005493164062694592,"StraightLane index=('>>', '>>>', 0)",True,0.0,True,False,0.0012821874115616083,0.0,0.0,0.0,True,0.0,0.0,0.0,-0.0,0.0,-0.0
82.239301,"[499.0890808105469, 4.49755334854126, 0.0]","[576.1651000976562, 4.5, 0.0]",5.911401748931142,6.465036392211914,6.473121628181298,-0.3636360169456232,-0.3649984300136566,77.06814572496332,0.5483045575243795,0.9163141250178253,72.56814572496332,-0.5536346432807724,5.924078464508057,0.010036468505859375,49.37143325805664,False,-1,5.934114933013916,6.465036392211914,0.09426593780517578,-0.0684965706249645,0.2759893081406504,-0.2759893081406504,"StraightLane index=('>>>', '1S0_0_', 0)",True,448.9705505371094,0.002445697784423828,0.0005493164062694592,"StraightLane index=('>>', '>>>', 0)",True,0.0,True,False,0.0012821874115616083,0.0,0.0,0.0,True,0.0,0.0,0.0,-0.0,0.0,-0.0
82.259626,"[499.20745849609375, 4.497552394866943, 0.0]","[576.2970581054688, 4.5, 0.0]",5.9041290285904005,6.476633071899414,6.478041936124023,-0.36363601703706117,-0.3653673827648163,77.07601926137649,0.5536346432807724,0.26650428781964663,72.57601926137649,-0.5725040433090136,5.916754722595215,0.010036468505859375,49.37143325805664,False,-1,5.926791191101074,6.476633071899414,0.09426593780517578,-0.0684965706249645,0.2759893081406504,-0.2759893081406504,"StraightLane index=('>>>', '1S0_0_', 0)",True,449.0890808105469,0.0024466514587402344,0.0005264282226494539,"StraightLane index=('>>', '>>>', 0)",True,0.0,True,False,0.0012821874115616083,0.0,0.0,0.0,True,0.0,0.0,0.0,-0.0,0.0,-0.0
82.27992,"[499.32568359375, 4.497551441192627, 0.0]","[576.42724609375, 4.5, 0.0]",5.896856308250929,6.474832534790039,6.4829425815649335,-0.3636360169735564,-0.3649839758872986,77.08959958363278,0.5725040433090136,0.9434700014120612,72.58959958363278,-0.5779762265391097,5.90953254699707,0.010036468505859375,49.37143325805664,False,-1,5.91956901550293,6.474832534790039,0.09426593780517578,-0.0684965706249645,0.2759893081406504,-0.2759893081406504,"StraightLane index=('>>>', '1S0_0_', 0)",True,449.20745849609375,0.0024476051330566406,0.0005264282226494539,"StraightLane index=('>>', '>>>', 0)",True,0.0,True,False,0.0012821874115616083,0.0,0.0,0.0,True,0.0,0.0,0.0,-0.0,0.0,-0.0
82.298972,"[499.4437561035156, 4.4975504875183105, 0.0]","[576.5533447265625, 4.5, 0.0]",5.8895835879124565,6.48621129989624,6.487562248794293,-0.3636360169236408,-0.3679726719856262,77.10156247382744,0.5779762265391097,0.2736091615048064,72.60156247382744,-0.5966277119837837,5.9019455909729,0.010036468505859375,49.37143325805664,False,-1,5.91198205947876,6.48621129989624,0.3028583526611328,-0.0510468712193284,0.33676114157013104,-0.33676114157013104,"StraightLane index=('>>>', '1S0_0_', 0)",True,449.32568359375,0.002448558807373047,0.0005340576171724927,"StraightLane index=('>>', '>>>', 0)",True,0.0,True,False,0.0012821874115616083,0.0,0.0,0.0,True,0.0,0.0,0.0,-0.0,0.0,-0.0
82.321709,"[499.56170654296875, 4.497549533843994, 0.0]","[576.6845092773438, 4.5, 0.0]",5.882310867574079,6.485576629638672,6.494874442215427,-0.363636016918889,-0.36410993337631226,77.10958859686508,0.5966277119837837,0.9325742722336994,72.60958859686508,-0.6032657620645931,5.891319274902344,0.010036468505859375,49.37143325805664,False,-1,5.901355743408203,6.485576629638672,0.3028583526611328,-0.0510468712193284,0.33676114157013104,-0.33676114157013104,"StraightLane index=('>>>', '1S0_0_', 0)",True,449.4437561035156,0.002449512481689453,0.0005340576171724927,"StraightLane index=('>>', '>>>', 0)",True,0.0,True,False,0.0012821874115616083,0.0,0.0,0.0,True,0.0,0.0,0.0,-0.0,0.0,-0.0
82.33972,"[499.67950439453125, 4.497548580169678, 0.0]","[576.81689453125, 4.5, 0.0]",5.875038147233806,6.49887752532959,6.5007639275757825,-0.36363601701365766,-0.3681427836418152,77.12280270818374,0.6032657620645931,0.33190250404047106,72.62280270818374,-0.6238393780957843,5.8872551918029785,0.010036468505859375,49.37143325805664,False,-1,5.897291660308838,6.49887752532959,0.3028583526611328,-0.0510468712193284,0.33676114157013104,-0.33676114157013104,"StraightLane index=('>>>', '1S0_0_', 0)",True,449.56170654296875,0.0024504661560058594,0.0005340576171724927,"StraightLane index=('>>', '>>>', 0)",True,0.0,True,False,0.0012821874115616083,0.0,0.0,0.0,True,0.0,0.0,0.0,-0.0,0.0,-0.0
82.359609,"[499.7971496582031, 4.497547626495361, 0.0]","[576.946044921875, 4.5, 0.0]",5.867765426892548,6.498684883117676,6.507248672301473,-0.36363601706286275,-0.3609590530395508,77.13739011093946,0.6238393780957843,1.028680801559556,72.63739011093946,-0.6309194562251275,5.877009868621826,0.010036468505859375,49.37143325805664,False,-1,5.8870463371276855,6.498684883117676,0.3028583526611328,-0.0510468712193284,0.33676114157013104,-0.33676114157013104,"StraightLane index=('>>>', '1S0_0_', 0)",True,449.67950439453125,0.0024514198303222656,0.0005264282226494539,"StraightLane index=('>>', '>>>', 0)",True,0.0,True,False,0.0012821874115616083,0.0,0.0,0.0,True,0.0,0.0,0.0,-0.0,0.0,-0.0
82.380205,"[499.9146423339844, 4.497546672821045, 0.0]","[577.07666015625, 4.5, 0.0]",5.860492706552289,6.511897563934326,6.513959105528541,-0.3636360170129471,-0.3610595762729645,77.14889523788334,0.6309194562251275,0.3540039064671596,72.64889523788334,-0.6514048573820368,5.869747161865234,0.010036468505859375,49.37143325805664,False,-1,5.879783630371094,6.511897563934326,0.3028583526611328,-0.0510468712193284,0.33676114157013104,-0.33676114157013104,"StraightLane index=('>>>', '1S0_0_', 0)",True,449.7971496582031,0.002452373504638672,0.0005264282226494539,"StraightLane index=('>>', '>>>', 0)",True,0.0,True,False,0.0012821874115616083,0.0,0.0,0.0,True,0.0,0.0,0.0,-0.0,0.0,-0.0
82.399177,"[500.031982421875, 4.4975457191467285, 0.0]","[577.2031860351562, 4.5, 0.0]",5.853219986212496,6.51157283782959,6.52014513972058,-0.36363601698967685,-0.36440056562423706,77.16201779646777,0.6514048573820368,1.0242700578454667,72.66201779646777,-0.658352851617094,5.862123966217041,0.010036468505859375,49.37143325805664,False,-1,5.8721604347229,6.51157283782959,0.2536153793334961,-0.0370656458207232,0.3908637077303879,-0.3908637077303879,"StraightLane index=('>>>', '1S0_0_', 0)",True,449.9146423339844,0.002453327178955078,0.0005264282226494539,"StraightLane index=('>>', '>>>', 0)",True,0.0,True,False,0.0012821874115616083,0.0,0.0,0.0,True,0.0,0.0,0.0,-0.0,0.0,-0.0
82.419424,"[500.1492004394531, 4.497544765472412, 0.0]","[577.3343505859375, 4.5, 0.0]",5.845947265873267,6.525973796844482,6.5284593458678675,-0.3636360169614328,-0.3614233136177063,77.17120358747425,0.658352851617094,0.34739971175286044,72.67120358747425,-0.6800265309712152,5.85513162612915,0.819000244140625,51.59370803833008,False,-1,6.674131870269775,6.525973796844482,0.2536153793334961,-0.0370656458207232,0.3908637077303879,-0.3908637077303879,"StraightLane index=('>>>', '1S0_0_', 0)",True,450.031982421875,0.0024542808532714844,0.0005264282226494539,"StraightLane index=('>>', '>>>', 0)",True,0.0,True,False,0.017185619100928307,0.0,0.0,0.0,True,0.0,0.0,0.0,-0.0,0.0,-0.0
82.439308,"[500.2662658691406, 4.497543811798096, 0.0]","[577.465087890625, 4.5, 0.0]",5.838674545535072,6.527583599090577,6.536691910572768,-0.3636360169097408,-0.36532869935035706,77.18515012066801,0.6800265309712152,1.0836839677060617,72.68515012066801,-0.6889090535555047,5.851107597351074,0.819000244140625,51.59370803833008,False,-1,6.670107841491699,6.527583599090577,0.2536153793334961,-0.0370656458207232,0.3908637077303879,-0.3908637077303879,"StraightLane index=('>>>', '1S0_0_', 0)",True,450.1492004394531,0.0024552345275878906,0.0005264282226494539,"StraightLane index=('>>', '>>>', 0)",True,0.0,True,False,0.017185619100928307,0.0,0.0,0.0,True,0.0,0.0,0.0,-0.0,0.0,-0.0
82.458719,"[500.3831787109375, 4.497542858123779, 0.0]","[577.5952758789062, 4.5, 0.0]",5.8314018251974185,6.542490005493164,6.544730499715438,-0.36363601688269576,-0.3634249269962311,77.19882199565869,0.6889090535555047,0.4441261292144727,72.69882199565869,-0.7110881802957456,5.844028472900391,0.819000244140625,51.59370803833008,False,-1,6.663028717041016,6.542490005493164,0.2536153793334961,-0.0370656458207232,0.3908637077303879,-0.3908637077303879,"StraightLane index=('>>>', '1S0_0_', 0)",True,450.2662658691406,0.002456188201904297,0.0005264282226494539,"StraightLane index=('>>', '>>>', 0)",True,0.0,True,False,0.017185619100928307,0.0,0.0,0.0,True,0.0,0.0,0.0,-0.0,0.0,-0.0
82.479537,"[500.49993896484375, 4.497541904449463, 0.0]","[577.726318359375, 4.5, 0.0]",5.82412910486013,6.544116973876953,6.553340206002013,-0.3636360168644437,-0.3615456223487854,77.21209714213373,0.7110881802957456,1.1089563370120459,72.71209714213373,-0.7199878690168235,5.837010383605957,0.819000244140625,51.59370803833008,False,-1,6.656010627746582,6.544116973876953,0.2536153793334961,-0.0370656458207232,0.3908637077303879,-0.3908637077303879,"StraightLane index=('>>>', '1S0_0_', 0)",True,450.3831787109375,0.002457141876220703,0.0005264282226494539,"StraightLane index=('>>', '>>>', 0)",True,0.0,True,False,0.017185619100928307,0.0,0.0,0.0,True,0.0,0.0,0.0,-0.0,0.0,-0.0
82.499701,"[500.6165771484375, 4.4975409507751465, 0.0]","[577.8570556640625, 4.5, 0.0]",5.81685638452291,6.55905818939209,6.561695424839982,-0.3636360168609798,-0.36207398772239685,77.22637936868686,0.7199878690168235,0.4449844360538968,72.72637936868686,-0.7422018048691799,5.826118469238281,0.819000244140625,51.59370803833008,False,-1,6.645118713378906,6.55905818939209,0.474853515625,-0.01673920819177588,0.46569196497319104,-0.46569196497319104,"StraightLane index=('>>>', '1S0_0_', 0)",True,450.49993896484375,0.0024580955505371094,0.0005264282226494539,"StraightLane index=('>>', '>>>', 0)",True,0.0,True,False,0.017185619100928307,0.0,0.0,0.0,True,0.0,0.0,0.0,-0.0,0.0,-0.0
82.51942,"[500.7330627441406, 4.49753999710083, 0.0]","[577.9888916015625, 4.5, 0.0]",5.809583664185463,6.561839103698731,6.571512720126089,-0.3636360168723485,-0.36392977833747864,77.24047848977126,0.7422018048691799,1.1106967926178157,72.74047848977126,-0.7522554395132683,5.82230281829834,0.819000244140625,51.59370803833008,False,-1,6.641303062438965,6.561839103698731,0.474853515625,-0.01673920819177588,0.46569196497319104,-0.46569196497319104,"StraightLane index=('>>>', '1S0_0_', 0)",True,450.6165771484375,0.0024590492248535156,0.0005264282226494539,"StraightLane index=('>>', '>>>', 0)",True,0.0,True,False,0.017185619100928307,0.0,0.0,0.0,True,0.0,0.0,0.0,-0.0,0.0,-0.0
82.539192,"[500.8493957519531, 4.497539043426514, 0.0]","[578.1207885742188, 4.5, 0.0]",5.802310943847852,6.578496932983398,6.581379507007265,-0.36363601688056413,-0.3609628677368164,77.25582883155872,0.7522554395132683,0.5026817322044241,72.75582883155872,-0.7761859891355467,5.811744689941406,0.819000244140625,51.59370803833008,False,-1,6.630744934082031,6.578496932983398,0.474853515625,-0.01673920819177588,0.46569196497319104,-0.46569196497319104,"StraightLane index=('>>>', '1S0_0_', 0)",True,450.7330627441406,0.002460002899169922,0.0005264282226494539,"StraightLane index=('>>', '>>>', 0)",True,0.0,True,False,0.017185619100928307,0.0,0.0,0.0,True,0.0,0.0,0.0,-0.0,0.0,-0.0
82.558742,"[500.965576171875, 4.497538089752197, 0.0]","[578.251953125, 4.5, 0.0]",5.795038223510378,6.5851030349731445,6.591138125157201,-0.36363601687368075,-0.3666231632232666,77.27139279639306,0.7761859891355467,1.1965274811139182,72.77139279639306,-0.7900648114627664,5.807541370391846,0.819000244140625,51.59370803833008,False,-1,6.626541614532471,6.5851030349731445,0.474853515625,-0.01673920819177588,0.46569196497319104,-0.46569196497319104,"StraightLane index=('>>>', '1S0_0_', 0)",True,450.8493957519531,0.002460956573486328,0.0005264282226494539,"StraightLane index=('>>', '>>>', 0)",True,0.0,True,False,0.017185619100928307,0.0,0.0,0.0,True,0.0,0.0,0.0,-0.0,0.0,-0.0
82.580052,"[501.0816345214844, 4.497537136077881, 0.0]","[578.3873291015625, 4.5, 0.0]",5.787765503173141,6.5953545570373535,6.601766003801617,-0.36363601686186797,-0.3673584759235382,77.28637692724304,0.7900648114627664,0.6939411163609854,72.78637692724304,-0.8075890538642128,5.800144672393799,0.819000244140625,51.59370803833008,False,-1,6.619144916534424,6.5953545570373535,0.474853515625,-0.01673920819177588,0.46569196497319104,-0.46569196497319104,"StraightLane index=('>>>', '1S0_0_', 0)",True,450.965576171875,0.0024619102478027344,0.0005264282226494539,"StraightLane index=('>>', '>>>', 0)",True,0.0,True,False,0.017185619100928307,0.0,0.0,0.0,True,0.0,0.0,0.0,-0.0,0.0,-0.0
82.599583,"[501.1975402832031, 4.4975361824035645, 0.0]","[578.518798828125, 4.5, 0.0]",5.780492782835837,6.605316638946533,6.6115132008496005,-0.36363601686519864,-0.3671131432056427,77.30569455418659,0.8075890538642128,0.8762121200723172,72.80569455418659,-0.8248238561106964,5.792867183685303,0.819000244140625,51.59370803833008,False,-1,6.611867427825928,6.605316638946533,0.4625844955444336,0.001125169971456886,0.5372606764434096,-0.5372606764434096,"StraightLane index=('>>>', '1S0_0_', 0)",True,451.0816345214844,0.0024628639221191406,0.0005264282226494539,"StraightLane index=('>>', '>>>', 0)",True,0.0,True,False,0.017185619100928307,0.0,0.0,0.0,True,0.0,0.0,0.0,-0.0,0.0,-0.0
82.6195,"[501.31329345703125, 4.497535228729248, 0.0]","[578.6483764648438, 4.5, 0.0]",5.7732200624986545,6.616124629974365,6.622969897070116,-0.3636360168591146,-0.3602100610733032,77.32125851902092,0.8248238561106964,0.861740112324183,72.82125851902092,-0.8429045674757107,5.782620429992676,0.9646215438842773,51.50028991699219,False,-1,6.747241973876953,6.616124629974365,0.4625844955444336,0.001125169971456886,0.5372606764434096,-0.5372606764434096,"StraightLane index=('>>>', '1S0_0_', 0)",True,451.1975402832031,0.002463817596435547,0.0005264282226494539,"StraightLane index=('>>', '>>>', 0)",True,0.0,True,False,0.03762811794877052,0.0,0.0,0.0,True,0.0,0.0,0.0,-0.0,0.0,-0.0
82.639554,"[501.42889404296875, 4.497534275054932, 0.0]","[578.7816162109375, 4.5, 0.0]",5.765947342161365,6.6277031898498535,6.634542382747286,-0.3636360168644881,-0.36363619565963745,77.33508298190219,0.8429045674757107,0.9040355682507162,72.83508298190219,-0.8617558476884888,5.778658866882324,0.9646215438842773,51.50028991699219,False,-1,6.743280410766602,6.6277031898498535,0.4625844955444336,0.001125169971456886,0.5372606764434096,-0.5372606764434096,"StraightLane index=('>>>', '1S0_0_', 0)",True,451.31329345703125,0.002464771270751953,0.0005264282226494539,"StraightLane index=('>>', '>>>', 0)",True,0.0,True,False,0.03762811794877052,0.0,0.0,0.0,True,0.0,0.0,0.0,-0.0,0.0,-0.0
82.659222,"[501.54437255859375, 4.497533321380615, 0.0]","[578.9169311523438, 4.5, 0.0]",5.758674621824192,6.639461994171143,6.645899290833913,-0.3636360168586261,-0.3639931380748749,77.35272214204895,0.8617558476884888,0.9425640106389022,72.85272214204895,-0.8807873723469504,5.767723560333252,0.9646215438842773,51.50028991699219,False,-1,6.732345104217529,6.639461994171143,0.4625844955444336,0.001125169971456886,0.5372606764434096,-0.5372606764434096,"StraightLane index=('>>>', '1S0_0_', 0)",True,451.42889404296875,0.0024657249450683594,0.0005264282226494539,"StraightLane index=('>>', '>>>', 0)",True,0.0,True,False,0.03762811794877052,0.0,0.0,0.0,True,0.0,0.0,0.0,-0.0,0.0,-0.0
82.679234,"[501.6596984863281, 4.497532367706299, 0.0]","[579.0466918945312, 4.5, 0.0]",5.751401901489104,6.650734901428223,6.65743835205381,-0.3636360167543984,-0.365746408700943,77.37255856782059,0.8807873723469504,0.9515762329230792,72.87255856782059,-0.8993329999391184,5.763899803161621,0.9646215438842773,51.50028991699219,False,-1,6.728521347045898,6.650734901428223,0.4625844955444336,0.001125169971456886,0.5372606764434096,-0.5372606764434096,"StraightLane index=('>>>', '1S0_0_', 0)",True,451.54437255859375,0.0024666786193847656,0.0005264282226494539,"StraightLane index=('>>', '>>>', 0)",True,0.0,True,False,0.03762811794877052,0.0,0.0,0.0,True,0.0,0.0,0.0,-0.0,0.0,-0.0
82.699255,"[501.7748718261719, 4.497531414031982, 0.0]","[579.1826782226562, 4.5, 0.0]",5.744129181153294,6.662551403045654,6.668997775600902,-0.36363601679050284,-0.36512166261672974,77.38699338226435,0.8993329999391184,0.9272813796084023,72.88699338226435,-0.9184222218923601,5.7566962242126465,0.9646215438842773,51.50028991699219,False,-1,6.721317768096924,6.662551403045654,0.5723476409912109,0.02104482040900358,0.6180192646390377,-0.6180192646390377,"StraightLane index=('>>>', '1S0_0_', 0)",True,451.6596984863281,0.002467632293701172,0.0005264282226494539,"StraightLane index=('>>', '>>>', 0)",True,0.0,True,False,0.03762811794877052,0.0,0.0,0.0,True,0.0,0.0,0.0,-0.0,0.0,-0.0
82.71917,"[501.889892578125, 4.497530460357666, 0.0]","[579.3133544921875, 4.5, 0.0]",5.736856460817063,6.674699783325195,6.681706055159581,-0.36363601681155266,-0.3633219599723816,77.40780637053595,0.9184222218923601,0.9544610976620849,72.90780637053595,-0.9378433225081322,5.74960994720459,0.9646215438842773,51.50028991699219,False,-1,6.714231491088867,6.674699783325195,0.5723476409912109,0.02104482040900358,0.6180192646390377,-0.6180192646390377,"StraightLane index=('>>>', '1S0_0_', 0)",True,451.7748718261719,0.002468585968017578,0.0005264282226494539,"StraightLane index=('>>', '>>>', 0)",True,0.0,True,False,0.03762811794877052,0.0,0.0,0.0,True,0.0,0.0,0.0,-0.0,0.0,-0.0
82.739706,"[502.0047607421875, 4.49752950668335, 0.0]","[579.4475708007812, 4.5, 0.0]",5.729583740480764,6.687534332275391,6.694873720100516,-0.36363601681497215,-0.3615228235721588,77.42346188810464,0.9378433225081322,0.9710550307886034,72.92346188810464,-0.9579505917946269,5.742584705352783,0.9646215438842773,51.50028991699219,False,-1,6.7072062492370605,6.687534332275391,0.5723476409912109,0.02104482040900358,0.6180192646390377,-0.6180192646390377,"StraightLane index=('>>>', '1S0_0_', 0)",True,451.889892578125,0.0024695396423339844,0.0005264282226494539,"StraightLane index=('>>', '>>>', 0)",True,0.0,True,False,0.03762811794877052,0.0,0.0,0.0,True,0.0,0.0,0.0,-0.0,0.0,-0.0
82.759249,"[502.1195068359375, 4.497528553009033, 0.0]","[579.58154296875, 4.5, 0.0]",5.722311020143804,6.700352668762207,6.707409767356166,-0.363636016847968,-0.36371657252311707,77.44281003262633,0.9579505917946269,1.0053634643247378,72.94281003262633,-0.9780416486184027,5.735154628753662,0.9646215438842773,51.50028991699219,False,-1,6.6997761726379395,6.700352668762207,0.5723476409912109,0.02104482040900358,0.6180192646390377,-0.6180192646390377,"StraightLane index=('>>>', '1S0_0_', 0)",True,452.0047607421875,0.0024704933166503906,0.0005264282226494539,"StraightLane index=('>>', '>>>', 0)",True,0.0,True,False,0.03762811794877052,0.0,0.0,0.0,True,0.0,0.0,0.0,-0.0,0.0,-0.0
82.779329,"[502.2341003417969, 4.497527599334717, 0.0]","[579.7149047851562, 4.5, 0.0]",5.71503829980671,6.713106155395508,6.720271318905133,-0.36363601685471814,-0.35954055190086365,77.4620361068355,0.9780416486184027,1.0045528411887883,72.9620361068355,-0.9980678555887978,5.72469425201416,0.9646215438842773,51.50028991699219,False,-1,6.6893157958984375,6.713106155395508,0.5723476409912109,0.02104482040900358,0.6180192646390377,-0.6180192646390377,"StraightLane index=('>>>', '1S0_0_', 0)",True,452.1195068359375,0.002471446990966797,0.0005264282226494539,"StraightLane index=('>>', '>>>', 0)",True,0.0,True,False,0.03762811794877052,0.0,0.0,0.0,True,0.0,0.0,0.0,-0.0,0.0,-0.0
82.798956,"[502.3485412597656, 4.4975266456604, 0.0]","[579.8489379882812, 4.5, 0.0]",5.70776557946979,6.725927352905273,6.732845289005743,-0.363636016846014,-0.3636424243450165,77.48080441737282,0.9980678555887978,1.0013103485197572,72.98080441737282,-1.0181617734354838,5.720668792724609,0.9646215438842773,51.50028991699219,False,-1,6.685290336608887,6.725927352905273,0.6337594985961914,0.04112192081896992,0.7029270735520344,-0.7029270735520344,"StraightLane index=('>>>', '1S0_0_', 0)",True,452.2341003417969,0.002472400665283203,0.0005264282226494539,"StraightLane index=('>>', '>>>', 0)",True,0.0,True,False,0.03762811794877052,0.0,0.0,0.0,True,0.0,0.0,0.0,-0.0,0.0,-0.0
82.819397,"[502.46282958984375, 4.497525691986084, 0.0]","[579.9843139648438, 4.5, 0.0]",5.7004928591327095,6.739367961883545,6.746798928540038,-0.3636360168540076,-0.36672869324684143,77.50039670251948,1.0181617734354838,1.0046958923342952,73.00039670251948,-1.0388751027508354,5.713098049163818,0.3232421875,48.22732925415039,False,-1,6.036340236663818,6.739367961883545,0.6337594985961914,0.04112192081896992,0.7029270735520344,-0.7029270735520344,"StraightLane index=('>>>', '1S0_0_', 0)",True,452.3485412597656,0.0024733543395996094,0.0005264282226494539,"StraightLane index=('>>', '>>>', 0)",True,0.0,True,False,0.05528111755847931,0.0,0.0,0.0,True,0.0,0.0,0.0,-0.0,0.0,-0.0
82.839341,"[502.5769958496094, 4.497524738311768, 0.0]","[580.119140625, 4.5, 0.0]",5.693220138795377,6.752997398376465,6.760438549292693,-0.3636360168666197,-0.3674648404121399,77.52148434899419,1.0388751027508354,1.0356664657675818,73.02148434899419,-1.0597772595810877,5.705699443817139,0.3232421875,48.22732925415039,False,-1,6.028941631317139,6.752997398376465,0.6337594985961914,0.04112192081896992,0.7029270735520344,-0.7029270735520344,"StraightLane index=('>>>', '1S0_0_', 0)",True,452.46282958984375,0.0024743080139160156,0.0005264282226494539,"StraightLane index=('>>', '>>>', 0)",True,0.0,True,False,0.05528111755847931,0.0,0.0,0.0,True,0.0,0.0,0.0,-0.0,0.0,-0.0
82.858735,"[502.6910095214844, 4.497523784637451, 0.0]","[580.254150390625, 4.5, 0.0]",5.685947418458091,6.7666401863098145,6.773706809324514,-0.36363601686431046,-0.3672144114971161,77.5421447493752,1.0597772595810877,1.0451078415126158,73.0421447493752,-1.0806927678517235,5.69842004776001,0.3232421875,48.22732925415039,False,-1,6.02166223526001,6.7666401863098145,0.6337594985961914,0.04112192081896992,0.7029270735520344,-0.7029270735520344,"StraightLane index=('>>>', '1S0_0_', 0)",True,452.5769958496094,0.002475261688232422,0.0005264282226494539,"StraightLane index=('>>', '>>>', 0)",True,0.0,True,False,0.05528111755847931,0.0,0.0,0.0,True,0.0,0.0,0.0,-0.0,0.0,-0.0
82.879685,"[502.80487060546875, 4.497522830963135, 0.0]","[580.389892578125, 4.5, 0.0]",5.678674698120704,6.780363082885742,6.788015470322521,-0.36363601686932867,-0.36555224657058716,77.56314084311555,1.0806927678517235,1.045775413531791,73.06314084311555,-1.1016883847650378,5.6912760734558105,0.3232421875,48.22732925415039,False,-1,6.0145182609558105,6.780363082885742,0.6337594985961914,0.04112192081896992,0.7029270735520344,-0.7029270735520344,"StraightLane index=('>>>', '1S0_0_', 0)",True,452.6910095214844,0.002476215362548828,0.0005264282226494539,"StraightLane index=('>>', '>>>', 0)",True,0.0,True,False,0.05528111755847931,0.0,0.0,0.0,True,0.0,0.0,0.0,-0.0,0.0,-0.0
82.899351,"[502.9185791015625, 4.497521877288818, 0.0]","[580.5250244140625, 4.5, 0.0]",5.671401977783453,6.7940168380737305,6.801489190966888,-0.3636360168625785,-0.36371511220932007,77.5850219466215,1.1016883847650378,1.0497808456657154,73.0850219466215,-1.1226148602902777,5.684210300445557,0.3232421875,48.22732925415039,False,-1,6.007452487945557,6.7940168380737305,0.6808948516845703,0.06084104854603289,0.7905407077347134,-0.7905407077347134,"StraightLane index=('>>>', '1S0_0_', 0)",True,452.80487060546875,0.0024771690368652344,0.0005264282226494539,"StraightLane index=('>>', '>>>', 0)",True,0.0,True,False,0.05528111755847931,0.0,0.0,0.0,True,0.0,0.0,0.0,-0.0,0.0,-0.0
82.919322,"[503.03216552734375, 4.497520923614502, 0.0]","[580.661865234375, 4.5, 0.0]",5.6641292574464845,6.808060169219971,6.815592205289189,-0.36363601684841207,-0.364050954580307,77.60644528645557,1.1226148602902777,1.0463237762619926,73.10644528645557,-1.1439309117734862,5.673274993896484,0.3232421875,48.22732925415039,False,-1,5.996517181396484,6.808060169219971,0.6808948516845703,0.06084104854603289,0.7905407077347134,-0.7905407077347134,"StraightLane index=('>>>', '1S0_0_', 0)",True,452.9185791015625,0.0024781227111816406,0.0005264282226494539,"StraightLane index=('>>', '>>>', 0)",True,0.0,True,False,0.05528111755847931,0.0,0.0,0.0,True,0.0,0.0,0.0,-0.0,0.0,-0.0
82.939735,"[503.1455993652344, 4.4975199699401855, 0.0]","[580.8024291992188, 4.5, 0.0]",5.656856537109516,6.822597503662109,6.8300235790729555,-0.36363601684841207,-0.36579790711402893,77.62969968097708,1.1439309117734862,1.0658025741604238,73.12969968097708,-1.165740966552593,5.6694512367248535,0.3232421875,48.22732925415039,False,-1,5.9926934242248535,6.822597503662109,0.6808948516845703,0.06084104854603289,0.7905407077347134,-0.7905407077347134,"StraightLane index=('>>>', '1S0_0_', 0)",True,453.03216552734375,0.002479076385498047,0.0005264282226494539,"StraightLane index=('>>', '>>>', 0)",True,0.0,True,False,0.05528111755847931,0.0,0.0,0.0,True,0.0,0.0,0.0,-0.0,0.0,-0.0
82.958859,"[503.2588806152344, 4.497519016265869, 0.0]","[580.9351196289062, 4.5, 0.0]",5.649583816772356,6.836315631866455,6.8435459389156525,-0.3636360168580044,-0.3651602268218994,77.65682980792029,1.165740966552593,1.0905027389553457,73.15682980792029,-1.1867318150940989,5.662248134613037,0.3232421875,48.22732925415039,False,-1,5.985490322113037,6.836315631866455,0.6808948516845703,0.06084104854603289,0.7905407077347134,-0.7905407077347134,"StraightLane index=('>>>', '1S0_0_', 0)",True,453.1455993652344,0.002480030059814453,0.0005264282226494539,"StraightLane index=('>>', '>>>', 0)",True,0.0,True,False,0.05528111755847931,0.0,0.0,0.0,True,0.0,0.0,0.0,-0.0,0.0,-0.0
82.979227,"[503.37200927734375, 4.497518062591553, 0.0]","[581.07177734375, 4.5, 0.0]",5.642311096435174,6.853781223297119,6.857935807573893,-0.3636360168591146,-0.36795705556869507,77.67623898759821,1.1867318150940989,1.0495424270752896,73.17623898759821,-1.2114701268619452,5.654678821563721,0.3232421875,48.22732925415039,False,-1,5.977921009063721,6.853781223297119,0.6808948516845703,0.06084104854603289,0.7905407077347134,-0.7905407077347134,"StraightLane index=('>>>', '1S0_0_', 0)",True,453.2588806152344,0.0024809837341308594,0.0005264282226494539,"StraightLane index=('>>', '>>>', 0)",True,0.0,True,False,0.05528111755847931,0.0,0.0,0.0,True,0.0,0.0,0.0,-0.0,0.0,-0.0
82.999724,"[503.4850158691406, 4.497517108917236, 0.0]","[581.2081909179688, 4.5, 0.0]",5.635038376095969,6.86122465133667,6.872431596132543,-0.36363601696023373,-0.36841294169425964,77.69976804032284,1.2114701268619452,1.2369155883923177,73.19976804032284,-1.2261862752407007,5.647286415100098,0.3232421875,48.22732925415039,False,-1,5.970528602600098,6.86122465133667,0.6720781326293945,0.0782796783334584,0.8753007572399139,-0.8753007572399139,"StraightLane index=('>>>', '1S0_0_', 0)",True,453.37200927734375,0.0024819374084472656,0.0005264282226494539,"StraightLane index=('>>', '>>>', 0)",True,0.0,True,False,0.05528111755847931,0.0,0.0,0.0,True,0.0,0.0,0.0,-0.0,0.0,-0.0
83.019264,"[503.5978698730469, 4.49751615524292, 0.0]","[581.3466186523438, 4.5, 0.0]",5.627765655757376,6.882091522216797,6.886230938254065,-0.3636360169296804,-0.36516645550727844,77.72317502273495,1.2261862752407007,0.7358074189377728,73.22317502273495,-1.2543258664594212,5.636624813079834,0.8448200225830078,46.2926025390625,False,-1,6.481444835662842,6.882091522216797,0.6720781326293945,0.0782796783334584,0.8753007572399139,-0.8753007572399139,"StraightLane index=('>>>', '1S0_0_', 0)",True,453.4850158691406,0.002482891082763672,0.0005264282226494539,"StraightLane index=('>>', '>>>', 0)",True,0.0,True,False,0.06283031404018402,0.0,0.0,0.0,True,0.0,0.0,0.0,-0.0,0.0,-0.0
83.039352,"[503.7105712890625, 4.4975152015686035, 0.0]","[581.4850463867188, 4.5, 0.0]",5.620492935419478,6.889573574066162,6.900412464745368,-0.3636360168948638,-0.36601826548576355,77.74874875319387,1.2543258664594212,1.406979560936028,73.24874875319387,-1.2690806386466837,5.632883548736572,0.8448200225830078,46.2926025390625,False,-1,6.47770357131958,6.889573574066162,0.6720781326293945,0.0782796783334584,0.8753007572399139,-0.8753007572399139,"StraightLane index=('>>>', '1S0_0_', 0)",True,453.5978698730469,0.002483844757080078,0.0005264282226494539,"StraightLane index=('>>', '>>>', 0)",True,0.0,True,False,0.06283031404018402,0.0,0.0,0.0,True,0.0,0.0,0.0,-0.0,0.0,-0.0
83.058608,"[503.8231201171875, 4.497514247894287, 0.0]","[581.6220092773438, 4.5, 0.0]",5.6132202150815855,6.910237789154053,6.9140107752363225,-0.36363601689464176,-0.36399394273757935,77.77447507154339,1.2690806386466837,0.7377386093631255,73.27447507154339,-1.2970175740724672,5.625829219818115,0.8448200225830078,46.2926025390625,False,-1,6.470649242401123,6.910237789154053,0.6720781326293945,0.0782796783334584,0.8753007572399139,-0.8753007572399139,"StraightLane index=('>>>', '1S0_0_', 0)",True,453.7105712890625,0.0024847984313964844,0.0005264282226494539,"StraightLane index=('>>', '>>>', 0)",True,0.0,True,False,0.06283031404018402,0.0,0.0,0.0,True,0.0,0.0,0.0,-0.0,0.0,-0.0
83.079568,"[503.9355163574219, 4.497513294219971, 0.0]","[581.7610473632812, 4.5, 0.0]",5.605947494743816,6.917780876159668,6.928778038142508,-0.3636360168884689,-0.3658781051635742,77.79888913403359,1.2970175740724672,1.396846771289173,73.29888913403359,-1.3118333814158518,5.618383884429932,0.8448200225830078,46.2926025390625,False,-1,6.4632039070129395,6.917780876159668,0.6720781326293945,0.0782796783334584,0.8753007572399139,-0.8753007572399139,"StraightLane index=('>>>', '1S0_0_', 0)",True,453.8231201171875,0.0024857521057128906,0.0005264282226494539,"StraightLane index=('>>', '>>>', 0)",True,0.0,True,False,0.06283031404018402,0.0,0.0,0.0,True,0.0,0.0,0.0,-0.0,0.0,-0.0
83.099101,"[504.04779052734375, 4.497512340545654, 0.0]","[581.8987426757812, 4.5, 0.0]",5.5986747744063425,6.9385199546813965,6.94259637422257,-0.36363601687368075,-0.3658126890659332,77.82553097972684,1.3118333814158518,0.7407903671692306,73.32553097972684,-1.339845180275054,5.611090660095215,0.8448200225830078,46.2926025390625,False,-1,6.455910682678223,6.9385199546813965,0.7729530334472656,0.09750506667076686,0.968404433849552,-0.968404433849552,"StraightLane index=('>>>', '1S0_0_', 0)",True,453.9355163574219,0.002486705780029297,0.0005264282226494539,"StraightLane index=('>>', '>>>', 0)",True,0.0,True,False,0.06283031404018402,0.0,0.0,0.0,True,0.0,0.0,0.0,-0.0,0.0,-0.0
83.119585,"[504.159912109375, 4.497511386871338, 0.0]","[582.0382080078125, 4.5, 0.0]",5.591402054071118,6.945712566375733,6.956616713353039,-0.36363601676123736,-0.3623402714729309,77.85095212229513,1.339845180275054,1.4005899429601065,73.35095212229513,-1.3543105123046155,5.600534439086914,0.8448200225830078,46.2926025390625,False,-1,6.445354461669922,6.945712566375733,0.7729530334472656,0.09750506667076686,0.968404433849552,-0.968404433849552,"StraightLane index=('>>>', '1S0_0_', 0)",True,454.04779052734375,0.002487659454345703,0.0005264282226494539,"StraightLane index=('>>', '>>>', 0)",True,0.0,True,False,0.06283031404018402,0.0,0.0,0.0,True,0.0,0.0,0.0,-0.0,0.0,-0.0
83.139526,"[504.2718811035156, 4.4975104331970215, 0.0]","[582.1775512695312, 4.5, 0.0]",5.584129333734986,6.966041564941406,6.970256927115914,-0.36363601680657887,-0.3632270395755768,77.87829587228521,1.3543105123046155,0.7232666014780786,73.37829587228521,-1.38191223120642,5.596817970275879,0.8448200225830078,46.2926025390625,False,-1,6.441637992858887,6.966041564941406,0.7729530334472656,0.09750506667076686,0.968404433849552,-0.968404433849552,"StraightLane index=('>>>', '1S0_0_', 0)",True,454.159912109375,0.0024886131286621094,0.0005264282226494539,"StraightLane index=('>>', '>>>', 0)",True,0.0,True,False,0.06283031404018402,0.0,0.0,0.0,True,0.0,0.0,0.0,-0.0,0.0,-0.0
83.158724,"[504.3836975097656, 4.497509479522705, 0.0]","[582.3165283203125, 4.5, 0.0]",5.576856613398249,6.973000526428223,6.983400582201616,-0.36363601683686575,-0.3582880198955536,77.90567013985341,1.38191223120642,1.3800859450902259,73.40567013985341,-1.3961439130299738,5.58651065826416,0.8448200225830078,46.2926025390625,False,-1,6.431330680847168,6.973000526428223,0.7729530334472656,0.09750506667076686,0.968404433849552,-0.968404433849552,"StraightLane index=('>>>', '1S0_0_', 0)",True,454.2718811035156,0.0024895668029785156,0.0005264282226494539,"StraightLane index=('>>', '>>>', 0)",True,0.0,True,False,0.06283031404018402,0.0,0.0,0.0,True,0.0,0.0,0.0,-0.0,0.0,-0.0
83.181169,"[504.4953918457031, 4.497508525848389, 0.0]","[582.4563598632812, 4.5, 0.0]",5.569583893061378,6.993373870849609,6.998724905194434,-0.3636360168435271,-0.3619682788848877,77.93283078437474,1.3961439130299738,0.7115840911776861,73.43283078437474,-1.423789977788231,5.578906059265137,0.8448200225830078,46.2926025390625,False,-1,6.4237260818481445,6.993373870849609,0.7729530334472656,0.09750506667076686,0.968404433849552,-0.968404433849552,"StraightLane index=('>>>', '1S0_0_', 0)",True,454.3836975097656,0.002490520477294922,0.0005264282226494539,"StraightLane index=('>>', '>>>', 0)",True,0.0,True,False,0.06283031404018402,0.0,0.0,0.0,True,0.0,0.0,0.0,-0.0,0.0,-0.0
83.198955,"[504.60693359375, 4.497507572174072, 0.0]","[582.5958251953125, 4.5, 0.0]",5.562311172724524,7.0003767013549805,7.010912527335177,-0.3636360168427277,-0.36383992433547974,77.96096799139606,1.423789977788231,1.382303237912863,73.46096799139606,-1.4380655286304567,5.575089931488037,0.8448200225830078,46.2926025390625,False,-1,6.419909954071045,7.0003767013549805,0.6185674667358398,0.10940442133944457,1.0441470149492413,-1.0441470149492413,"StraightLane index=('>>>', '1S0_0_', 0)",True,454.4953918457031,0.002491474151611328,0.0005264282226494539,"StraightLane index=('>>', '>>>', 0)",True,0.0,True,False,0.06283031404018402,0.0,0.0,0.0,True,0.0,0.0,0.0,-0.0,0.0,-0.0
83.220128,"[504.71832275390625, 4.497506618499756, 0.0]","[582.7409057617188, 4.5, 0.0]",5.555038452387657,7.0206427574157715,7.024629890400949,-0.36363601684334945,-0.36091434955596924,77.98889157537049,1.4380655286304567,0.7137775421112824,73.48889157537049,-1.4656043050281147,5.564529895782471,0.6758651733398438,42.995704650878906,False,-1,6.2403950691223145,7.0206427574157715,0.6185674667358398,0.10940442133944457,1.0441470149492413,-1.0441470149492413,"StraightLane index=('>>>', '1S0_0_', 0)",True,454.60693359375,0.0024924278259277344,0.0005264282226494539,"StraightLane index=('>>', '>>>', 0)",True,0.0,True,False,0.07389260083436966,0.0,0.0,0.0,True,0.0,0.0,0.0,-0.0,0.0,-0.0
83.242079,"[504.8295593261719, 4.4975056648254395, 0.0]","[582.878662109375, 4.5, 0.0]",5.547765732051082,7.026613712310792,7.038785914505342,-0.3636360168287389,-0.3665868937969208,78.02258298161031,1.4656043050281147,1.3769388198829002,73.52258298161031,-1.4788479802597099,5.560325622558594,0.6758651733398438,42.995704650878906,False,-1,6.2361907958984375,7.026613712310792,0.6185674667358398,0.10940442133944457,1.0441470149492413,-1.0441470149492413,"StraightLane index=('>>>', '1S0_0_', 0)",True,454.71832275390625,0.0024933815002441406,0.0005264282226494539,"StraightLane index=('>>', '>>>', 0)",True,0.0,True,False,0.07389260083436966,0.0,0.0,0.0,True,0.0,0.0,0.0,-0.0,0.0,-0.0
83.261014,"[504.940673828125, 4.497504711151123, 0.0]","[583.018798828125, 4.5, 0.0]",5.540493011714307,7.0461273193359375,7.051025701062207,-0.3636360168387309,-0.3673427104949951,78.04910275699105,1.4788479802597099,0.6621837615797599,73.54910275699105,-1.50563430762163,5.552927494049072,0.6758651733398438,42.995704650878906,False,-1,6.228792667388916,7.0461273193359375,0.6185674667358398,0.10940442133944457,1.0441470149492413,-1.0441470149492413,"StraightLane index=('>>>', '1S0_0_', 0)",True,454.8295593261719,0.002494335174560547,0.0005264282226494539,"StraightLane index=('>>', '>>>', 0)",True,0.0,True,False,0.07389260083436966,0.0,0.0,0.0,True,0.0,0.0,0.0,-0.0,0.0,-0.0
83.279264,"[505.0516357421875, 4.497503757476807, 0.0]","[583.1588745117188, 4.5, 0.0]",5.533220291377207,7.05231237411499,7.062829195995152,-0.363636016855029,-0.3671129047870636,78.07812497377793,1.50563430762163,1.3393163680960107,73.57812497377793,-1.5190920827377834,5.545648574829102,0.6758651733398438,42.995704650878906,False,-1,6.221513748168945,7.05231237411499,0.6185674667358398,0.10940442133944457,1.0441470149492413,-1.0441470149492413,"StraightLane index=('>>>', '1S0_0_', 0)",True,454.940673828125,0.002495288848876953,0.0005264282226494539,"StraightLane index=('>>', '>>>', 0)",True,0.0,True,False,0.07389260083436966,0.0,0.0,0.0,True,0.0,0.0,0.0,-0.0,0.0,-0.0
83.299554,"[505.1624450683594, 4.49750280380249, 0.0]","[583.3038330078125, 4.5, 0.0]",5.525947571039873,7.072272300720215,7.07593553663369,-0.36363601686670854,-0.3602249026298523,78.10723874329919,1.5190920827377834,0.6728887558076657,73.60723874329919,-1.5463247296803422,5.535399913787842,0.6758651733398438,42.995704650878906,False,-1,6.2112650871276855,7.072272300720215,0.7189559936523438,0.12362743898333214,1.1287385132755545,-1.1287385132755545,"StraightLane index=('>>>', '1S0_0_', 0)",True,455.0516357421875,0.0024962425231933594,0.0005264282226494539,"StraightLane index=('>>', '>>>', 0)",True,0.0,True,False,0.07389260083436966,0.0,0.0,0.0,True,0.0,0.0,0.0,-0.0,0.0,-0.0
83.32018,"[505.2731018066406, 4.497501850128174, 0.0]","[583.4459838867188, 4.5, 0.0]",5.518674850702693,7.0778632164001465,7.088250457245019,-0.3636360168589814,-0.3636541962623596,78.14138791321086,1.5463247296803422,1.361632347127939,73.64138791321086,-1.5591883656974534,5.531437873840332,0.6758651733398438,42.995704650878906,False,-1,6.207303047180176,7.0778632164001465,0.7189559936523438,0.12362743898333214,1.1287385132755545,-1.1287385132755545,"StraightLane index=('>>>', '1S0_0_', 0)",True,455.1624450683594,0.0024971961975097656,0.0005264282226494539,"StraightLane index=('>>', '>>>', 0)",True,0.0,True,False,0.07389260083436966,0.0,0.0,0.0,True,0.0,0.0,0.0,-0.0,0.0,-0.0
83.339778,"[505.38360595703125, 4.497500896453857, 0.0]","[583.5879516601562, 4.5, 0.0]",5.511402130365389,7.096436023712158,7.0999210789314,-0.36363601686519864,-0.3657051920890808,78.17288205382577,1.5591883656974534,0.6431818008555634,73.67288205382577,-1.5850338933467691,5.523981094360352,0.6758651733398438,42.995704650878906,False,-1,6.199846267700195,7.096436023712158,0.7189559936523438,0.12362743898333214,1.1287385132755545,-1.1287385132755545,"StraightLane index=('>>>', '1S0_0_', 0)",True,455.2731018066406,0.002498149871826172,0.0005264282226494539,"StraightLane index=('>>', '>>>', 0)",True,0.0,True,False,0.07389260083436966,0.0,0.0,0.0,True,0.0,0.0,0.0,-0.0,0.0,-0.0
83.359086,"[505.4939880371094, 4.497499942779541, 0.0]","[583.729248046875, 4.5, 0.0]",5.504129410028062,7.101623058319092,7.111445508354086,-0.3636360168663533,-0.365768700838089,78.20434567686256,1.5850338933467691,1.2922763824657846,73.70434567686256,-1.5974936482910298,5.516677379608154,0.6758651733398438,42.995704650878906,False,-1,6.192542552947998,7.101623058319092,0.7189559936523438,0.12362743898333214,1.1287385132755545,-1.1287385132755545,"StraightLane index=('>>>', '1S0_0_', 0)",True,455.38360595703125,0.002499103546142578,0.0005264282226494539,"StraightLane index=('>>', '>>>', 0)",True,0.0,True,False,0.07389260083436966,0.0,0.0,0.0,True,0.0,0.0,0.0,-0.0,0.0,-0.0
83.385021,"[505.6042175292969, 4.497498989105225, 0.0]","[583.8692626953125, 4.5, 0.0]",5.496856689690587,7.120030879974365,7.126798861717779,-0.36363601687376956,-0.3651432693004608,78.23525998349312,1.5974936482910298,0.622987747213033,73.73525998349312,-1.6231741902837786,5.50947380065918,0.6758651733398438,42.995704650878906,False,-1,6.185338973999023,7.120030879974365,0.7189559936523438,0.12362743898333214,1.1287385132755545,-1.1287385132755545,"StraightLane index=('>>>', '1S0_0_', 0)",True,455.4939880371094,0.0025000572204589844,0.0005264282226494539,"StraightLane index=('>>', '>>>', 0)",True,0.0,True,False,0.07389260083436966,0.0,0.0,0.0,True,0.0,0.0,0.0,-0.0,0.0,-0.0
83.398759,"[505.71429443359375, 4.497498035430908, 0.0]","[584.0101928710938, 4.5, 0.0]",5.489583969353408,7.125185489654541,7.13508690030614,-0.363636016858937,-0.36795058846473694,78.2650451397331,1.6231741902837786,1.2840270996374414,73.7650451397331,-1.6356015203011331,5.501903533935547,0.6758651733398438,42.995704650878906,False,-1,6.177768707275391,7.125185489654541,0.5291318893432617,0.1297843112120131,1.1929252994077497,-1.1929252994077497,"StraightLane index=('>>>', '1S0_0_', 0)",True,455.6042175292969,0.0025010108947753906,0.0005264282226494539,"StraightLane index=('>>', '>>>', 0)",True,0.0,True,False,0.07389260083436966,0.0,0.0,0.0,True,0.0,0.0,0.0,-0.0,0.0,-0.0
83.42013,"[505.82421875, 4.497497081756592, 0.0]","[584.1574096679688, 4.5, 0.0]",5.482311249016164,7.143374443054199,7.146732272250226,-0.36363601686217883,-0.36391401290893555,78.2958984112074,1.6356015203011331,0.621366500867726,73.7958984112074,-1.661063194038035,5.491298198699951,0.6535701751708984,45.7697868347168,False,-1,6.14486837387085,7.143374443054199,0.5291318893432617,0.1297843112120131,1.1929252994077497,-1.1929252994077497,"StraightLane index=('>>>', '1S0_0_', 0)",True,455.71429443359375,0.002501964569091797,0.0005264282226494539,"StraightLane index=('>>', '>>>', 0)",True,0.0,True,False,0.07941409945487976,0.0,0.0,0.0,True,0.0,0.0,0.0,-0.0,0.0,-0.0
83.43915,"[505.93402099609375, 4.497496128082275, 0.0]","[584.2968139648438, 4.5, 0.0]",5.47503852867913,7.147258758544922,7.157042241771063,-0.36363601685169833,-0.3679118752479553,78.33319089166582,1.661063194038035,1.273083686845089,73.83319089166582,-1.6722202298657916,5.487239837646484,0.6535701751708984,45.7697868347168,False,-1,6.140810012817383,7.147258758544922,0.5291318893432617,0.1297843112120131,1.1929252994077497,-1.1929252994077497,"StraightLane index=('>>>', '1S0_0_', 0)",True,455.82421875,0.002502918243408203,0.0005264282226494539,"StraightLane index=('>>', '>>>', 0)",True,0.0,True,False,0.07941409945487976,0.0,0.0,0.0,True,0.0,0.0,0.0,-0.0,0.0,-0.0
83.459219,"[506.0436706542969, 4.497495174407959, 0.0]","[584.4429931640625, 4.5, 0.0]",5.467765808342057,7.164988040924072,7.167922715071763,-0.3636360168536523,-0.3660292625427246,78.36279294243705,1.6722202298657916,0.5578517913878311,73.86279294243705,-1.697222232582015,5.480106353759766,0.6535701751708984,45.7697868347168,False,-1,6.133676528930664,7.164988040924072,0.5291318893432617,0.1297843112120131,1.1929252994077497,-1.1929252994077497,"StraightLane index=('>>>', '1S0_0_', 0)",True,455.93402099609375,0.0025038719177246094,0.0005264282226494539,"StraightLane index=('>>', '>>>', 0)",True,0.0,True,False,0.07941409945487976,0.0,0.0,0.0,True,0.0,0.0,0.0,-0.0,0.0,-0.0
83.480096,"[506.1531677246094, 4.497494220733643, 0.0]","[584.586669921875, 4.5, 0.0]",5.460493088004658,7.172526836395264,7.179231139656331,-0.3636360168699504,-0.3640064299106598,78.39932248344239,1.697222232582015,1.2501001358111719,73.89932248344239,-1.7120337483906054,5.47305154800415,0.6535701751708984,45.7697868347168,False,-1,6.126621723175049,7.172526836395264,0.5291318893432617,0.1297843112120131,1.1929252994077497,-1.1929252994077497,"StraightLane index=('>>>', '1S0_0_', 0)",True,456.0436706542969,0.0025048255920410156,0.0005264282226494539,"StraightLane index=('>>', '>>>', 0)",True,0.0,True,False,0.07941409945487976,0.0,0.0,0.0,True,0.0,0.0,0.0,-0.0,0.0,-0.0
83.499667,"[506.26251220703125, 4.497493267059326, 0.0]","[584.725830078125, 4.5, 0.0]",5.4532203676672175,7.179723262786866,7.189845399916405,-0.3636360168720376,-0.3658902645111084,78.43350217093217,1.7120337483906054,0.7405757904295207,73.93350217093217,-1.7265028951196486,5.465606212615967,0.6535701751708984,45.7697868347168,False,-1,6.119176387786865,7.179723262786866,0.5453777313232511,0.13589410068712557,1.2581209825148971,-1.2581209825148971,"StraightLane index=('>>>', '1S0_0_', 0)",True,456.1531677246094,0.002505779266357422,0.0005264282226494539,"StraightLane index=('>>', '>>>', 0)",True,0.0,True,False,0.07941409945487976,0.0,0.0,0.0,True,0.0,0.0,0.0,-0.0,0.0,-0.0
83.519841,"[506.3717346191406, 4.49749231338501, 0.0]","[584.8742065429688, 4.5, 0.0]",5.445947647329894,7.196781158447266,7.199664720412054,-0.36363601686617564,-0.36118075251579285,78.46331784475028,1.7265028951196486,0.7234573364521601,73.96331784475028,-1.7508335111173716,5.455141544342041,0.6535701751708984,45.7697868347168,False,-1,6.1087117195129395,7.196781158447266,0.5453777313232511,0.13589410068712557,1.2581209825148971,-1.2581209825148971,"StraightLane index=('>>>', '1S0_0_', 0)",True,456.26251220703125,0.002506732940673828,0.0005264282226494539,"StraightLane index=('>>', '>>>', 0)",True,0.0,True,False,0.07941409945487976,0.0,0.0,0.0,True,0.0,0.0,0.0,-0.0,0.0,-0.0
83.53956,"[506.4808044433594, 4.497491359710693, 0.0]","[585.0186157226562, 4.5, 0.0]",5.438674926992625,7.199840068817139,7.209244359242557,-0.3636360168634667,-0.3651027977466583,78.50247189747425,1.7508335111173716,1.2165307998861508,74.00247189747425,-1.761165141824514,5.451118469238281,0.6535701751708984,45.7697868347168,False,-1,6.10468864440918,7.199840068817139,0.5453777313232511,0.13589410068712557,1.2581209825148971,-1.2581209825148971,"StraightLane index=('>>>', '1S0_0_', 0)",True,456.3717346191406,0.0025076866149902344,0.0005264282226494539,"StraightLane index=('>>', '>>>', 0)",True,0.0,True,False,0.07941409945487976,0.0,0.0,0.0,True,0.0,0.0,0.0,-0.0,0.0,-0.0
83.559263,"[506.5897216796875, 4.497490406036377, 0.0]","[585.1621704101562, 4.5, 0.0]",5.431402206655237,7.216179847717285,7.21882600767573,-0.3636360168693731,-0.3632352352142334,78.53781125293274,1.761165141824514,0.516581535357119,74.03781125293274,-1.784777641062048,5.444039821624756,0.6535701751708984,45.7697868347168,False,-1,6.097609996795654,7.216179847717285,0.5453777313232511,0.13589410068712557,1.2581209825148971,-1.2581209825148971,"StraightLane index=('>>>', '1S0_0_', 0)",True,456.4808044433594,0.0025086402893066406,0.0005264282226494539,"StraightLane index=('>>', '>>>', 0)",True,0.0,True,False,0.07941409945487976,0.0,0.0,0.0,True,0.0,0.0,0.0,-0.0,0.0,-0.0
83.579461,"[506.698486328125, 4.4974894523620605, 0.0]","[585.3030395507812, 4.5, 0.0]",5.424129486318261,7.219003677368165,7.228637119064459,-0.36363601684881175,-0.36139318346977234,78.5724487040944,1.784777641062048,1.1806249618766973,74.0724487040944,-1.794874191049904,5.437021255493164,0.6535701751708984,45.7697868347168,False,-1,6.0905914306640625,7.219003677368165,0.5453777313232511,0.13589410068712557,1.2581209825148971,-1.2581209825148971,"StraightLane index=('>>>', '1S0_0_', 0)",True,456.5897216796875,0.002509593963623047,0.0005264282226494539,"StraightLane index=('>>', '>>>', 0)",True,0.0,True,False,0.07941409945487976,0.0,0.0,0.0,True,0.0,0.0,0.0,-0.0,0.0,-0.0
83.598953,"[506.80712890625, 4.497488498687744, 0.0]","[585.4471435546875, 4.5, 0.0]",5.416856765981239,7.235377311706543,7.238112563864273,-0.3636360168510766,-0.3635651767253876,78.60455319627177,1.794874191049904,0.5048274993928015,74.10455319627177,-1.8185205457253035,5.429596424102783,0.6535701751708984,45.7697868347168,False,-1,6.083166599273682,7.235377311706543,0.5565404891967685,0.1417836077402999,1.323821962461747,-1.323821962461747,"StraightLane index=('>>>', '1S0_0_', 0)",True,456.698486328125,0.002510547637939453,0.0005264282226494539,"StraightLane index=('>>', '>>>', 0)",True,0.0,True,False,0.07941409945487976,0.0,0.0,0.0,True,0.0,0.0,0.0,-0.0,0.0,-0.0
83.619777,"[506.9156188964844, 4.497487545013428, 0.0]","[585.5926513671875, 4.5, 0.0]",5.409584045642331,7.237786293029785,7.247222166321353,-0.36363601694540115,-0.36384472250938416,78.64001462204276,1.8185205457253035,1.1823177337699775,74.14001462204276,-1.8282022473874537,5.422311782836914,0.5463066101074219,44.99177932739258,False,-1,5.968618392944336,7.237786293029785,0.5565404891967685,0.1417836077402999,1.323821962461747,-1.323821962461747,"StraightLane index=('>>>', '1S0_0_', 0)",True,456.80712890625,0.0025115013122558594,0.0005264282226494539,"StraightLane index=('>>', '>>>', 0)",True,0.0,True,False,0.09047910571098328,0.0,0.0,0.0,True,0.0,0.0,0.0,-0.0,0.0,-0.0
83.639324,"[507.0239562988281, 4.497486591339111, 0.0]","[585.738037109375, 4.5, 0.0]",5.402311325304248,7.253162860870361,7.255722793638905,-0.3636360169041897,-0.36348986625671387,78.67703244429806,1.8282022473874537,0.4840850831075105,74.17703244429806,-1.8508515355661137,5.415116786956787,0.5463066101074219,44.99177932739258,False,-1,5.961423397064209,7.253162860870361,0.5565404891967685,0.1417836077402999,1.323821962461747,-1.323821962461747,"StraightLane index=('>>>', '1S0_0_', 0)",True,456.9156188964844,0.0025124549865722656,0.0005264282226494539,"StraightLane index=('>>', '>>>', 0)",True,0.0,True,False,0.09047910571098328,0.0,0.0,0.0,True,0.0,0.0,0.0,-0.0,0.0,-0.0
83.658862,"[507.13214111328125, 4.497485637664795, 0.0]","[585.8828735351562, 4.5, 0.0]",5.395038604966455,7.255171298980713,7.264225489387079,-0.36363601688962355,-0.36658981442451477,78.71408078413148,1.8508515355661137,1.1324644089329983,74.21408078413148,-1.8601326940142577,5.407547473907471,0.5463066101074219,44.99177932739258,False,-1,5.953854084014893,7.255171298980713,0.5565404891967685,0.1417836077402999,1.323821962461747,-1.323821962461747,"StraightLane index=('>>>', '1S0_0_', 0)",True,457.0239562988281,0.002513408660888672,0.0005264282226494539,"StraightLane index=('>>', '>>>', 0)",True,0.0,True,False,0.09047910571098328,0.0,0.0,0.0,True,0.0,0.0,0.0,-0.0,0.0,-0.0
83.67996,"[507.24017333984375, 4.4974846839904785, 0.0]","[586.03173828125, 4.5, 0.0]",5.387765884628693,7.27075719833374,7.273399247881804,-0.36363601688811364,-0.36734408140182495,78.7507323954493,1.8601326940142577,0.4640579224072017,74.2507323954493,-1.8829913137050474,5.400149345397949,0.5463066101074219,44.99177932739258,False,-1,5.946455955505371,7.27075719833374,0.5565404891967685,0.1417836077402999,1.323821962461747,-1.323821962461747,"StraightLane index=('>>>', '1S0_0_', 0)",True,457.13214111328125,0.002514362335205078,0.0005264282226494539,"StraightLane index=('>>', '>>>', 0)",True,0.0,True,False,0.09047910571098328,0.0,0.0,0.0,True,0.0,0.0,0.0,-0.0,0.0,-0.0
83.699083,"[507.34808349609375, 4.497483730316162, 0.0]","[586.1729736328125, 4.5, 0.0]",5.3804931642925,7.272555828094482,7.281721235493365,-0.3636360168096431,-0.3671130836009979,78.79156491497007,1.8829913137050474,1.1429309845394808,74.29156491497007,-1.8920626638019824,5.3928704261779785,0.5463066101074219,44.99177932739258,False,-1,5.9391770362854,7.272555828094482,0.37178516387939453,0.14061772770204872,1.3704584591733373,-1.3704584591733373,"StraightLane index=('>>>', '1S0_0_', 0)",True,457.24017333984375,0.0025153160095214844,0.0005264282226494539,"StraightLane index=('>>', '>>>', 0)",True,0.0,True,False,0.09047910571098328,0.0,0.0,0.0,True,0.0,0.0,0.0,-0.0,0.0,-0.0
83.719343,"[507.4558410644531, 4.497482776641846, 0.0]","[586.3196411132812, 4.5, 0.0]",5.373220443955996,7.287392616271973,7.289698488410375,-0.3636360168251862,-0.3654710054397583,78.8248901102724,1.8920626638019824,0.45356750484675246,74.3248901102724,-1.9141721723159764,5.385726451873779,0.5463066101074219,44.99177932739258,False,-1,5.932033061981201,7.287392616271973,0.37178516387939453,0.14061772770204872,1.3704584591733373,-1.3704584591733373,"StraightLane index=('>>>', '1S0_0_', 0)",True,457.34808349609375,0.0025162696838378906,0.0005264282226494539,"StraightLane index=('>>', '>>>', 0)",True,0.0,True,False,0.09047910571098328,0.0,0.0,0.0,True,0.0,0.0,0.0,-0.0,0.0,-0.0
83.740422,"[507.5634460449219, 4.497481822967529, 0.0]","[586.4691162109375, 4.5, 0.0]",5.3659477236191755,7.288753032684327,7.29796048737741,-0.3636360168410402,-0.36365294456481934,78.86380002237136,1.9141721723159764,1.105475425699698,74.36380002237136,-1.9228053090651516,5.378660202026367,0.5463066101074219,44.99177932739258,False,-1,5.924966812133789,7.288753032684327,0.37178516387939453,0.14061772770204872,1.3704584591733373,-1.3704584591733373,"StraightLane index=('>>>', '1S0_0_', 0)",True,457.4558410644531,0.002517223358154297,0.0005264282226494539,"StraightLane index=('>>', '>>>', 0)",True,0.0,True,False,0.09047910571098328,0.0,0.0,0.0,True,0.0,0.0,0.0,-0.0,0.0,-0.0
83.759216,"[507.6708984375, 4.497480869293213, 0.0]","[586.6142578125, 4.5, 0.0]",5.358675003280558,7.303210258483887,7.30533305678498,-0.36363601693087944,-0.36570361256599426,78.90567013954833,1.9228053090651516,0.4316568374587604,74.40567013954833,-1.9445352552033288,5.371203422546387,0.5463066101074219,44.99177932739258,False,-1,5.917510032653809,7.303210258483887,0.37178516387939453,0.14061772770204872,1.3704584591733373,-1.3704584591733373,"StraightLane index=('>>>', '1S0_0_', 0)",True,457.5634460449219,0.002518177032470703,0.0005264282226494539,"StraightLane index=('>>', '>>>', 0)",True,0.0,True,False,0.09047910571098328,0.0,0.0,0.0,True,0.0,0.0,0.0,-0.0,0.0,-0.0
83.780166,"[507.7782287597656, 4.4974799156188965, 0.0]","[586.7608642578125, 4.5, 0.0]",5.351402282942585,7.304415702819824,7.313540210644063,-0.36363601689863856,-0.3657670319080353,78.94335934852236,1.9445352552033288,1.0864973069088624,74.44335934852236,-1.953013419877239,5.3638997077941895,0.5463066101074219,44.99177932739258,False,-1,5.910206317901611,7.304415702819824,0.37178516387939453,0.14061772770204872,1.3704584591733373,-1.3704584591733373,"StraightLane index=('>>>', '1S0_0_', 0)",True,457.6708984375,0.0025191307067871094,0.0005264282226494539,"StraightLane index=('>>', '>>>', 0)",True,0.0,True,False,0.09047910571098328,0.0,0.0,0.0,True,0.0,0.0,0.0,-0.0,0.0,-0.0
83.799787,"[507.8854064941406, 4.49747896194458, 0.0]","[586.9067993164062, 4.5, 0.0]",5.344129562605,7.318915367126465,7.3212327026091994,-0.36363601687927627,-0.3651423752307892,78.98263547155881,1.953013419877239,0.42390823369551356,74.48263547155881,-1.9747858045214652,5.356695652008057,0.5463066101074219,44.99177932739258,False,-1,5.9030022621154785,7.318915367126465,0.4635953903198242,0.1427817935930377,1.4263925665319903,-1.4263925665319903,"StraightLane index=('>>>', '1S0_0_', 0)",True,457.7782287597656,0.0025200843811035156,0.0005264282226494539,"StraightLane index=('>>', '>>>', 0)",True,0.0,True,False,0.09047910571098328,0.0,0.0,0.0,True,0.0,0.0,0.0,-0.0,0.0,-0.0
83.822126,"[507.992431640625, 4.497478008270264, 0.0]","[587.0549926757812, 4.5, 0.0]",5.336856842267508,7.319712162017822,7.329258654123108,-0.3636360168745689,-0.36334070563316345,79.02139279576717,1.9747858045214652,1.0886192322113075,74.52139279576717,-1.982855319750314,5.349609375,0.7087955474853516,46.99113845825195,False,-1,6.058404922485352,7.319712162017822,0.4635953903198242,0.1427817935930377,1.4263925665319903,-1.4263925665319903,"StraightLane index=('>>>', '1S0_0_', 0)",True,457.8854064941406,0.002521038055419922,0.0005264282226494539,"StraightLane index=('>>', '>>>', 0)",True,0.0,True,False,0.09914498776197433,0.0,0.0,0.0,True,0.0,0.0,0.0,-0.0,0.0,-0.0
83.839618,"[508.09930419921875, 4.497477054595947, 0.0]","[587.1972045898438, 4.5, 0.0]",5.32958412193014,7.333333492279053,7.3355347233618895,-0.3636360168683961,-0.36153915524482727,79.0625610086473,1.982855319750314,0.40347576144244,74.5625610086473,-2.0037493703489124,5.342584133148193,0.7087955474853516,46.99113845825195,False,-1,6.051379680633545,7.333333492279053,0.4635953903198242,0.1427817935930377,1.4263925665319903,-1.4263925665319903,"StraightLane index=('>>>', '1S0_0_', 0)",True,457.992431640625,0.002521991729736328,0.0005264282226494539,"StraightLane index=('>>', '>>>', 0)",True,0.0,True,False,0.09914498776197433,0.0,0.0,0.0,True,0.0,0.0,0.0,-0.0,0.0,-0.0
83.859314,"[508.2060546875, 4.497476100921631, 0.0]","[587.3427734375, 4.5, 0.0]",5.322311401592736,7.33378791809082,7.3426116436847595,-0.36363601687021685,-0.36373084783554077,79.09790036410578,2.0037493703489124,1.0447025299299195,74.59790036410578,-2.0114765164980843,5.335154056549072,0.7087955474853516,46.99113845825195,False,-1,6.043949604034424,7.33378791809082,0.4635953903198242,0.1427817935930377,1.4263925665319903,-1.4263925665319903,"StraightLane index=('>>>', '1S0_0_', 0)",True,458.09930419921875,0.0025229454040527344,0.0005264282226494539,"StraightLane index=('>>', '>>>', 0)",True,0.0,True,False,0.09914498776197433,0.0,0.0,0.0,True,0.0,0.0,0.0,-0.0,0.0,-0.0
83.879966,"[508.3126525878906, 4.4974751472473145, 0.0]","[587.4938354492188, 4.5, 0.0]",5.3150386812549995,7.347843170166016,7.350021602934248,-0.3636360168868258,-0.3640144467353821,79.1367187234704,2.0114765164980843,0.38635730745859576,74.6367187234704,-2.032804488911016,5.3278656005859375,0.7087955474853516,46.99113845825195,False,-1,6.036661148071289,7.347843170166016,0.4635953903198242,0.1427817935930377,1.4263925665319903,-1.4263925665319903,"StraightLane index=('>>>', '1S0_0_', 0)",True,458.2060546875,0.0025238990783691406,0.0005264282226494539,"StraightLane index=('>>', '>>>', 0)",True,0.0,True,False,0.09914498776197433,0.0,0.0,0.0,True,0.0,0.0,0.0,-0.0,0.0,-0.0
83.899594,"[508.4190979003906, 4.497474193572998, 0.0]","[587.6405639648438, 4.5, 0.0]",5.307765960917548,7.348353862762452,7.357055290687268,-0.3636360168725705,-0.3636520206928253,79.18118283478788,2.032804488911016,1.0663986206465914,74.68118283478788,-2.040587901844904,5.320667743682861,0.7087955474853516,46.99113845825195,False,-1,6.029463291168213,7.348353862762452,0.29438495635987216,0.13880708770632944,1.465189223905517,-1.465189223905517,"StraightLane index=('>>>', '1S0_0_', 0)",True,458.3126525878906,0.002524852752685547,0.0005264282226494539,"StraightLane index=('>>', '>>>', 0)",True,0.0,True,False,0.09914498776197433,0.0,0.0,0.0,True,0.0,0.0,0.0,-0.0,0.0,-0.0
83.919864,"[508.525390625, 4.497473239898682, 0.0]","[587.7880249023438, 4.5, 0.0]",5.300493240579862,7.361917018890381,7.363929696273406,-0.3636360168842945,-0.36542215943336487,79.22146603790242,2.040587901844904,0.3891706466943923,74.72146603790242,-2.0614237783105187,5.309567451477051,0.7087955474853516,46.99113845825195,False,-1,6.018362998962402,7.361917018890381,0.29438495635987216,0.13880708770632944,1.465189223905517,-1.465189223905517,"StraightLane index=('>>>', '1S0_0_', 0)",True,458.4190979003906,0.002525806427001953,0.0005264282226494539,"StraightLane index=('>>', '>>>', 0)",True,0.0,True,False,0.09914498776197433,0.0,0.0,0.0,True,0.0,0.0,0.0,-0.0,0.0,-0.0
83.939794,"[508.63153076171875, 4.497472286224365, 0.0]","[587.9356689453125, 4.5, 0.0]",5.293220520242351,7.365349769592285,7.370653024958038,-0.3636360168755459,-0.3674700856208801,79.26263425078254,2.0614237783105187,1.0417938232807344,74.76263425078254,-2.072129249349934,5.305698394775391,0.7087955474853516,46.99113845825195,False,-1,6.014493942260742,7.365349769592285,0.29438495635987216,0.13880708770632944,1.465189223905517,-1.465189223905517,"StraightLane index=('>>>', '1S0_0_', 0)",True,458.525390625,0.0025267601013183594,0.0005264282226494539,"StraightLane index=('>>', '>>>', 0)",True,0.0,True,False,0.09914498776197433,0.0,0.0,0.0,True,0.0,0.0,0.0,-0.0,0.0,-0.0
83.959251,"[508.737548828125, 4.497471332550049, 0.0]","[588.0821533203125, 4.5, 0.0]",5.285947799904768,7.372064113616945,7.377238043038697,-0.36363601687914304,-0.367217093706131,79.30413815702201,2.072129249349934,0.5352735519707608,74.80413815702201,-2.0861163137121768,5.29841947555542,0.7087955474853516,46.99113845825195,False,-1,6.0072150230407715,7.372064113616945,0.29438495635987216,0.13880708770632944,1.465189223905517,-1.465189223905517,"StraightLane index=('>>>', '1S0_0_', 0)",True,458.63153076171875,0.0025277137756347656,0.0005264282226494539,"StraightLane index=('>>', '>>>', 0)",True,0.0,True,False,0.09914498776197433,0.0,0.0,0.0,True,0.0,0.0,0.0,-0.0,0.0,-0.0
83.980901,"[508.8434143066406, 4.497470378875732, 0.0]","[588.2300415039062, 4.5, 0.0]",5.27867507956748,7.378844261169434,7.384557409711414,-0.3636360168643993,-0.3655530512332916,79.3446044656053,2.0861163137121768,0.699353218112142,74.8446044656053,-2.100169181601953,5.291275978088379,0.7087955474853516,46.99113845825195,False,-1,6.0000715255737305,7.378844261169434,0.29438495635987216,0.13880708770632944,1.465189223905517,-1.465189223905517,"StraightLane index=('>>>', '1S0_0_', 0)",True,458.737548828125,0.002528667449951172,0.0005264282226494539,"StraightLane index=('>>', '>>>', 0)",True,0.0,True,False,0.09914498776197433,0.0,0.0,0.0,True,0.0,0.0,0.0,-0.0,0.0,-0.0
83.999705,"[508.9491271972656, 4.497469425201416, 0.0]","[588.377685546875, 4.5, 0.0]",5.271402359230475,7.385610103607178,7.390915037947648,-0.36363601685027724,-0.3637152314186096,79.38662717067288,2.100169181601953,0.7026433944888222,74.88662717067288,-2.114207744376703,5.284210205078125,0.7087955474853516,46.99113845825195,False,-1,5.993005752563477,7.385610103607178,0.37256240844725674,0.13796606323135047,1.5122010970762074,-1.5122010970762074,"StraightLane index=('>>>', '1S0_0_', 0)",True,458.8434143066406,0.002529621124267578,0.0005264282226494539,"StraightLane index=('>>', '>>>', 0)",True,0.0,True,False,0.09914498776197433,0.0,0.0,0.0,True,0.0,0.0,0.0,-0.0,0.0,-0.0
84.01946,"[509.0546875, 4.4974684715271, 0.0]","[588.5220947265625, 4.5, 0.0]",5.264129638895019,7.392089366912842,7.397417295675987,-0.3636360167727837,-0.36574870347976685,79.42855832300611,2.114207744376703,0.7019281387374843,74.92855832300611,-2.1279597280178226,5.276753902435303,0.8373222351074219,44.532657623291016,False,-1,6.114076137542725,7.392089366912842,0.37256240844725674,0.13796606323135047,1.5122010970762074,-1.5122010970762074,"StraightLane index=('>>>', '1S0_0_', 0)",True,458.9491271972656,0.0025305747985839844,0.0005264282226494539,"StraightLane index=('>>', '>>>', 0)",True,0.0,True,False,0.11169689893722534,0.0,0.0,0.0,True,0.0,0.0,0.0,-0.0,0.0,-0.0
84.039502,"[509.1601257324219, 4.497467517852783, 0.0]","[588.6705322265625, 4.5, 0.0]",5.256856918558922,7.398682594299316,7.4040080368670464,-0.3636360168048469,-0.36579716205596924,79.46740719994884,2.1279597280178226,0.6875991820559868,74.96740719994884,-2.141825675740394,5.269451141357422,0.8373222351074219,44.532657623291016,False,-1,6.106773376464844,7.398682594299316,0.37256240844725674,0.13796606323135047,1.5122010970762074,-1.5122010970762074,"StraightLane index=('>>>', '1S0_0_', 0)",True,459.0546875,0.0025315284729003906,0.0005264282226494539,"StraightLane index=('>>', '>>>', 0)",True,0.0,True,False,0.11169689893722534,0.0,0.0,0.0,True,0.0,0.0,0.0,-0.0,0.0,-0.0
84.058917,"[509.2654113769531, 4.497466564178467, 0.0]","[588.8179931640625, 4.5, 0.0]",5.249584198222438,7.405230522155762,7.410400302231603,-0.3636360168242092,-0.3651593029499054,79.51040646751638,2.141825675740394,0.6932973861285774,75.01040646751638,-2.1556463239333237,5.2622480392456055,0.8373222351074219,44.532657623291016,False,-1,6.099570274353027,7.405230522155762,0.37256240844725674,0.13796606323135047,1.5122010970762074,-1.5122010970762074,"StraightLane index=('>>>', '1S0_0_', 0)",True,459.1601257324219,0.002532482147216797,0.0005264282226494539,"StraightLane index=('>>', '>>>', 0)",True,0.0,True,False,0.11169689893722534,0.0,0.0,0.0,True,0.0,0.0,0.0,-0.0,0.0,-0.0
84.080025,"[509.37054443359375, 4.49746561050415, 0.0]","[588.9703369140625, 4.5, 0.0]",5.242311477885737,7.411996841430664,7.417340337789299,-0.363636016835045,-0.3679560422897339,79.5525817604746,2.1556463239333237,0.6910324096464748,75.0525817604746,-2.169685363544927,5.254678726196289,0.8373222351074219,44.532657623291016,False,-1,6.092000961303711,7.411996841430664,0.37256240844725674,0.13796606323135047,1.5122010970762074,-1.5122010970762074,"StraightLane index=('>>>', '1S0_0_', 0)",True,459.2654113769531,0.002533435821533203,0.0005264282226494539,"StraightLane index=('>>', '>>>', 0)",True,0.0,True,False,0.11169689893722534,0.0,0.0,0.0,True,0.0,0.0,0.0,-0.0,0.0,-0.0
84.099648,"[509.47552490234375, 4.497464656829834, 0.0]","[589.1140747070312, 4.5, 0.0]",5.235038757548795,7.418380260467529,7.423798353145919,-0.3636360168471242,-0.36841195821762085,79.5997924538232,2.169685363544927,0.7019519805801622,75.0997924538232,-2.1833415029187346,5.247286319732666,0.8373222351074219,44.532657623291016,False,-1,6.084608554840088,7.418380260467529,0.3277015686035156,0.13563901180933846,1.554810988706516,-1.554810988706516,"StraightLane index=('>>>', '1S0_0_', 0)",True,459.37054443359375,0.0025343894958496094,0.0005264282226494539,"StraightLane index=('>>', '>>>', 0)",True,0.0,True,False,0.11169689893722534,0.0,0.0,0.0,True,0.0,0.0,0.0,-0.0,0.0,-0.0
84.11912,"[509.58038330078125, 4.497463703155518, 0.0]","[589.2632446289062, 4.5, 0.0]",5.227766037212156,7.425054073333742,7.430300973729464,-0.36363601683193636,-0.3679041266441345,79.63854977803156,2.1833415029187346,0.6828069686903859,75.13854977803156,-2.197288036121586,5.240016460418701,0.8373222351074219,44.532657623291016,False,-1,6.077338695526123,7.425054073333742,0.3277015686035156,0.13563901180933846,1.554810988706516,-1.554810988706516,"StraightLane index=('>>>', '1S0_0_', 0)",True,459.47552490234375,0.0025353431701660156,0.0005264282226494539,"StraightLane index=('>>', '>>>', 0)",True,0.0,True,False,0.11169689893722534,0.0,0.0,0.0,True,0.0,0.0,0.0,-0.0,0.0,-0.0
84.139227,"[509.6850891113281, 4.497462749481201, 0.0]","[589.4125366210938, 4.5, 0.0]",5.220493316875639,7.431756496429443,7.437016861686833,-0.36363601682585234,-0.3660174310207367,79.68286130145843,2.197288036121586,0.697326660142572,75.18286130145843,-2.2112631795538045,5.232883453369141,0.8373222351074219,44.532657623291016,False,-1,6.0702056884765625,7.431756496429443,0.3277015686035156,0.13563901180933846,1.554810988706516,-1.554810988706516,"StraightLane index=('>>>', '1S0_0_', 0)",True,459.58038330078125,0.002536296844482422,0.0005264282226494539,"StraightLane index=('>>', '>>>', 0)",True,0.0,True,False,0.11169689893722534,0.0,0.0,0.0,True,0.0,0.0,0.0,-0.0,0.0,-0.0
84.158692,"[509.7896423339844, 4.497461795806885, 0.0]","[589.5601806640625, 4.5, 0.0]",5.213220596538497,7.438382625579834,7.44351584137429,-0.3636360168571162,-0.36399245262145996,79.72744748308841,2.2112631795538045,0.6987571716109198,75.22744748308841,-2.2251620290413374,5.225829124450684,0.8373222351074219,44.532657623291016,False,-1,6.0631513595581055,7.438382625579834,0.3277015686035156,0.13563901180933846,1.554810988706516,-1.554810988706516,"StraightLane index=('>>>', '1S0_0_', 0)",True,459.6850891113281,0.002537250518798828,0.0005264282226494539,"StraightLane index=('>>', '>>>', 0)",True,0.0,True,False,0.11169689893722534,0.0,0.0,0.0,True,0.0,0.0,0.0,-0.0,0.0,-0.0
84.179907,"[509.89404296875, 4.497460842132568, 0.0]","[589.7130737304688, 4.5, 0.0]",5.205947876201639,7.445247173309326,7.450602512757934,-0.36363601684286095,-0.36587634682655334,79.77053830339032,2.2251620290413374,0.6949424743766475,75.27053830339032,-2.239299297107687,5.218384265899658,0.8373222351074219,44.532657623291016,False,-1,6.05570650100708,7.445247173309326,0.3277015686035156,0.13563901180933846,1.554810988706516,-1.554810988706516,"StraightLane index=('>>>', '1S0_0_', 0)",True,459.7896423339844,0.0025382041931152344,0.0005264282226494539,"StraightLane index=('>>', '>>>', 0)",True,0.0,True,False,0.11169689893722534,0.0,0.0,0.0,True,0.0,0.0,0.0,-0.0,0.0,-0.0
84.199371,"[509.9983215332031, 4.497459888458252, 0.0]","[589.8617553710938, 4.5, 0.0]",5.198675155864565,7.451920032501221,7.457105191494396,-0.36363601685369673,-0.36581072211265564,79.81903073502014,2.239299297107687,0.7068634033174703,75.31903073502014,-2.2532448766366553,5.211091041564941,0.8373222351074219,44.532657623291016,False,-1,6.048413276672363,7.451920032501221,0.33539772033691406,0.1338140308401966,1.5984232006540227,-1.5984232006540227,"StraightLane index=('>>>', '1S0_0_', 0)",True,459.89404296875,0.0025391578674316406,0.0005264282226494539,"StraightLane index=('>>', '>>>', 0)",True,0.0,True,False,0.11169689893722534,0.0,0.0,0.0,True,0.0,0.0,0.0,-0.0,0.0,-0.0
84.219375,"[510.1024475097656, 4.4974589347839355, 0.0]","[590.008056640625, 4.5, 0.0]",5.19140243552731,7.458708763122559,7.464135869210213,-0.36363601686275615,-0.3650911748409271,79.86343381118138,2.2532448766366553,0.6972789764484233,75.36343381118138,-2.2673063275952483,5.203896522521973,0.3875446319580078,44.02954864501953,False,-1,5.5914411544799805,7.458708763122559,0.33539772033691406,0.1338140308401966,1.5984232006540227,-1.5984232006540227,"StraightLane index=('>>>', '1S0_0_', 0)",True,459.9983215332031,0.002540111541748047,0.0005264282226494539,"StraightLane index=('>>', '>>>', 0)",True,0.0,True,False,0.11169689893722534,0.0,0.0,0.0,True,0.0,0.0,0.0,-0.0,0.0,-0.0
84.240197,"[510.2064208984375, 4.497457981109619, 0.0]","[590.1575927734375, 4.5, 0.0]",5.184129715190028,7.465751647949219,7.471464999546855,-0.3636360168641328,-0.3579466640949249,79.90560910413959,2.2673063275952483,0.7030725479296507,75.40560910413959,-2.281621932759191,5.193739414215088,0.3875446319580078,44.02954864501953,False,-1,5.581284046173096,7.465751647949219,0.33539772033691406,0.1338140308401966,1.5984232006540227,-1.5984232006540227,"StraightLane index=('>>>', '1S0_0_', 0)",True,460.1024475097656,0.002541065216064453,0.0005264282226494539,"StraightLane index=('>>', '>>>', 0)",True,0.0,True,False,0.12082474678754807,0.0,0.0,0.0,True,0.0,0.0,0.0,-0.0,0.0,-0.0
84.25868,"[510.31024169921875, 4.497457027435303, 0.0]","[590.3062133789062, 4.5, 0.0]",5.176856994852667,7.472750663757324,7.477973344027624,-0.3636360168680408,-0.3582879602909088,79.95117184826954,2.281621932759191,0.7157802581971406,75.45117184826954,-2.2958936689046574,5.1865105628967285,0.3875446319580078,44.02954864501953,False,-1,5.574055194854736,7.472750663757324,0.33539772033691406,0.1338140308401966,1.5984232006540227,-1.5984232006540227,"StraightLane index=('>>>', '1S0_0_', 0)",True,460.2064208984375,0.0025420188903808594,0.0005264282226494539,"StraightLane index=('>>', '>>>', 0)",True,0.0,True,False,0.12082474678754807,0.0,0.0,0.0,True,0.0,0.0,0.0,-0.0,0.0,-0.0
84.279283,"[510.4139099121094, 4.497456073760986, 0.0]","[590.4564819335938, 4.5, 0.0]",5.1695842745155405,7.4798264503479,7.485217142521963,-0.36363601685631686,-0.3635595142841339,79.99597165294638,2.2958936689046574,0.7135868072733142,75.49597165294638,-2.31024217583236,5.182374477386475,0.3875446319580078,44.02954864501953,False,-1,5.569919109344482,7.4798264503479,0.33539772033691406,0.1338140308401966,1.5984232006540227,-1.5984232006540227,"StraightLane index=('>>>', '1S0_0_', 0)",True,460.31024169921875,0.0025429725646972656,0.0005264282226494539,"StraightLane index=('>>', '>>>', 0)",True,0.0,True,False,0.12082474678754807,0.0,0.0,0.0,True,0.0,0.0,0.0,-0.0,0.0,-0.0
84.299033,"[510.5174560546875, 4.49745512008667, 0.0]","[590.6055297851562, 4.5, 0.0]",5.1623115541781175,7.486845016479492,7.492176378586889,-0.36363601687114944,-0.3638404309749603,80.04257199473251,2.31024217583236,0.7174253463851255,75.54257199473251,-2.3245334623013747,5.1750898361206055,0.3875446319580078,44.02954864501953,False,-1,5.562634468078613,7.486845016479492,0.34924983978271484,0.13265637214857195,1.6436031226444654,-1.6436031226444654,"StraightLane index=('>>>', '1S0_0_', 0)",True,460.4139099121094,0.002543926239013672,0.0005264282226494539,"StraightLane index=('>>', '>>>', 0)",True,0.0,True,False,0.12082474678754807,0.0,0.0,0.0,True,0.0,0.0,0.0,-0.0,0.0,-0.0
84.321611,"[510.620849609375, 4.4974541664123535, 0.0]","[590.7569580078125, 4.5, 0.0]",5.155038833840962,7.494347572326661,7.50074674613796,-0.36363601685778235,-0.3609151244163513,80.08807370370621,2.3245334623013747,0.7145643234507393,75.58807370370621,-2.339308738485699,5.164529800415039,0.3875446319580078,44.02954864501953,False,-1,5.552074432373047,7.494347572326661,0.34924983978271484,0.13265637214857195,1.6436031226444654,-1.6436031226444654,"StraightLane index=('>>>', '1S0_0_', 0)",True,460.5174560546875,0.002544879913330078,0.0005264282226494539,"StraightLane index=('>>', '>>>', 0)",True,0.0,True,False,0.12082474678754807,0.0,0.0,0.0,True,0.0,0.0,0.0,-0.0,0.0,-0.0
84.339088,"[510.7240905761719, 4.497453212738037, 0.0]","[590.9053344726562, 4.5, 0.0]",5.147766113503999,7.501872539520264,7.507409709193557,-0.3636360168481456,-0.36528441309928894,80.13610837166416,2.339308738485699,0.7387638092162252,75.63610837166416,-2.3541064260162647,5.156796455383301,0.3875446319580078,44.02954864501953,False,-1,5.544341087341309,7.501872539520264,0.34924983978271484,0.13265637214857195,1.6436031226444654,-1.6436031226444654,"StraightLane index=('>>>', '1S0_0_', 0)",True,460.620849609375,0.0025458335876464844,0.0005264282226494539,"StraightLane index=('>>', '>>>', 0)",True,0.0,True,False,0.12082474678754807,0.0,0.0,0.0,True,0.0,0.0,0.0,-0.0,0.0,-0.0
84.358859,"[510.8271789550781, 4.497452259063721, 0.0]","[591.0553588867188, 4.5, 0.0]",5.140493393164889,7.512814521789551,7.514944032958521,-0.363636016955482,-0.3629818260669708,80.18124386970038,2.3541064260162647,0.739884376528277,75.68124386970038,-2.3723211286246615,5.149711608886719,0.3875446319580078,44.02954864501953,False,-1,5.537256240844727,7.512814521789551,0.34924983978271484,0.13265637214857195,1.6436031226444654,-1.6436031226444654,"StraightLane index=('>>>', '1S0_0_', 0)",True,460.7240905761719,0.0025467872619628906,0.0005264282226494539,"StraightLane index=('>>', '>>>', 0)",True,0.0,True,False,0.12082474678754807,0.0,0.0,0.0,True,0.0,0.0,0.0,-0.0,0.0,-0.0
84.379585,"[510.9301452636719, 4.497451305389404, 0.0]","[591.2057495117188, 4.5, 0.0]",5.13322067282828,7.513777256011963,7.522832394887214,-0.36363601683047087,-0.36711251735687256,80.22817990484589,2.3723211286246615,0.9107351304198374,75.72817990484589,-2.380556583183683,5.14564847946167,0.3875446319580078,44.02954864501953,False,-1,5.533193111419678,7.513777256011963,0.34924983978271484,0.13265637214857195,1.6436031226444654,-1.6436031226444654,"StraightLane index=('>>>', '1S0_0_', 0)",True,460.8271789550781,0.002547740936279297,0.0005264282226494539,"StraightLane index=('>>', '>>>', 0)",True,0.0,True,False,0.12082474678754807,0.0,0.0,0.0,True,0.0,0.0,0.0,-0.0,0.0,-0.0
84.39909,"[511.032958984375, 4.497450351715088, 0.0]","[591.3564453125, 4.5, 0.0]",5.125947952489718,7.528085708618164,7.530269345332679,-0.3636360169280817,-0.36547091603279114,80.27560422124137,2.380556583183683,0.41177272795107633,75.77560422124137,-2.402137756128446,5.138504505157471,0.3875446319580078,44.02954864501953,False,-1,5.5260491371154785,7.528085708618164,0.41240692138671875,0.13382497718224992,1.6952145186657397,-1.6952145186657397,"StraightLane index=('>>>', '1S0_0_', 0)",True,460.9301452636719,0.002548694610595703,0.0005264282226494539,"StraightLane index=('>>', '>>>', 0)",True,0.0,True,False,0.12082474678754807,0.0,0.0,0.0,True,0.0,0.0,0.0,-0.0,0.0,-0.0
84.419531,"[511.1356201171875, 4.4974493980407715, 0.0]","[591.5076904296875, 4.5, 0.0]",5.118675232151653,7.5295753479003915,7.538794742500553,-0.3636360169032571,-0.363653302192688,80.32348630130872,2.402137756128446,1.0790586472381403,75.82348630130872,-2.4109001157487384,5.131438255310059,0.3875446319580078,44.02954864501953,False,-1,5.518982887268066,7.5295753479003915,0.41240692138671875,0.13382497718224992,1.6952145186657397,-1.6952145186657397,"StraightLane index=('>>>', '1S0_0_', 0)",True,461.032958984375,0.0025496482849121094,0.0005264282226494539,"StraightLane index=('>>', '>>>', 0)",True,0.0,True,False,0.12082474678754807,0.0,0.0,0.0,True,0.0,0.0,0.0,-0.0,0.0,-0.0
84.439339,"[511.2381286621094, 4.497448444366455, 0.0]","[591.6588745117188, 4.5, 0.0]",5.111402511813993,7.544630527496338,7.547100372088257,-0.3636360168830066,-0.3657049238681793,80.3720702856729,2.4109001157487384,0.4381179810146296,75.8720702856729,-2.433228015682345,5.123981475830078,0.7587838172912598,45.59101486206055,False,-1,5.882765293121338,7.544630527496338,0.41240692138671875,0.13382497718224992,1.6952145186657397,-1.6952145186657397,"StraightLane index=('>>>', '1S0_0_', 0)",True,461.1356201171875,0.0025506019592285156,0.0005264282226494539,"StraightLane index=('>>', '>>>', 0)",True,0.0,True,False,0.1253165453672409,0.0,0.0,0.0,True,0.0,0.0,0.0,-0.0,0.0,-0.0
84.4594,"[511.34051513671875, 4.497447490692139, 0.0]","[591.8126831054688, 4.5, 0.0]",5.104129791476379,7.546500205993652,7.555510052374854,-0.36363601688069735,-0.3657689392566681,80.42074582277147,2.433228015682345,1.1163949966803255,75.92074582277147,-2.4423704145172733,5.116677284240723,0.7587838172912598,45.59101486206055,False,-1,5.875461101531982,7.546500205993652,0.41240692138671875,0.13382497718224992,1.6952145186657397,-1.6952145186657397,"StraightLane index=('>>>', '1S0_0_', 0)",True,461.2381286621094,0.002551555633544922,0.0005264282226494539,"StraightLane index=('>>', '>>>', 0)",True,0.0,True,False,0.1253165453672409,0.0,0.0,0.0,True,0.0,0.0,0.0,-0.0,0.0,-0.0
84.480092,"[511.4427490234375, 4.497446537017822, 0.0]","[591.9639892578125, 4.5, 0.0]",5.096857071140375,7.561561107635498,7.564175664980662,-0.363636016800184,-0.3651438057422638,80.47216794190115,2.4423704145172733,0.45711994174642,75.97216794190115,-2.4647040364951227,5.109473705291748,0.7587838172912598,45.59101486206055,False,-1,5.868257522583008,7.561561107635498,0.41240692138671875,0.13382497718224992,1.6952145186657397,-1.6952145186657397,"StraightLane index=('>>>', '1S0_0_', 0)",True,461.34051513671875,0.002552509307861328,0.0005264282226494539,"StraightLane index=('>>', '>>>', 0)",True,0.0,True,False,0.1253165453672409,0.0,0.0,0.0,True,0.0,0.0,0.0,-0.0,0.0,-0.0
84.499167,"[511.5448303222656, 4.497445583343506, 0.0]","[592.11181640625, 4.5, 0.0]",5.0895843508037375,7.5630974769592285,7.572169032318721,-0.36363601683189195,-0.3664994239807129,80.5212402075153,2.4647040364951227,1.1166810988924691,76.0212402075153,-2.473513126155491,5.098376274108887,0.7587838172912598,45.59101486206055,False,-1,5.8571600914001465,7.5630974769592285,0.35011768341064453,0.13269659838339748,1.7404801303844666,-1.7404801303844666,"StraightLane index=('>>>', '1S0_0_', 0)",True,461.4427490234375,0.0025534629821777344,0.0005264282226494539,"StraightLane index=('>>', '>>>', 0)",True,0.0,True,False,0.1253165453672409,0.0,0.0,0.0,True,0.0,0.0,0.0,-0.0,0.0,-0.0
84.519033,"[511.6467590332031, 4.4974446296691895, 0.0]","[592.26318359375, 4.5, 0.0]",5.082311630466921,7.578720569610596,7.581330366559385,-0.36363601684081814,-0.3639139235019684,80.56698605711401,2.473513126155491,0.4404544830184154,76.06698605711401,-2.4964089391436746,5.0912981033325195,0.7587838172912598,45.59101486206055,False,-1,5.850081920623779,7.578720569610596,0.35011768341064453,0.13269659838339748,1.7404801303844666,-1.7404801303844666,"StraightLane index=('>>>', '1S0_0_', 0)",True,461.5448303222656,0.0025544166564941406,0.0005264282226494539,"StraightLane index=('>>', '>>>', 0)",True,0.0,True,False,0.1253165453672409,0.0,0.0,0.0,True,0.0,0.0,0.0,-0.0,0.0,-0.0
84.539017,"[511.7485656738281, 4.497443675994873, 0.0]","[592.4154663085938, 4.5, 0.0]",5.075038910130044,7.5813355445861825,7.590586220853846,-0.36363601684383795,-0.3679112195968628,80.61642453366565,2.4964089391436746,1.1447906494091775,76.11642453366565,-2.506296634456138,5.087239742279053,0.7587838172912598,45.59101486206055,False,-1,5.8460235595703125,7.5813355445861825,0.35011768341064453,0.13269659838339748,1.7404801303844666,-1.7404801303844666,"StraightLane index=('>>>', '1S0_0_', 0)",True,461.6467590332031,0.002555370330810547,0.0005264282226494539,"StraightLane index=('>>', '>>>', 0)",True,0.0,True,False,0.1253165453672409,0.0,0.0,0.0,True,0.0,0.0,0.0,-0.0,0.0,-0.0
84.558864,"[511.8502197265625, 4.497442722320557, 0.0]","[592.5702514648438, 4.5, 0.0]",5.067766189792909,7.597438335418701,7.599777638519155,-0.36363601685676095,-0.36602774262428284,80.66690060787352,2.506296634456138,0.49438476562317923,76.16690060787352,-2.529672145625792,5.080106258392334,0.7587838172912598,45.59101486206055,False,-1,5.838890075683594,7.597438335418701,0.35011768341064453,0.13269659838339748,1.7404801303844666,-1.7404801303844666,"StraightLane index=('>>>', '1S0_0_', 0)",True,461.7485656738281,0.002556324005126953,0.0005264282226494539,"StraightLane index=('>>', '>>>', 0)",True,0.0,True,False,0.1253165453672409,0.0,0.0,0.0,True,0.0,0.0,0.0,-0.0,0.0,-0.0
84.581179,"[511.9517517089844, 4.49744176864624, 0.0]","[592.7227172851562, 4.5, 0.0]",5.060493469455793,7.600063800811768,7.610089535617534,-0.36363601685582836,-0.3640052080154419,80.72003171137813,2.529672145625792,1.168775558482693,76.22003171137813,-2.539570331355975,5.073051452636719,0.7587838172912598,45.59101486206055,False,-1,5.8318352699279785,7.600063800811768,0.35011768341064453,0.13269659838339748,1.7404801303844666,-1.7404801303844666,"StraightLane index=('>>>', '1S0_0_', 0)",True,461.8502197265625,0.0025572776794433594,0.0005264282226494539,"StraightLane index=('>>', '>>>', 0)",True,0.0,True,False,0.1253165453672409,0.0,0.0,0.0,True,0.0,0.0,0.0,-0.0,0.0,-0.0
84.599422,"[512.0531005859375, 4.497440814971924, 0.0]","[592.8704223632812, 4.5, 0.0]",5.053220749119036,7.615732669830322,7.618553208491768,-0.36363601683784275,-0.3658899664878845,80.77096554925785,2.539570331355975,0.49490928650914867,76.27096554925785,-2.5625119207112865,5.065606117248535,0.7587838172912598,45.59101486206055,False,-1,5.824389934539795,7.615732669830322,0.5263519287109375,0.13784925604994056,1.8034820045122768,-1.8034820045122768,"StraightLane index=('>>>', '1S0_0_', 0)",True,461.9517517089844,0.0025582313537597656,0.0005264282226494539,"StraightLane index=('>>', '>>>', 0)",True,0.0,True,False,0.1253165453672409,0.0,0.0,0.0,True,0.0,0.0,0.0,-0.0,0.0,-0.0
84.619472,"[512.154296875, 4.497439861297607, 0.0]","[593.023681640625, 4.5, 0.0]",5.045948028782019,7.61903190612793,7.628781868538263,-0.36363601685085456,-0.36582422256469727,80.817321750419,2.5625119207112865,1.1470794677655771,76.317321750419,-2.573083877345911,5.058312892913818,0.67254638671875,47.939449310302734,False,-1,5.730859279632568,7.61903190612793,0.5263519287109375,0.13784925604994056,1.8034820045122768,-1.8034820045122768,"StraightLane index=('>>>', '1S0_0_', 0)",True,462.0531005859375,0.002559185028076172,0.0005264282226494539,"StraightLane index=('>>', '>>>', 0)",True,0.0,True,False,0.1361621618270874,0.0,0.0,0.0,True,0.0,0.0,0.0,-0.0,0.0,-0.0
84.639121,"[512.25537109375, 4.497438907623291, 0.0]","[593.1764526367188, 4.5, 0.0]",5.038675308444909,7.635929107666016,7.638850947579742,-0.3636360168554731,-0.36510366201400757,80.86938473868928,2.573083877345911,0.5285978317312257,76.36938473868928,-2.5972537992211064,5.05111837387085,0.67254638671875,47.939449310302734,False,-1,5.7236647605896,7.635929107666016,0.5263519287109375,0.13784925604994056,1.8034820045122768,-1.8034820045122768,"StraightLane index=('>>>', '1S0_0_', 0)",True,462.154296875,0.002560138702392578,0.0005264282226494539,"StraightLane index=('>>', '>>>', 0)",True,0.0,True,False,0.1361621618270874,0.0,0.0,0.0,True,0.0,0.0,0.0,-0.0,0.0,-0.0
84.658582,"[512.3562622070312, 4.497437953948975, 0.0]","[593.32861328125, 4.5, 0.0]",5.03140258810769,7.6394548416137695,7.648819510272146,-0.3636360168609798,-0.36323636770248413,80.9210815160221,2.5972537992211064,1.20849609375977,76.4210815160221,-2.60805225350608,5.044039726257324,0.67254638671875,47.939449310302734,False,-1,5.716586112976074,7.6394548416137695,0.5263519287109375,0.13784925604994056,1.8034820045122768,-1.8034820045122768,"StraightLane index=('>>>', '1S0_0_', 0)",True,462.25537109375,0.0025610923767089844,0.0005264282226494539,"StraightLane index=('>>', '>>>', 0)",True,0.0,True,False,0.1361621618270874,0.0,0.0,0.0,True,0.0,0.0,0.0,-0.0,0.0,-0.0
84.680835,"[512.45703125, 4.497437000274658, 0.0]","[593.4833374023438, 4.5, 0.0]",5.024129867770935,7.656484603881836,7.660176388090848,-0.3636360168377095,-0.361394464969635,80.97235104726117,2.60805225350608,0.5399227142486751,76.47235104726117,-2.6323547361109005,5.037021160125732,0.67254638671875,47.939449310302734,False,-1,5.709567546844482,7.656484603881836,0.5263519287109375,0.13784925604994056,1.8034820045122768,-1.8034820045122768,"StraightLane index=('>>>', '1S0_0_', 0)",True,462.35626220703125,0.0025620460510253906,0.0005264282226494539,"StraightLane index=('>>', '>>>', 0)",True,0.0,True,False,0.1361621618270874,0.0,0.0,0.0,True,0.0,0.0,0.0,-0.0,0.0,-0.0
84.698666,"[512.5576782226562, 4.497436046600342, 0.0]","[593.63427734375, 4.5, 0.0]",5.016857147433945,7.6599249839782715,7.669341259261964,-0.3636360168495223,-0.3635656535625458,81.02630612537513,2.6323547361109005,1.2151241302410298,76.52630612537513,-2.6430678365443265,5.029596328735352,0.67254638671875,47.939449310302734,False,-1,5.702142715454102,7.6599249839782715,0.4419231414794922,0.13953164039672872,1.8575257341505411,-1.8575257341505411,"StraightLane index=('>>>', '1S0_0_', 0)",True,462.45703125,0.002562999725341797,0.0005264282226494539,"StraightLane index=('>>', '>>>', 0)",True,0.0,True,False,0.1361621618270874,0.0,0.0,0.0,True,0.0,0.0,0.0,-0.0,0.0,-0.0
84.719262,"[512.6581420898438, 4.497435092926025, 0.0]","[593.7886352539062, 4.5, 0.0]",5.009584427096865,7.677570343017578,7.680830282931424,-0.3636360168540076,-0.36384475231170654,81.07659909411424,2.6430678365443265,0.5356550216712996,76.57659909411424,-2.6679859159207133,5.022311687469482,0.67254638671875,47.939449310302734,False,-1,5.694858074188232,7.677570343017578,0.4419231414794922,0.13953164039672872,1.8575257341505411,-1.8575257341505411,"StraightLane index=('>>>', '1S0_0_', 0)",True,462.55767822265625,0.002563953399658203,0.0005264282226494539,"StraightLane index=('>>', '>>>', 0)",True,0.0,True,False,0.1361621618270874,0.0,0.0,0.0,True,0.0,0.0,0.0,-0.0,0.0,-0.0
84.739775,"[512.7584838867188, 4.497434139251709, 0.0]","[593.9429321289062, 4.5, 0.0]",5.002311706759617,7.682186126708985,7.692390030881134,-0.3636360168624009,-0.36348944902420044,81.13049313707195,2.6679859159207133,1.2459039688193396,76.63049313707195,-2.6798744199493685,5.0151166915893555,0.67254638671875,47.939449310302734,False,-1,5.6876630783081055,7.682186126708985,0.4419231414794922,0.13953164039672872,1.8575257341505411,-1.8575257341505411,"StraightLane index=('>>>', '1S0_0_', 0)",True,462.65814208984375,0.0025649070739746094,0.0005264282226494539,"StraightLane index=('>>', '>>>', 0)",True,0.0,True,False,0.1361621618270874,0.0,0.0,0.0,True,0.0,0.0,0.0,-0.0,0.0,-0.0
84.7589,"[512.8587036132812, 4.497433185577393, 0.0]","[594.0997314453125, 4.5, 0.0]",4.995038986420558,7.700319766998291,7.7031876142024185,-0.36363601695295067,-0.366589218378067,81.18444821518592,2.6798744199493685,0.5944252014327578,76.68444821518592,-2.7052807805777332,5.007547378540039,0.67254638671875,47.939449310302734,False,-1,5.680093765258789,7.700319766998291,0.4419231414794922,0.13953164039672872,1.8575257341505411,-1.8575257341505411,"StraightLane index=('>>>', '1S0_0_', 0)",True,462.75848388671875,0.0025658607482910156,0.0005264282226494539,"StraightLane index=('>>', '>>>', 0)",True,0.0,True,False,0.1361621618270874,0.0,0.0,0.0,True,0.0,0.0,0.0,-0.0,0.0,-0.0
84.779242,"[512.958740234375, 4.497432231903076, 0.0]","[594.250244140625, 4.5, 0.0]",4.987766266082218,7.7046613693237305,7.714634196356965,-0.36363601691697944,-0.36734408140182495,81.24102780501852,2.7052807805777332,1.2703180314182383,76.74102780501852,-2.7168951032415123,5.000149250030518,0.67254638671875,47.939449310302734,False,-1,5.672695636749268,7.7046613693237305,0.4419231414794922,0.13953164039672872,1.8575257341505411,-1.8575257341505411,"StraightLane index=('>>>', '1S0_0_', 0)",True,462.85870361328125,0.002566814422607422,0.0005264282226494539,"StraightLane index=('>>', '>>>', 0)",True,0.0,True,False,0.1361621618270874,0.0,0.0,0.0,True,0.0,0.0,0.0,-0.0,0.0,-0.0
84.799916,"[513.0586547851562, 4.49743127822876, 0.0]","[594.4080810546875, 4.5, 0.0]",4.980493545744182,7.722873210906982,7.726247007051083,-0.3636360169017916,-0.36711347103118896,81.29150387922638,2.7168951032415123,0.5807161331889521,76.79150387922638,-2.7423796651628,4.992870330810547,0.67254638671875,47.939449310302734,False,-1,5.665416717529297,7.722873210906982,0.6294822692871094,0.14761035578210469,1.9301571381379248,-1.9301571381379248,"StraightLane index=('>>>', '1S0_0_', 0)",True,462.958740234375,0.002567768096923828,0.0005264282226494539,"StraightLane index=('>>', '>>>', 0)",True,0.0,True,False,0.1361621618270874,0.0,0.0,0.0,True,0.0,0.0,0.0,-0.0,0.0,-0.0
84.819107,"[513.1583862304688, 4.497430324554443, 0.0]","[594.5593872070312, 4.5, 0.0]",4.973220825406267,7.727886199951172,7.738037728894217,-0.363636016895752,-0.3654716908931732,81.34942624249642,2.7423796651628,1.2742280960643892,76.84942624249642,-2.7546653745449046,4.985726356506348,0.9377918243408203,48.488521575927734,False,-1,5.923518180847168,7.727886199951172,0.6294822692871094,0.14761035578210469,1.9301571381379248,-1.9301571381379248,"StraightLane index=('>>>', '1S0_0_', 0)",True,463.05865478515625,0.0025687217712402344,0.0005264282226494539,"StraightLane index=('>>', '>>>', 0)",True,0.0,True,False,0.14871616661548615,0.0,0.0,0.0,True,0.0,0.0,0.0,-0.0,0.0,-0.0
84.839279,"[513.2579956054688, 4.497429370880127, 0.0]","[594.71484375, 4.5, 0.0]",4.965948105068483,7.746835231781006,7.750374149767659,-0.36363601688922387,-0.3636537790298462,81.40100094951671,2.7546653745449046,0.6142854691052246,76.90100094951671,-2.780887126712523,4.9786601066589355,0.9377918243408203,48.488521575927734,False,-1,5.916451930999756,7.746835231781006,0.6294822692871094,0.14761035578210469,1.9301571381379248,-1.9301571381379248,"StraightLane index=('>>>', '1S0_0_', 0)",True,463.15838623046875,0.0025696754455566406,0.0005264282226494539,"StraightLane index=('>>', '>>>', 0)",True,0.0,True,False,0.14871616661548615,0.0,0.0,0.0,True,0.0,0.0,0.0,-0.0,0.0,-0.0
84.859147,"[513.3574829101562, 4.4974284172058105, 0.0]","[594.8727416992188, 4.5, 0.0]",4.958675384730988,7.755981922149658,7.762588705634296,-0.36363601687474656,-0.3657045066356659,81.45684811747437,2.780887126712523,1.311087608380923,76.95684811747437,-2.7973065374186703,4.971203327178955,0.9377918243408203,48.488521575927734,False,-1,5.908995151519775,7.755981922149658,0.6294822692871094,0.14761035578210469,1.9301571381379248,-1.9301571381379248,"StraightLane index=('>>>', '1S0_0_', 0)",True,463.25799560546875,0.002570629119873047,0.0005264282226494539,"StraightLane index=('>>', '>>>', 0)",True,0.0,True,False,0.14871616661548615,0.0,0.0,0.0,True,0.0,0.0,0.0,-0.0,0.0,-0.0
84.880079,"[513.456787109375, 4.497427463531494, 0.0]","[595.0285034179688, 4.5, 0.0]",4.951402664393498,7.768291950225831,7.775383055891438,-0.3636360168744801,-0.3733815848827362,81.51525876199437,2.7973065374186703,0.8209705353073637,77.01525876199437,-2.8168892858323327,4.963008880615234,0.9377918243408203,48.488521575927734,False,-1,5.900800704956055,7.768291950225831,0.6294822692871094,0.14761035578210469,1.9301571381379248,-1.9301571381379248,"StraightLane index=('>>>', '1S0_0_', 0)",True,463.35748291015625,0.002571582794189453,0.0005264282226494539,"StraightLane index=('>>', '>>>', 0)",True,0.0,True,False,0.14871616661548615,0.0,0.0,0.0,True,0.0,0.0,0.0,-0.0,0.0,-0.0
84.898949,"[513.5559692382812, 4.497426509857178, 0.0]","[595.1793212890625, 4.5, 0.0]",4.944129944055953,7.780211448669434,7.786984142180942,-0.36363601687727787,-0.3813508450984955,81.57171628151448,2.8168892858323327,0.9791374206831183,77.07171628151448,-2.836081504613481,4.954627513885498,0.9377918243408203,48.488521575927734,False,-1,5.892419338226318,7.780211448669434,0.5733823776245117,0.15291770342075212,1.9963706814195146,-1.9963706814195146,"StraightLane index=('>>>', '1S0_0_', 0)",True,463.456787109375,0.0025725364685058594,0.0005264282226494539,"StraightLane index=('>>', '>>>', 0)",True,0.0,True,False,0.14871616661548615,0.0,0.0,0.0,True,0.0,0.0,0.0,-0.0,0.0,-0.0
84.919164,"[513.6549682617188, 4.497425556182861, 0.0]","[595.3359985351562, 4.5, 0.0]",4.936857223718643,7.793194770812988,7.800335508658816,-0.3636360168654651,-0.37301355600357056,81.62335202369104,2.836081504613481,0.9596109390574092,77.12335202369104,-2.856337547094345,4.947936534881592,0.9377918243408203,48.488521575927734,False,-1,5.885728359222412,7.793194770812988,0.5733823776245117,0.15291770342075212,1.9963706814195146,-1.9963706814195146,"StraightLane index=('>>>', '1S0_0_', 0)",True,463.55596923828125,0.0025734901428222656,0.0005264282226494539,"StraightLane index=('>>', '>>>', 0)",True,0.0,True,False,0.14871616661548615,0.0,0.0,0.0,True,0.0,0.0,0.0,-0.0,0.0,-0.0
84.93954,"[513.7538452148438, 4.497424602508545, 0.0]","[595.4964599609375, 4.5, 0.0]",4.929584503381421,7.806799411773682,7.813839858622178,-0.363636016861113,-0.3659837245941162,81.6810302463361,2.856337547094345,1.0128021240431995,77.1810302463361,-2.8772149083922605,4.941294193267822,0.9377918243408203,48.488521575927734,False,-1,5.879086017608643,7.806799411773682,0.5733823776245117,0.15291770342075212,1.9963706814195146,-1.9963706814195146,"StraightLane index=('>>>', '1S0_0_', 0)",True,463.65496826171875,0.002574443817138672,0.0005264282226494539,"StraightLane index=('>>', '>>>', 0)",True,0.0,True,False,0.14871616661548615,0.0,0.0,0.0,True,0.0,0.0,0.0,-0.0,0.0,-0.0
84.958426,"[513.8526000976562, 4.4974236488342285, 0.0]","[595.6480102539062, 4.5, 0.0]",4.922311783044366,7.819644927978516,7.826370950459798,-0.36363601685276414,-0.3641936779022217,81.74261471898099,2.8772149083922605,1.043868064895781,77.24261471898099,-2.8973331449341497,4.9342145919799805,0.9377918243408203,48.488521575927734,False,-1,5.872006416320801,7.819644927978516,0.5733823776245117,0.15291770342075212,1.9963706814195146,-1.9963706814195146,"StraightLane index=('>>>', '1S0_0_', 0)",True,463.75384521484375,0.002575397491455078,0.0005264282226494539,"StraightLane index=('>>', '>>>', 0)",True,0.0,True,False,0.14871616661548615,0.0,0.0,0.0,True,0.0,0.0,0.0,-0.0,0.0,-0.0
84.979495,"[513.951171875, 4.497422695159912, 0.0]","[595.8045654296875, 4.5, 0.0]",4.915039062707198,7.832918167114258,7.840325846063386,-0.3636360168584041,-0.36923694610595703,81.79541012912624,2.8973331449341497,1.0059118270944634,77.29541012912624,-2.91787910440706,4.9263410568237305,0.9377918243408203,48.488521575927734,False,-1,5.864132881164551,7.832918167114258,0.5733823776245117,0.15291770342075212,1.9963706814195146,-1.9963706814195146,"StraightLane index=('>>>', '1S0_0_', 0)",True,463.85260009765625,0.0025763511657714844,0.0005264282226494539,"StraightLane index=('>>', '>>>', 0)",True,0.0,True,False,0.14871616661548615,0.0,0.0,0.0,True,0.0,0.0,0.0,-0.0,0.0,-0.0
84.999231,"[514.0496215820312, 4.497421741485596, 0.0]","[595.9605712890625, 4.5, 0.0]",4.907766342369976,7.846144199371338,7.853417741743883,-0.3636360168610686,-0.3641687035560608,81.85339352755254,2.91787910440706,1.0272979736455135,77.35339352755254,-2.9383778570013614,4.919557571411133,0.9377918243408203,48.488521575927734,False,-1,5.857349395751953,7.846144199371338,0.659327507019043,0.1607023958243434,2.0706480028752283,-2.0706480028752283,"StraightLane index=('>>>', '1S0_0_', 0)",True,463.951171875,0.0025773048400878906,0.0005264282226494539,"StraightLane index=('>>', '>>>', 0)",True,0.0,True,False,0.14871616661548615,0.0,0.0,0.0,True,0.0,0.0,0.0,-0.0,0.0,-0.0
85.019301,"[514.14794921875, 4.497420787811279, 0.0]","[596.1218872070312, 4.5, 0.0]",4.900493622034272,7.860389232635498,7.867635647220165,-0.3636360167852182,-0.3613252639770508,81.91094967988509,2.9383778570013614,1.0249376297150725,77.41094967988509,-2.959895610601226,4.90897798538208,0.8145618438720703,44.40896224975586,False,-1,5.72353982925415,7.860389232635498,0.659327507019043,0.1607023958243434,2.0706480028752283,-2.0706480028752283,"StraightLane index=('>>>', '1S0_0_', 0)",True,464.04962158203125,0.002578258514404297,0.0005264282226494539,"StraightLane index=('>>', '>>>', 0)",True,0.0,True,False,0.1628483086824417,0.0,0.0,0.0,True,0.0,0.0,0.0,-0.0,0.0,-0.0
85.0415,"[514.24609375, 4.497419834136963, 0.0]","[596.2821044921875, 4.5, 0.0]",4.8932209016980535,7.874810218811037,7.883359676420958,-0.36363601681093094,-0.3623950481414795,81.97393796112368,2.959895610601226,1.075887679993226,77.47393796112368,-2.9815893171129835,4.905252456665039,0.8145618438720703,44.40896224975586,False,-1,5.719814300537109,7.874810218811037,0.659327507019043,0.1607023958243434,2.0706480028752283,-2.0706480028752283,"StraightLane index=('>>>', '1S0_0_', 0)",True,464.14794921875,0.002579212188720703,0.0005264282226494539,"StraightLane index=('>>', '>>>', 0)",True,0.0,True,False,0.1628483086824417,0.0,0.0,0.0,True,0.0,0.0,0.0,-0.0,0.0,-0.0
85.058544,"[514.3441162109375, 4.4974188804626465, 0.0]","[596.4339599609375, 4.5, 0.0]",4.885948181361522,7.888474464416504,7.895493995321893,-0.3636360168265629,-0.3608752191066742,82.03601071501853,2.9815893171129835,1.0846853255878752,77.53601071501853,-3.0025262830549817,4.898215293884277,0.8145618438720703,44.40896224975586,False,-1,5.712777137756348,7.888474464416504,0.659327507019043,0.1607023958243434,2.0706480028752283,-2.0706480028752283,"StraightLane index=('>>>', '1S0_0_', 0)",True,464.24609375,0.0025801658630371094,0.0005264282226494539,"StraightLane index=('>>', '>>>', 0)",True,0.0,True,False,0.1628483086824417,0.0,0.0,0.0,True,0.0,0.0,0.0,-0.0,0.0,-0.0
85.079645,"[514.4419555664062, 4.49741792678833, 0.0]","[596.591796875, 4.5, 0.0]",4.878675461023417,7.902679920196533,7.910471824462447,-0.3636360169052555,-0.35869795083999634,82.08984372281999,3.0025262830549817,1.0468482970999116,77.58984372281999,-3.024004459173116,4.891255855560303,0.8145618438720703,44.40896224975586,False,-1,5.705817699432373,7.902679920196533,0.659327507019043,0.1607023958243434,2.0706480028752283,-2.0706480028752283,"StraightLane index=('>>>', '1S0_0_', 0)",True,464.3441162109375,0.0025811195373535156,0.0005264282226494539,"StraightLane index=('>>', '>>>', 0)",True,0.0,True,False,0.1628483086824417,0.0,0.0,0.0,True,0.0,0.0,0.0,-0.0,0.0,-0.0
85.099317,"[514.5396728515625, 4.497416973114014, 0.0]","[596.749267578125, 4.5, 0.0]",4.871402740685719,7.91685152053833,7.9244441018959435,-0.3636360168849162,-0.356912225484848,82.14984128140246,3.024004459173116,1.0739088059067203,77.64984128140246,-3.0454487798526113,4.884322166442871,0.8145618438720703,44.40896224975586,False,-1,5.698884010314941,7.91685152053833,0.7070732116699219,0.1693797186503563,2.148921425554554,-2.148921425554554,"StraightLane index=('>>>', '1S0_0_', 0)",True,464.44195556640625,0.002582073211669922,0.0005264282226494539,"StraightLane index=('>>', '>>>', 0)",True,0.0,True,False,0.1628483086824417,0.0,0.0,0.0,True,0.0,0.0,0.0,-0.0,0.0,-0.0
85.119596,"[514.6372680664062, 4.497416019439697, 0.0]","[596.9126586914062, 4.5, 0.0]",4.864130020348151,7.932116508483887,7.939766315732463,-0.3636360168783881,-0.35939696431159973,82.20959469935993,3.0454487798526113,1.07221603397476,77.70959469935993,-3.0679864881357357,4.876952648162842,0.8145618438720703,44.40896224975586,False,-1,5.691514492034912,7.932116508483887,0.7070732116699219,0.1693797186503563,2.148921425554554,-2.148921425554554,"StraightLane index=('>>>', '1S0_0_', 0)",True,464.5396728515625,0.002583026885986328,0.0005264282226494539,"StraightLane index=('>>', '>>>', 0)",True,0.0,True,False,0.1628483086824417,0.0,0.0,0.0,True,0.0,0.0,0.0,-0.0,0.0,-0.0
85.13901,"[514.7346801757812, 4.497415065765381, 0.0]","[597.068115234375, 4.5, 0.0]",4.856857300010673,7.946897506713867,7.954463077833808,-0.3636360168739028,-0.3601522445678711,82.27539059778589,3.0679864881357357,1.1268854141562201,77.77539059778589,-3.0900402067031942,4.869699478149414,0.8145618438720703,44.40896224975586,False,-1,5.684261322021484,7.946897506713867,0.7070732116699219,0.1693797186503563,2.148921425554554,-2.148921425554554,"StraightLane index=('>>>', '1S0_0_', 0)",True,464.63726806640625,0.0025839805603027344,0.0005264282226494539,"StraightLane index=('>>', '>>>', 0)",True,0.0,True,False,0.1628483086824417,0.0,0.0,0.0,True,0.0,0.0,0.0,-0.0,0.0,-0.0
85.15905,"[514.8319702148438, 4.4974141120910645, 0.0]","[597.2305908203125, 4.5, 0.0]",4.8495845796733015,7.962342262268066,7.96963780068445,-0.3636360168685737,-0.3603598177433014,82.33343503136842,3.0900402067031942,1.1026859283729262,77.83343503136842,-3.112757682594765,4.862516403198242,0.8145618438720703,44.40896224975586,False,-1,5.6770782470703125,7.962342262268066,0.7070732116699219,0.1693797186503563,2.148921425554554,-2.148921425554554,"StraightLane index=('>>>', '1S0_0_', 0)",True,464.73468017578125,0.0025849342346191406,0.0005264282226494539,"StraightLane index=('>>', '>>>', 0)",True,0.0,True,False,0.1628483086824417,0.0,0.0,0.0,True,0.0,0.0,0.0,-0.0,0.0,-0.0
85.179883,"[514.9290771484375, 4.497413158416748, 0.0]","[597.3902587890625, 4.5, 0.0]",4.842311859335717,7.977521896362305,7.985398119025589,-0.36363601687923186,-0.3640495538711548,82.3986205782319,3.112757682594765,1.1358737945785347,77.8986205782319,-3.135210037026588,4.854944705963135,0.8145618438720703,44.40896224975586,False,-1,5.669506549835205,7.977521896362305,0.7070732116699219,0.1693797186503563,2.148921425554554,-2.148921425554554,"StraightLane index=('>>>', '1S0_0_', 0)",True,464.83197021484375,0.002585887908935547,0.0005264282226494539,"StraightLane index=('>>', '>>>', 0)",True,0.0,True,False,0.1628483086824417,0.0,0.0,0.0,True,0.0,0.0,0.0,-0.0,0.0,-0.0
85.199579,"[515.0260620117188, 4.497412204742432, 0.0]","[597.5492553710938, 4.5, 0.0]",4.835039138998274,7.992640018463135,8.000294146260496,-0.36363601687212643,-0.36537712812423706,82.46118161337675,3.135210037026588,1.122617721591146,77.96118161337675,-3.1576008794648605,4.847534656524658,0.8145618438720703,44.40896224975586,False,-1,5.6620965003967285,7.992640018463135,0.7578849792480469,0.17896772105900233,2.2314082927111616,-2.2314082927111616,"StraightLane index=('>>>', '1S0_0_', 0)",True,464.9290771484375,0.002586841583251953,0.0005264282226494539,"StraightLane index=('>>', '>>>', 0)",True,0.0,True,False,0.1628483086824417,0.0,0.0,0.0,True,0.0,0.0,0.0,-0.0,0.0,-0.0
85.21906,"[515.1229248046875, 4.497411251068115, 0.0]","[597.7061767578125, 4.5, 0.0]",4.827766418660725,8.008086204528809,8.015956815658322,-0.3636360168774555,-0.36330071091651917,82.52319333211537,3.1576008794648605,1.1195421219136303,78.02319333211537,-3.1803197858680834,4.83682918548584,1.0961894989013672,47.648258209228516,False,-1,5.933018684387207,8.008086204528809,0.7578849792480469,0.17896772105900233,2.2314082927111616,-2.2314082927111616,"StraightLane index=('>>>', '1S0_0_', 0)",True,465.02606201171875,0.0025877952575683594,0.0005264282226494539,"StraightLane index=('>>', '>>>', 0)",True,0.0,True,False,0.1696183830499649,0.0,0.0,0.0,True,0.0,0.0,0.0,-0.0,0.0,-0.0
85.239256,"[515.2196044921875, 4.497410297393799, 0.0]","[597.8679809570312, 4.5, 0.0]",4.820493698323246,8.024267196655273,8.03219485875424,-0.3636360168739472,-0.364492267370224,82.58325192585409,3.1803197858680834,1.135945320161147,78.08325192585409,-3.203773498332027,4.833071231842041,1.0961894989013672,47.648258209228516,False,-1,5.929260730743408,8.024267196655273,0.7578849792480469,0.17896772105900233,2.2314082927111616,-2.2314082927111616,"StraightLane index=('>>>', '1S0_0_', 0)",True,465.1229248046875,0.0025887489318847656,0.0005264282226494539,"StraightLane index=('>>', '>>>', 0)",True,0.0,True,False,0.1696183830499649,0.0,0.0,0.0,True,0.0,0.0,0.0,-0.0,0.0,-0.0
85.258674,"[515.316162109375, 4.497409343719482, 0.0]","[598.0270385742188, 4.5, 0.0]",4.813220977985947,8.040173530578613,8.047814229458409,-0.3636360168649766,-0.36306142807006836,82.64837643756131,3.203773498332027,1.1726856231971894,78.14837643756131,-3.2269525525926666,4.825982093811035,1.0961894989013672,47.648258209228516,False,-1,5.922171592712402,8.040173530578613,0.7578849792480469,0.17896772105900233,2.2314082927111616,-2.2314082927111616,"StraightLane index=('>>>', '1S0_0_', 0)",True,465.2196044921875,0.002589702606201172,0.0005264282226494539,"StraightLane index=('>>', '>>>', 0)",True,0.0,True,False,0.1696183830499649,0.0,0.0,0.0,True,0.0,0.0,0.0,-0.0,0.0,-0.0
85.279201,"[515.41259765625, 4.497408390045166, 0.0]","[598.188232421875, 4.5, 0.0]",4.805948257648696,8.059624671936035,8.064305199683016,-0.3636360168625341,-0.3638600707054138,82.71087643754991,3.2269525525926666,1.1589527130319688,78.21087643754991,-3.253676414287339,4.815012454986572,1.0961894989013672,47.648258209228516,False,-1,5.9112019538879395,8.059624671936035,0.7578849792480469,0.17896772105900233,2.2314082927111616,-2.2314082927111616,"StraightLane index=('>>>', '1S0_0_', 0)",True,465.316162109375,0.002590656280517578,0.0005264282226494539,"StraightLane index=('>>', '>>>', 0)",True,0.0,True,False,0.1696183830499649,0.0,0.0,0.0,True,0.0,0.0,0.0,-0.0,0.0,-0.0
85.300878,"[515.5088500976562, 4.49740743637085, 0.0]","[598.3522338867188, 4.5, 0.0]",4.798675537311645,8.069351196289062,8.081776282031731,-0.3636360168525421,-0.365724116563797,82.77563473831967,3.253676414287339,1.3361930847336279,78.27563473831967,-3.2706756589774173,4.811178207397461,1.0961894989013672,47.648258209228516,False,-1,5.907367706298828,8.069351196289062,0.7671117782592773,0.1879198611921768,2.313859039527498,-2.313859039527498,"StraightLane index=('>>>', '1S0_0_', 0)",True,465.41259765625,0.0025916099548339844,0.0005264282226494539,"StraightLane index=('>>', '>>>', 0)",True,0.0,True,False,0.1696183830499649,0.0,0.0,0.0,True,0.0,0.0,0.0,-0.0,0.0,-0.0
85.319051,"[515.60498046875, 4.497406482696533, 0.0]","[598.5111694335938, 4.5, 0.0]",4.791402816974634,8.092421531677246,8.097227411188012,-0.3636360168505437,-0.36527085304260254,82.84338376174554,3.2706756589774173,0.8499622345039093,78.34338376174554,-3.3010187147026118,4.803956508636475,1.0961894989013672,47.648258209228516,False,-1,5.900146007537842,8.092421531677246,0.7671117782592773,0.1879198611921768,2.313859039527498,-2.313859039527498,"StraightLane index=('>>>', '1S0_0_', 0)",True,465.50885009765625,0.0025925636291503906,0.0005264282226494539,"StraightLane index=('>>', '>>>', 0)",True,0.0,True,False,0.1696183830499649,0.0,0.0,0.0,True,0.0,0.0,0.0,-0.0,0.0,-0.0
85.340446,"[515.700927734375, 4.497405529022217, 0.0]","[598.6780395507812, 4.5, 0.0]",4.784130096637437,8.10321044921875,8.115411751889566,-0.36363601685986957,-0.3635830283164978,82.9061889375154,3.3010187147026118,1.5171527862597234,78.4061889375154,-3.319080352581313,4.796854496002197,1.0961894989013672,47.648258209228516,False,-1,5.8930439949035645,8.10321044921875,0.7671117782592773,0.1879198611921768,2.313859039527498,-2.313859039527498,"StraightLane index=('>>>', '1S0_0_', 0)",True,465.60498046875,0.002593517303466797,0.0005264282226494539,"StraightLane index=('>>', '>>>', 0)",True,0.0,True,False,0.1696183830499649,0.0,0.0,0.0,True,0.0,0.0,0.0,-0.0,0.0,-0.0
85.358932,"[515.7967529296875, 4.4974045753479, 0.0]","[598.83544921875, 4.5, 0.0]",4.776857376299994,8.126350402832031,8.131135806695033,-0.36363601687212643,-0.36184751987457275,82.97711178906613,3.319080352581313,0.9030818939350649,78.47711178906613,-3.349493026532037,4.7898173332214355,1.0961894989013672,47.648258209228516,False,-1,5.886006832122803,8.126350402832031,0.7671117782592773,0.1879198611921768,2.313859039527498,-2.313859039527498,"StraightLane index=('>>>', '1S0_0_', 0)",True,465.700927734375,0.002594470977783203,0.0005264282226494539,"StraightLane index=('>>', '>>>', 0)",True,0.0,True,False,0.1696183830499649,0.0,0.0,0.0,True,0.0,0.0,0.0,-0.0,0.0,-0.0
85.379117,"[515.8924560546875, 4.497403621673584, 0.0]","[598.9982299804688, 4.5, 0.0]",4.769584655964271,8.136716842651367,8.148267139340689,-0.36363601678615076,-0.3640673756599426,83.03869626171102,3.349493026532037,1.520633697536189,78.53869626171102,-3.367132186687096,4.782378196716309,1.0961894989013672,47.648258209228516,False,-1,5.878567695617676,8.136716842651367,0.7671117782592773,0.1879198611921768,2.313859039527498,-2.313859039527498,"StraightLane index=('>>>', '1S0_0_', 0)",True,465.7967529296875,0.0025954246520996094,0.0005264282226494539,"StraightLane index=('>>', '>>>', 0)",True,0.0,True,False,0.1696183830499649,0.0,0.0,0.0,True,0.0,0.0,0.0,-0.0,0.0,-0.0
85.39892,"[515.9879760742188, 4.497402667999268, 0.0]","[599.160888671875, 4.5, 0.0]",4.762311935628101,8.160406112670898,8.165117724644888,-0.36363601680853286,-0.35987892746925354,83.10577389841818,3.367132186687096,0.8819580077529476,78.60577389841818,-3.3980941770427977,4.771908283233643,1.0961894989013672,47.648258209228516,False,-1,5.86809778213501,8.160406112670898,0.9105491638183594,0.2009970958066017,2.4097583108844205,-2.4097583108844205,"StraightLane index=('>>>', '1S0_0_', 0)",True,465.8924560546875,0.0025963783264160156,0.0005264282226494539,"StraightLane index=('>>', '>>>', 0)",True,0.0,True,False,0.1696183830499649,0.0,0.0,0.0,True,0.0,0.0,0.0,-0.0,0.0,-0.0
85.419213,"[516.0833740234375, 4.497401714324951, 0.0]","[599.325439453125, 4.5, 0.0]",4.7550392152914815,8.171480178833008,8.183294107843256,-0.36363601683095936,-0.3613725006580353,83.17291257028158,3.3980941770427977,1.5480995177850954,78.67291257028158,-3.4164409635415263,4.76451301574707,0.9124717712402344,46.812984466552734,False,-1,5.676984786987305,8.171480178833008,0.9105491638183594,0.2009970958066017,2.4097583108844205,-2.4097583108844205,"StraightLane index=('>>>', '1S0_0_', 0)",True,465.98797607421875,0.002597332000732422,0.0005264282226494539,"StraightLane index=('>>', '>>>', 0)",True,0.0,True,False,0.184274822473526,0.0,0.0,0.0,True,0.0,0.0,0.0,-0.0,0.0,-0.0
85.43898,"[516.1786499023438, 4.497400760650635, 0.0]","[599.4892578125, 4.5, 0.0]",4.747766494954499,8.196063041687012,8.201040065943912,-0.3636360168491226,-0.3670172095298767,83.24206540230115,3.4164409635415263,0.9173393249364281,78.74206540230115,-3.4482965467325126,4.760307312011719,0.9124717712402344,46.812984466552734,False,-1,5.672779083251953,8.196063041687012,0.9105491638183594,0.2009970958066017,2.4097583108844205,-2.4097583108844205,"StraightLane index=('>>>', '1S0_0_', 0)",True,466.0833740234375,0.002598285675048828,0.0005264282226494539,"StraightLane index=('>>', '>>>', 0)",True,0.0,True,False,0.184274822473526,0.0,0.0,0.0,True,0.0,0.0,0.0,-0.0,0.0,-0.0
85.45899,"[516.2737426757812, 4.497399806976318, 0.0]","[599.6565551757812, 4.5, 0.0]",4.740493774617341,8.207691192626953,8.219017561700321,-0.3636360168579156,-0.36771005392074585,83.31060788275825,3.4482965467325126,1.592779159549318,78.81060788275825,-3.4671974180096123,4.752907752990723,0.9124717712402344,46.812984466552734,False,-1,5.665379524230957,8.207691192626953,0.9105491638183594,0.2009970958066017,2.4097583108844205,-2.4097583108844205,"StraightLane index=('>>>', '1S0_0_', 0)",True,466.17864990234375,0.0025992393493652344,0.0005264282226494539,"StraightLane index=('>>', '>>>', 0)",True,0.0,True,False,0.184274822473526,0.0,0.0,0.0,True,0.0,0.0,0.0,-0.0,0.0,-0.0
85.479917,"[516.3687133789062, 4.497398853302002, 0.0]","[599.8213500976562, 4.5, 0.0]",4.733221054280269,8.232381820678711,8.237797553322231,-0.3636360168536079,-0.367413192987442,83.38281247259019,3.4671974180096123,0.9450435638549859,78.88281247259019,-3.4991607663984423,4.745628356933594,0.9124717712402344,46.812984466552734,False,-1,5.658100128173828,8.232381820678711,0.9105491638183594,0.2009970958066017,2.4097583108844205,-2.4097583108844205,"StraightLane index=('>>>', '1S0_0_', 0)",True,466.27374267578125,0.0026001930236816406,0.0005264282226494539,"StraightLane index=('>>', '>>>', 0)",True,0.0,True,False,0.184274822473526,0.0,0.0,0.0,True,0.0,0.0,0.0,-0.0,0.0,-0.0
85.499072,"[516.4635009765625, 4.4973978996276855, 0.0]","[599.9852905273438, 4.5, 0.0]",4.725948333943219,8.243644714355469,8.255008848527343,-0.3636360168524977,-0.36570608615875244,83.45263669132848,3.4991607663984423,1.5981674194414985,78.95263669132848,-3.51769638041225,4.738485813140869,0.9124717712402344,46.812984466552734,False,-1,5.6509575843811035,8.243644714355469,0.8323860168457031,0.21003089681554113,2.496533544083504,-2.496533544083504,"StraightLane index=('>>>', '1S0_0_', 0)",True,466.36871337890625,0.002601146697998047,0.0005264282226494539,"StraightLane index=('>>', '>>>', 0)",True,0.0,True,False,0.184274822473526,0.0,0.0,0.0,True,0.0,0.0,0.0,-0.0,0.0,-0.0
85.518704,"[516.5581665039062, 4.497396945953369, 0.0]","[600.14697265625, 4.5, 0.0]",4.718675613606434,8.268479347229004,8.273496572330782,-0.3636360168392194,-0.3638283610343933,83.52178952334803,3.51769638041225,0.9267807006903883,79.02178952334803,-3.5498037336225696,4.73142147064209,0.9124717712402344,46.812984466552734,False,-1,5.643893241882324,8.268479347229004,0.8323860168457031,0.21003089681554113,2.496533544083504,-2.496533544083504,"StraightLane index=('>>>', '1S0_0_', 0)",True,466.4635009765625,0.002602100372314453,0.0005264282226494539,"StraightLane index=('>>', '>>>', 0)",True,0.0,True,False,0.184274822473526,0.0,0.0,0.0,True,0.0,0.0,0.0,-0.0,0.0,-0.0
85.538906,"[516.6527099609375, 4.497395992279053, 0.0]","[600.3133544921875, 4.5, 0.0]",4.711402893269279,8.280725479125977,8.292568583822533,-0.36363601685778235,-0.3641127347946167,83.58880612489895,3.5498037336225696,1.6053676605159772,79.08880612489895,-3.569322585856698,4.720488548278809,0.9124717712402344,46.812984466552734,False,-1,5.632960319519043,8.280725479125977,0.8323860168457031,0.21003089681554113,2.496533544083504,-2.496533544083504,"StraightLane index=('>>>', '1S0_0_', 0)",True,466.55816650390625,0.0026030540466308594,0.0005264282226494539,"StraightLane index=('>>', '>>>', 0)",True,0.0,True,False,0.184274822473526,0.0,0.0,0.0,True,0.0,0.0,0.0,-0.0,0.0,-0.0
85.55821,"[516.7470703125, 4.497395038604736, 0.0]","[600.4783325195312, 4.5, 0.0]",4.704130172931907,8.30615234375,8.310798849380765,-0.3636360168685737,-0.36584535241127014,83.6606445037934,3.569322585856698,0.9759426117064152,79.1606445037934,-3.602022170818093,4.716665744781494,0.9124717712402344,46.812984466552734,False,-1,5.6291375160217285,8.30615234375,0.8323860168457031,0.21003089681554113,2.496533544083504,-2.496533544083504,"StraightLane index=('>>>', '1S0_0_', 0)",True,466.6527099609375,0.0026040077209472656,0.0005264282226494539,"StraightLane index=('>>', '>>>', 0)",True,0.0,True,False,0.184274822473526,0.0,0.0,0.0,True,0.0,0.0,0.0,-0.0,0.0,-0.0
85.579051,"[516.84130859375, 4.49739408493042, 0.0]","[600.6448364257812, 4.5, 0.0]",4.696857452594656,8.31840991973877,8.330461795442927,-0.3636360168625785,-0.3624509572982788,83.73126217956292,3.602022170818093,1.6349792480697456,79.23126217956292,-3.621552467144114,4.706099033355713,0.9124717712402344,46.812984466552734,False,-1,5.618570804595947,8.31840991973877,0.8323860168457031,0.21003089681554113,2.496533544083504,-2.496533544083504,"StraightLane index=('>>>', '1S0_0_', 0)",True,466.7470703125,0.002604961395263672,0.0005264282226494539,"StraightLane index=('>>', '>>>', 0)",True,0.0,True,False,0.184274822473526,0.0,0.0,0.0,True,0.0,0.0,0.0,-0.0,0.0,-0.0
85.599639,"[516.9353637695312, 4.4973931312561035, 0.0]","[600.814697265625, 4.5, 0.0]",4.689584732257482,8.344389915466309,8.349887344357748,-0.36363601685867053,-0.36796167492866516,83.8035278045511,3.621552467144114,0.9765148163010551,79.3035278045511,-3.6548051832088264,4.701896667480469,0.9124717712402344,46.812984466552734,False,-1,5.614368438720703,8.344389915466309,1.0074520111083984,0.22428862752278095,2.599911996608518,-2.599911996608518,"StraightLane index=('>>>', '1S0_0_', 0)",True,466.84130859375,0.002605915069580078,0.0005264282226494539,"StraightLane index=('>>', '>>>', 0)",True,0.0,True,False,0.184274822473526,0.0,0.0,0.0,True,0.0,0.0,0.0,-0.0,0.0,-0.0
85.619329,"[517.029296875, 4.497392177581787, 0.0]","[600.9828491210938, 4.5, 0.0]",4.6823120119202795,8.35730266571045,8.369341997091523,-0.363636016860136,-0.3684040606021881,83.87933346860163,3.6548051832088264,1.6626358032356237,79.37933346860163,-3.6749906537901698,4.694505214691162,0.9124717712402344,46.812984466552734,False,-1,5.6069769859313965,8.35730266571045,1.0074520111083984,0.22428862752278095,2.599911996608518,-2.599911996608518,"StraightLane index=('>>>', '1S0_0_', 0)",True,466.93536376953125,0.0026068687438964844,0.0005264282226494539,"StraightLane index=('>>', '>>>', 0)",True,0.0,True,False,0.184274822473526,0.0,0.0,0.0,True,0.0,0.0,0.0,-0.0,0.0,-0.0
85.639626,"[517.1231079101562, 4.497391223907471, 0.0]","[601.1513061523438, 4.5, 0.0]",4.675039291583633,8.38378620147705,8.389393224921871,-0.36363601683233604,-0.36788713932037354,83.95355221858975,3.6749906537901698,1.0092735290671673,79.45355221858975,-3.708746909893418,4.687236785888672,1.3031277656555176,47.876564025878906,False,-1,5.9903645515441895,8.38378620147705,1.0074520111083984,0.22428862752278095,2.599911996608518,-2.599911996608518,"StraightLane index=('>>>', '1S0_0_', 0)",True,467.029296875,0.0026078224182128906,0.0005264282226494539,"StraightLane index=('>>', '>>>', 0)",True,0.0,True,False,0.19537129998207092,0.0,0.0,0.0,True,0.0,0.0,0.0,-0.0,0.0,-0.0
85.659525,"[517.2167358398438, 4.497390270233154, 0.0]","[601.3184204101562, 4.5, 0.0]",4.667766571246594,8.396773338317871,8.409032146516116,-0.3636360168519204,-0.36063799262046814,84.02819821467158,3.708746909893418,1.6878128051624142,79.52819821467158,-3.7290067670712768,4.677006721496582,1.3031277656555176,47.876564025878906,False,-1,5.9801344871521,8.396773338317871,1.0074520111083984,0.22428862752278095,2.599911996608518,-2.599911996608518,"StraightLane index=('>>>', '1S0_0_', 0)",True,467.12310791015625,0.002608776092529297,0.0005264282226494539,"StraightLane index=('>>', '>>>', 0)",True,0.0,True,False,0.19537129998207092,0.0,0.0,0.0,True,0.0,0.0,0.0,-0.0,0.0,-0.0
85.679271,"[517.3102416992188, 4.497389316558838, 0.0]","[601.486572265625, 4.5, 0.0]",4.660493850909518,8.42322063446045,8.42856220727912,-0.36363601685382996,-0.36073362827301025,84.10168454278472,3.7290067670712768,1.012992858892936,79.60168454278472,-3.7627267835509315,4.669750690460205,1.3031277656555176,47.876564025878906,False,-1,5.972878456115723,8.42322063446045,1.0074520111083984,0.22428862752278095,2.599911996608518,-2.599911996608518,"StraightLane index=('>>>', '1S0_0_', 0)",True,467.21673583984375,0.002609729766845703,0.0005264282226494539,"StraightLane index=('>>', '>>>', 0)",True,0.0,True,False,0.19537129998207092,0.0,0.0,0.0,True,0.0,0.0,0.0,-0.0,0.0,-0.0
85.698641,"[517.4036254882812, 4.4973883628845215, 0.0]","[601.6497192382812, 4.5, 0.0]",4.653221130572116,8.435742378234863,8.447702746104888,-0.3636360168700836,-0.36585119366645813,84.17633053886655,3.7627267835509315,1.6860008239827362,79.67633053886655,-3.782521247662747,4.665606498718262,1.3031277656555176,47.876564025878906,False,-1,5.968734264373779,8.435742378234863,0.9135246276855469,0.233833126739497,2.6924719377202826,-2.6924719377202826,"StraightLane index=('>>>', '1S0_0_', 0)",True,467.31024169921875,0.0026106834411621094,0.0005264282226494539,"StraightLane index=('>>', '>>>', 0)",True,0.0,True,False,0.19537129998207092,0.0,0.0,0.0,True,0.0,0.0,0.0,-0.0,0.0,-0.0
85.718946,"[517.496826171875, 4.497387409210205, 0.0]","[601.820068359375, 4.5, 0.0]",4.645948410234674,8.462825775146484,8.46852383767194,-0.363636016872082,-0.36578771471977234,84.2460937224486,3.782521247662747,0.9897232055907867,79.7460937224486,-3.81687736491181,4.658313751220703,1.3031277656555176,47.876564025878906,False,-1,5.961441516876221,8.462825775146484,0.9135246276855469,0.233833126739497,2.6924719377202826,-2.6924719377202826,"StraightLane index=('>>>', '1S0_0_', 0)",True,467.40362548828125,0.0026116371154785156,0.0005264282226494539,"StraightLane index=('>>', '>>>', 0)",True,0.0,True,False,0.19537129998207092,0.0,0.0,0.0,True,0.0,0.0,0.0,-0.0,0.0,-0.0
85.738838,"[517.5899047851562, 4.497386455535889, 0.0]","[601.990234375, 4.5, 0.0]",4.638675689897879,8.476739883422852,8.488970429728482,-0.36363601683975233,-0.36507096886634827,84.32324215993658,3.81687736491181,1.7178058624531367,79.82324215993658,-3.838064193524972,4.651119709014893,1.3031277656555176,47.876564025878906,False,-1,5.95424747467041,8.476739883422852,0.9135246276855469,0.233833126739497,2.6924719377202826,-2.6924719377202826,"StraightLane index=('>>>', '1S0_0_', 0)",True,467.496826171875,0.002612590789794922,0.0005264282226494539,"StraightLane index=('>>', '>>>', 0)",True,0.0,True,False,0.19537129998207092,0.0,0.0,0.0,True,0.0,0.0,0.0,-0.0,0.0,-0.0
85.758193,"[517.6828002929688, 4.497385501861572, 0.0]","[602.1592407226562, 4.5, 0.0]",4.63140296956045,8.503847122192383,8.508872837673618,-0.3636360168714603,-0.35793042182922363,84.40032956226831,3.838064193524972,1.0593414306581117,79.90032956226831,-3.8724441526319326,4.640962600708008,1.3031277656555176,47.876564025878906,False,-1,5.944090366363525,8.503847122192383,0.9135246276855469,0.233833126739497,2.6924719377202826,-2.6924719377202826,"StraightLane index=('>>>', '1S0_0_', 0)",True,467.58990478515625,0.002613544464111328,0.0005264282226494539,"StraightLane index=('>>', '>>>', 0)",True,0.0,True,False,0.19537129998207092,0.0,0.0,0.0,True,0.0,0.0,0.0,-0.0,0.0,-0.0
85.779565,"[517.7755737304688, 4.497384548187256, 0.0]","[602.3341674804688, 4.5, 0.0]",4.624130249223339,8.52166748046875,8.530819473979625,-0.3636360168555619,-0.3613715171813965,84.4764404021001,3.8724441526319326,1.7189979553480228,79.9764404021001,-3.897537231245411,4.637022495269775,1.3031277656555176,47.876564025878906,False,-1,5.940150260925293,8.52166748046875,0.9135246276855469,0.233833126739497,2.6924719377202826,-2.6924719377202826,"StraightLane index=('>>>', '1S0_0_', 0)",True,467.68280029296875,0.0026144981384277344,0.0005264282226494539,"StraightLane index=('>>', '>>>', 0)",True,0.0,True,False,0.19537129998207092,0.0,0.0,0.0,True,0.0,0.0,0.0,-0.0,0.0,-0.0
85.798721,"[517.8682250976562, 4.4973835945129395, 0.0]","[602.5003051757812, 4.5, 0.0]",4.616857528886262,8.541757583618164,8.550524072096081,-0.36363601685382996,-0.363547682762146,84.55859372240036,3.897537231245411,1.2546539306739213,80.05859372240036,-3.9249000547319017,4.6295976638793945,1.3031277656555176,47.876564025878906,False,-1,5.932725429534912,8.541757583618164,1.0601520538330078,0.24755513594970258,2.7987401715254387,-2.7987401715254387,"StraightLane index=('>>>', '1S0_0_', 0)",True,467.77557373046875,0.0026154518127441406,0.0005264282226494539,"StraightLane index=('>>', '>>>', 0)",True,0.0,True,False,0.19537129998207092,0.0,0.0,0.0,True,0.0,0.0,0.0,-0.0,0.0,-0.0
85.818871,"[517.960693359375, 4.497382640838623, 0.0]","[602.6727905273438, 4.5, 0.0]",4.60958480854886,8.562952041625977,8.571943226819464,-0.36363601687012803,-0.36383140087127686,84.63208005051351,3.9249000547319017,1.368141174324533,80.13208005051351,-3.953367233077117,4.622313022613525,1.2094807624816895,49.95974349975586,False,-1,5.831793785095215,8.562952041625977,1.0601520538330078,0.24755513594970258,2.7987401715254387,-2.7987401715254387,"StraightLane index=('>>>', '1S0_0_', 0)",True,467.86822509765625,0.002616405487060547,0.0005264282226494539,"StraightLane index=('>>', '>>>', 0)",True,0.0,True,False,0.2119152545928955,0.0,0.0,0.0,True,0.0,0.0,0.0,-0.0,0.0,-0.0
85.839708,"[518.0530395507812, 4.497381687164307, 0.0]","[602.8446044921875, 4.5, 0.0]",4.602312088211369,8.584216117858887,8.594129066117643,-0.3636360168745245,-0.36348021030426025,84.71209714034511,3.953367233077117,1.423358917260753,80.21209714034511,-3.9819040296475174,4.61511754989624,1.2094807624816895,49.95974349975586,False,-1,5.82459831237793,8.584216117858887,1.0601520538330078,0.24755513594970258,2.7987401715254387,-2.7987401715254387,"StraightLane index=('>>>', '1S0_0_', 0)",True,467.960693359375,0.002617359161376953,0.0005264282226494539,"StraightLane index=('>>', '>>>', 0)",True,0.0,True,False,0.2119152545928955,0.0,0.0,0.0,True,0.0,0.0,0.0,-0.0,0.0,-0.0
85.859277,"[518.1452026367188, 4.49738073348999, 0.0]","[603.0159912109375, 4.5, 0.0]",4.595039367874588,8.605424880981445,8.614963377827555,-0.3636360168390418,-0.3665834367275238,84.79156491377049,3.9819040296475174,1.4268398285200323,80.29156491377049,-4.010385513106857,4.607548236846924,1.2094807624816895,49.95974349975586,False,-1,5.817028999328613,8.605424880981445,1.0601520538330078,0.24755513594970258,2.7987401715254387,-2.7987401715254387,"StraightLane index=('>>>', '1S0_0_', 0)",True,468.05303955078125,0.0026183128356933594,0.0005264282226494539,"StraightLane index=('>>', '>>>', 0)",True,0.0,True,False,0.2119152545928955,0.0,0.0,0.0,True,0.0,0.0,0.0,-0.0,0.0,-0.0
85.87899,"[518.2372436523438, 4.497379779815674, 0.0]","[603.1876220703125, 4.5, 0.0]",4.587766647537194,8.626668930053711,8.635965437706364,-0.36363601686972835,-0.3673403263092041,84.87078854657089,4.010385513106857,1.4240741729669715,80.37078854657089,-4.038902282516517,4.600150108337402,1.2094807624816895,49.95974349975586,False,-1,5.809630870819092,8.626668930053711,1.0601520538330078,0.24755513594970258,2.7987401715254387,-2.7987401715254387,"StraightLane index=('>>>', '1S0_0_', 0)",True,468.14520263671875,0.0026192665100097656,0.0005264282226494539,"StraightLane index=('>>', '>>>', 0)",True,0.0,True,False,0.2119152545928955,0.0,0.0,0.0,True,0.0,0.0,0.0,-0.0,0.0,-0.0
85.898751,"[518.3291625976562, 4.497378826141357, 0.0]","[603.3594970703125, 4.5, 0.0]",4.580493927200456,8.647940635681152,8.65701736510211,-0.36363601683691016,-0.36711153388023376,84.95037839030876,4.038902282516517,1.4258384704830096,80.45037839030876,-4.067446708480697,4.592871189117432,1.2094807624816895,49.95974349975586,False,-1,5.802351951599121,8.647940635681152,1.0618305206298828,0.2599636905767782,2.903804051089231,-2.903804051089231,"StraightLane index=('>>>', '1S0_0_', 0)",True,468.23724365234375,0.002620220184326172,0.0005264282226494539,"StraightLane index=('>>', '>>>', 0)",True,0.0,True,False,0.2119152545928955,0.0,0.0,0.0,True,0.0,0.0,0.0,-0.0,0.0,-0.0
85.919008,"[518.4208984375, 4.497377872467041, 0.0]","[603.5333862304688, 4.5, 0.0]",4.573221206863052,8.669652938842773,8.67912106414275,-0.36363601687017244,-0.3654709756374359,85.03033444498413,4.067446708480697,1.4272212982089805,80.53033444498413,-4.096431731979721,4.585726737976074,1.2094807624816895,49.95974349975586,False,-1,5.795207500457764,8.669652938842773,1.0618305206298828,0.2599636905767782,2.903804051089231,-2.903804051089231,"StraightLane index=('>>>', '1S0_0_', 0)",True,468.32916259765625,0.002621173858642578,0.0005264282226494539,"StraightLane index=('>>', '>>>', 0)",True,0.0,True,False,0.2119152545928955,0.0,0.0,0.0,True,0.0,0.0,0.0,-0.0,0.0,-0.0
85.938771,"[518.5125122070312, 4.497376918792725, 0.0]","[603.7074584960938, 4.5, 0.0]",4.565948486525562,8.691496849060059,8.70072299809069,-0.3636360168745245,-0.36051011085510254,85.1124877652844,4.096431731979721,1.4492511749512271,80.6124877652844,-4.125548362534497,4.575354099273682,1.2094807624816895,49.95974349975586,False,-1,5.784834861755371,8.691496849060059,1.0618305206298828,0.2599636905767782,2.903804051089231,-2.903804051089231,"StraightLane index=('>>>', '1S0_0_', 0)",True,468.4208984375,0.0026221275329589844,0.0005264282226494539,"StraightLane index=('>>', '>>>', 0)",True,0.0,True,False,0.2119152545928955,0.0,0.0,0.0,True,0.0,0.0,0.0,-0.0,0.0,-0.0
85.958291,"[518.60400390625, 4.497375965118408, 0.0]","[603.8809814453125, 4.5, 0.0]",4.55867576618806,8.713262557983398,8.72206644629046,-0.36363601687510183,-0.36570626497268677,85.1949462613659,4.125548362534497,1.4558315277387823,80.6949462613659,-4.154586791795339,4.571203708648682,1.2094807624816895,49.95974349975586,False,-1,5.780684471130371,8.713262557983398,1.0618305206298828,0.2599636905767782,2.903804051089231,-2.903804051089231,"StraightLane index=('>>>', '1S0_0_', 0)",True,468.51251220703125,0.0026230812072753906,0.0005264282226494539,"StraightLane index=('>>', '>>>', 0)",True,0.0,True,False,0.2119152545928955,0.0,0.0,0.0,True,0.0,0.0,0.0,-0.0,0.0,-0.0
85.979388,"[518.6953125, 4.497375011444092, 0.0]","[604.055419921875, 4.5, 0.0]",4.551403045850971,8.73514461517334,8.745113209299154,-0.3636360168544517,-0.365770548582077,85.27697751135368,4.154586791795339,1.451921463042094,80.77697751135368,-4.183741569322369,4.563899517059326,1.2094807624816895,49.95974349975586,False,-1,5.773380279541016,8.73514461517334,1.0618305206298828,0.2599636905767782,2.903804051089231,-2.903804051089231,"StraightLane index=('>>>', '1S0_0_', 0)",True,468.60400390625,0.002624034881591797,0.0005264282226494539,"StraightLane index=('>>', '>>>', 0)",True,0.0,True,False,0.2119152545928955,0.0,0.0,0.0,True,0.0,0.0,0.0,-0.0,0.0,-0.0
85.998642,"[518.7864990234375, 4.497374057769775, 0.0]","[604.2300415039062, 4.5, 0.0]",4.544130325512494,8.757047653198242,8.766160769298608,-0.3636360169238184,-0.3651455044746399,85.3601073941539,4.183741569322369,1.457738876351522,80.8601073941539,-4.212917327685748,4.556695938110352,1.2094807624816895,49.95974349975586,False,-1,5.766176700592041,8.757047653198242,1.0910701751708984,0.27215477765008184,3.010551040645818,-3.010551040645818,"StraightLane index=('>>>', '1S0_0_', 0)",True,468.6953125,0.002624988555908203,0.0005264282226494539,"StraightLane index=('>>', '>>>', 0)",True,0.0,True,False,0.2119152545928955,0.0,0.0,0.0,True,0.0,0.0,0.0,-0.0,0.0,-0.0
86.019349,"[518.8775024414062, 4.497373104095459, 0.0]","[604.4122924804688, 4.5, 0.0]",4.536857605174725,8.780069351196289,8.789281113494562,-0.3636360168884689,-0.3633435070514679,85.44354245273537,4.212917327685748,1.4587879181689356,80.94354245273537,-4.243211746021564,4.549609184265137,1.2399439811706543,49.02576446533203,False,-1,5.789553165435791,8.780069351196289,1.0910701751708984,0.27215477765008184,3.010551040645818,-3.010551040645818,"StraightLane index=('>>>', '1S0_0_', 0)",True,468.7864990234375,0.0026259422302246094,0.0005264282226494539,"StraightLane index=('>>', '>>>', 0)",True,0.0,True,False,0.2288912832736969,0.0,0.0,0.0,True,0.0,0.0,0.0,-0.0,0.0,-0.0
86.038885,"[518.9683837890625, 4.497372150421143, 0.0]","[604.5830688476562, 4.5, 0.0]",4.529584884837122,8.801705360412598,8.811119793466842,-0.36363601688016445,-0.36154139041900635,85.5347900113165,4.243211746021564,1.5147209167908127,81.0347900113165,-4.272120475575476,4.54258394241333,1.2399439811706543,49.02576446533203,False,-1,5.782527923583984,8.801705360412598,1.0910701751708984,0.27215477765008184,3.010551040645818,-3.010551040645818,"StraightLane index=('>>>', '1S0_0_', 0)",True,468.87750244140625,0.0026268959045410156,0.0005264282226494539,"StraightLane index=('>>', '>>>', 0)",True,0.0,True,False,0.2288912832736969,0.0,0.0,0.0,True,0.0,0.0,0.0,-0.0,0.0,-0.0
86.058642,"[519.0591430664062, 4.497371196746826, 0.0]","[604.762939453125, 4.5, 0.0]",4.522312164499547,8.824498176574707,8.833217664938388,-0.36363601687874336,-0.3637327253818512,85.61468503083562,4.272120475575476,1.4454364776955941,81.11468503083562,-4.30218601207516,4.535153865814209,1.2399439811706543,49.02576446533203,False,-1,5.775097846984863,8.824498176574707,1.0910701751708984,0.27215477765008184,3.010551040645818,-3.010551040645818,"StraightLane index=('>>>', '1S0_0_', 0)",True,468.9683837890625,0.002627849578857422,0.0005264282226494539,"StraightLane index=('>>', '>>>', 0)",True,0.0,True,False,0.2288912832736969,0.0,0.0,0.0,True,0.0,0.0,0.0,-0.0,0.0,-0.0
86.079729,"[519.1497192382812, 4.49737024307251, 0.0]","[604.9395141601562, 4.5, 0.0]",4.5150394441620145,8.846868515014648,8.856780240501655,-0.36363601687661173,-0.3640157878398895,85.7037963589481,4.30218601207516,1.5032768249842121,81.2037963589481,-4.331829070852634,4.527865409851074,1.2399439811706543,49.02576446533203,False,-1,5.7678093910217285,8.846868515014648,1.0910701751708984,0.27215477765008184,3.010551040645818,-3.010551040645818,"StraightLane index=('>>>', '1S0_0_', 0)",True,469.05914306640625,0.002628803253173828,0.0005264282226494539,"StraightLane index=('>>', '>>>', 0)",True,0.0,True,False,0.2288912832736969,0.0,0.0,0.0,True,0.0,0.0,0.0,-0.0,0.0,-0.0
86.099386,"[519.2401733398438, 4.497369289398193, 0.0]","[605.1156005859375, 4.5, 0.0]",4.5077667238245835,8.869187355041504,8.878766782663792,-0.3636360168715491,-0.3636530339717865,85.78979489409195,4.331829070852634,1.482152938873682,81.28979489409195,-4.36142063121692,4.520668029785156,1.2399439811706543,49.02576446533203,False,-1,5.7606120109558105,8.869187355041504,1.1213970184326172,0.28418819553021524,3.119111605821214,-3.119111605821214,"StraightLane index=('>>>', '1S0_0_', 0)",True,469.14971923828125,0.0026297569274902344,0.0005264282226494539,"StraightLane index=('>>', '>>>', 0)",True,0.0,True,False,0.2288912832736969,0.0,0.0,0.0,True,0.0,0.0,0.0,-0.0,0.0,-0.0
86.118852,"[519.3304443359375, 4.497368335723877, 0.0]","[605.2899780273438, 4.5, 0.0]",4.50049400348697,8.891326904296875,8.900866542134626,-0.36363601688069735,-0.366737425327301,85.87542721829834,4.36142063121692,1.4795780182143226,81.37542721829834,-4.390832900809905,4.513097286224365,1.2399439811706543,49.02576446533203,False,-1,5.7530412673950195,8.891326904296875,1.1213970184326172,0.28418819553021524,3.119111605821214,-3.119111605821214,"StraightLane index=('>>>', '1S0_0_', 0)",True,469.24017333984375,0.0026307106018066406,0.0005264282226494539,"StraightLane index=('>>', '>>>', 0)",True,0.0,True,False,0.2288912832736969,0.0,0.0,0.0,True,0.0,0.0,0.0,-0.0,0.0,-0.0
86.138788,"[519.4205932617188, 4.4973673820495605, 0.0]","[605.468994140625, 4.5, 0.0]",4.493221283149424,8.914088249206543,8.923514293658737,-0.36363601687727787,-0.3674716651439667,85.95953366359852,4.390832900809905,1.470613479649252,81.45953366359852,-4.420866966057119,4.505698204040527,1.2399439811706543,49.02576446533203,False,-1,5.745642185211182,8.914088249206543,1.1213970184326172,0.28418819553021524,3.119111605821214,-3.119111605821214,"StraightLane index=('>>>', '1S0_0_', 0)",True,469.3304443359375,0.002631664276123047,0.0005264282226494539,"StraightLane index=('>>', '>>>', 0)",True,0.0,True,False,0.2288912832736969,0.0,0.0,0.0,True,0.0,0.0,0.0,-0.0,0.0,-0.0
86.158282,"[519.5106201171875, 4.497366428375244, 0.0]","[605.6466674804688, 4.5, 0.0]",4.485948562811733,8.936668395996094,8.945669436984883,-0.36363601688456093,-0.3672187030315399,86.04840085108601,4.420866966057119,1.5017032623606763,81.54840085108601,-4.450719833184361,4.498419284820557,1.2399439811706543,49.02576446533203,False,-1,5.738363265991211,8.936668395996094,1.1213970184326172,0.28418819553021524,3.119111605821214,-3.119111605821214,"StraightLane index=('>>>', '1S0_0_', 0)",True,469.42059326171875,0.002632617950439453,0.0005264282226494539,"StraightLane index=('>>', '>>>', 0)",True,0.0,True,False,0.2288912832736969,0.0,0.0,0.0,True,0.0,0.0,0.0,-0.0,0.0,-0.0
86.178777,"[519.6004638671875, 4.497365474700928, 0.0]","[605.8258056640625, 4.5, 0.0]",4.478675842474123,8.95944595336914,8.968928438296262,-0.3636360168804753,-0.3655546009540558,86.13604733544854,4.450719833184361,1.4926433563621,81.63604733544854,-4.480770110895017,4.491275787353516,1.2399439811706543,49.02576446533203,False,-1,5.73121976852417,8.95944595336914,1.1213970184326172,0.28418819553021524,3.119111605821214,-3.119111605821214,"StraightLane index=('>>>', '1S0_0_', 0)",True,469.5106201171875,0.0026335716247558594,0.0005264282226494539,"StraightLane index=('>>', '>>>', 0)",True,0.0,True,False,0.2288912832736969,0.0,0.0,0.0,True,0.0,0.0,0.0,-0.0,0.0,-0.0
86.200816,"[519.690185546875, 4.497364521026611, 0.0]","[606.007080078125, 4.5, 0.0]",4.471403122136616,8.985822677612305,8.993969558644205,-0.3636360168753683,-0.3637158274650574,86.22534176902975,4.480770110895017,1.502513885532819,81.72534176902975,-4.514419555475689,4.484210014343262,1.2399439811706543,49.02576446533203,False,-1,5.724153995513916,8.985822677612305,1.1663532257080078,0.296591738876974,3.230964449936172,-3.230964449936172,"StraightLane index=('>>>', '1S0_0_', 0)",True,469.6004638671875,0.0026345252990722656,0.0005264282226494539,"StraightLane index=('>>', '>>>', 0)",True,0.0,True,False,0.2288912832736969,0.0,0.0,0.0,True,0.0,0.0,0.0,-0.0,0.0,-0.0
86.219137,"[519.77978515625, 4.497363567352295, 0.0]","[606.1851196289062, 4.5, 0.0]",4.464130401799261,9.001797676086426,9.01507793758307,-0.36363601686772995,-0.36574795842170715,86.31689450339213,4.514419555475689,1.6824722290335714,81.81689450339213,-4.537667274287164,4.476754188537598,1.0392389297485352,46.62067413330078,False,-1,5.515993118286133,9.001797676086426,1.1663532257080078,0.296591738876974,3.230964449936172,-3.230964449936172,"StraightLane index=('>>>', '1S0_0_', 0)",True,469.690185546875,0.002635478973388672,0.0005264282226494539,"StraightLane index=('>>', '>>>', 0)",True,0.0,True,False,0.24465520679950714,0.0,0.0,0.0,True,0.0,0.0,0.0,-0.0,0.0,-0.0
86.23868,"[519.8692016601562, 4.4973626136779785, 0.0]","[606.365478515625, 4.5, 0.0]",4.456857681462033,9.031397819519043,9.037569027738773,-0.3636360168614239,-0.36579546332359314,86.4053344447859,4.537667274287164,1.1623859405737846,81.9053344447859,-4.57454013805701,4.469450950622559,1.0392389297485352,46.62067413330078,False,-1,5.508689880371094,9.031397819519043,1.1663532257080078,0.296591738876974,3.230964449936172,-3.230964449936172,"StraightLane index=('>>>', '1S0_0_', 0)",True,469.77978515625,0.002636432647705078,0.0005264282226494539,"StraightLane index=('>>', '>>>', 0)",True,0.0,True,False,0.24465520679950714,0.0,0.0,0.0,True,0.0,0.0,0.0,-0.0,0.0,-0.0
86.258454,"[519.95849609375, 4.497361660003662, 0.0]","[606.5469970703125, 4.5, 0.0]",4.449584961124724,9.04781436920166,9.060337459418964,-0.3636360168654651,-0.3651570677757263,86.4962768275858,4.57454013805701,1.8436431884922833,81.9962768275858,-4.598229408076937,4.4622483253479,1.0392389297485352,46.62067413330078,False,-1,5.5014872550964355,9.04781436920166,1.1663532257080078,0.296591738876974,3.230964449936172,-3.230964449936172,"StraightLane index=('>>>', '1S0_0_', 0)",True,469.86920166015625,0.0026373863220214844,0.0005264282226494539,"StraightLane index=('>>', '>>>', 0)",True,0.0,True,False,0.24465520679950714,0.0,0.0,0.0,True,0.0,0.0,0.0,-0.0,0.0,-0.0
86.278922,"[520.047607421875, 4.497360706329346, 0.0]","[606.7279663085938, 4.5, 0.0]",4.442312240787704,9.077500343322754,9.08388705294371,-0.3636360168509878,-0.3679543435573578,86.58850094866689,4.598229408076937,1.1844635009963245,82.08850094866689,-4.63518810253505,4.454679012298584,1.0392389297485352,46.62067413330078,False,-1,5.493917942047119,9.077500343322754,1.1663532257080078,0.296591738876974,3.230964449936172,-3.230964449936172,"StraightLane index=('>>>', '1S0_0_', 0)",True,469.95849609375,0.0026383399963378906,0.0005264282226494539,"StraightLane index=('>>', '>>>', 0)",True,0.0,True,False,0.24465520679950714,0.0,0.0,0.0,True,0.0,0.0,0.0,-0.0,0.0,-0.0
86.298667,"[520.1365966796875, 4.497359752655029, 0.0]","[606.9086303710938, 4.5, 0.0]",4.435039520450536,9.093806266784668,9.106619047424859,-0.3636360168584041,-0.3684113919734955,86.6803588588105,4.63518810253505,1.8479347229056753,82.1803588588105,-4.658766746334132,4.447286128997803,1.0392389297485352,46.62067413330078,False,-1,5.486525058746338,9.093806266784668,1.0798358917236328,0.30472682119960376,3.33292520631679,-3.33292520631679,"StraightLane index=('>>>', '1S0_0_', 0)",True,470.047607421875,0.002639293670654297,0.0005264282226494539,"StraightLane index=('>>', '>>>', 0)",True,0.0,True,False,0.24465520679950714,0.0,0.0,0.0,True,0.0,0.0,0.0,-0.0,0.0,-0.0
86.318773,"[520.2254638671875, 4.497358798980713, 0.0]","[607.0916137695312, 4.5, 0.0]",4.427766800113161,9.123749732971191,9.130039218131058,-0.36363601686875135,-0.36516618728637695,86.77203366348536,4.658766746334132,1.1789321899541072,82.27203366348536,-4.695982932858031,4.436624526977539,1.0392389297485352,46.62067413330078,False,-1,5.475863456726074,9.123749732971191,1.0798358917236328,0.30472682119960376,3.33292520631679,-3.33292520631679,"StraightLane index=('>>>', '1S0_0_', 0)",True,470.1365966796875,0.002640247344970703,0.0005264282226494539,"StraightLane index=('>>', '>>>', 0)",True,0.0,True,False,0.24465520679950714,0.0,0.0,0.0,True,0.0,0.0,0.0,-0.0,0.0,-0.0
86.339584,"[520.3141479492188, 4.4973578453063965, 0.0]","[607.2742919921875, 4.5, 0.0]",4.420494079775967,9.140318870544434,9.154280114420585,-0.36363601685969194,-0.36601829528808594,86.86614987441013,4.695982932858031,1.8608093261949232,82.36614987441013,-4.719824790768467,4.432883262634277,1.0392389297485352,46.62067413330078,False,-1,5.4721221923828125,9.140318870544434,1.0798358917236328,0.30472682119960376,3.33292520631679,-3.33292520631679,"StraightLane index=('>>>', '1S0_0_', 0)",True,470.2254638671875,0.0026412010192871094,0.0005264282226494539,"StraightLane index=('>>', '>>>', 0)",True,0.0,True,False,0.24465520679950714,0.0,0.0,0.0,True,0.0,0.0,0.0,-0.0,0.0,-0.0
86.358727,"[520.4027099609375, 4.49735689163208, 0.0]","[607.4577026367188, 4.5, 0.0]",4.413221359438681,9.170317649841309,9.176632285468756,-0.36363601686431046,-0.36076027154922485,86.96014401502241,4.719824790768467,1.1920928955218013,82.46014401502241,-4.757096290402628,4.422528266906738,1.0392389297485352,46.62067413330078,False,-1,5.461767196655273,9.170317649841309,1.0798358917236328,0.30472682119960376,3.33292520631679,-3.33292520631679,"StraightLane index=('>>>', '1S0_0_', 0)",True,470.31414794921875,0.0026421546936035156,0.0005264282226494539,"StraightLane index=('>>', '>>>', 0)",True,0.0,True,False,0.24465520679950714,0.0,0.0,0.0,True,0.0,0.0,0.0,-0.0,0.0,-0.0
86.380068,"[520.4911499023438, 4.497355937957764, 0.0]","[607.6414184570312, 4.5, 0.0]",4.405948639101309,9.187019348144533,9.201410362625502,-0.3636360168685737,-0.3658769726753235,87.05499264782213,4.757096290402628,1.8635749817080605,82.55499264782213,-4.781070709043224,4.418384075164795,1.0392389297485352,46.62067413330078,False,-1,5.45762300491333,9.187019348144533,1.0798358917236328,0.30472682119960376,3.33292520631679,-3.33292520631679,"StraightLane index=('>>>', '1S0_0_', 0)",True,470.4027099609375,0.002643108367919922,0.0005264282226494539,"StraightLane index=('>>', '>>>', 0)",True,0.0,True,False,0.24465520679950714,0.0,0.0,0.0,True,0.0,0.0,0.0,-0.0,0.0,-0.0
86.398692,"[520.5794067382812, 4.497354984283447, 0.0]","[607.824951171875, 4.5, 0.0]",4.39867591876555,9.217034339904785,9.223221756843214,-0.3636360167879715,-0.3658110201358795,87.15026852671559,4.781070709043224,1.1987209320297953,82.65026852671559,-4.818358421139235,4.411090850830078,1.0392389297485352,46.62067413330078,False,-1,5.450329780578613,9.217034339904785,1.2322807312011719,0.3173839646716844,3.4493169384121876,-3.4493169384121876,"StraightLane index=('>>>', '1S0_0_', 0)",True,470.49114990234375,0.002644062042236328,0.0005264282226494539,"StraightLane index=('>>', '>>>', 0)",True,0.0,True,False,0.24465520679950714,0.0,0.0,0.0,True,0.0,0.0,0.0,-0.0,0.0,-0.0
86.418651,"[520.6675415039062, 4.497354030609131, 0.0]","[608.0101318359375, 4.5, 0.0]",4.391403198429162,9.233904838562012,9.246760103537627,-0.36363601681936863,-0.3650910556316376,87.24554440560907,4.818358421139235,1.864385604800578,82.74554440560907,-4.842501640132849,4.403896808624268,1.334895133972168,46.219635009765625,False,-1,5.7387919425964355,9.233904838562012,1.2322807312011719,0.3173839646716844,3.4493169384121876,-3.4493169384121876,"StraightLane index=('>>>', '1S0_0_', 0)",True,470.57940673828125,0.0026450157165527344,0.0005264282226494539,"StraightLane index=('>>', '>>>', 0)",True,0.0,True,False,0.2561201751232147,0.0,0.0,0.0,True,0.0,0.0,0.0,-0.0,0.0,-0.0
86.440341,"[520.7554931640625, 4.4973530769348145, 0.0]","[608.2020263671875, 4.5, 0.0]",4.384130478092648,9.264967918395996,9.27235176534373,-0.3636360168257191,-0.36322498321533203,87.3425903040337,4.842501640132849,1.2071609496806968,82.8425903040337,-4.880837440303348,4.396818161010742,1.334895133972168,46.219635009765625,False,-1,5.73171329498291,9.264967918395996,1.2322807312011719,0.3173839646716844,3.4493169384121876,-3.4493169384121876,"StraightLane index=('>>>', '1S0_0_', 0)",True,470.66754150390625,0.0026459693908691406,0.0005264282226494539,"StraightLane index=('>>', '>>>', 0)",True,0.0,True,False,0.2561201751232147,0.0,0.0,0.0,True,0.0,0.0,0.0,-0.0,0.0,-0.0
86.45887,"[520.8433227539062, 4.497352123260498, 0.0]","[608.3804931640625, 4.5, 0.0]",4.3768577577559515,9.280984878540039,9.294225682599166,-0.36363601683482294,-0.36138463020324707,87.44653317511431,4.880837440303348,1.9167900085249379,82.94653317511431,-4.9041271207840875,4.38979959487915,1.334895133972168,46.219635009765625,False,-1,5.724694728851318,9.280984878540039,1.2322807312011719,0.3173839646716844,3.4493169384121876,-3.4493169384121876,"StraightLane index=('>>>', '1S0_0_', 0)",True,470.7554931640625,0.002646923065185547,0.0005264282226494539,"StraightLane index=('>>', '>>>', 0)",True,0.0,True,False,0.2561201751232147,0.0,0.0,0.0,True,0.0,0.0,0.0,-0.0,0.0,-0.0
86.479351,"[520.9310302734375, 4.497351169586182, 0.0]","[608.5716552734375, 4.5, 0.0]",4.369585037419456,9.311946868896484,9.318382727567036,-0.3636360168247865,-0.3635583519935608,87.53717038213297,4.9041271207840875,1.1644840240369714,83.03717038213297,-4.942361831477029,4.3823747634887695,1.334895133972168,46.219635009765625,False,-1,5.7172698974609375,9.311946868896484,1.2322807312011719,0.3173839646716844,3.4493169384121876,-3.4493169384121876,"StraightLane index=('>>>', '1S0_0_', 0)",True,470.84332275390625,0.002647876739501953,0.0005264282226494539,"StraightLane index=('>>', '>>>', 0)",True,0.0,True,False,0.2561201751232147,0.0,0.0,0.0,True,0.0,0.0,0.0,-0.0,0.0,-0.0
86.498688,"[521.0185546875, 4.497350215911865, 0.0]","[608.7525634765625, 4.5, 0.0]",4.362312317082988,9.328272819519045,9.3412008595424,-0.36363601682340985,-0.3638403117656708,87.6406249719636,4.942361831477029,1.9117355346470521,83.1406249719636,-4.965960502436057,4.3750901222229,1.334895133972168,46.219635009765625,False,-1,5.709985256195068,9.328272819519045,1.1123847961425959,0.32457903606950683,3.552453362652944,-3.552453362652944,"StraightLane index=('>>>', '1S0_0_', 0)",True,470.9310302734375,0.0026488304138183594,0.0005264282226494539,"StraightLane index=('>>', '>>>', 0)",True,0.0,True,False,0.2561201751232147,0.0,0.0,0.0,True,0.0,0.0,0.0,-0.0,0.0,-0.0
86.518669,"[521.10595703125, 4.497349262237549, 0.0]","[608.9401245117188, 4.5, 0.0]",4.355039596745758,9.358833312988281,9.365137900152932,-0.3636360168614683,-0.3634873330593109,87.73400876101338,4.965960502436057,1.1799335479514284,83.23400876101338,-5.003793716242523,4.367894649505615,1.334895133972168,46.219635009765625,False,-1,5.702789783477783,9.358833312988281,1.1123847961425959,0.32457903606950683,3.552453362652944,-3.552453362652944,"StraightLane index=('>>>', '1S0_0_', 0)",True,471.0185546875,0.0026497840881347656,0.0005264282226494539,"StraightLane index=('>>', '>>>', 0)",True,0.0,True,False,0.2561201751232147,0.0,0.0,0.0,True,0.0,0.0,0.0,-0.0,0.0,-0.0
86.538502,"[521.1931762695312, 4.497348308563232, 0.0]","[609.1278686523438, 4.5, 0.0]",4.3477668764084205,9.376106262207031,9.388910643386327,-0.3636360168668862,-0.3665880560874939,87.83416745240665,5.003793716242523,1.8916606903232935,83.33416745240665,-5.028339385798611,4.360325336456299,1.334895133972168,46.219635009765625,False,-1,5.695220470428467,9.376106262207031,1.1123847961425959,0.32457903606950683,3.552453362652944,-3.552453362652944,"StraightLane index=('>>>', '1S0_0_', 0)",True,471.10595703125,0.002650737762451172,0.0005264282226494539,"StraightLane index=('>>', '>>>', 0)",True,0.0,True,False,0.2561201751232147,0.0,0.0,0.0,True,0.0,0.0,0.0,-0.0,0.0,-0.0
86.558206,"[521.2802734375, 4.497347354888916, 0.0]","[609.3150634765625, 4.5, 0.0]",4.3404941560709025,9.406647682189941,9.412551413925096,-0.3636360168759012,-0.3673430383205414,87.9346923547374,5.028339385798611,1.2272834778043862,83.4346923547374,-5.066153526119039,4.3529276847839355,1.334895133972168,46.219635009765625,False,-1,5.6878228187561035,9.406647682189941,1.1123847961425959,0.32457903606950683,3.552453362652944,-3.552453362652944,"StraightLane index=('>>>', '1S0_0_', 0)",True,471.19317626953125,0.002651691436767578,0.0005264282226494539,"StraightLane index=('>>', '>>>', 0)",True,0.0,True,False,0.2561201751232147,0.0,0.0,0.0,True,0.0,0.0,0.0,-0.0,0.0,-0.0
86.579388,"[521.3672485351562, 4.4973464012146, 0.0]","[609.50830078125, 4.5, 0.0]",4.333221435733515,9.424617767333984,9.437932504166668,-0.3636360168693731,-0.364501029253006,88.0347900109744,5.066153526119039,1.890707016021409,83.5347900109744,-5.091396331600469,4.342251300811768,1.334895133972168,46.219635009765625,False,-1,5.6771464347839355,9.424617767333984,1.1123847961425959,0.32457903606950683,3.552453362652944,-3.552453362652944,"StraightLane index=('>>>', '1S0_0_', 0)",True,471.2802734375,0.0026526451110839844,0.0005264282226494539,"StraightLane index=('>>', '>>>', 0)",True,0.0,True,False,0.2561201751232147,0.0,0.0,0.0,True,0.0,0.0,0.0,-0.0,0.0,-0.0
86.599146,"[521.4540405273438, 4.497345447540283, 0.0]","[609.6964721679688, 4.5, 0.0]",4.325948715396215,9.455280303955078,9.461625437185862,-0.363636016865021,-0.36547091603279114,88.14105221799241,5.091396331600469,1.2621402740715215,83.64105221799241,-5.1293315885588635,4.338504314422607,1.334895133972168,46.219635009765625,False,-1,5.673399448394775,9.455280303955078,1.2700748443603338,0.3365737520151678,3.6706392845784293,-3.6706392845784293,"StraightLane index=('>>>', '1S0_0_', 0)",True,471.36724853515625,0.0026535987854003906,0.0005264282226494539,"StraightLane index=('>>', '>>>', 0)",True,0.0,True,False,0.2561201751232147,0.0,0.0,0.0,True,0.0,0.0,0.0,-0.0,0.0,-0.0
86.618789,"[521.5407104492188, 4.497344493865967, 0.0]","[609.8829345703125, 4.5, 0.0]",4.318675995058926,9.472508430480957,9.485619961521518,-0.3636360168644437,-0.36050844192504883,88.24243161251061,5.1293315885588635,1.8967628479197085,83.74243161251061,-5.153832435422031,4.328131675720215,1.3739185333251953,47.2667236328125,False,-1,5.70205020904541,9.472508430480957,1.2700748443603338,0.3365737520151678,3.6706392845784293,-3.6706392845784293,"StraightLane index=('>>>', '1S0_0_', 0)",True,471.45404052734375,0.002654552459716797,0.0005264282226494539,"StraightLane index=('>>', '>>>', 0)",True,0.0,True,False,0.27127400040626526,0.0,0.0,0.0,True,0.0,0.0,0.0,-0.0,0.0,-0.0
86.638911,"[521.6272583007812, 4.49734354019165, 0.0]","[610.0728759765625, 4.5, 0.0]",4.311403274722017,9.50356674194336,9.510241846367906,-0.36363601684543667,-0.36401501297950745,88.34222409296639,5.153832435422031,1.225042343158389,83.84222409296639,-5.192163467221342,4.320501804351807,1.3739185333251953,47.2667236328125,False,-1,5.694420337677002,9.50356674194336,1.2700748443603338,0.3365737520151678,3.6706392845784293,-3.6706392845784293,"StraightLane index=('>>>', '1S0_0_', 0)",True,471.54071044921875,0.002655506134033203,0.0005264282226494539,"StraightLane index=('>>', '>>>', 0)",True,0.0,True,False,0.27127400040626526,0.0,0.0,0.0,True,0.0,0.0,0.0,-0.0,0.0,-0.0
86.658282,"[521.713623046875, 4.497342586517334, 0.0]","[610.2620849609375, 4.5, 0.0]",4.304130554385197,9.521191596984863,9.533939683751885,-0.3636360168409958,-0.3657687306404114,88.44561764764077,5.192163467221342,1.9165515899655539,83.94561764764077,-5.217061042599666,4.316677570343018,1.3739185333251953,47.2667236328125,False,-1,5.690596103668213,9.521191596984863,1.2700748443603338,0.3365737520151678,3.6706392845784293,-3.6706392845784293,"StraightLane index=('>>>', '1S0_0_', 0)",True,471.62725830078125,0.0026564598083496094,0.0005264282226494539,"StraightLane index=('>>', '>>>', 0)",True,0.0,True,False,0.27127400040626526,0.0,0.0,0.0,True,0.0,0.0,0.0,-0.0,0.0,-0.0
86.679733,"[521.7998657226562, 4.497341632843018, 0.0]","[610.457763671875, 4.5, 0.0]",4.296857834048184,9.552990913391113,9.560158478837877,-0.3636360168506325,-0.36514368653297424,88.5484618859089,5.217061042599666,1.244878768916191,84.0484618859089,-5.256133079342929,4.309473514556885,1.3739185333251953,47.2667236328125,False,-1,5.68339204788208,9.552990913391113,1.2700748443603338,0.3365737520151678,3.6706392845784293,-3.6706392845784293,"StraightLane index=('>>>', '1S0_0_', 0)",True,471.713623046875,0.0026574134826660156,0.0005264282226494539,"StraightLane index=('>>', '>>>', 0)",True,0.0,True,False,0.27127400040626526,0.0,0.0,0.0,True,0.0,0.0,0.0,-0.0,0.0,-0.0
86.699126,"[521.8859252929688, 4.497340679168701, 0.0]","[610.6476440429688, 4.5, 0.0]",4.28958511371079,9.574040412902832,9.5838900380341,-0.36363601686972835,-0.3679511249065399,88.65789792105178,5.256133079342929,1.9536018371631325,84.15789792105178,-5.284455299192042,4.301903247833252,1.3739185333251953,47.2667236328125,False,-1,5.675821781158447,9.574040412902832,1.187601089477539,0.3444824149453649,3.7793783594201926,-3.7793783594201926,"StraightLane index=('>>>', '1S0_0_', 0)",True,471.79986572265625,0.002658367156982422,0.0005264282226494539,"StraightLane index=('>>', '>>>', 0)",True,0.0,True,False,0.27127400040626526,0.0,0.0,0.0,True,0.0,0.0,0.0,-0.0,0.0,-0.0
86.719338,"[521.9718627929688, 4.497339725494385, 0.0]","[610.8359985351562, 4.5, 0.0]",4.28231239337363,9.595099449157715,9.609203954549992,-0.3636360168580044,-0.3684149384498596,88.76171872181989,5.284455299192042,1.4161109924556659,84.26171872181989,-5.312787055784085,4.294510364532471,1.3739185333251953,47.2667236328125,False,-1,5.668428897857666,9.595099449157715,1.187601089477539,0.3444824149453649,3.7793783594201926,-3.7793783594201926,"StraightLane index=('>>>', '1S0_0_', 0)",True,471.88592529296875,0.002659320831298828,0.0005264282226494539,"StraightLane index=('>>', '>>>', 0)",True,0.0,True,False,0.27127400040626526,0.0,0.0,0.0,True,0.0,0.0,0.0,-0.0,0.0,-0.0
86.739143,"[522.0576782226562, 4.497338771820068, 0.0]","[611.0342407226562, 4.5, 0.0]",4.275039673036567,9.627532005310059,9.634043023536295,-0.3636360168531194,-0.36791256070137024,88.8641357139943,5.312787055784085,1.416587829602145,84.3641357139943,-5.352492332273491,4.2872395515441895,1.3739185333251953,47.2667236328125,False,-1,5.661158084869385,9.627532005310059,1.187601089477539,0.3444824149453649,3.7793783594201926,-3.7793783594201926,"StraightLane index=('>>>', '1S0_0_', 0)",True,471.97186279296875,0.0026602745056152344,0.0005264282226494539,"StraightLane index=('>>', '>>>', 0)",True,0.0,True,False,0.27127400040626526,0.0,0.0,0.0,True,0.0,0.0,0.0,-0.0,0.0,-0.0
86.758942,"[522.143310546875, 4.497337818145752, 0.0]","[611.2214965820312, 4.5, 0.0]",4.267766952699415,9.645204544067385,9.658873018581037,-0.3636360168576047,-0.36602920293807983,88.9765624717933,5.352492332273491,1.985263824470307,84.4765624717933,-5.377437591367969,4.280106067657471,1.3739185333251953,47.2667236328125,False,-1,5.654024600982666,9.645204544067385,1.187601089477539,0.3444824149453649,3.7793783594201926,-3.7793783594201926,"StraightLane index=('>>>', '1S0_0_', 0)",True,472.05767822265625,0.0026612281799316406,0.0005264282226494539,"StraightLane index=('>>', '>>>', 0)",True,0.0,True,False,0.27127400040626526,0.0,0.0,0.0,True,0.0,0.0,0.0,-0.0,0.0,-0.0
86.77944,"[522.2288208007812, 4.4973368644714355, 0.0]","[611.414306640625, 4.5, 0.0]",4.260494232362347,9.676933288574219,9.684482849901393,-0.3636360168534303,-0.36077263951301575,89.07818600693649,5.377437591367969,1.2472629547239045,84.57818600693649,-5.416439056211872,4.269750595092773,1.3739185333251953,47.2667236328125,False,-1,5.643669128417969,9.676933288574219,1.187601089477539,0.3444824149453649,3.7793783594201926,-3.7793783594201926,"StraightLane index=('>>>', '1S0_0_', 0)",True,472.143310546875,0.002662181854248047,0.0005264282226494539,"StraightLane index=('>>', '>>>', 0)",True,0.0,True,False,0.27127400040626526,0.0,0.0,0.0,True,0.0,0.0,0.0,-0.0,0.0,-0.0
86.799382,"[522.3141479492188, 4.497335910797119, 0.0]","[611.6075439453125, 4.5, 0.0]",4.253221512023771,9.695383071899414,9.709576497169063,-0.3636360169287922,-0.36412927508354187,89.1854858116107,5.416439056211872,1.9500732421951383,84.6854858116107,-5.442161559875643,4.262131690979004,1.3739185333251953,47.2667236328125,False,-1,5.636050224304199,9.695383071899414,1.2134265899658203,0.3525041040996321,3.8899091180188003,-3.8899091180188003,"StraightLane index=('>>>', '1S0_0_', 0)",True,472.22882080078125,0.002663135528564453,0.0005264282226494539,"StraightLane index=('>>', '>>>', 0)",True,0.0,True,False,0.27127400040626526,0.0,0.0,0.0,True,0.0,0.0,0.0,-0.0,0.0,-0.0
86.819712,"[522.3993530273438, 4.497334957122803, 0.0]","[611.8075561523438, 4.5, 0.0]",4.245948791685959,9.728337287902832,9.735799767425286,-0.36363601689060054,-0.3658227324485779,89.29339596784739,5.442161559875643,1.2861251831885578,84.79339596784739,-5.482388496216873,4.258312702178955,1.6157431602478027,47.975650787353516,False,-1,5.874055862426758,9.728337287902832,1.2134265899658203,0.3525041040996321,3.8899091180188003,-3.8899091180188003,"StraightLane index=('>>>', '1S0_0_', 0)",True,472.31414794921875,0.0026640892028808594,0.0005264282226494539,"StraightLane index=('>>', '>>>', 0)",True,0.0,True,False,0.2875063121318817,0.0,0.0,0.0,True,0.0,0.0,0.0,-0.0,0.0,-0.0
86.839229,"[522.4844360351562, 4.497334003448486, 0.0]","[612.00341796875, 4.5, 0.0]",4.238676071348028,9.747536659240723,9.761001178323204,-0.36363601689655134,-0.3651024401187897,89.40820309674002,5.482388496216873,2.011346817061499,84.90820309674002,-5.508860587892695,4.2511186599731445,1.6157431602478027,47.975650787353516,False,-1,5.866861820220947,9.747536659240723,1.2134265899658203,0.3525041040996321,3.8899091180188003,-3.8899091180188003,"StraightLane index=('>>>', '1S0_0_', 0)",True,472.39935302734375,0.0026650428771972656,0.0005264282226494539,"StraightLane index=('>>', '>>>', 0)",True,0.0,True,False,0.2875063121318817,0.0,0.0,0.0,True,0.0,0.0,0.0,-0.0,0.0,-0.0
86.859287,"[522.5693359375, 4.49733304977417, 0.0]","[612.197509765625, 4.5, 0.0]",4.231403351010387,9.779834747314453,9.786906149375483,-0.3636360168820296,-0.3632352948188782,89.51898190532035,5.508860587892695,1.3236045837910826,85.01898190532035,-5.548431396304066,4.244040012359619,1.6157431602478027,47.975650787353516,False,-1,5.859783172607422,9.779834747314453,1.2134265899658203,0.3525041040996321,3.8899091180188003,-3.8899091180188003,"StraightLane index=('>>>', '1S0_0_', 0)",True,472.48443603515625,0.002665996551513672,0.0005264282226494539,"StraightLane index=('>>', '>>>', 0)",True,0.0,True,False,0.2875063121318817,0.0,0.0,0.0,True,0.0,0.0,0.0,-0.0,0.0,-0.0
86.879428,"[522.6541137695312, 4.4973320960998535, 0.0]","[612.39404296875, 4.5, 0.0]",4.224130630672906,9.79912281036377,9.812845819923963,-0.3636360168740804,-0.36139366030693054,89.62817379983821,5.548431396304066,1.978540420568553,85.12817379983821,-5.574992179690864,4.237020969390869,1.6157431602478027,47.975650787353516,False,-1,5.852764129638672,9.79912281036377,1.2134265899658203,0.3525041040996321,3.8899091180188003,-3.8899091180188003,"StraightLane index=('>>>', '1S0_0_', 0)",True,472.5693359375,0.002666950225830078,0.0005264282226494539,"StraightLane index=('>>', '>>>', 0)",True,0.0,True,False,0.2875063121318817,0.0,0.0,0.0,True,0.0,0.0,0.0,-0.0,0.0,-0.0
86.898565,"[522.73876953125, 4.497331142425537, 0.0]","[612.5836181640625, 4.5, 0.0]",4.216857910335366,9.83083438873291,9.837599934165038,-0.363636016876967,-0.36197429895401,89.73992917091849,5.574992179690864,1.3280391693399007,85.23992917091849,-5.613976478397544,4.226127624511719,1.6157431602478027,47.975650787353516,False,-1,5.8418707847595215,9.83083438873291,1.354513168334961,0.36466165458139255,4.013746365539796,-4.013746365539796,"StraightLane index=('>>>', '1S0_0_', 0)",True,472.65411376953125,0.0026679039001464844,0.0005264282226494539,"StraightLane index=('>>', '>>>', 0)",True,0.0,True,False,0.2875063121318817,0.0,0.0,0.0,True,0.0,0.0,0.0,-0.0,0.0,-0.0
86.919376,"[522.8232421875, 4.497330188751221, 0.0]","[612.781494140625, 4.5, 0.0]",4.209585189997715,9.850646018981934,9.865260194285487,-0.36363601688256253,-0.3638455271720886,89.84484860449905,5.613976478397544,1.9492149353339983,85.34484860449905,-5.641060828984219,4.222311496734619,1.6157431602478027,47.975650787353516,False,-1,5.838054656982422,9.850646018981934,1.354513168334961,0.36466165458139255,4.013746365539796,-4.013746365539796,"StraightLane index=('>>>', '1S0_0_', 0)",True,472.73876953125,0.0026688575744628906,0.0005264282226494539,"StraightLane index=('>>', '>>>', 0)",True,0.0,True,False,0.2875063121318817,0.0,0.0,0.0,True,0.0,0.0,0.0,-0.0,0.0,-0.0
86.940383,"[522.9075927734375, 4.497329235076904, 0.0]","[612.97998046875, 4.5, 0.0]",4.202312469660084,9.884040832519531,9.893266415727854,-0.3636360168815411,-0.36349064111709595,89.958251924798,5.641060828984219,1.3542175293337344,85.458251924798,-5.681728362859447,4.215116500854492,1.6157431602478027,47.975650787353516,False,-1,5.830859661102295,9.884040832519531,1.354513168334961,0.36466165458139255,4.013746365539796,-4.013746365539796,"StraightLane index=('>>>', '1S0_0_', 0)",True,472.8232421875,0.002669811248779297,0.0005264282226494539,"StraightLane index=('>>', '>>>', 0)",True,0.0,True,False,0.2875063121318817,0.0,0.0,0.0,True,0.0,0.0,0.0,-0.0,0.0,-0.0
86.958942,"[522.9917602539062, 4.497328281402588, 0.0]","[613.1822509765625, 4.5, 0.0]",4.1950397493223495,9.904608726501465,9.918098072038505,-0.36363601688673697,-0.36658981442451477,90.07238766697192,5.681728362859447,2.033376693761424,85.57238766697192,-5.709568977179115,4.207547187805176,1.6157431602478027,47.975650787353516,False,-1,5.8232903480529785,9.904608726501465,1.354513168334961,0.36466165458139255,4.013746365539796,-4.013746365539796,"StraightLane index=('>>>', '1S0_0_', 0)",True,472.9075927734375,0.002670764923095703,0.0005264282226494539,"StraightLane index=('>>', '>>>', 0)",True,0.0,True,False,0.2875063121318817,0.0,0.0,0.0,True,0.0,0.0,0.0,-0.0,0.0,-0.0
86.979517,"[523.0758056640625, 4.4973273277282715, 0.0]","[613.381103515625, 4.5, 0.0]",4.187767028984994,9.93805980682373,9.9455182672834,-0.36363601686777436,-0.36298248171806335,90.19049069430191,5.709568977179115,1.3920307159834167,85.69049069430191,-5.7502927778387365,4.196933746337891,1.6157431602478027,47.975650787353516,False,-1,5.812676906585693,9.93805980682373,1.354513168334961,0.36466165458139255,4.013746365539796,-4.013746365539796,"StraightLane index=('>>>', '1S0_0_', 0)",True,472.99176025390625,0.0026717185974121094,0.0005264282226494539,"StraightLane index=('>>', '>>>', 0)",True,0.0,True,False,0.2875063121318817,0.0,0.0,0.0,True,0.0,0.0,0.0,-0.0,0.0,-0.0
86.999525,"[523.1597290039062, 4.497326374053955, 0.0]","[613.5805053710938, 4.5, 0.0]",4.180494308647588,9.958237648010256,9.972212563735154,-0.36363601687030567,-0.36450034379959106,90.30529782319456,5.7502927778387365,2.0361900329810556,85.80529782319456,-5.777743339362668,4.189473628997803,1.6157431602478027,47.975650787353516,False,-1,5.8052167892456055,9.958237648010256,1.2740325927734553,0.37278662987032424,4.128319800456058,-4.128319800456058,"StraightLane index=('>>>', '1S0_0_', 0)",True,473.0758056640625,0.0026726722717285156,0.0005264282226494539,"StraightLane index=('>>', '>>>', 0)",True,0.0,True,False,0.2875063121318817,0.0,0.0,0.0,True,0.0,0.0,0.0,-0.0,0.0,-0.0
87.019491,"[523.2434692382812, 4.497325420379639, 0.0]","[613.7769775390625, 4.5, 0.0]",4.173221588310158,9.991776466369629,9.99978632505641,-0.3636360168715047,-0.36022281646728516,90.42077633880592,5.777743339362668,1.3725280761965664,85.92077633880592,-5.818554878059471,4.18262243270874,5.750292778015137,90.3052978515625,True,0,9.932915210723877,9.991776466369629,1.2740325927734553,0.37278662987032424,4.128319800456058,-4.128319800456058,"StraightLane index=('>>>', '1S0_0_', 0)",True,473.15972900390625,0.002673625946044922,0.0005264282226494539,"StraightLane index=('>>', '>>>', 0)",True,0.0,True,False,0.3058774173259735,0.0,0.0,0.0,True,0.0,0.0,0.0,-0.0,0.0,-0.0
87.038831,"[523.3270874023438, 4.497324466705322, 0.0]","[613.9752197265625, 4.5, 0.0]",4.177640915092453,10.01239013671875,10.026520461347376,0.2209663391147476,-0.36365264654159546,90.53350827238616,5.818554878059471,2.040576934840166,86.03350827238616,-5.834749221626297,4.1786603927612305,5.750292778015137,90.3052978515625,True,0,9.928953170776367,10.01239013671875,1.2740325927734553,0.37278662987032424,4.128319800456058,-0.39062959011365095,"StraightLane index=('>>>', '1S0_0_', 0)",True,473.24346923828125,0.002674579620361328,0.0005264282226494539,"StraightLane index=('>>', '>>>', 0)",True,0.0,True,False,0.3058774173259735,3.7376902103424072,0.0,2.0,True,0.0,0.0,0.08,0.0,0.08,0.0
87.059094,"[523.4105224609375, 4.497323513031006, 0.0]","[614.1798706054688, 4.5, 0.0]",4.186477661308404,10.047223091125488,10.054536630720905,0.44183731079754374,-0.3657045066356659,90.64813229581006,5.834749221626297,0.8097171783413071,86.14813229581006,-5.860745429817085,4.17120361328125,5.750292778015137,90.3052978515625,True,0,9.921496391296387,10.047223091125488,1.2740325927734553,0.37278662987032424,4.128319800456058,-0.39062959011365095,"StraightLane index=('>>>', '1S0_0_', 0)",True,473.32708740234375,0.0026755332946777344,0.0005264282226494539,"StraightLane index=('>>', '>>>', 0)",True,0.0,True,False,0.3058774173259735,3.7376902103424072,0.0,2.0,True,0.0,0.0,0.16,0.0,0.16,0.0
87.079252,"[523.4940795898438, 4.4973225593566895, 0.0]","[614.38134765625, 4.5, 0.0]",4.19973373430553,10.068278312683105,10.082379103372823,0.6628036498563361,-0.3275139033794403,90.76934811610867,5.860745429817085,1.2998104095393703,86.26934811610867,-5.868544578377575,4.1644392013549805,5.750292778015137,90.3052978515625,True,0,9.914731979370117,10.068278312683105,1.2740325927734553,0.37278662987032424,4.128319800456058,-0.39062959011365095,"StraightLane index=('>>>', '1S0_0_', 0)",True,473.4105224609375,0.0026764869689941406,0.0005264282226494539,"StraightLane index=('>>', '>>>', 0)",True,0.0,True,False,0.3058774173259735,3.7376902103424072,0.0,2.0,True,0.0,0.0,0.24000000000000002,0.0,0.24000000000000002,0.0
87.099004,"[523.5778198242188, 4.497321605682373, 0.0]","[614.58203125, 4.5, 0.0]",4.21740913408386,10.102566719055176,10.10965039268435,0.8837699889165052,-0.25642096996307373,90.88726803982792,5.868544578377575,0.38995742802452327,86.38726803982792,-5.885157584971315,4.165706634521484,5.750292778015137,90.3052978515625,True,0,9.915999412536621,10.102566719055176,1.443290710449201,0.38602314174901387,4.211375571980369,-0.47368536163796193,"StraightLane index=('>>>', '1S0_0_', 0)",True,473.49407958984375,0.002677440643310547,0.0004959106445572987,"StraightLane index=('>>', '>>>', 0)",True,0.0,True,False,0.3058774173259735,3.7376902103424072,0.0,2.0,True,0.0,0.0,0.32,0.0,0.32,0.0
87.119151,"[523.6618041992188, 4.497320652008057, 0.0]","[614.7853393554688, 4.5, 0.0]",4.239501953297334,10.127617835998535,10.13843846819696,1.1046409606736862,-0.14826767146587372,91.00421139826398,5.885157584971315,0.8306503296870105,86.50421139826398,-5.888115882701201,4.172492504119873,5.868544578552246,90.88726806640625,True,0,10.04103708267212,10.127617835998535,1.443290710449201,0.38602314174901387,4.211375571980369,-0.47368536163796193,"StraightLane index=('>>>', '1S0_0_', 0)",True,473.57781982421875,0.002678394317626953,0.0005111694336033763,"StraightLane index=('>>', '>>>', 0)",True,0.0,True,False,0.3058774173259735,3.7376902103424072,0.0,2.0,True,0.0,0.0,0.39999999999999997,0.0,0.39999999999999997,0.0
87.139173,"[523.7461547851562, 4.49731969833374, 0.0]","[614.9894409179688, 4.5, 0.0]",4.266014099293693,10.15627670288086,10.167082693807435,1.3256072998179214,-0.07497157156467438,91.12353512871947,5.888115882701201,0.14791488649428253,86.62353512871947,-5.890262603587167,4.178699016571045,5.868544578552246,90.88726806640625,True,0,10.047243595123291,10.15627670288086,1.443290710449201,0.38602314174901387,4.211375571980369,-0.3589788453720928,"StraightLane index=('>>>', '1S0_0_', 0)",True,473.66180419921875,0.0026793479919433594,0.0005111694336033763,"StraightLane index=('>>', '>>>', 0)",True,0.0,True,False,0.3058774173259735,3.8523967266082764,0.0,2.0,True,0.0,0.0,0.4799999999999999,0.0,0.4799999999999999,0.0
87.158511,"[523.8309326171875, 4.497318744659424, 0.0]","[615.1917114257812, 4.5, 0.0]",4.296945572072632,10.184684753417969,10.194732697605332,1.5465736389469686,0.07817555218935013,91.2432861057332,5.890262603587167,0.10733604429828958,86.7432861057332,-5.887739181345337,4.193894863128662,5.868544578552246,90.88726806640625,True,0,10.062439441680908,10.184684753417969,1.443290710449201,0.38602314174901387,4.211375571980369,-0.3589788453720928,"StraightLane index=('>>>', '1S0_0_', 0)",True,473.74615478515625,0.0026803016662597656,0.0005035400390803375,"StraightLane index=('>>', '>>>', 0)",True,0.0,True,False,0.3058774173259735,3.8523967266082764,0.0,2.0,True,0.0,0.0,0.5599999999999999,0.0,0.5599999999999999,0.0
87.183022,"[523.916259765625, 4.497317790985107, 0.0]","[615.3921508789062, 4.5, 0.0]",4.3322944642849786,10.212831497192383,10.229552072189222,1.7674446106173303,0.34467700123786926,91.36077878103677,5.887739181345337,-0.1261711120914999,86.86077878103677,-5.880537032907404,4.226754665374756,5.868544578552246,90.88726806640625,True,0,10.095299243927002,10.212831497192383,1.443290710449201,0.38602314174901387,4.211375571980369,-0.3589788453720928,"StraightLane index=('>>>', '1S0_0_', 0)",True,473.8309326171875,0.002681255340576172,0.0005111694336033763,"StraightLane index=('>>', '>>>', 0)",True,0.0,True,False,0.3058774173259735,3.8523967266082764,0.0,2.0,True,0.0,0.0,0.64,0.0,0.64,0.0
87.199332,"[524.002197265625, 4.497316837310791, 0.0]","[615.599365234375, 4.5, 0.0]",4.3720626832809195,10.24193000793457,10.253105603618426,1.9884109497970481,0.5524533987045288,91.47589108571117,5.880537032907404,-0.36010742189662714,86.97589108571117,-5.869867324653651,4.256613731384277,5.868544578552246,90.88726806640625,True,0,10.125158309936523,10.24193000793457,1.3936328887939453,0.39619797868190054,4.211611739706774,-0.35921501309849724,"StraightLane index=('>>>', '1S0_0_', 0)",True,473.916259765625,0.002682209014892578,0.0005111694336033763,"StraightLane index=('>>', '>>>', 0)",True,0.0,True,False,0.3058774173259735,3.8523967266082764,0.0,2.0,True,0.0,0.0,0.7200000000000001,0.0,0.7200000000000001,0.0
87.219182,"[524.0888671875, 4.497315883636475, 0.0]","[615.80078125, 4.5, 0.0]",4.416250229059223,10.27048683166504,10.28219212598749,2.209377288915171,0.6797511577606201,91.5971679411666,5.869867324653651,-0.5334854126876731,87.0971679411666,-5.854236602605818,4.275492191314697,5.880537033081055,91.47589111328125,True,0,10.156029224395752,10.27048683166504,1.3936328887939453,0.39619797868190054,4.211611739706774,-0.35921501309849724,"StraightLane index=('>>>', '1S0_0_', 0)",True,474.002197265625,0.0026831626892089844,0.0005111694336033763,"StraightLane index=('>>', '>>>', 0)",True,0.0,True,False,0.33553075790405273,3.8523967266082764,0.0,2.0,True,0.0,0.0,0.8000000000000002,0.0,0.8000000000000002,0.0
87.239568,"[524.1763305664062, 4.497314929962158, 0.0]","[616.0128173828125, 4.5, 0.0]",4.464855194274021,10.300665855407715,10.312067137371631,2.430248260739898,0.9082411527633667,91.71191403396755,5.854236602605818,-0.7815361023916445,87.21191403396755,-5.835810661133694,4.314015865325928,5.880537033081055,91.47589111328125,True,0,10.194552898406982,10.300665855407715,1.3936328887939453,0.39619797868190054,4.211611739706774,-0.3090541282413195,"StraightLane index=('>>>', '1S0_0_', 0)",True,474.0888671875,0.0026841163635253906,0.0005264282226494539,"StraightLane index=('>>', '>>>', 0)",True,0.0,True,False,0.33553075790405273,3.902557611465454,0.0,2.0,True,0.0,0.0,0.8800000000000002,0.0,0.8800000000000002,0.0
87.258329,"[524.2646484375, 4.497313976287842, 0.0]","[616.2127075195312, 4.5, 0.0]",4.517879486270672,10.329116821289064,10.339815267510131,2.6512145998325742,1.1432631015777588,91.83648678832886,5.835810661133694,-0.9212970736061976,87.33648678832886,-5.811237335018392,4.3578009605407715,5.880537033081055,91.47589111328125,True,0,10.238337993621826,10.329116821289064,1.3936328887939453,0.39619797868190054,4.211611739706774,-0.3090541282413195,"StraightLane index=('>>>', '1S0_0_', 0)",True,474.17633056640625,0.002685070037841797,0.0005187988281264151,"StraightLane index=('>>', '>>>', 0)",True,0.0,True,False,0.33553075790405273,3.902557611465454,0.0,2.0,True,0.0,0.0,0.9600000000000003,0.0,0.9600000000000003,0.0
87.278809,"[524.3539428710938, 4.497313022613525, 0.0]","[616.4195556640625, 4.5, 0.0]",4.573112487983754,10.358556747436523,10.369901889786417,2.761650085654077,1.476080298423767,91.9480590534713,5.811237335018392,-1.2286663057651026,87.4480590534713,-5.7854442594527695,4.430366516113281,5.880537033081055,91.47589111328125,True,0,10.310903549194336,10.358556747436523,1.3936328887939453,0.39619797868190054,4.211611739706774,-0.3090541282413195,"StraightLane index=('>>>', '1S0_0_', 0)",True,474.2646484375,0.002686023712158203,0.0005264282226494539,"StraightLane index=('>>', '>>>', 0)",True,0.0,True,False,0.33553075790405273,3.902557611465454,0.0,2.0,True,0.0,0.0,1.0,0.0,1.0,0.0
87.298664,"[524.4442749023438, 4.497312068939209, 0.0]","[616.6258544921875, 4.5, 0.0]",4.628345489696593,10.38792896270752,10.399100809951783,2.7616500856419535,1.6192748546600342,92.06561276439508,5.7854442594527695,-1.289653778281119,87.56561276439508,-5.7595834730109265,4.460148811340332,5.880537033081055,91.47589111328125,True,0,10.340685844421387,10.38792896270752,1.4599895477294922,0.4076778149842427,4.151407072441345,-0.2488494609758911,"StraightLane index=('>>>', '1S0_0_', 0)",True,474.35394287109375,0.0026869773864746094,0.0005264282226494539,"StraightLane index=('>>', '>>>', 0)",True,0.0,True,False,0.33553075790405273,3.902557611465454,0.0,2.0,True,0.0,0.0,1.0,0.0,1.0,0.0
87.318911,"[524.5357666015625, 4.497311115264893, 0.0]","[616.8351440429688, 4.5, 0.0]",4.683578491406962,10.418098449707031,10.429811639497059,2.7616500855184523,1.9453141689300537,92.18157956125641,5.7595834730109265,-1.2930393220921488,87.68157956125641,-5.734519958300069,4.5462327003479,5.785444259643555,92.06561279296875,True,0,10.331676959991455,10.418098449707031,1.4599895477294922,0.4076778149842427,4.151407072441345,-0.2488494609758911,"StraightLane index=('>>>', '1S0_0_', 0)",True,474.44427490234375,0.0026879310607910156,0.0005264282226494539,"StraightLane index=('>>', '>>>', 0)",True,0.0,True,False,0.33553075790405273,3.902557611465454,0.0,2.0,True,0.0,0.0,1.0,0.0,1.0,0.0
87.339365,"[524.6283569335938, 4.497310161590576, 0.0]","[617.0499877929688, 4.5, 0.0]",4.738811493113975,10.449270248413088,10.460896461806259,2.761650085350631,2.160093307495117,92.29937741467597,5.734519958300069,-1.2531757355428663,87.79937741467597,-5.710458755299113,4.609022617340088,5.785444259643555,92.06561279296875,True,0,10.394466876983643,10.449270248413088,1.4599895477294922,0.4076778149842427,4.151407072441345,-0.26310689200616455,"StraightLane index=('>>>', '1S0_0_', 0)",True,474.5357666015625,0.002688884735107422,0.0004959106445572987,"StraightLane index=('>>', '>>>', 0)",True,0.0,True,False,0.33553075790405273,3.8883001804351807,0.0,2.0,True,0.0,0.0,1.0,0.0,1.0,0.0
87.35884,"[524.7220458984375, 4.49730920791626, 0.0]","[617.2587280273438, 4.5, 0.0]",4.7940444948226615,10.479555130004883,10.490513923247342,2.7616500854343418,2.283393621444702,92.42163083216639,5.710458755299113,-1.2030601500478078,87.92163083216639,-5.685510635182221,4.643558502197266,5.785444259643555,92.06561279296875,True,0,10.42900276184082,10.479555130004883,1.4599895477294922,0.4076778149842427,4.151407072441345,-0.26310689200616455,"StraightLane index=('>>>', '1S0_0_', 0)",True,474.62835693359375,0.002689838409423828,0.0005035400390803375,"StraightLane index=('>>', '>>>', 0)",True,0.0,True,False,0.33553075790405273,3.8883001804351807,0.0,2.0,True,0.0,0.0,1.0,0.0,1.0,0.0
87.379577,"[524.8168334960938, 4.497308254241943, 0.0]","[617.4689331054688, 4.5, 0.0]",4.849277496531778,10.510050773620605,10.522005207268515,2.7616500854558357,2.45819354057312,92.5366821016848,5.685510635182221,-1.2474060058445868,88.0366821016848,-5.660773277088827,4.708223342895508,5.785444259643555,92.06561279296875,True,0,10.493667602539062,10.510050773620605,1.4599895477294922,0.4076778149842427,4.151407072441345,-0.26310689200616455,"StraightLane index=('>>>', '1S0_0_', 0)",True,474.7220458984375,0.0026907920837402344,0.0005035400390803375,"StraightLane index=('>>', '>>>', 0)",True,0.0,True,False,0.33553075790405273,3.8883001804351807,0.0,2.0,True,0.0,0.0,1.0,0.0,1.0,0.0
87.398953,"[524.9127197265625, 4.497307300567627, 0.0]","[617.6781005859375, 4.5, 0.0]",4.904510498242853,10.540393829345703,10.551475379189935,2.7616500855537573,2.602494716644287,92.65209958260674,5.660773277088827,-1.2368679046697029,88.15209958260674,-5.63588333110285,4.773033618927002,5.785444259643555,92.06561279296875,True,0,10.558477878570557,10.540393829345703,1.524648666381836,0.4202727368091827,4.083596902026035,-0.19529672159085454,"StraightLane index=('>>>', '1S0_0_', 0)",True,474.81683349609375,0.0026917457580566406,0.0004959106445572987,"StraightLane index=('>>', '>>>', 0)",True,0.0,True,False,0.33553075790405273,3.8883001804351807,0.0,2.0,True,0.0,0.0,1.0,0.0,1.0,0.0
87.418905,"[525.0097045898438, 4.4973063468933105, 0.0]","[617.8853759765625, 4.5, 0.0]",4.959743499952197,10.570706367492676,10.58256053046183,2.7616500854672044,2.7372963428497314,92.76538083212796,5.63588333110285,-1.2444972992988745,88.26538083212796,-5.610962867540478,4.866743087768555,5.660773277282715,92.652099609375,True,0,10.52751636505127,10.570706367492676,1.524648666381836,0.4202727368091827,4.083596902026035,-0.19529672159085454,"StraightLane index=('>>>', '1S0_0_', 0)",True,474.9127197265625,0.002692699432373047,0.0005035400390803375,"StraightLane index=('>>', '>>>', 0)",True,0.0,True,False,0.3613176941871643,3.8883001804351807,0.0,2.0,True,0.0,0.0,1.0,0.0,1.0,0.0
87.443675,"[525.1077880859375, 4.497305393218994, 0.0]","[618.097900390625, 4.5, 0.0]",5.014976501660269,10.60189437866211,10.620903004514748,2.7616500854035664,2.801696300506592,92.87567135945908,5.610962867540478,-1.2460231781185716,88.37567135945908,-5.586917877001841,4.900871753692627,5.660773277282715,92.652099609375,True,0,10.561645030975342,10.60189437866211,1.524648666381836,0.4202727368091827,4.083596902026035,-0.22056503785977544,"StraightLane index=('>>>', '1S0_0_', 0)",True,475.00970458984375,0.002693653106689453,0.0005035400390803375,"StraightLane index=('>>', '>>>', 0)",True,0.0,True,False,0.3613176941871643,3.8630318641662598,0.0,2.0,True,0.0,0.0,1.0,0.0,1.0,0.0
87.458769,"[525.2069702148438, 4.497304439544678, 0.0]","[618.3147583007812, 4.5, 0.0]",5.0702095033658265,10.633711814880373,10.644754370228384,2.761650085277889,2.8580052852630615,92.99011227927235,5.586917877001841,-1.2022495269318867,88.49011227927235,-5.563502311514546,4.991506099700928,5.660773277282715,92.652099609375,True,0,10.652279376983643,10.633711814880373,1.524648666381836,0.4202727368091827,4.083596902026035,-0.22056503785977544,"StraightLane index=('>>>', '1S0_0_', 0)",True,475.1077880859375,0.0026946067810058594,0.0004730224609372935,"StraightLane index=('>>', '>>>', 0)",True,0.0,True,False,0.3613176941871643,3.8630318641662598,0.0,2.0,True,0.0,0.0,1.0,0.0,1.0,0.0
87.479402,"[525.3072509765625, 4.497303485870361, 0.0]","[618.5278930664062, 4.5, 0.0]",5.125442505073411,10.66499137878418,10.67692606928502,2.7616500853792303,2.895143508911133,93.10778806142974,5.563502311514546,-1.1707782743647144,88.60778806142974,-5.5395488737107685,5.023982048034668,5.660773277282715,92.652099609375,True,0,10.684755325317383,10.66499137878418,1.524648666381836,0.4202727368091827,4.083596902026035,-0.22056503785977544,"StraightLane index=('>>>', '1S0_0_', 0)",True,475.20697021484375,0.0026955604553222656,0.000457763671891216,"StraightLane index=('>>', '>>>', 0)",True,0.0,True,False,0.3613176941871643,3.8630318641662598,0.0,2.0,True,0.0,0.0,1.0,0.0,1.0,0.0
87.499112,"[525.4086303710938, 4.497302532196045, 0.0]","[618.7401123046875, 4.5, 0.0]",5.180675506781833,10.696133613586426,10.7076855205975,2.761650085421108,2.9087069034576416,93.22064206440498,5.5395488737107685,-1.1976718901888894,88.72064206440498,-5.5154581068045925,5.0831403732299805,5.660773277282715,92.652099609375,True,0,10.743913650512695,10.696133613586426,1.5573978424072266,0.4327543876125174,4.0178021570355025,-0.1547702928692427,"StraightLane index=('>>>', '1S0_0_', 0)",True,475.3072509765625,0.002696514129638672,0.0004730224609372935,"StraightLane index=('>>', '>>>', 0)",True,0.0,True,False,0.3613176941871643,3.8630318641662598,0.0,2.0,True,0.0,0.0,1.0,0.0,1.0,0.0
87.51914,"[525.5111694335938, 4.4973015785217285, 0.0]","[618.9556274414062, 4.5, 0.0]",5.235908508490963,10.727849960327148,10.73950241687801,2.761650085456502,2.91113018989563,93.33148190721646,5.5154581068045925,-1.2045383453088032,88.83148190721646,-5.491941451836185,5.141341686248779,5.539548873901367,93.22064208984375,True,0,10.680890560150146,10.727849960327148,1.5573978424072266,0.4327543876125174,4.0178021570355025,-0.1547702928692427,"StraightLane index=('>>>', '1S0_0_', 0)",True,475.40863037109375,0.002697467803955078,0.0004882812499833711,"StraightLane index=('>>', '>>>', 0)",True,0.0,True,False,0.3613176941871643,3.8630318641662598,0.0,2.0,True,0.0,0.0,1.0,0.0,1.0,0.0
87.5388,"[525.6148071289062, 4.497300624847412, 0.0]","[619.1663208007812, 4.5, 0.0]",5.291141510200779,10.762239456176758,10.77076019191364,2.7616500854907855,2.875387191772461,93.44445798142297,5.491941451836185,-1.175832748420369,88.94445798142297,-5.471097945975979,5.224598407745361,5.539548873901367,93.22064208984375,True,0,10.764147281646729,10.762239456176758,1.5573978424072266,0.4327543876125174,4.0178021570355025,-0.18904487096372513,"StraightLane index=('>>>', '1S0_0_', 0)",True,475.51116943359375,0.0026984214782714844,0.0004882812499833711,"StraightLane index=('>>', '>>>', 0)",True,0.0,True,False,0.3613176941871643,3.8287572860717773,0.0,2.0,True,0.0,0.0,1.0,0.0,1.0,0.0
87.559547,"[525.7195434570312, 4.497299671173096, 0.0]","[619.3873901367188, 4.5, 0.0]",5.346374511910542,10.788146018981934,10.803739879676787,2.7616500854881654,2.8944897651672363,93.55151364593823,5.471097945975979,-1.0421752930103168,89.05151364593823,-5.441771507071391,5.255356311798096,5.539548873901367,93.22064208984375,True,0,10.794905185699463,10.788146018981934,1.5573978424072266,0.4327543876125174,4.0178021570355025,-0.18904487096372513,"StraightLane index=('>>>', '1S0_0_', 0)",True,475.61480712890625,0.0026993751525878906,0.0004806518554603323,"StraightLane index=('>>', '>>>', 0)",True,0.0,True,False,0.3613176941871643,3.8287572860717773,0.0,2.0,True,0.0,0.0,1.0,0.0,1.0,0.0
87.578969,"[525.8253784179688, 4.497298717498779, 0.0]","[619.5970458984375, 4.5, 0.0]",5.401607513622545,10.825714111328125,10.834614103764245,2.7616500856001203,2.880336284637451,93.66784665373864,5.441771507071391,-1.4663219452293763,89.16784665373864,-5.42410659770558,5.311441898345947,5.539548873901367,93.22064208984375,True,0,10.850990772247314,10.825714111328125,1.5573978424072266,0.4327543876125174,4.0178021570355025,-0.18904487096372513,"StraightLane index=('>>>', '1S0_0_', 0)",True,475.71954345703125,0.002700328826904297,0.0004806518554603323,"StraightLane index=('>>', '>>>', 0)",True,0.0,True,False,0.3613176941871643,3.8287572860717773,0.0,2.0,True,0.0,0.0,1.0,0.0,1.0,0.0
87.59918,"[525.9323120117188, 4.497297763824463, 0.0]","[619.8181762695312, 4.5, 0.0]",5.456840515334168,10.851636886596681,10.866764177259242,2.7616500855811577,2.864811658859253,93.77166745450823,5.42410659770558,-0.88324546829055,89.27166745450823,-5.3947963712625135,5.367092132568359,5.539548873901367,93.22064208984375,True,0,10.906641006469727,10.851636886596681,1.5550327301025568,0.44390509440485515,3.950522735725489,-0.1217654496537115,"StraightLane index=('>>>', '1S0_0_', 0)",True,475.82537841796875,0.002701282501220703,0.0004806518554603323,"StraightLane index=('>>', '>>>', 0)",True,0.0,True,False,0.3613176941871643,3.8287572860717773,0.0,2.0,True,0.0,0.0,1.0,0.0,1.0,0.0
87.618661,"[526.0403442382812, 4.4972968101501465, 0.0]","[620.0311889648438, 4.5, 0.0]",5.512073517045687,10.889921188354492,10.898488101878618,2.761650085575962,2.816655158996582,93.88586423090723,5.3947963712625135,-1.4655113221533345,89.38586423090723,-5.377847671308805,5.4474992752075195,5.424106597900391,93.77166748046875,True,0,10.87160587310791,10.889921188354492,1.5550327301025568,0.44390509440485515,3.950522735725489,-0.1217654496537115,"StraightLane index=('>>>', '1S0_0_', 0)",True,475.93231201171875,0.0027022361755371094,0.0004959106445572987,"StraightLane index=('>>', '>>>', 0)",True,0.0,True,False,0.387115478515625,3.8287572860717773,0.0,2.0,True,0.0,0.0,1.0,0.0,1.0,0.0
87.638878,"[526.1494750976562, 4.49729585647583, 0.0]","[620.2501831054688, 4.5, 0.0]",5.5673065187554585,10.915855407714844,10.931439614654813,2.761650085488565,2.7943267822265625,93.9908447001125,5.377847671308805,-0.8474349976854256,89.4908447001125,-5.348548888959385,5.50162410736084,5.424106597900391,93.77166748046875,True,0,10.92573070526123,10.915855407714844,1.5550327301025568,0.44390509440485515,3.950522735725489,-0.16205103696450252,"StraightLane index=('>>>', '1S0_0_', 0)",True,476.04034423828125,0.0027031898498535156,0.0004882812499833711,"StraightLane index=('>>', '>>>', 0)",True,0.0,True,False,0.387115478515625,3.7884716987609863,0.0,2.0,True,0.0,0.0,1.0,0.0,1.0,0.0
87.658529,"[526.2597045898438, 4.497294902801514, 0.0]","[620.4688110351562, 4.5, 0.0]",5.6225395204658275,10.95506477355957,10.963460767438521,2.7616500855184523,2.8100688457489014,94.10070798274346,5.348548888959385,-1.464939117470987,89.60070798274346,-5.332525253093743,5.531218528747559,5.424106597900391,93.77166748046875,True,0,10.95532512664795,10.95506477355957,1.5550327301025568,0.44390509440485515,3.950522735725489,-0.16205103696450252,"StraightLane index=('>>>', '1S0_0_', 0)",True,476.14947509765625,0.002704143524169922,0.0004653930664142548,"StraightLane index=('>>', '>>>', 0)",True,0.0,True,False,0.387115478515625,3.7884716987609863,0.0,2.0,True,0.0,0.0,1.0,0.0,1.0,0.0
87.679005,"[526.3710327148438, 4.497293949127197, 0.0]","[620.687255859375, 4.5, 0.0]",5.677772522176393,10.980919837951662,10.996830140443052,2.7616500855282666,2.7634971141815186,94.20910641930459,5.332525253093743,-0.8011817932821241,89.70910641930459,-5.303147315775269,5.610147953033447,5.424106597900391,93.77166748046875,True,0,11.034254550933838,10.980919837951662,1.5550327301025568,0.44390509440485515,3.950522735725489,-0.16205103696450252,"StraightLane index=('>>>', '1S0_0_', 0)",True,476.25970458984375,0.002705097198486328,0.0004806518554603323,"StraightLane index=('>>', '>>>', 0)",True,0.0,True,False,0.387115478515625,3.7884716987609863,0.0,2.0,True,0.0,0.0,1.0,0.0,1.0,0.0
87.69903,"[526.4834594726562, 4.497292995452881, 0.0]","[620.9061889648438, 4.5, 0.0]",5.733005523887288,11.020181655883789,11.02947123765945,2.7616500855447423,2.754225969314575,94.31622311851157,5.303147315775269,-1.4688968659236856,89.81622311851157,-5.287176131996501,5.664645671844482,5.424106597900391,93.77166748046875,True,0,11.088752269744873,11.020181655883789,1.685447692871076,0.45850525421485727,3.8951697400125833,-0.10669804125159699,"StraightLane index=('>>>', '1S0_0_', 0)",True,476.37103271484375,0.0027060508728027344,0.0004806518554603323,"StraightLane index=('>>', '>>>', 0)",True,0.0,True,False,0.387115478515625,3.7884716987609863,0.0,2.0,True,0.0,0.0,1.0,0.0,1.0,0.0
87.718725,"[526.5969848632812, 4.4972920417785645, 0.0]","[621.12841796875, 4.5, 0.0]",5.788238525598373,11.046394348144531,11.061776397423351,2.761650085554246,2.7760157585144043,94.42272946615607,5.287176131996501,-0.7985591889383858,89.92272946615607,-5.258155822546159,5.694473743438721,5.303147315979004,94.31622314453125,True,0,10.997621059417725,11.046394348144531,1.685447692871076,0.45850525421485727,3.8951697400125833,-0.10669804125159699,"StraightLane index=('>>>', '1S0_0_', 0)",True,476.48345947265625,0.0027070045471191406,0.0004806518554603323,"StraightLane index=('>>', '>>>', 0)",True,0.0,True,False,0.387115478515625,3.7884716987609863,0.0,2.0,True,0.0,0.0,1.0,0.0,1.0,0.0
87.739607,"[526.711669921875, 4.497291088104248, 0.0]","[621.3508911132812, 4.5, 0.0]",5.843471527311287,11.085899353027344,11.096025514540495,2.7616500856457282,2.7715516090393066,94.5314330794255,5.258155822546159,-1.4510154725171365,90.0314330794255,-5.242427825716057,5.749248504638672,5.303147315979004,94.31622314453125,True,0,11.052395820617676,11.085899353027344,1.685447692871076,0.45850525421485727,3.8951697400125833,-0.15879750757544953,"StraightLane index=('>>>', '1S0_0_', 0)",True,476.59698486328125,0.002707958221435547,0.0004806518554603323,"StraightLane index=('>>', '>>>', 0)",True,0.0,True,False,0.387115478515625,3.736372232437134,0.0,2.0,True,0.0,0.0,1.0,0.0,1.0,0.0
87.75825,"[526.8274536132812, 4.497290134429932, 0.0]","[621.5717163085938, 4.5, 0.0]",5.898704529025097,11.111822128295898,11.126609515378485,2.7616500856904924,2.769526720046997,94.63922116488393,5.242427825716057,-0.7863998415051032,90.13922116488393,-5.213117599270801,5.804203033447266,5.303147315979004,94.31622314453125,True,0,11.10735034942627,11.111822128295898,1.685447692871076,0.45850525421485727,3.8951697400125833,-0.15879750757544953,"StraightLane index=('>>>', '1S0_0_', 0)",True,476.711669921875,0.002708911895751953,0.0004882812499833711,"StraightLane index=('>>', '>>>', 0)",True,0.0,True,False,0.387115478515625,3.736372232437134,0.0,2.0,True,0.0,0.0,1.0,0.0,1.0,0.0
87.7786,"[526.9443359375, 4.497289180755615, 0.0]","[621.79443359375, 4.5, 0.0]",5.953937530740214,11.151354789733887,11.159968894791792,2.7616500857558623,2.7693562507629395,94.74426266689139,5.213117599270801,-1.465511322262758,90.24426266689139,-5.1974172589936725,5.859321594238281,5.303147315979004,94.31622314453125,True,0,11.162468910217285,11.151354789733887,1.685447692871076,0.45850525421485727,3.8951697400125833,-0.15879750757544953,"StraightLane index=('>>>', '1S0_0_', 0)",True,476.82745361328125,0.0027098655700683594,0.0005187988281264151,"StraightLane index=('>>', '>>>', 0)",True,0.0,True,False,0.387115478515625,3.736372232437134,0.0,2.0,True,0.0,0.0,1.0,0.0,1.0,0.0
87.798714,"[527.0623168945312, 4.497288227081299, 0.0]","[622.0164184570312, 4.5, 0.0]",6.0091705324538,11.177444458007812,11.192959318457408,2.7616500856793014,2.770512819290161,94.85009762781591,5.1974172589936725,-0.7850170138564483,90.35009762781591,-5.168273925554012,5.914583206176758,5.303147315979004,94.31622314453125,True,0,11.217730522155762,11.177444458007812,1.5726280212402344,0.4676967095367798,3.827074761146888,-0.09070252870975404,"StraightLane index=('>>>', '1S0_0_', 0)",True,476.9443359375,0.0027108192443847656,0.0005187988281264151,"StraightLane index=('>>', '>>>', 0)",True,0.0,True,False,0.387115478515625,3.736372232437134,0.0,2.0,True,0.0,0.0,1.0,0.0,1.0,0.0
87.819721,"[527.181396484375, 4.497287273406982, 0.0]","[622.2420654296875, 4.5, 0.0]",6.064403534167329,11.217358589172363,11.22780016243912,2.761650085676415,2.7679319381713867,94.95410153500082,5.168273925554012,-1.4571666719830123,90.45410153500082,-5.152955055005035,5.969480991363525,5.197417259216309,94.85009765625,True,0,11.166898250579834,11.217358589172363,1.5726280212402344,0.4676967095367798,3.827074761146888,-0.09070252870975404,"StraightLane index=('>>>', '1S0_0_', 0)",True,477.06231689453125,0.002711772918701172,0.0005035400390803375,"StraightLane index=('>>', '>>>', 0)",True,0.0,True,False,0.387115478515625,3.736372232437134,0.0,2.0,True,0.0,0.0,1.0,0.0,1.0,0.0
87.841429,"[527.3015747070312, 4.497286319732666, 0.0]","[622.4756469726562, 4.5, 0.0]",6.119636535880049,11.24506664276123,11.263720841007773,2.7616500856360027,2.763580560684204,95.06066891780081,5.152955055005035,-0.7659435274488757,90.56066891780081,-5.125430106881182,6.024106025695801,5.197417259216309,94.85009765625,True,0,11.22152328491211,11.24506664276123,1.5726280212402344,0.4676967095367798,3.827074761146888,-0.12914156412540345,"StraightLane index=('>>>', '1S0_0_', 0)",True,477.181396484375,0.002712726593017578,0.0005035400390803375,"StraightLane index=('>>', '>>>', 0)",True,0.0,True,False,0.41378360986709595,3.6979331970214844,0.0,2.0,True,0.0,0.0,1.0,0.0,1.0,0.0
87.858616,"[527.4228515625, 4.49728536605835, 0.0]","[622.6976318359375, 4.5, 0.0]",6.174869537592056,11.284407615661621,11.292385369093854,2.7616500856003867,2.762120485305786,95.17407223810055,5.125430106881182,-1.3762474061926433,90.67407223810055,-5.109538078069565,6.078962802886963,5.197417259216309,94.85009765625,True,0,11.276380062103271,11.284407615661621,1.5726280212402344,0.4676967095367798,3.827074761146888,-0.12914156412540345,"StraightLane index=('>>>', '1S0_0_', 0)",True,477.30157470703125,0.0027136802673339844,0.0005035400390803375,"StraightLane index=('>>', '>>>', 0)",True,0.0,True,False,0.41378360986709595,3.6979331970214844,0.0,2.0,True,0.0,0.0,1.0,0.0,1.0,0.0
87.879156,"[527.5452270507812, 4.497284412384033, 0.0]","[622.91845703125, 4.5, 0.0]",6.230102539304195,11.310245513916016,11.326432440529338,2.761650085606915,2.7628021240234375,95.27478024590079,5.109538078069565,-0.7946014405808555,90.77478024590079,-5.080142974611821,6.134026527404785,5.197417259216309,94.85009765625,True,0,11.331443786621094,11.310245513916016,1.5726280212402344,0.4676967095367798,3.827074761146888,-0.12914156412540345,"StraightLane index=('>>>', '1S0_0_', 0)",True,477.4228515625,0.0027146339416503906,0.0005035400390803375,"StraightLane index=('>>', '>>>', 0)",True,0.0,True,False,0.41378360986709595,3.6979331970214844,0.0,2.0,True,0.0,0.0,1.0,0.0,1.0,0.0
87.899169,"[527.668701171875, 4.497283458709717, 0.0]","[623.1491088867188, 4.5, 0.0]",6.285335541020411,11.350863456726074,11.359694106213158,2.761650085810796,2.7649621963500977,95.37322995244578,5.080142974611821,-1.4697551728871883,90.87322995244578,-5.065527915705664,6.189267158508301,5.197417259216309,94.85009765625,True,0,11.38668441772461,11.350863456726074,1.7341899871826172,0.4816236881344934,3.774216833343175,-0.07628363632169055,"StraightLane index=('>>>', '1S0_0_', 0)",True,477.54522705078125,0.002715587615966797,0.0005111694336033763,"StraightLane index=('>>', '>>>', 0)",True,0.0,True,False,0.41378360986709595,3.6979331970214844,0.0,2.0,True,0.0,0.0,1.0,0.0,1.0,0.0
87.919552,"[527.7932739257812, 4.4972825050354, 0.0]","[623.3773193359375, 4.5, 0.0]",6.340568542736813,11.377303123474121,11.393311918658371,2.761650085820122,2.74465012550354,95.48040768537491,5.065527915705664,-0.7307529453078665,90.98040768537491,-5.036734580737308,6.269879341125488,5.197417259216309,94.85009765625,True,0,11.467296600341797,11.377303123474121,1.7341899871826172,0.4816236881344934,3.774216833343175,-0.07628363632169055,"StraightLane index=('>>>', '1S0_0_', 0)",True,477.668701171875,0.002716541290283203,0.0005340576171724927,"StraightLane index=('>>', '>>>', 0)",True,0.0,True,False,0.41378360986709595,3.6979331970214844,0.0,2.0,True,0.0,0.0,1.0,0.0,1.0,0.0
87.939955,"[527.9190063476562, 4.497281551361084, 0.0]","[623.6066284179688, 4.5, 0.0]",6.39580154445637,11.417037010192871,11.426984432260152,2.7616500859778625,2.77158260345459,95.58404538019269,5.036734580737308,-1.4396667484177783,91.08404538019269,-5.021235465736501,6.3001508712768555,5.080142974853516,95.37322998046875,True,0,11.380293846130371,11.417037010192871,1.7341899871826172,0.4816236881344934,3.774216833343175,-0.01177543662991809,"StraightLane index=('>>>', '1S0_0_', 0)",True,477.79327392578125,0.0027174949645996094,0.0005416870116955315,"StraightLane index=('>>', '>>>', 0)",True,0.0,True,False,0.41378360986709595,3.762441396713257,0.0,2.0,True,0.0,0.0,1.0,0.0,1.0,0.0
87.958684,"[528.0458374023438, 4.497280597686768, 0.0]","[623.8343505859375, 4.5, 0.0]",6.4510345461731395,11.443203926086426,11.457909671101309,2.761650085838463,2.7752389907836914,95.68762203985202,5.021235465736501,-0.7749557500403625,91.18762203985202,-4.992169379913286,6.355733394622803,5.080142974853516,95.37322998046875,True,0,11.435876369476318,11.443203926086426,1.7341899871826172,0.4816236881344934,3.774216833343175,-0.01177543662991809,"StraightLane index=('>>>', '1S0_0_', 0)",True,477.91900634765625,0.0027184486389160156,0.0005493164062694592,"StraightLane index=('>>', '>>>', 0)",True,0.0,True,False,0.41378360986709595,3.762441396713257,0.0,2.0,True,0.0,0.0,1.0,0.0,1.0,0.0
87.978729,"[528.1737670898438, 4.497279644012451, 0.0]","[624.0578002929688, 4.5, 0.0]",6.506267547888183,11.482089042663574,11.490954239239157,2.7616500857521764,2.7741448879241943,95.78851315311947,4.992169379913286,-1.4533042911607286,91.28851315311947,-4.975821494775391,6.410890102386475,5.080142974853516,95.37322998046875,True,0,11.49103307723999,11.482089042663574,1.7341899871826172,0.4816236881344934,3.774216833343175,-0.01177543662991809,"StraightLane index=('>>>', '1S0_0_', 0)",True,478.04583740234375,0.002719402313232422,0.0005493164062694592,"StraightLane index=('>>', '>>>', 0)",True,0.0,True,False,0.41378360986709595,3.762441396713257,0.0,2.0,True,0.0,0.0,1.0,0.0,1.0,0.0
87.998554,"[528.3027954101562, 4.497278690338135, 0.0]","[624.2862548828125, 4.5, 0.0]",6.561500549602004,11.508365631103517,11.523667828926932,2.7616500856910253,2.77047061920166,95.88403317360307,4.975821494775391,-0.8173942568947545,91.38403317360307,-4.946865081501514,6.465714454650879,5.080142974853516,95.37322998046875,True,0,11.545857429504395,11.508365631103517,1.5750217437744318,0.4885870803531492,3.7040493833291332,0.05839201338412359,"StraightLane index=('>>>', '1S0_0_', 0)",True,478.17376708984375,0.002720355987548828,0.0005340576171724927,"StraightLane index=('>>', '>>>', 0)",True,0.0,True,False,0.41378360986709595,3.762441396713257,0.0,2.0,True,0.0,0.0,1.0,0.0,1.0,0.0
88.018759,"[528.4329223632812, 4.49727725982666, 0.0]","[624.5185546875, 4.5, 0.0]",6.616733551315667,11.547937393188477,11.556643431093487,2.761650085683165,2.7690720558166504,95.98345944312112,4.946865081501514,-1.4478206636938662,91.48345944312112,-4.93120384187281,6.520716190338135,4.975821495056152,95.884033203125,True,0,11.496537685394287,11.547937393188477,1.5750217437744318,0.4885870803531492,3.7040493833291332,0.05839201338412359,"StraightLane index=('>>>', '1S0_0_', 0)",True,478.30279541015625,0.0027213096618652344,0.0005340576171724927,"StraightLane index=('>>', '>>>', 0)",True,0.0,True,False,0.4414927661418915,3.762441396713257,0.0,2.0,True,0.0,0.0,1.0,0.0,1.0,0.0
88.038828,"[528.5641479492188, 4.4972758293151855, 0.0]","[624.750732421875, 4.5, 0.0]",6.671966553028521,11.573871612548828,11.589352171690207,2.7616500856427084,2.769374132156372,96.08563229466584,4.93120384187281,-0.7830619814352069,91.58563229466584,-4.901905059520307,6.575878143310547,4.975821495056152,95.884033203125,True,0,11.5516996383667,11.573871612548828,1.5750217437744318,0.4885870803531492,3.7040493833291332,-0.10505465142605708,"StraightLane index=('>>>', '1S0_0_', 0)",True,478.43292236328125,0.0027227401733398438,0.0005340576171724927,"StraightLane index=('>>', '>>>', 0)",True,0.0,True,False,0.4414927661418915,3.598994731903076,0.0,2.0,True,0.0,0.0,1.0,0.0,1.0,0.0
88.058499,"[528.6964721679688, 4.497274398803711, 0.0]","[624.9815673828125, 4.5, 0.0]",6.727199554740968,11.61295223236084,11.621423934319411,2.761650085622369,2.770864725112915,96.18658444308562,4.901905059520307,-1.4649391176251303,91.68658444308562,-4.885752677619871,6.631176948547363,4.975821495056152,95.884033203125,True,0,11.606998443603516,11.61295223236084,1.5750217437744318,0.4885870803531492,3.7040493833291332,-0.10505465142605708,"StraightLane index=('>>>', '1S0_0_', 0)",True,478.56414794921875,0.002724170684814453,0.0005340576171724927,"StraightLane index=('>>', '>>>', 0)",True,0.0,True,False,0.4414927661418915,3.598994731903076,0.0,2.0,True,0.0,0.0,1.0,0.0,1.0,0.0
88.082145,"[528.8298950195312, 4.497272968292236, 0.0]","[625.222412109375, 4.5, 0.0]",6.782432556453457,11.643441200256348,11.65995698108973,2.761650085624412,2.77310848236084,96.28509518525551,4.885752677619871,-0.8076190950217832,91.78509518525551,-4.861008643802891,6.686588764190674,4.975821495056152,95.884033203125,True,0,11.662410259246826,11.643441200256348,1.5750217437744318,0.4885870803531492,3.7040493833291332,-0.10505465142605708,"StraightLane index=('>>>', '1S0_0_', 0)",True,478.69647216796875,0.0027256011962890625,0.0005340576171724927,"StraightLane index=('>>', '>>>', 0)",True,0.0,True,False,0.4414927661418915,3.598994731903076,0.0,2.0,True,0.0,0.0,1.0,0.0,1.0,0.0
88.099195,"[528.9644165039062, 4.497271537780762, 0.0]","[625.452880859375, 4.5, 0.0]",6.837665558165509,11.675804138183594,11.687759899233011,2.761650085602607,2.7757503986358643,96.39251706023751,4.861008643802891,-1.2372016908490213,91.89251706023751,-4.838138580018085,6.742089748382568,4.975821495056152,95.884033203125,True,0,11.71791124343872,11.675804138183594,1.6743850708007635,0.498331849795861,3.6431219268076163,-0.04412719490454009,"StraightLane index=('>>>', '1S0_0_', 0)",True,478.82989501953125,0.002727031707763672,0.0005340576171724927,"StraightLane index=('>>', '>>>', 0)",True,0.0,True,False,0.4414927661418915,3.598994731903076,0.0,2.0,True,0.0,0.0,1.0,0.0,1.0,0.0
88.119412,"[529.1000366210938, 4.497270107269287, 0.0]","[625.6825561523438, 4.5, 0.0]",6.892898559877362,11.707345008850098,11.72010192316585,2.7616500855926596,2.7785139083862305,96.48846432584502,4.838138580018085,-1.1435031892403025,91.98846432584502,-4.814446448972736,6.797657012939453,4.861008644104004,96.39251708984375,True,0,11.658665657043457,11.707345008850098,1.6743850708007635,0.498331849795861,3.6431219268076163,-0.04412719490454009,"StraightLane index=('>>>', '1S0_0_', 0)",True,478.96441650390625,0.0027284622192382812,0.0005340576171724927,"StraightLane index=('>>', '>>>', 0)",True,0.0,True,False,0.4414927661418915,3.598994731903076,0.0,2.0,True,0.0,0.0,1.0,0.0,1.0,0.0
88.138799,"[529.23681640625, 4.4972686767578125, 0.0]","[625.9168701171875, 4.5, 0.0]",6.948131561588947,11.739198684692383,11.751149081574757,2.761650085579248,2.781195878982544,96.58251950160884,4.814446448972736,-1.1846065522674643,92.08251950160884,-4.791067123103436,6.853271007537842,4.861008644104004,96.39251708984375,True,0,11.714279651641846,11.739198684692383,1.6743850708007635,0.498331849795861,3.6431219268076163,-0.09839793922827056,"StraightLane index=('>>>', '1S0_0_', 0)",True,479.10003662109375,0.0027298927307128906,0.0005340576171724927,"StraightLane index=('>>', '>>>', 0)",True,0.0,True,False,0.4414927661418915,3.5447239875793457,0.0,2.0,True,0.0,0.0,1.0,0.0,1.0,0.0
88.158234,"[529.3746948242188, 4.497267246246338, 0.0]","[626.150634765625, 4.5, 0.0]",7.003364563300142,11.770979881286621,11.782254807973281,2.7616500855597526,2.7790474891662598,96.68005368127878,4.791067123103436,-1.1689662934649903,92.18005368127878,-4.767615317986479,6.908431053161621,4.861008644104004,96.39251708984375,True,0,11.769439697265625,11.770979881286621,1.6743850708007635,0.498331849795861,3.6431219268076163,-0.09839793922827056,"StraightLane index=('>>>', '1S0_0_', 0)",True,479.23681640625,0.0027313232421875,0.0005340576171724927,"StraightLane index=('>>', '>>>', 0)",True,0.0,True,False,0.4414927661418915,3.5447239875793457,0.0,2.0,True,0.0,0.0,1.0,0.0,1.0,0.0
88.182091,"[529.513671875, 4.497265815734863, 0.0]","[626.3920288085938, 4.5, 0.0]",7.058597565011451,11.803799629211426,11.820404057573525,2.761650085565437,2.747751235961914,96.77593991173002,4.767615317986479,-1.1725902558478385,92.27593991173002,-4.745202064199975,6.988193988800049,4.861008644104004,96.39251708984375,True,0,11.849202632904053,11.803799629211426,1.6743850708007635,0.498331849795861,3.6431219268076163,-0.09839793922827056,"StraightLane index=('>>>', '1S0_0_', 0)",True,479.37469482421875,0.0027327537536621094,0.0005340576171724927,"StraightLane index=('>>', '>>>', 0)",True,0.0,True,False,0.4414927661418915,3.5447239875793457,0.0,2.0,True,0.0,0.0,1.0,0.0,1.0,0.0
88.199455,"[529.6537475585938, 4.497264385223389, 0.0]","[626.6280517578125, 4.5, 0.0]",7.113830566722813,11.835884094238281,11.848098288007076,2.7616500855681014,2.771949291229248,96.87835690389974,4.745202064199975,-1.1206626893252025,92.37835690389974,-4.7220535275154685,7.018209934234619,4.861008644104004,96.39251708984375,True,0,11.879218578338623,11.835884094238281,1.600799560546875,0.5045266494354155,3.57386144232047,-0.02913745474112428,"StraightLane index=('>>>', '1S0_0_', 0)",True,479.513671875,0.0027341842651367188,0.0005340576171724927,"StraightLane index=('>>', '>>>', 0)",True,0.0,True,False,0.4414927661418915,3.5447239875793457,0.0,2.0,True,0.0,0.0,1.0,0.0,1.0,0.0
88.219136,"[529.794921875, 4.497262954711914, 0.0]","[626.8627319335938, 4.5, 0.0]",7.169063568434565,11.866681098937988,11.878537173802846,2.761650085587597,2.7713816165924072,96.97430416950723,4.7220535275154685,-1.157426834225328,92.47430416950723,-4.697617530503424,7.073333263397217,4.861008644104004,96.39251708984375,True,0,11.93434190750122,11.866681098937988,1.600799560546875,0.5045266494354155,3.57386144232047,-0.02913745474112428,"StraightLane index=('>>>', '1S0_0_', 0)",True,479.65374755859375,0.002735614776611328,0.0005340576171724927,"StraightLane index=('>>', '>>>', 0)",True,0.0,True,False,0.47004780173301697,3.5447239875793457,0.0,2.0,True,0.0,0.0,1.0,0.0,1.0,0.0
88.238981,"[529.9371948242188, 4.4972615242004395, 0.0]","[627.0991821289062, 4.5, 0.0]",7.215459823930197,11.897215843200684,11.90909372446616,2.3198127747816155,2.772132635116577,97.06781002886484,4.697617530503424,-1.2217998506022454,92.56781002886484,-4.681756019270487,7.1285905838012695,1.632239818572998,59.08395767211914,False,-1,8.760830402374268,11.897215843200684,1.600799560546875,0.5045266494354155,3.57386144232047,-3.57386144232047,"StraightLane index=('>>>', '1S0_0_', 0)",True,479.794921875,0.0027370452880859375,0.0005340576171724927,"StraightLane index=('>>', '>>>', 0)",True,0.0,True,False,0.47004780173301697,0.0,0.0,0.0,True,0.0,0.0,0.8400000000000001,0.0,0.8400000000000001,0.0
88.259229,"[530.08056640625, 4.497260093688965, 0.0]","[627.3423461914062, 4.5, 0.0]",7.253019333211715,11.928609848022461,11.9402734376475,1.8779754640759094,2.7496864795684814,97.16198727494117,4.681756019270487,-0.7930755616468499,92.66198727494117,-4.675590514810746,7.20917272567749,1.632239818572998,59.08395767211914,False,-1,8.841412544250488,11.928609848022461,1.600799560546875,0.5045266494354155,3.57386144232047,-3.57386144232047,"StraightLane index=('>>>', '1S0_0_', 0)",True,479.93719482421875,0.002738475799560547,0.0005340576171724927,"StraightLane index=('>>', '>>>', 0)",True,0.0,True,False,0.47004780173301697,0.0,0.0,0.0,True,0.0,0.0,0.6800000000000002,0.0,0.6800000000000002,0.0
88.28063,"[530.224853515625, 4.49725866317749, 0.0]","[627.5812377929688, 4.5, 0.0]",7.281740188927243,11.959460258483887,11.973208513653606,1.4360427857763813,2.7621212005615234,97.26177975539225,4.675590514810746,-0.30827522298704224,92.76177975539225,-4.677720069556644,7.237973690032959,1.632239818572998,59.08395767211914,False,-1,8.870213508605957,11.959460258483887,1.600799560546875,0.5045266494354155,3.57386144232047,-3.57386144232047,"StraightLane index=('>>>', '1S0_0_', 0)",True,480.08056640625,0.0027399063110351562,0.0005340576171724927,"StraightLane index=('>>', '>>>', 0)",True,0.0,True,False,0.47004780173301697,0.0,0.0,0.0,True,0.0,0.0,0.5200000000000002,0.0,0.5200000000000002,0.0
88.299185,"[530.3699340820312, 4.497257232666016, 0.0]","[627.8133544921875, 4.5, 0.0]",7.301624298428722,11.989437103271484,12.001819563827832,0.9942054750739615,2.711653232574463,97.35638424560503,4.677720069556644,0.10647773729490773,92.85638424560503,-4.687812804842762,7.28756856918335,1.632239818572998,59.08395767211914,False,-1,8.919808387756348,11.989437103271484,1.5355300903320312,0.507817537653495,3.554895860801291,-3.554895860801291,"StraightLane index=('>>>', '1S0_0_', 0)",True,480.224853515625,0.0027413368225097656,0.0005645751953155367,"StraightLane index=('>>', '>>>', 0)",True,0.0,True,False,0.47004780173301697,0.0,0.0,0.0,True,0.0,0.0,0.3600000000000002,0.0,0.3600000000000002,0.0
88.318855,"[530.5155639648438, 4.497255802154541, 0.0]","[628.054931640625, 4.5, 0.0]",7.312671661712688,12.01942825317383,12.03078288681619,0.5523681641983025,2.607344627380371,97.44342037987066,4.687812804842762,0.5046367643059213,92.94342037987066,-4.706756591461142,7.330282211303711,1.632239818572998,59.08395767211914,False,-1,8.962522029876709,12.01942825317383,1.5355300903320312,0.507817537653495,3.554895860801291,-3.554895860801291,"StraightLane index=('>>>', '1S0_0_', 0)",True,480.36993408203125,0.002742767333984375,0.0005416870116955315,"StraightLane index=('>>', '>>>', 0)",True,0.0,True,False,0.47004780173301697,0.0,0.0,0.0,True,0.0,0.0,0.20000000000000018,0.0,0.20000000000000018,0.0
88.338692,"[530.66162109375, 4.497254371643066, 0.0]","[628.2968139648438, 4.5, 0.0]",7.314880371425462,12.048871994018555,12.059948624644777,0.11043548563871575,2.4502980709075928,97.53936764498879,4.706756591461142,0.9471893309189738,93.03936764498879,-4.733991622593092,7.365129470825195,1.632239818572998,59.08395767211914,False,-1,8.997369289398193,12.048871994018555,1.5355300903320312,0.507817537653495,3.554895860801291,-3.554895860801291,"StraightLane index=('>>>', '1S0_0_', 0)",True,480.51556396484375,0.0027441978454589844,0.0005493164062694592,"StraightLane index=('>>', '>>>', 0)",True,0.0,True,False,0.47004780173301697,0.0,0.0,0.0,True,0.0,0.0,0.040000000000000174,0.0,0.040000000000000174,0.0
88.358231,"[530.807861328125, 4.497252941131592, 0.0]","[628.5380859375, 4.5, 0.0]",7.307607651083784,12.078240394592285,12.088678592757377,-0.3636360170839126,2.239171266555786,97.63519284126019,4.733991622593092,1.3617515565975236,93.13519284126019,-4.770632743508501,7.390953063964844,1.632239818572998,59.08395767211914,False,-1,9.023192882537842,12.078240394592285,1.5355300903320312,0.507817537653495,3.554895860801291,-3.554895860801291,"StraightLane index=('>>>', '1S0_0_', 0)",True,480.66162109375,0.0027456283569335938,0.0005340576171724927,"StraightLane index=('>>', '>>>', 0)",True,0.0,True,False,0.47004780173301697,0.0,0.0,0.0,True,0.0,0.0,0.0,-0.0,0.0,-0.0
88.378987,"[530.9541625976562, 4.497251510620117, 0.0]","[628.7788696289062, 4.5, 0.0]",7.300334930745715,12.107545852661133,12.119163593885483,-0.36363601690347913,1.9685369729995728,97.73022458001022,4.770632743508501,1.832056045770436,93.23022458001022,-4.807210921915418,7.406067371368408,1.632239818572998,59.08395767211914,False,-1,9.038307189941406,12.107545852661133,1.5355300903320312,0.507817537653495,3.554895860801291,-3.554895860801291,"StraightLane index=('>>>', '1S0_0_', 0)",True,480.807861328125,0.002747058868408203,0.0005264282226494539,"StraightLane index=('>>', '>>>', 0)",True,0.0,True,False,0.47004780173301697,0.0,0.0,0.0,True,0.0,0.0,0.0,-0.0,0.0,-0.0
88.399694,"[531.100341796875, 4.497250080108643, 0.0]","[629.0263061523438, 4.5, 0.0]",7.29306221040719,12.137666702270508,12.14954852181969,-0.3636360169262165,1.6397688388824463,97.82470700186808,4.807210921915418,1.828908920345862,93.32470700186808,-4.8446044918633175,7.409327983856201,1.632239818572998,59.08395767211914,False,-1,9.0415678024292,12.137666702270508,1.4822959899902344,0.5089161435378037,3.65790906324896,-3.65790906324896,"StraightLane index=('>>>', '1S0_0_', 0)",True,480.95416259765625,0.0027484893798828125,0.0005264282226494539,"StraightLane index=('>>', '>>>', 0)",True,0.0,True,False,0.47004780173301697,0.0,0.0,0.0,True,0.0,0.0,0.0,-0.0,0.0,-0.0
88.42054,"[531.246337890625, 4.497248649597168, 0.0]","[629.2665405273438, 4.5, 0.0]",7.285789490069832,12.165719985961914,12.178798656594003,-0.3636360168679076,1.2927508354187012,97.92596432460365,4.8446044918633175,1.8696784973949665,93.42596432460365,-4.879930495892082,7.404044151306152,1.9145145416259766,61.65810775756836,False,-1,9.318558692932129,12.165719985961914,1.4822959899902344,0.5089161435378037,3.65790906324896,-3.65790906324896,"StraightLane index=('>>>', '1S0_0_', 0)",True,481.100341796875,0.002749919891357422,0.0005493164062694592,"StraightLane index=('>>', '>>>', 0)",True,0.0,True,False,0.49911150336265564,0.0,0.0,0.0,True,0.0,0.0,0.0,-0.0,0.0,-0.0
88.438667,"[531.3922119140625, 4.497247219085693, 0.0]","[629.5091552734375, 4.5, 0.0]",7.278516769735007,12.19351577758789,12.204194635569579,-0.36363601674125334,0.9468597173690796,98.02020260681512,4.879930495892082,1.76630020143822,93.52020260681512,-4.914999007852884,7.39188814163208,1.9145145416259766,61.65810775756836,False,-1,9.306402683258057,12.19351577758789,1.4822959899902344,0.5089161435378037,3.65790906324896,-3.65790906324896,"StraightLane index=('>>>', '1S0_0_', 0)",True,481.246337890625,0.0027513504028320312,0.0005340576171724927,"StraightLane index=('>>', '>>>', 0)",True,0.0,True,False,0.49911150336265564,0.0,0.0,0.0,True,0.0,0.0,0.0,-0.0,0.0,-0.0
88.458218,"[531.5379028320312, 4.497245788574219, 0.0]","[629.7523803710938, 4.5, 0.0]",7.271244049396217,12.221379280090332,12.23157684638048,-0.36363601693949477,0.6220961809158325,98.11694332945383,4.914999007852884,1.7534255980400815,93.61694332945383,-4.950135230694115,7.3751397132873535,1.9145145416259766,61.65810775756836,False,-1,9.28965425491333,12.221379280090332,1.4822959899902344,0.5089161435378037,3.65790906324896,-3.65790906324896,"StraightLane index=('>>>', '1S0_0_', 0)",True,481.3922119140625,0.0027527809143066406,0.0005340576171724927,"StraightLane index=('>>', '>>>', 0)",True,0.0,True,False,0.49911150336265564,0.0,0.0,0.0,True,0.0,0.0,0.0,-0.0,0.0,-0.0
88.479043,"[531.6834716796875, 4.497244358062744, 0.0]","[629.9986572265625, 4.5, 0.0]",7.263971329058536,12.249595642089844,12.260713019190586,-0.36363601688407243,0.3282155990600586,98.21447750912377,4.950135230694115,1.756811142061565,93.71447750912377,-4.985624313031308,7.355275630950928,1.9145145416259766,61.65810775756836,False,-1,9.269790172576904,12.249595642089844,1.4822959899902344,0.5089161435378037,3.65790906324896,-3.65790906324896,"StraightLane index=('>>>', '1S0_0_', 0)",True,481.53790283203125,0.00275421142578125,0.0005340576171724927,"StraightLane index=('>>', '>>>', 0)",True,0.0,True,False,0.49911150336265564,0.0,0.0,0.0,True,0.0,0.0,0.0,-0.0,0.0,-0.0
88.49887,"[531.8289184570312, 4.4972429275512695, 0.0]","[630.2472534179688, 4.5, 0.0]",7.256698608718208,12.28140926361084,12.288484175169142,-0.3636360170163666,-0.024389296770095825,98.31518551691856,4.985624313031308,1.7744541168596584,93.81518551691856,-5.0247106548926315,7.324352741241455,1.9145145416259766,61.65810775756836,False,-1,9.238867282867432,12.28140926361084,1.4374256134033203,0.5083344256531395,3.77439635133335,-3.77439635133335,"StraightLane index=('>>>', '1S0_0_', 0)",True,481.6834716796875,0.0027556419372558594,0.0005340576171724927,"StraightLane index=('>>', '>>>', 0)",True,0.0,True,False,0.49911150336265564,0.0,0.0,0.0,True,0.0,0.0,0.0,-0.0,0.0,-0.0
88.518759,"[531.9741821289062, 4.497241497039795, 0.0]","[630.4880981445312, 4.5, 0.0]",7.249425888379047,12.300915718078615,12.31463499538775,-0.3636360169580577,-0.12471413612365723,98.41833493145167,5.0247106548926315,1.9543170930661713,93.91833493145167,-5.051489829699568,7.313584327697754,1.9145145416259766,61.65810775756836,False,-1,9.22809886932373,12.300915718078615,1.4374256134033203,0.5083344256531395,3.77439635133335,-3.77439635133335,"StraightLane index=('>>>', '1S0_0_', 0)",True,481.82891845703125,0.0027570724487304688,0.0005264282226494539,"StraightLane index=('>>', '>>>', 0)",True,0.0,True,False,0.49911150336265564,0.0,0.0,0.0,True,0.0,0.0,0.0,-0.0,0.0,-0.0
88.538714,"[532.1193237304688, 4.49724006652832, 0.0]","[630.7348022460938, 4.5, 0.0]",7.24215316804339,12.333744049072266,12.340772031551753,-0.3636360167828645,-0.2870343029499054,98.51391598612199,5.051489829699568,1.3389587403468184,94.01391598612199,-5.091590881028876,7.293237686157227,1.9145145416259766,61.65810775756836,False,-1,9.207752227783203,12.333744049072266,1.4374256134033203,0.5083344256531395,3.77439635133335,-3.77439635133335,"StraightLane index=('>>>', '1S0_0_', 0)",True,481.97418212890625,0.002758502960205078,0.0005264282226494539,"StraightLane index=('>>', '>>>', 0)",True,0.0,True,False,0.49911150336265564,0.0,0.0,0.0,True,0.0,0.0,0.0,-0.0,0.0,-0.0
88.558069,"[532.2642822265625, 4.497238636016846, 0.0]","[630.981201171875, 4.5, 0.0]",7.234880447709819,12.353200912475586,12.366142704598317,-0.36363601667854795,-0.4056552052497864,98.61547848463222,5.091590881028876,2.005052566465393,94.11547848463222,-5.118320464765767,7.274427890777588,1.9145145416259766,61.65810775756836,False,-1,9.188942432403564,12.353200912475586,1.4374256134033203,0.5083344256531395,3.77439635133335,-3.77439635133335,"StraightLane index=('>>>', '1S0_0_', 0)",True,482.11932373046875,0.0027599334716796875,0.0005493164062694592,"StraightLane index=('>>', '>>>', 0)",True,0.0,True,False,0.49911150336265564,0.0,0.0,0.0,True,0.0,0.0,0.0,-0.0,0.0,-0.0
88.57879,"[532.4091186523438, 4.497237205505371, 0.0]","[631.22900390625, 4.5, 0.0]",7.227607727372026,12.386140823364258,12.39326718209341,-0.36363601688966796,-0.5128689408302307,98.71691891479418,5.118320464765767,1.3364791868445636,94.21691891479418,-5.158533095992232,7.249794960021973,1.9145145416259766,61.65810775756836,False,-1,9.16430950164795,12.386140823364258,1.4374256134033203,0.5083344256531395,3.77439635133335,-3.77439635133335,"StraightLane index=('>>>', '1S0_0_', 0)",True,482.2642822265625,0.002761363983154297,0.0005416870116955315,"StraightLane index=('>>', '>>>', 0)",True,0.0,True,False,0.49911150336265564,0.0,0.0,0.0,True,0.0,0.0,0.0,-0.0,0.0,-0.0
88.598512,"[532.5538330078125, 4.4972357749938965, 0.0]","[631.4758911132812, 4.5, 0.0]",7.2203350070343255,12.405648231506348,12.419096632871668,-0.363636016885005,-0.5355739593505859,98.8198852233698,5.158533095992232,2.0106315613232617,94.3198852233698,-5.185313224472022,7.242284774780273,1.9145145416259766,61.65810775756836,False,-1,9.15679931640625,12.405648231506348,1.2423896789550781,0.5009846218512533,3.871438217758068,-3.871438217758068,"StraightLane index=('>>>', '1S0_0_', 0)",True,482.40911865234375,0.0027627944946289062,0.0005416870116955315,"StraightLane index=('>>', '>>>', 0)",True,0.0,True,False,0.49911150336265564,0.0,0.0,0.0,True,0.0,0.0,0.0,-0.0,0.0,-0.0
88.618888,"[532.6983642578125, 4.497234344482422, 0.0]","[631.7257690429688, 4.5, 0.0]",7.213062286696934,12.437286376953125,12.44390977576259,-0.3636360168695951,-0.5592178702354431,98.92205807589593,5.185313224472022,1.3390064239894972,94.42205807589593,-5.224224090256191,7.22899055480957,5.158533096313477,98.81988525390625,True,0,12.387523651123047,12.437286376953125,1.2423896789550781,0.5009846218512533,3.871438217758068,-3.871438217758068,"StraightLane index=('>>>', '1S0_0_', 0)",True,482.5538330078125,0.0027642250061035156,0.0005264282226494539,"StraightLane index=('>>', '>>>', 0)",True,0.0,True,False,0.5283659100532532,0.0,0.0,0.0,True,0.0,0.0,0.0,-0.0,0.0,-0.0
88.63929,"[532.8427734375, 4.497232913970947, 0.0]","[631.9817504882812, 4.5, 0.0]",7.217481613479255,12.455430984497072,12.468596459556432,0.22096633911607988,-0.5674397945404053,99.02740475458349,5.224224090256191,1.9455432892084623,94.52740475458349,-5.237949371017817,7.216923236846924,5.158533096313477,98.81988525390625,True,0,12.3754563331604,12.455430984497072,1.2423896789550781,0.5009846218512533,3.871438217758068,-0.5183918005217398,"StraightLane index=('>>>', '1S0_0_', 0)",True,482.6983642578125,0.002765655517578125,0.0005416870116955315,"StraightLane index=('>>', '>>>', 0)",True,0.0,True,False,0.5283659100532532,3.353046417236328,0.0,2.0,True,0.0,0.0,0.08,0.0,0.08,0.0
88.658985,"[532.987060546875, 4.497231483459473, 0.0]","[632.230224609375, 4.5, 0.0]",7.226318359695025,12.486186027526855,12.49243279162678,0.4418373107884843,-0.559604287147522,99.13897702068235,5.237949371017817,0.6862640380812746,94.63897702068235,-5.259867667831831,7.2064385414123535,5.158533096313477,98.81988525390625,True,0,12.36497163772583,12.486186027526855,1.2423896789550781,0.5009846218512533,3.871438217758068,-0.5183918005217398,"StraightLane index=('>>>', '1S0_0_', 0)",True,482.8427734375,0.0027670860290527344,0.0005340576171724927,"StraightLane index=('>>', '>>>', 0)",True,0.0,True,False,0.5283659100532532,3.353046417236328,0.0,2.0,True,0.0,0.0,0.16,0.0,0.16,0.0
88.679294,"[533.1314086914062, 4.497230052947998, 0.0]","[632.48046875, 4.5, 0.0]",7.2395744326990625,12.50378131866455,12.51698814684525,0.6628036502018819,-0.5231366753578186,99.24316403089985,5.259867667831831,1.0959148407006847,94.74316403089985,-5.264206885965488,7.199195384979248,5.158533096313477,98.81988525390625,True,0,12.357728481292725,12.50378131866455,1.2423896789550781,0.5009846218512533,3.871438217758068,-0.5183918005217398,"StraightLane index=('>>>', '1S0_0_', 0)",True,482.987060546875,0.0027685165405273438,0.000556945800792498,"StraightLane index=('>>', '>>>', 0)",True,0.0,True,False,0.5283659100532532,3.353046417236328,0.0,2.0,True,0.0,0.0,0.24000000000000002,0.0,0.24000000000000002,0.0
88.6985,"[533.2759399414062, 4.497228622436523, 0.0]","[632.7232666015625, 4.5, 0.0]",7.257249832483626,12.53398609161377,12.54023309870972,0.883769989228167,-0.44769683480262756,99.34906002597629,5.264206885965488,0.2169609066828837,94.84906002597629,-5.276736259130144,7.19693660736084,5.158533096313477,98.81988525390625,True,0,12.355469703674316,12.53398609161377,1.2833786010742188,0.4958044107037256,3.925682979138319,-0.5726365619019909,"StraightLane index=('>>>', '1S0_0_', 0)",True,483.13140869140625,0.002769947052001953,0.0005722045898385755,"StraightLane index=('>>', '>>>', 0)",True,0.0,True,False,0.5283659100532532,3.353046417236328,0.0,2.0,True,0.0,0.0,0.32,0.0,0.32,0.0
88.718818,"[533.4207153320312, 4.497227191925049, 0.0]","[632.9754028320312, 4.5, 0.0]",7.279342651697532,12.550262451171875,12.562937580346187,1.1046409606953134,-0.3321993052959442,99.4473266290155,5.276736259130144,0.6264686582327705,94.9473266290155,-5.270919799474343,7.200563907623291,5.264206886291504,99.34906005859375,True,0,12.464770793914795,12.550262451171875,1.2833786010742188,0.4958044107037256,3.925682979138319,-0.5726365619019909,"StraightLane index=('>>>', '1S0_0_', 0)",True,483.27593994140625,0.0027713775634765625,0.0005493164062694592,"StraightLane index=('>>', '>>>', 0)",True,0.0,True,False,0.5283659100532532,3.353046417236328,0.0,2.0,True,0.0,0.0,0.39999999999999997,0.0,0.39999999999999997,0.0
88.738687,"[533.5658569335938, 4.497225761413574, 0.0]","[633.2276000976562, 4.5, 0.0]",7.30585479769152,12.579155921936035,12.584992980638344,1.325607299699394,-0.1783117800951004,99.55468747032162,5.270919799474343,-0.29082298279003993,95.05468747032162,-5.273301124244515,7.210699081420898,5.264206886291504,99.34906005859375,True,0,12.474905967712402,12.579155921936035,1.2833786010742188,0.4958044107037256,3.925682979138319,-0.4737085872010631,"StraightLane index=('>>>', '1S0_0_', 0)",True,483.42071533203125,0.002772808074951172,0.0005264282226494539,"StraightLane index=('>>', '>>>', 0)",True,0.0,True,False,0.5283659100532532,3.451974391937256,0.0,2.0,True,0.0,0.0,0.4799999999999999,0.0,0.4799999999999999,0.0
88.758796,"[533.71142578125, 4.4972243309021, 0.0]","[633.4842529296875, 4.5, 0.0]",7.336786270467591,12.595097541809082,12.60731774686894,1.5465736388035278,0.005836377386003733,99.66174313436646,5.273301124244515,0.11906623850861386,95.16174313436646,-5.2583112713414915,7.227241039276123,5.264206886291504,99.34906005859375,True,0,12.491447925567627,12.595097541809082,1.2833786010742188,0.4958044107037256,3.925682979138319,-0.4737085872010631,"StraightLane index=('>>>', '1S0_0_', 0)",True,483.56585693359375,0.0027742385864257812,0.0005264282226494539,"StraightLane index=('>>', '>>>', 0)",True,0.0,True,False,0.5283659100532532,3.451974391937256,0.0,2.0,True,0.0,0.0,0.5599999999999999,0.0,0.5599999999999999,0.0
88.779614,"[533.8575439453125, 4.497222900390625, 0.0]","[633.7368774414062, 4.5, 0.0]",7.3721351626763765,12.624027252197266,12.630409910464953,1.767444610439295,0.2087479680776596,99.77282711921441,5.2583112713414915,-0.7494926451511841,95.27282711921441,-5.251892089520889,7.249528408050537,5.264206886291504,99.34906005859375,True,0,12.513735294342041,12.624027252197266,1.2833786010742188,0.4958044107037256,3.925682979138319,-0.4737085872010631,"StraightLane index=('>>>', '1S0_0_', 0)",True,483.71142578125,0.0027756690979003906,0.0005187988281264151,"StraightLane index=('>>', '>>>', 0)",True,0.0,True,False,0.5283659100532532,3.451974391937256,0.0,2.0,True,0.0,0.0,0.64,0.0,0.64,0.0
88.799381,"[534.0042724609375, 4.49722146987915, 0.0]","[633.9819946289062, 4.5, 0.0]",7.411903381668865,12.638959884643555,12.65236287332344,1.9884109496244307,0.5231544971466064,99.87933346636223,5.251892089520889,-0.3209590910301152,95.37933346636223,-5.22705650297469,7.291872501373291,5.264206886291504,99.34906005859375,True,0,12.556079387664795,12.638959884643555,1.0497379302978516,0.48296479719377783,3.880551524127326,-0.4285771321900702,"StraightLane index=('>>>', '1S0_0_', 0)",True,483.8575439453125,0.002777099609375,0.0005264282226494539,"StraightLane index=('>>', '>>>', 0)",True,0.0,True,False,0.5283659100532532,3.451974391937256,0.0,2.0,True,0.0,0.0,0.7200000000000001,0.0,0.7200000000000001,0.0
88.819025,"[534.1517333984375, 4.497220039367676, 0.0]","[634.236572265625, 4.5, 0.0]",7.456090927444762,12.666316986083984,12.67187734574132,2.209377288794867,0.7579109072685242,99.97772213821993,5.22705650297469,-1.2417793273099775,95.47772213821993,-5.210226058639222,7.3282952308654785,5.25189208984375,99.87933349609375,True,0,12.580187320709229,12.666316986083984,1.0497379302978516,0.48296479719377783,3.880551524127326,-0.4285771321900702,"StraightLane index=('>>>', '1S0_0_', 0)",True,484.0042724609375,0.0027785301208496094,0.0005264282226494539,"StraightLane index=('>>', '>>>', 0)",True,0.0,True,False,0.5574292540550232,3.451974391937256,0.0,2.0,True,0.0,0.0,0.8000000000000002,0.0,0.8000000000000002,0.0
88.839275,"[534.2999877929688, 4.497218608856201, 0.0]","[634.4972534179688, 4.5, 0.0]",7.504695892651784,12.679965972900392,12.691927625658515,2.4302482603510978,0.8953233957290649,100.08483883742102,5.210226058639222,-0.8415222167733827,95.58483883742102,-5.175270080248608,7.350289344787598,5.25189208984375,99.87933349609375,True,0,12.602181434631348,12.679965972900392,1.0497379302978516,0.48296479719377783,3.880551524127326,-0.40038222786267763,"StraightLane index=('>>>', '1S0_0_', 0)",True,484.1517333984375,0.0027799606323242188,0.0005264282226494539,"StraightLane index=('>>', '>>>', 0)",True,0.0,True,False,0.5574292540550232,3.4801692962646484,0.0,2.0,True,0.0,0.0,0.8800000000000002,0.0,0.8800000000000002,0.0
88.858573,"[534.4490966796875, 4.497217178344727, 0.0]","[634.7500610351562, 4.5, 0.0]",7.55772018464038,12.70633602142334,12.711030202333,2.6512145994297853,1.1384841203689575,100.19726559521564,5.175270080248608,-1.7477989195306964,95.69726559521564,-5.14861583678296,7.394712924957275,5.25189208984375,99.87933349609375,True,0,12.646605014801025,12.70633602142334,1.0497379302978516,0.48296479719377783,3.880551524127326,-0.40038222786267763,"StraightLane index=('>>>', '1S0_0_', 0)",True,484.29998779296875,0.002781391143798828,0.0005264282226494539,"StraightLane index=('>>', '>>>', 0)",True,0.0,True,False,0.5574292540550232,3.4801692962646484,0.0,2.0,True,0.0,0.0,0.9600000000000003,0.0,0.9600000000000003,0.0
88.879266,"[534.5991821289062, 4.497215747833252, 0.0]","[635.0045776367188, 4.5, 0.0]",7.612953186345261,12.71950626373291,12.731507185122693,2.7616500852440495,1.3868911266326904,100.30096432859446,5.14861583678296,-1.3327121732824132,95.80096432859446,-5.106553077387649,7.44455099105835,5.25189208984375,99.87933349609375,True,0,12.6964430809021,12.71950626373291,1.0497379302978516,0.48296479719377783,3.880551524127326,-0.40038222786267763,"StraightLane index=('>>>', '1S0_0_', 0)",True,484.4490966796875,0.0027828216552734375,0.0004806518554603323,"StraightLane index=('>>', '>>>', 0)",True,0.0,True,False,0.5574292540550232,3.4801692962646484,0.0,2.0,True,0.0,0.0,1.0,0.0,1.0,0.0
88.899053,"[534.7503662109375, 4.497214317321777, 0.0]","[635.258056640625, 4.5, 0.0]",7.6681861880549045,12.745930671691895,12.7511095227024,2.76165008548217,1.733959674835205,100.40539547897667,5.106553077387649,-2.103137969765534,95.90539547897667,-5.07774448363699,7.526072025299072,5.25189208984375,99.87933349609375,True,0,12.777964115142822,12.745930671691895,1.0697078704833984,0.472108092941319,3.772642007305363,-0.2924727110407144,"StraightLane index=('>>>', '1S0_0_', 0)",True,484.59918212890625,0.002784252166748047,0.0005111694336033763,"StraightLane index=('>>', '>>>', 0)",True,0.0,True,False,0.5574292540550232,3.4801692962646484,0.0,2.0,True,0.0,0.0,1.0,0.0,1.0,0.0
88.919472,"[534.9026489257812, 4.497212886810303, 0.0]","[635.51416015625, 4.5, 0.0]",7.723419189767483,12.757173538208008,12.768588431700945,2.7616500856289417,1.9712471961975098,100.5076904003436,5.07774448363699,-1.4404296875329514,96.0076904003436,-5.0337543484405245,7.587100505828857,5.106553077697754,100.4053955078125,True,0,12.693653583526611,12.757173538208008,1.0697078704833984,0.472108092941319,3.772642007305363,-0.2924727110407144,"StraightLane index=('>>>', '1S0_0_', 0)",True,484.7503662109375,0.0027856826782226562,0.0005187988281264151,"StraightLane index=('>>', '>>>', 0)",True,0.0,True,False,0.5574292540550232,3.4801692962646484,0.0,2.0,True,0.0,0.0,1.0,0.0,1.0,0.0
88.939476,"[535.0560302734375, 4.497211456298828, 0.0]","[635.770751953125, 4.5, 0.0]",7.778652191479078,12.78088665008545,12.785593891251946,2.7616500855797366,2.107877254486084,100.61151120011921,5.0337543484405245,-2.1995067598232776,96.11151120011921,-5.002234458606371,7.621145725250244,5.106553077697754,100.4053955078125,True,0,12.727698802947998,12.78088665008545,1.0697078704833984,0.472108092941319,3.772642007305363,-0.35387360139105617,"StraightLane index=('>>>', '1S0_0_', 0)",True,484.90264892578125,0.0027871131896972656,0.0005340576171724927,"StraightLane index=('>>', '>>>', 0)",True,0.0,True,False,0.5574292540550232,3.4187684059143066,0.0,2.0,True,0.0,0.0,1.0,0.0,1.0,0.0
88.958062,"[535.2105102539062, 4.4972100257873535, 0.0]","[636.0183715820312, 4.5, 0.0]",7.833885193190435,12.790670394897463,12.80139891533373,2.761650085567835,2.306804895401001,100.71472165030922,5.002234458606371,-1.5759944917076663,96.21472165030922,-4.956785201707028,7.684972763061523,5.106553077697754,100.4053955078125,True,0,12.791525840759277,12.790670394897463,1.0697078704833984,0.472108092941319,3.772642007305363,-0.35387360139105617,"StraightLane index=('>>>', '1S0_0_', 0)",True,485.0560302734375,0.002788543701171875,0.0005187988281264151,"StraightLane index=('>>', '>>>', 0)",True,0.0,True,False,0.5574292540550232,3.4187684059143066,0.0,2.0,True,0.0,0.0,1.0,0.0,1.0,0.0
88.978718,"[535.3660888671875, 4.497208595275879, 0.0]","[636.2750244140625, 4.5, 0.0]",7.889118194901294,12.814390182495117,12.81894372880389,2.761650085542966,2.5209484100341797,100.8078612992221,4.956785201707028,-2.2724628449671602,96.3078612992221,-4.925271987593823,7.778926849365234,5.106553077697754,100.4053955078125,True,0,12.885479927062988,12.814390182495117,1.0697078704833984,0.472108092941319,3.772642007305363,-0.35387360139105617,"StraightLane index=('>>>', '1S0_0_', 0)",True,485.21051025390625,0.0027899742126464844,0.0005111694336033763,"StraightLane index=('>>', '>>>', 0)",True,0.0,True,False,0.5574292540550232,3.4187684059143066,0.0,2.0,True,0.0,0.0,1.0,0.0,1.0,0.0
88.998672,"[535.5227661132812, 4.497207164764404, 0.0]","[636.5314331054688, 4.5, 0.0]",7.944351196609745,12.828086853027344,12.83591190139606,2.761650085422529,2.6439554691314697,100.908935518446,4.925271987593823,-1.5756607056602423,96.408935518446,-4.883735656417599,7.843152046203613,5.106553077697754,100.4053955078125,True,0,12.949705123901367,12.828086853027344,0.8215618133544922,0.45365194711459433,3.6280801237860336,-0.20931171787172698,"StraightLane index=('>>>', '1S0_0_', 0)",True,485.3660888671875,0.0027914047241210938,0.0005035400390803375,"StraightLane index=('>>', '>>>', 0)",True,0.0,True,False,0.5574292540550232,3.4187684059143066,0.0,2.0,True,0.0,0.0,1.0,0.0,1.0,0.0
89.019295,"[535.6805419921875, 4.49720573425293, 0.0]","[636.789794921875, 4.5, 0.0]",7.999584198319558,12.843420028686523,12.850925821669401,2.7616500854906523,2.7386536598205566,101.00866696325109,4.883735656417599,-2.076816558811201,96.50866696325109,-4.843835830366966,7.906724452972412,4.925271987915039,100.908935546875,True,0,12.831996440887451,12.843420028686523,0.8215618133544922,0.45365194711459433,3.6280801237860336,-0.20931171787172698,"StraightLane index=('>>>', '1S0_0_', 0)",True,485.52276611328125,0.002792835235595703,0.0005111694336033763,"StraightLane index=('>>', '>>>', 0)",True,0.0,True,False,0.585870087146759,3.4187684059143066,0.0,2.0,True,0.0,0.0,1.0,0.0,1.0,0.0
89.039318,"[535.8394165039062, 4.497204303741455, 0.0]","[637.0463256835938, 4.5, 0.0]",8.054817200029925,12.857767105102539,12.865340050319677,2.7616500855183634,2.801241159439087,101.10925290122563,4.843835830366966,-1.994991302531668,96.60925290122563,-4.802949905072614,7.940676689147949,4.925271987915039,100.908935546875,True,0,12.865948677062988,12.857767105102539,0.8215618133544922,0.45365194711459433,3.6280801237860336,-0.2886753023901596,"StraightLane index=('>>>', '1S0_0_', 0)",True,485.6805419921875,0.0027942657470703125,0.0005035400390803375,"StraightLane index=('>>', '>>>', 0)",True,0.0,True,False,0.585870087146759,3.339404821395874,0.0,2.0,True,0.0,0.0,1.0,0.0,1.0,0.0
89.058524,"[535.9993896484375, 4.4972028732299805, 0.0]","[637.3021240234375, 4.5, 0.0]",8.110050201737707,12.872074127197266,12.879167943364477,2.761650085389089,2.858358383178711,101.20690915071768,4.802949905072614,-2.044296264717582,96.70690915071768,-4.762023925459559,8.002755165100098,4.925271987915039,100.908935546875,True,0,12.928027153015137,12.872074127197266,0.8215618133544922,0.45365194711459433,3.6280801237860336,-0.2886753023901596,"StraightLane index=('>>>', '1S0_0_', 0)",True,485.83941650390625,0.002795696258544922,0.0005111694336033763,"StraightLane index=('>>', '>>>', 0)",True,0.0,True,False,0.585870087146759,3.339404821395874,0.0,2.0,True,0.0,0.0,1.0,0.0,1.0,0.0
89.07947,"[536.1604614257812, 4.497201442718506, 0.0]","[637.567626953125, 4.5, 0.0]",8.165283203444101,12.886924743652344,12.894246553427543,2.7616500853197223,2.970898389816284,101.30273434748393,4.762023925459559,-2.046298980652761,96.80273434748393,-4.721641540208243,8.072604179382324,4.925271987915039,100.908935546875,True,0,12.997876167297363,12.886924743652344,0.8215618133544922,0.45365194711459433,3.6280801237860336,-0.2886753023901596,"StraightLane index=('>>>', '1S0_0_', 0)",True,485.9993896484375,0.0027971267700195312,0.0004882812499833711,"StraightLane index=('>>', '>>>', 0)",True,0.0,True,False,0.585870087146759,3.339404821395874,0.0,2.0,True,0.0,0.0,1.0,0.0,1.0,0.0
89.098995,"[536.3226928710938, 4.497200012207031, 0.0]","[637.8240966796875, 4.5, 0.0]",8.220516205154972,12.901269912719727,12.908308949764358,2.7616500855435433,2.962130069732666,101.40716550029853,4.721641540208243,-2.019119262565816,96.90716550029853,-4.6807537075647545,8.130820274353027,4.925271987915039,100.908935546875,True,0,13.056092262268066,12.901269912719727,0.7318305969238281,0.43390082329546886,3.4763907332125594,-0.1369859118166854,"StraightLane index=('>>>', '1S0_0_', 0)",True,486.16046142578125,0.0027985572814941406,0.0004806518554603323,"StraightLane index=('>>', '>>>', 0)",True,0.0,True,False,0.585870087146759,3.339404821395874,0.0,2.0,True,0.0,0.0,1.0,0.0,1.0,0.0
89.11937,"[536.4860229492188, 4.497198581695557, 0.0]","[638.0834350585938, 4.5, 0.0]",8.275749206862793,12.913768768310547,12.920260031252637,2.761650085391043,2.910076856613159,101.50140378055715,4.6807537075647545,-2.0443916321744027,97.00140378055715,-4.638019561447754,8.213729858398438,4.721641540527344,101.40716552734375,True,0,12.935371398925781,12.913768768310547,0.7318305969238281,0.43390082329546886,3.4763907332125594,-0.1369859118166854,"StraightLane index=('>>>', '1S0_0_', 0)",True,486.32269287109375,0.00279998779296875,0.0004959106445572987,"StraightLane index=('>>', '>>>', 0)",True,0.0,True,False,0.585870087146759,3.339404821395874,0.0,2.0,True,0.0,0.0,1.0,0.0,1.0,0.0
89.138729,"[536.6504516601562, 4.497197151184082, 0.0]","[638.3348999023438, 4.5, 0.0]",8.33098220857195,12.925041198730469,12.93148889330763,2.761650085457834,2.9195592403411865,101.5974120808314,4.638019561447754,-2.1367073058500274,97.0974120808314,-4.594058990158519,8.24382495880127,4.721641540527344,101.40716552734375,True,0,12.965466499328613,12.925041198730469,0.7318305969238281,0.43390082329546886,3.4763907332125594,-0.24696244189175864,"StraightLane index=('>>>', '1S0_0_', 0)",True,486.48602294921875,0.0028014183044433594,0.0005035400390803375,"StraightLane index=('>>', '>>>', 0)",True,0.0,True,False,0.585870087146759,3.229428291320801,0.0,2.0,True,0.0,0.0,1.0,0.0,1.0,0.0
89.158387,"[536.8159790039062, 4.497195720672607, 0.0]","[638.5928344726562, 4.5, 0.0]",8.386215210281518,12.936605453491211,12.942893881654252,2.76165008547844,2.8894307613372803,101.68444821411929,4.594058990158519,-2.1980285644617403,97.18444821411929,-4.5503902432096925,8.298650741577148,4.721641540527344,101.40716552734375,True,0,13.020292282104492,12.936605453491211,0.7318305969238281,0.43390082329546886,3.4763907332125594,-0.24696244189175864,"StraightLane index=('>>>', '1S0_0_', 0)",True,486.65045166015625,0.0028028488159179688,0.0004959106445572987,"StraightLane index=('>>', '>>>', 0)",True,0.0,True,False,0.585870087146759,3.229428291320801,0.0,2.0,True,0.0,0.0,1.0,0.0,1.0,0.0
89.179521,"[536.9826049804688, 4.497194290161133, 0.0]","[638.8588256835938, 4.5, 0.0]",8.441448211994103,12.948527336120605,12.955138553974335,2.7616500856292525,2.862013339996338,101.77685544066595,4.5503902432096925,-2.1834373474413304,97.27685544066595,-4.507079124126502,8.353171348571777,4.721641540527344,101.40716552734375,True,0,13.074812889099121,12.948527336120605,0.7318305969238281,0.43390082329546886,3.4763907332125594,-0.24696244189175864,"StraightLane index=('>>>', '1S0_0_', 0)",True,486.81597900390625,0.002804279327392578,0.0004959106445572987,"StraightLane index=('>>', '>>>', 0)",True,0.0,True,False,0.585870087146759,3.229428291320801,0.0,2.0,True,0.0,0.0,1.0,0.0,1.0,0.0
89.198466,"[537.1503295898438, 4.497192859649658, 0.0]","[639.1107788085938, 4.5, 0.0]",8.496681213711948,12.959824562072754,12.966136325474013,2.761650085892242,2.838188648223877,101.87622067453293,4.507079124126502,-2.165555954159526,97.37622067453293,-4.463143348360806,8.407536506652832,4.721641540527344,101.40716552734375,True,0,13.129178047180176,12.959824562072754,0.5855464935302734,0.41100486823948157,3.3120480446740057,-0.08261975335320493,"StraightLane index=('>>>', '1S0_0_', 0)",True,486.98260498046875,0.0028057098388671875,0.0005035400390803375,"StraightLane index=('>>', '>>>', 0)",True,0.0,True,False,0.585870087146759,3.229428291320801,0.0,2.0,True,0.0,0.0,1.0,0.0,1.0,0.0
89.219156,"[537.3191528320312, 4.497191429138184, 0.0]","[639.373291015625, 4.5, 0.0]",8.551914215430168,12.96965503692627,12.975446015601976,2.7616500859109827,2.784848690032959,101.96044918815518,4.463143348360806,-2.1967887882848203,97.46044918815518,-4.417740821496102,8.486533164978027,4.507079124450684,101.876220703125,True,0,12.993612289428711,12.96965503692627,0.5855464935302734,0.41100486823948157,3.3120480446740057,-0.08261975335320493,"StraightLane index=('>>>', '1S0_0_', 0)",True,487.15032958984375,0.002807140350341797,0.0005340576171724927,"StraightLane index=('>>', '>>>', 0)",True,0.0,True,False,0.6133281588554382,3.229428291320801,0.0,2.0,True,0.0,0.0,1.0,0.0,1.0,0.0
89.238792,"[537.4890747070312, 4.497189998626709, 0.0]","[639.631103515625, 4.5, 0.0]",8.607147217146622,12.978387832641603,12.98408561272174,2.7616500858226978,2.802584171295166,102.05413815298154,4.417740821496102,-2.2701263432352015,97.55413815298154,-4.371240615494981,8.516242027282715,4.507079124450684,101.876220703125,True,0,13.023321151733398,12.978387832641603,0.5855464935302734,0.41100486823948157,3.3120480446740057,-0.21773704575737973,"StraightLane index=('>>>', '1S0_0_', 0)",True,487.31915283203125,0.0028085708618164062,0.0005340576171724927,"StraightLane index=('>>', '>>>', 0)",True,0.0,True,False,0.6133281588554382,3.094310998916626,0.0,2.0,True,0.0,0.0,1.0,0.0,1.0,0.0
89.258729,"[537.6600952148438, 4.497188568115234, 0.0]","[639.8893432617188, 4.5, 0.0]",8.662380218858585,12.987135887145996,12.992837900871876,2.7616500855981663,2.7906386852264404,102.14202877945908,4.371240615494981,-2.3250103000560074,97.64202877945908,-4.324755668287411,8.570725440979004,4.507079124450684,101.876220703125,True,0,13.077804565429688,12.987135887145996,0.5855464935302734,0.41100486823948157,3.3120480446740057,-0.21773704575737973,"StraightLane index=('>>>', '1S0_0_', 0)",True,487.48907470703125,0.0028100013732910156,0.0005111694336033763,"StraightLane index=('>>', '>>>', 0)",True,0.0,True,False,0.6133281588554382,3.094310998916626,0.0,2.0,True,0.0,0.0,1.0,0.0,1.0,0.0
89.280006,"[537.8322143554688, 4.49718713760376, 0.0]","[640.1498413085938, 4.5, 0.0]",8.717613220570605,12.995960235595703,13.002216410677415,2.7616500856010084,2.78214168548584,102.22924801672886,4.324755668287411,-2.3242473603785285,97.72924801672886,-4.278347015025098,8.625349044799805,4.507079124450684,101.876220703125,True,0,13.132428169250488,12.995960235595703,0.5855464935302734,0.41100486823948157,3.3120480446740057,-0.21773704575737973,"StraightLane index=('>>>', '1S0_0_', 0)",True,487.66009521484375,0.002811431884765625,0.0005264282226494539,"StraightLane index=('>>', '>>>', 0)",True,0.0,True,False,0.6133281588554382,3.094310998916626,0.0,2.0,True,0.0,0.0,1.0,0.0,1.0,0.0
89.299053,"[538.0054321289062, 4.497185707092285, 0.0]","[640.4158935546875, 4.5, 0.0]",8.77284622228255,13.004972457885742,13.010603061037605,2.7616500855971893,2.7719991207122803,102.31762692346081,4.278347015025098,-2.320432663115657,97.81762692346081,-4.232126235603193,8.679645538330078,4.507079124450684,101.876220703125,True,0,13.186724662780762,13.004972457885742,0.4514789581298828,0.3857061449500793,3.136588198092155,-0.04227719917552886,"StraightLane index=('>>>', '1S0_0_', 0)",True,487.83221435546875,0.0028128623962402344,0.0005187988281264151,"StraightLane index=('>>', '>>>', 0)",True,0.0,True,False,0.6133281588554382,3.094310998916626,0.0,2.0,True,0.0,0.0,1.0,0.0,1.0,0.0
89.32017,"[538.1798095703125, 4.4971842765808105, 0.0]","[640.6771240234375, 4.5, 0.0]",8.828079223997577,13.012269020080566,13.017654120990658,2.761650085751377,2.7337145805358887,102.4104613961003,4.232126235603193,-2.311038971095236,97.9104613961003,-4.18418979608299,8.758381843566895,4.278347015380859,102.317626953125,True,0,13.036728858947754,13.012269020080566,0.4514789581298828,0.3857061449500793,3.136588198092155,-0.04227719917552886,"StraightLane index=('>>>', '1S0_0_', 0)",True,488.00543212890625,0.0028142929077148438,0.0005187988281264151,"StraightLane index=('>>', '>>>', 0)",True,0.0,True,False,0.6133281588554382,3.094310998916626,0.0,2.0,True,0.0,0.0,1.0,0.0,1.0,0.0
89.339258,"[538.3552856445312, 4.497182846069336, 0.0]","[640.9379272460938, 4.5, 0.0]",8.883312225717491,13.018876075744629,13.02396418100997,2.761650085995715,2.7566797733306885,102.49731442292811,4.18418979608299,-2.396821976010166,97.99731442292811,-4.135563850027138,8.788127899169922,4.278347015380859,102.317626953125,True,0,13.066474914550781,13.018876075744629,0.4514789581298828,0.3857061449500793,3.136588198092155,-0.19233332290904936,"StraightLane index=('>>>', '1S0_0_', 0)",True,488.1798095703125,0.002815723419189453,0.0005264282226494539,"StraightLane index=('>>', '>>>', 0)",True,0.0,True,False,0.6133281588554382,2.9442548751831055,0.0,2.0,True,0.0,0.0,1.0,0.0,1.0,0.0
89.358665,"[538.5318603515625, 4.497181415557861, 0.0]","[641.197265625, 4.5, 0.0]",8.938545227434728,13.025445938110353,13.030376568085513,2.7616500858618664,2.7299811840057373,102.5826415698388,4.135563850027138,-2.43129730279259,98.0826415698388,-4.086900710675625,8.867746353149414,4.278347015380859,102.317626953125,True,0,13.146093368530273,13.025445938110353,0.4514789581298828,0.3857061449500793,3.136588198092155,-0.19233332290904936,"StraightLane index=('>>>', '1S0_0_', 0)",True,488.35528564453125,0.0028171539306640625,0.0005493164062694592,"StraightLane index=('>>', '>>>', 0)",True,0.0,True,False,0.6133281588554382,2.9442548751831055,0.0,2.0,True,0.0,0.0,1.0,0.0,1.0,0.0
89.378851,"[538.7095336914062, 4.497179985046387, 0.0]","[641.4512939453125, 4.5, 0.0]",8.993778229147146,13.031879425048828,13.037032723195908,2.7616500856209036,2.7558438777923584,102.66540524220174,4.086900710675625,-2.433156967575645,98.16540524220174,-4.038101195901682,8.897759437561035,4.278347015380859,102.317626953125,True,0,13.176106452941895,13.031879425048828,0.4514789581298828,0.3857061449500793,3.136588198092155,-0.19233332290904936,"StraightLane index=('>>>', '1S0_0_', 0)",True,488.5318603515625,0.002818584442138672,0.0005416870116955315,"StraightLane index=('>>', '>>>', 0)",True,0.0,True,False,0.6133281588554382,2.9442548751831055,0.0,2.0,True,0.0,0.0,1.0,0.0,1.0,0.0
89.398779,"[538.8883056640625, 4.497178554534912, 0.0]","[641.7110595703125, 4.5, 0.0]",9.04901123085967,13.038459777832033,13.043610231052908,2.761650085626144,2.7966551780700684,102.74176022365963,4.038101195901682,-2.4399757386971643,98.24176022365963,-3.9894485469723637,8.986186981201172,4.278347015380859,102.317626953125,True,0,13.264533996582031,13.038459777832033,0.3348731994629084,0.3588560924362732,2.9519976479683097,-0.007742772785204188,"StraightLane index=('>>>', '1S0_0_', 0)",True,488.70953369140625,0.0028200149536132812,0.0005264282226494539,"StraightLane index=('>>', '>>>', 0)",True,0.0,True,False,0.6133281588554382,2.9442548751831055,0.0,2.0,True,0.0,0.0,1.0,0.0,1.0,0.0
89.41941,"[539.0681762695312, 4.497176647186279, 0.0]","[641.9738159179688, 4.5, 0.0]",9.104244232571466,13.046826362609863,13.048076136536837,2.7616500855898174,2.7752699851989746,102.8227538759868,3.9894485469723637,-2.432632446465899,98.3227538759868,-3.9425821300383976,9.040014266967773,4.0381011962890625,102.74176025390625,True,0,13.078115463256836,13.046826362609863,0.3348731994629084,0.3588560924362732,2.9519976479683097,-0.007742772785204188,"StraightLane index=('>>>', '1S0_0_', 0)",True,488.8883056640625,0.0028214454650878906,0.0005264282226494539,"StraightLane index=('>>', '>>>', 0)",True,0.0,True,False,0.6395180225372314,2.9442548751831055,0.0,2.0,True,0.0,0.0,1.0,0.0,1.0,0.0
89.439288,"[539.2491455078125, 4.4971747398376465, 0.0]","[642.2423095703125, 4.5, 0.0]",9.159477234283033,13.044476509094238,13.052259096298366,2.76165008557836,2.791840076446533,102.90563961815329,3.9425821300383976,-2.3433208466983046,98.40563961815329,-3.8849992748112054,9.069504737854004,4.0381011962890625,102.74176025390625,True,0,13.107605934143066,13.044476509094238,0.3348731994629084,0.3588560924362732,2.9519976479683097,-0.1657501561317618,"StraightLane index=('>>>', '1S0_0_', 0)",True,489.06817626953125,0.002823352813720703,0.0005264282226494539,"StraightLane index=('>>', '>>>', 0)",True,0.0,True,False,0.6395180225372314,2.786247491836548,0.0,2.0,True,0.0,0.0,1.0,0.0,1.0,0.0
89.458253,"[539.4312133789062, 4.497172832489014, 0.0]","[642.494873046875, 4.5, 0.0]",9.214710235994506,13.055208206176758,13.056243387866997,2.7616500855736525,2.748614549636841,102.99316403219456,3.8849992748112054,-2.87914276135961,98.49316403219456,-3.840497970182252,9.148269653320312,4.0381011962890625,102.74176025390625,True,0,13.186370849609375,13.055208206176758,0.3348731994629084,0.3588560924362732,2.9519976479683097,-0.1657501561317618,"StraightLane index=('>>>', '1S0_0_', 0)",True,489.2491455078125,0.0028252601623535156,0.0005264282226494539,"StraightLane index=('>>', '>>>', 0)",True,0.0,True,False,0.6395180225372314,2.786247491836548,0.0,2.0,True,0.0,0.0,1.0,0.0,1.0,0.0
89.479359,"[539.6143798828125, 4.497170925140381, 0.0]","[642.7632446289062, 4.5, 0.0]",9.269943237709814,13.052856445312502,13.060668139949266,2.7616500857654103,2.733499765396118,103.0636596376428,3.840497970182252,-2.225065231447676,98.5636596376428,-3.7829132076026877,9.201823234558105,4.0381011962890625,102.74176025390625,True,0,13.239924430847168,13.052856445312502,0.3348731994629084,0.3588560924362732,2.9519976479683097,-0.1657501561317618,"StraightLane index=('>>>', '1S0_0_', 0)",True,489.43121337890625,0.002827167510986328,0.0005264282226494539,"StraightLane index=('>>', '>>>', 0)",True,0.0,True,False,0.6395180225372314,2.786247491836548,0.0,2.0,True,0.0,0.0,1.0,0.0,1.0,0.0
89.49941,"[539.7986450195312, 4.497169017791748, 0.0]","[643.0234375, 4.5, 0.0]",9.325176239426959,13.06371021270752,13.064885107947921,2.761650085857248,2.7247002124786377,103.14886471574668,3.7829132076026877,-2.879238128978212,98.64886471574668,-3.7385339732805605,9.255770683288574,4.0381011962890625,102.74176025390625,True,0,13.293871879577637,13.06371021270752,0.25250434875486505,0.3318081353990662,2.761855218031431,0.024392273805116993,"StraightLane index=('>>>', '1S0_0_', 0)",True,489.6143798828125,0.0028290748596191406,0.0005264282226494539,"StraightLane index=('>>', '>>>', 0)",True,0.0,True,False,0.6395180225372314,2.786247491836548,0.0,2.0,True,0.0,0.0,1.0,0.0,1.0,0.0
89.519201,"[539.9840698242188, 4.497167110443115, 0.0]","[643.2858276367188, 4.5, 0.0]",9.380409241145722,13.060283660888672,13.067694650976918,2.761650085938161,2.747389078140259,103.2247924475618,3.7385339732805605,-2.21896171610636,98.7247924475618,-3.6798744197429496,9.28539752960205,3.7829132080078125,103.14886474609375,True,0,13.068310737609863,13.060283660888672,0.25250434875486505,0.3318081353990662,2.761855218031431,0.024392273805116993,"StraightLane index=('>>>', '1S0_0_', 0)",True,489.79864501953125,0.002830982208251953,0.0005645751953155367,"StraightLane index=('>>', '>>>', 0)",True,0.0,True,False,0.6395180225372314,2.786247491836548,0.0,2.0,True,0.0,0.0,1.0,0.0,1.0,0.0
89.53932,"[540.1705932617188, 4.497165203094482, 0.0]","[643.5480346679688, 4.5, 0.0]",9.435642242869081,13.069759368896484,13.070510603559088,2.7616500861679327,2.7456507682800293,103.30175777905683,3.6798744197429496,-2.932977676880544,98.80175777905683,-3.6341171260274034,9.339898109436035,3.7829132080078125,103.14886474609375,True,0,13.122811317443848,13.069759368896484,0.25250434875486505,0.3318081353990662,2.761855218031431,-0.15241560659649434,"StraightLane index=('>>>', '1S0_0_', 0)",True,489.98406982421875,0.0028328895568847656,0.0005722045898385755,"StraightLane index=('>>', '>>>', 0)",True,0.0,True,False,0.6395180225372314,2.6094396114349365,0.0,2.0,True,0.0,0.0,1.0,0.0,1.0,0.0
89.558617,"[540.3582153320312, 4.49716329574585, 0.0]","[643.8076171875, 4.5, 0.0]",9.490875244588588,13.065872192382812,13.073213255816954,2.7616500859753756,2.747136354446411,103.37744137175044,3.6341171260274034,-2.2878646857773077,98.87744137175044,-3.574996947794224,9.394720077514648,3.7829132080078125,103.14886474609375,True,0,13.177633285522461,13.065872192382812,0.25250434875486505,0.3318081353990662,2.761855218031431,-0.15241560659649434,"StraightLane index=('>>>', '1S0_0_', 0)",True,490.17059326171875,0.002834796905517578,0.0005874633788846531,"StraightLane index=('>>', '>>>', 0)",True,0.0,True,False,0.6395180225372314,2.6094396114349365,0.0,2.0,True,0.0,0.0,1.0,0.0,1.0,0.0
89.578779,"[540.5469360351562, 4.497161388397217, 0.0]","[644.0628051757812, 4.5, 0.0]",9.546108246305625,13.075273513793945,13.076034412898007,2.76165008585183,2.728085517883301,103.44940182094585,3.574996947794224,-2.9560089116589694,98.94940182094585,-3.5291652674883203,9.474937438964844,3.7829132080078125,103.14886474609375,True,0,13.257850646972656,13.075273513793945,0.25250434875486505,0.3318081353990662,2.761855218031431,-0.15241560659649434,"StraightLane index=('>>>', '1S0_0_', 0)",True,490.35821533203125,0.0028367042541503906,0.0005874633788846531,"StraightLane index=('>>', '>>>', 0)",True,0.0,True,False,0.6395180225372314,2.6094396114349365,0.0,2.0,True,0.0,0.0,1.0,0.0,1.0,0.0
89.599044,"[540.7367553710938, 4.497159481048584, 0.0]","[644.3239135742188, 4.5, 0.0]",9.601341248021322,13.071401596069336,13.078872205198278,2.7616500857848614,2.7558441162109375,103.51586910762875,3.5291652674883203,-2.2915840152951894,99.01586910762875,-3.4700603480480137,9.50512981414795,3.7829132080078125,103.14886474609375,True,0,13.288043022155762,13.071401596069336,0.07691383361816406,0.3013193060357953,2.5568585322670043,0.0525810791679322,"StraightLane index=('>>>', '1S0_0_', 0)",True,490.54693603515625,0.002838611602783203,0.0005645751953155367,"StraightLane index=('>>', '>>>', 0)",True,0.0,True,False,0.6395180225372314,2.6094396114349365,0.0,2.0,True,0.0,0.0,1.0,0.0,1.0,0.0
89.619145,"[540.9276733398438, 4.497157573699951, 0.0]","[644.593505859375, 4.5, 0.0]",9.656574249735904,13.079977989196777,13.080343209699961,2.7616500857290838,2.7615084648132324,103.58715817010648,3.4700603480480137,-2.95524597201533,99.08715817010648,-3.4234037394608734,9.560617446899414,3.529165267944336,103.515869140625,True,0,13.08978271484375,13.079977989196777,0.07691383361816406,0.3013193060357953,2.5568585322670043,0.0525810791679322,"StraightLane index=('>>>', '1S0_0_', 0)",True,490.73675537109375,0.0028405189514160156,0.0005645751953155367,"StraightLane index=('>>', '>>>', 0)",True,0.0,True,False,0.664210319519043,2.6094396114349365,0.0,2.0,True,0.0,0.0,1.0,0.0,1.0,0.0
89.640383,"[541.1196899414062, 4.497155666351318, 0.0]","[644.860107421875, 4.5, 0.0]",9.711807251449878,13.074735641479494,13.08182939145848,2.761650085698708,2.7626760005950928,103.66583248649012,3.4234037394608734,-2.3328304293570135,99.16583248649012,-3.362928390029616,9.615748405456543,3.529165267944336,103.515869140625,True,0,13.144913673400879,13.074735641479494,0.07691383361816406,0.3013193060357953,2.5568585322670043,-0.11968921883621819,"StraightLane index=('>>>', '1S0_0_', 0)",True,490.92767333984375,0.002842426300048828,0.0005645751953155367,"StraightLane index=('>>', '>>>', 0)",True,0.0,True,False,0.664210319519043,2.437169313430786,0.0,2.0,True,0.0,0.0,1.0,0.0,1.0,0.0
89.659266,"[541.3128051757812, 4.4971537590026855, 0.0]","[645.1161499023438, 4.5, 0.0]",9.767040253162902,13.08277416229248,13.083152027809877,2.7616500856511905,2.761305570602417,103.74041744740519,3.362928390029616,-3.023767471562877,99.24041744740519,-3.3157339091295785,9.6705961227417,3.529165267944336,103.515869140625,True,0,13.199761390686035,13.08277416229248,0.07691383361816406,0.3013193060357953,2.5568585322670043,-0.11968921883621819,"StraightLane index=('>>>', '1S0_0_', 0)",True,491.11968994140625,0.0028443336486816406,0.0005645751953155367,"StraightLane index=('>>', '>>>', 0)",True,0.0,True,False,0.664210319519043,2.437169313430786,0.0,2.0,True,0.0,0.0,1.0,0.0,1.0,0.0
89.681523,"[541.5070190429688, 4.497151851654053, 0.0]","[645.3765869140625, 4.5, 0.0]",9.822273254875382,13.077499389648438,13.08470850363915,2.7616500856240123,2.7620997428894043,103.8033446934771,3.3157339091295785,-2.3597240450018653,99.3033446934771,-3.2552261347730553,9.725656509399414,3.529165267944336,103.515869140625,True,0,13.25482177734375,13.077499389648438,0.07691383361816406,0.3013193060357953,2.5568585322670043,-0.11968921883621819,"StraightLane index=('>>>', '1S0_0_', 0)",True,491.31280517578125,0.002846240997314453,0.0005645751953155367,"StraightLane index=('>>', '>>>', 0)",True,0.0,True,False,0.664210319519043,2.437169313430786,0.0,2.0,True,0.0,0.0,1.0,0.0,1.0,0.0
89.699156,"[541.7023315429688, 4.49714994430542, 0.0]","[645.6389770507812, 4.5, 0.0]",9.877506256587623,13.0855712890625,13.085943500058667,2.761650085612022,2.7643818855285645,103.86956783798634,3.2552261347730553,-3.0253887178261607,99.36956783798634,-3.2080650324748774,9.780896186828613,3.529165267944336,103.515869140625,True,0,13.31006145477295,13.0855712890625,0.14169692993164062,0.2761467679798232,2.3613890390884933,0.07578027434229284,"StraightLane index=('>>>', '1S0_0_', 0)",True,491.50701904296875,0.0028481483459472656,0.0005645751953155367,"StraightLane index=('>>', '>>>', 0)",True,0.0,True,False,0.664210319519043,2.437169313430786,0.0,2.0,True,0.0,0.0,1.0,0.0,1.0,0.0
89.719207,"[541.8988037109375, 4.497148036956787, 0.0]","[645.90234375, 4.5, 0.0]",9.932739258300147,13.0798921585083,13.086769787239144,2.7616500856262327,2.7675812244415283,103.93664547468305,3.2080650324748774,-2.358055114908897,99.43664547468305,-3.1471529002081535,9.836283683776855,3.529165267944336,103.515869140625,True,0,13.365448951721191,13.0798921585083,0.14169692993164062,0.2761467679798232,2.3613890390884933,0.07578027434229284,"StraightLane index=('>>>', '1S0_0_', 0)",True,491.70233154296875,0.002850055694580078,0.0005645751953155367,"StraightLane index=('>>', '>>>', 0)",True,0.0,True,False,0.664210319519043,2.437169313430786,0.0,2.0,True,0.0,0.0,1.0,0.0,1.0,0.0
89.739153,"[542.0963745117188, 4.497146129608154, 0.0]","[646.1636962890625, 4.5, 0.0]",9.987972260011814,13.087359428405762,13.087567795159528,2.7616500855833337,2.7712388038635254,104.003540005911,3.1471529002081535,-3.0456066133361936,99.503540005911,-3.099387168393948,9.891785621643066,3.2552261352539062,103.86956787109375,True,0,13.147011756896973,13.087359428405762,0.14169692993164062,0.2761467679798232,2.3613890390884933,-0.11601626687169642,"StraightLane index=('>>>', '1S0_0_', 0)",True,491.8988037109375,0.0028519630432128906,0.0005645751953155367,"StraightLane index=('>>', '>>>', 0)",True,0.0,True,False,0.664210319519043,2.245372772216797,0.0,2.0,True,0.0,0.0,1.0,0.0,1.0,0.0
89.758633,"[542.2950439453125, 4.4971442222595215, 0.0]","[646.4237670898438, 4.5, 0.0]",10.043205261723617,13.081485748291016,13.088347316239496,2.7616500855901727,2.751704216003418,104.06732174417036,3.099387168393948,-2.388286590710287,99.56732174417036,-3.0382804865673982,9.972679138183594,3.2552261352539062,103.86956787109375,True,0,13.2279052734375,13.081485748291016,0.14169692993164062,0.2761467679798232,2.3613890390884933,-0.11601626687169642,"StraightLane index=('>>>', '1S0_0_', 0)",True,492.09637451171875,0.002853870391845703,0.0005645751953155367,"StraightLane index=('>>', '>>>', 0)",True,0.0,True,False,0.664210319519043,2.245372772216797,0.0,2.0,True,0.0,0.0,1.0,0.0,1.0,0.0
89.779505,"[542.4948120117188, 4.497142314910889, 0.0]","[646.68603515625, 4.5, 0.0]",10.098438263434922,13.088955879211426,13.08918140211911,2.761650085565215,2.7786009311676025,104.12872311133609,3.0382804865673982,-3.0553340913274774,99.62872311133609,-2.990517615776504,10.00301742553711,3.2552261352539062,103.86956787109375,True,0,13.258243560791016,13.088955879211426,0.14169692993164062,0.2761467679798232,2.3613890390884933,-0.11601626687169642,"StraightLane index=('>>>', '1S0_0_', 0)",True,492.2950439453125,0.0028557777404785156,0.0005645751953155367,"StraightLane index=('>>', '>>>', 0)",True,0.0,True,False,0.664210319519043,2.245372772216797,0.0,2.0,True,0.0,0.0,1.0,0.0,1.0,0.0
89.79947,"[542.6956787109375, 4.497140407562256, 0.0]","[646.9473876953125, 4.5, 0.0]",10.153671265146274,13.083086013793945,13.089980507519329,2.761650085567613,2.781872034072876,104.19122311131424,2.990517615776504,-2.388143539544707,99.69122311131424,-2.9294147486476714,10.058697700500488,3.2552261352539062,103.86956787109375,True,0,13.313923835754395,13.083086013793945,-0.024852752685546875,0.2476622448378467,2.151781831458833,0.09359094075796381,"StraightLane index=('>>>', '1S0_0_', 0)",True,492.49481201171875,0.002857685089111328,0.0005645751953155367,"StraightLane index=('>>', '>>>', 0)",True,0.0,True,False,0.664210319519043,2.245372772216797,0.0,2.0,True,0.0,0.0,1.0,0.0,1.0,0.0
89.819225,"[542.8976440429688, 4.497138500213623, 0.0]","[647.2066650390625, 4.5, 0.0]",10.208904266858184,13.090410232543945,13.090578014620055,2.7616500855955017,2.752406597137451,104.25170895113628,2.9294147486476714,-3.0551433564416364,99.75170895113628,-2.8815059656857613,10.138809204101562,2.9905176162719727,104.19122314453125,True,0,13.129326820373535,13.090410232543945,-0.024852752685546875,0.2476622448378467,2.151781831458833,0.09359094075796381,"StraightLane index=('>>>', '1S0_0_', 0)",True,492.6956787109375,0.0028595924377441406,0.0005645751953155367,"StraightLane index=('>>', '>>>', 0)",True,0.0,True,False,0.6872187852859497,2.245372772216797,0.0,2.0,True,0.0,0.0,1.0,0.0,1.0,0.0
89.838862,"[543.1007080078125, 4.49713659286499, 0.0]","[647.46630859375, 4.5, 0.0]",10.26413726856974,13.084336280822754,13.091167100830004,2.761650085577827,2.7755842208862305,104.30902096283344,2.8815059656857613,-2.3954391480955017,99.80902096283344,-2.8201990122530134,10.168764114379883,2.9905176162719727,104.19122314453125,True,0,13.159281730651855,13.084336280822754,-0.024852752685546875,0.2476622448378467,2.151781831458833,-0.08701113291146978,"StraightLane index=('>>>', '1S0_0_', 0)",True,492.89764404296875,0.002861499786376953,0.0005645751953155367,"StraightLane index=('>>', '>>>', 0)",True,0.0,True,False,0.6872187852859497,2.0647706985473633,0.0,2.0,True,0.0,0.0,1.0,0.0,1.0,0.0
89.858311,"[543.3048706054688, 4.497134685516357, 0.0]","[647.7266845703125, 4.5, 0.0]",10.319370270281366,13.091601371765137,13.091750801259419,2.761650085581291,2.773275375366211,104.36560055265566,2.8201990122530134,-3.0653476716373973,99.86560055265566,-2.7722311014837704,10.22376823425293,2.9905176162719727,104.19122314453125,True,0,13.214285850524902,13.091601371765137,-0.024852752685546875,0.2476622448378467,2.151781831458833,-0.08701113291146978,"StraightLane index=('>>>', '1S0_0_', 0)",True,493.1007080078125,0.0028634071350097656,0.0005645751953155367,"StraightLane index=('>>', '>>>', 0)",True,0.0,True,False,0.6872187852859497,2.0647706985473633,0.0,2.0,True,0.0,0.0,1.0,0.0,1.0,0.0
89.878948,"[543.5101318359375, 4.497132778167725, 0.0]","[647.989013671875, 4.5, 0.0]",10.374603271992882,13.08553409576416,13.092369560859456,2.761650085575784,2.772676467895508,104.42181393154038,2.7722311014837704,-2.3983955384621503,99.92181393154038,-2.710930823771278,10.278915405273438,2.9905176162719727,104.19122314453125,True,0,13.26943302154541,13.08553409576416,-0.024852752685546875,0.2476622448378467,2.151781831458833,-0.08701113291146978,"StraightLane index=('>>>', '1S0_0_', 0)",True,493.30487060546875,0.002865314483642578,0.0005645751953155367,"StraightLane index=('>>', '>>>', 0)",True,0.0,True,False,0.6872187852859497,2.0647706985473633,0.0,2.0,True,0.0,0.0,1.0,0.0,1.0,0.0
89.898402,"[543.7164916992188, 4.497130870819092, 0.0]","[648.249755859375, 4.5, 0.0]",10.429836273704366,13.09280014038086,13.092953384409425,2.7616500855741855,2.773327112197876,104.47888180261258,2.710930823771278,-3.0650138856246123,99.97888180261258,-2.6629638666764937,10.334187507629395,2.9905176162719727,104.19122314453125,True,0,13.324705123901367,13.09280014038086,0.09714126586914062,0.22629596465948196,1.957222477999203,0.10754822054816038,"StraightLane index=('>>>', '1S0_0_', 0)",True,493.5101318359375,0.0028672218322753906,0.0005645751953155367,"StraightLane index=('>>', '>>>', 0)",True,0.0,True,False,0.6872187852859497,2.0647706985473633,0.0,2.0,True,0.0,0.0,1.0,0.0,1.0,0.0
89.919112,"[543.9240112304688, 4.497128963470459, 0.0]","[648.512939453125, 4.5, 0.0]",10.485069275415878,13.090068817138672,13.093574661370017,2.7616500855756065,2.7748241424560547,104.53326412680988,2.6629638666764937,-2.3983478547392245,100.03326412680988,-2.604999541722794,10.389566421508789,2.710930824279785,104.4788818359375,True,0,13.100497245788574,13.090068817138672,0.09714126586914062,0.22629596465948196,1.957222477999203,0.10754822054816038,"StraightLane index=('>>>', '1S0_0_', 0)",True,493.71649169921875,0.002869129180908203,0.0005645751953155367,"StraightLane index=('>>', '>>>', 0)",True,0.0,True,False,0.6872187852859497,2.0647706985473633,0.0,2.0,True,0.0,0.0,1.0,0.0,1.0,0.0
89.938667,"[544.1326293945312, 4.497127056121826, 0.0]","[648.7753295898438, 4.5, 0.0]",10.540302277127575,13.090670585632324,13.094161201509648,2.7616500855848436,2.7768304347991943,104.5889281892884,2.604999541722794,-2.8982162476849815,100.0889281892884,-2.5503683085047495,10.445032119750977,2.710930824279785,104.4788818359375,True,0,13.155962944030762,13.090670585632324,0.09714126586914062,0.22629596465948196,1.957222477999203,-0.08754243096398562,"StraightLane index=('>>>', '1S0_0_', 0)",True,493.92401123046875,0.0028710365295410156,0.0005645751953155367,"StraightLane index=('>>', '>>>', 0)",True,0.0,True,False,0.6872187852859497,1.8696800470352173,0.0,1.8696800470352173,True,0.0,0.0,1.0,0.0,1.0,0.0
89.958722,"[544.3423461914062, 4.497125148773193, 0.0]","[649.0427856445312, 4.5, 0.0]",10.595535278839305,13.091282844543459,13.094763117670023,2.761650085586531,2.77907657623291,104.64270016192323,2.5503683085047495,-2.7315616609022264,100.14270016192323,-2.4957475657041535,10.500563621520996,2.710930824279785,104.4788818359375,True,0,13.211494445800781,13.091282844543459,0.09714126586914062,0.22629596465948196,1.957222477999203,-0.08754243096398562,"StraightLane index=('>>>', '1S0_0_', 0)",True,494.13262939453125,0.002872943878173828,0.0005645751953155367,"StraightLane index=('>>', '>>>', 0)",True,0.0,True,False,0.6872187852859497,1.8696800470352173,0.0,1.8696800470352173,True,0.0,0.0,1.0,0.0,1.0,0.0
89.979279,"[544.5531616210938, 4.4971232414245605, 0.0]","[649.3048706054688, 4.5, 0.0]",10.650768280551164,13.091883659362793,13.095379460829369,2.761650085592926,2.781357765197754,104.70043941971414,2.4957475657041535,-2.7310371400298017,100.20043941971414,-2.441115378811629,10.556144714355469,2.710930824279785,104.4788818359375,True,0,13.267075538635254,13.091883659362793,0.09714126586914062,0.22629596465948196,1.957222477999203,-0.08754243096398562,"StraightLane index=('>>>', '1S0_0_', 0)",True,494.34234619140625,0.0028748512268066406,0.0005645751953155367,"StraightLane index=('>>', '>>>', 0)",True,0.0,True,False,0.6872187852859497,1.8696800470352173,0.0,1.8696800470352173,True,0.0,0.0,1.0,0.0,1.0,0.0
89.999131,"[544.7650756835938, 4.497121334075928, 0.0]","[649.5667724609375, 4.5, 0.0]",10.706001282263033,13.092483520507812,13.095975225639355,2.761650085593459,2.7789149284362793,104.75170895094286,2.441115378811629,-2.731609344626218,100.25170895094286,-2.3864822382447795,10.611275672912598,2.710930824279785,104.4788818359375,True,0,13.322206497192383,13.092483520507812,-0.00316619873046875,0.20355555123796737,1.7547690060970742,0.11491104093814308,"StraightLane index=('>>>', '1S0_0_', 0)",True,494.55316162109375,0.002876758575439453,0.0005645751953155367,"StraightLane index=('>>', '>>>', 0)",True,0.0,True,False,0.6872187852859497,1.8696800470352173,0.0,1.8696800470352173,True,0.0,0.0,1.0,0.0,1.0,0.0
90.020147,"[544.9780883789062, 4.497119426727295, 0.0]","[649.8363037109375, 4.5, 0.0]",10.761234283974652,13.093390464782715,13.097009635449737,2.7616500855809356,2.747346878051758,104.80169674389037,2.3864822382447795,-2.7316570283424824,100.30169674389037,-2.332156180808063,10.69100284576416,2.441115379333496,104.751708984375,True,0,13.132118225097656,13.093390464782715,-0.00316619873046875,0.20355555123796737,1.7547690060970742,0.11491104093814308,"StraightLane index=('>>>', '1S0_0_', 0)",True,494.76507568359375,0.0028786659240722656,0.0005645751953155367,"StraightLane index=('>>', '>>>', 0)",True,0.0,True,False,0.7083939909934998,1.8696800470352173,0.0,1.8696800470352173,True,0.0,0.0,1.0,0.0,1.0,0.0
90.039315,"[545.1921997070312, 4.497117519378662, 0.0]","[650.0916137695312, 4.5, 0.0]",10.816467285686178,13.094365119934082,13.097967663799588,2.761650085576317,2.771493911743164,104.85821529855635,2.332156180808063,-2.7163028718358184,100.35821529855635,-2.277897834247904,10.721009254455566,2.441115379333496,104.751708984375,True,0,13.162124633789062,13.094365119934082,-0.00316619873046875,0.20355555123796737,1.7547690060970742,-0.06898371251797264,"StraightLane index=('>>>', '1S0_0_', 0)",True,494.97808837890625,0.002880573272705078,0.0005645751953155367,"StraightLane index=('>>', '>>>', 0)",True,0.0,True,False,0.7083939909934998,1.6857852935791016,0.0,1.6857852935791016,True,0.0,0.0,1.0,0.0,1.0,0.0
90.058753,"[545.4074096679688, 4.497115612030029, 0.0]","[650.352294921875, 4.5, 0.0]",10.871700287397667,13.09536075592041,13.09894008159981,2.761650085574452,2.7708683013916016,104.89941402900429,2.277897834247904,-2.7129173280079577,100.39941402900429,-2.223660468522743,10.776117324829102,2.441115379333496,104.751708984375,True,0,13.217232704162598,13.09536075592041,-0.00316619873046875,0.20355555123796737,1.7547690060970742,-0.06898371251797264,"StraightLane index=('>>>', '1S0_0_', 0)",True,495.19219970703125,0.0028824806213378906,0.0005645751953155367,"StraightLane index=('>>', '>>>', 0)",True,0.0,True,False,0.7083939909934998,1.6857852935791016,0.0,1.6857852935791016,True,0.0,0.0,1.0,0.0,1.0,0.0
90.079249,"[545.6237182617188, 4.4971137046813965, 0.0]","[650.614990234375, 4.5, 0.0]",10.926933289109233,13.096363067626953,13.099964250649734,2.761650085578271,2.77160906791687,104.94488522038955,2.223660468522743,-2.7118682862580457,100.44488522038955,-2.1694297785177206,10.831363677978516,2.441115379333496,104.751708984375,True,0,13.272479057312012,13.096363067626953,-0.00316619873046875,0.20355555123796737,1.7547690060970742,-0.06898371251797264,"StraightLane index=('>>>', '1S0_0_', 0)",True,495.40740966796875,0.002884387969970703,0.0005645751953155367,"StraightLane index=('>>', '>>>', 0)",True,0.0,True,False,0.7083939909934998,1.6857852935791016,0.0,1.6857852935791016,True,0.0,0.0,1.0,0.0,1.0,0.0
90.098968,"[545.8411254882812, 4.4971113204956055, 0.0]","[650.8762817382812, 4.5, 0.0]",10.982166290820619,13.097360610961914,13.100950559399733,2.7616500855693005,2.7732744216918945,104.99127193911849,2.1694297785177206,-2.7115345002511226,100.49127193911849,-2.1151943201412955,10.886726379394531,2.441115379333496,104.751708984375,True,0,13.327841758728027,13.097360610961914,0.048770904541015625,0.1849069777731062,1.5597832858649483,0.12600200771415326,"StraightLane index=('>>>', '1S0_0_', 0)",True,495.62371826171875,0.0028862953186035156,0.0005645751953155367,"StraightLane index=('>>', '>>>', 0)",True,0.0,True,False,0.7083939909934998,1.6857852935791016,0.0,1.6857852935791016,True,0.0,0.0,1.0,0.0,1.0,0.0
90.121019,"[546.0596923828125, 4.4971089363098145, 0.0]","[651.138916015625, 4.5, 0.0]",11.037399292532053,13.098780632019045,13.10267132039834,2.7616500855716986,2.7515928745269775,105.03515621643662,2.1151943201412955,-2.7117729188212536,100.53515621643662,-2.061381339486992,10.967432022094727,2.1694297790527344,104.99127197265625,True,0,13.136861801147461,13.098780632019045,0.048770904541015625,0.1849069777731062,1.5597832858649483,0.12600200771415326,"StraightLane index=('>>>', '1S0_0_', 0)",True,495.84112548828125,0.0028886795043945312,0.0005645751953155367,"StraightLane index=('>>', '>>>', 0)",True,0.0,True,False,0.7083939909934998,1.6857852935791016,0.0,1.6857852935791016,True,0.0,0.0,1.0,0.0,1.0,0.0
90.139724,"[546.2793579101562, 4.497106552124023, 0.0]","[651.3948364257812, 4.5, 0.0]",11.08921432549353,13.100342750549316,13.10418096591905,2.59075164807383,2.77797794342041,105.0792235992235,2.061381339486992,-2.6906490327151644,100.5792235992235,-2.0111284250557873,10.997715950012207,2.1694297790527344,104.99127197265625,True,0,13.167145729064941,13.100342750549316,0.048770904541015625,0.1849069777731062,1.5597832858649483,-0.058839505919574764,"StraightLane index=('>>>', '1S0_0_', 0)",True,496.0596923828125,0.002891063690185547,0.0005645751953155367,"StraightLane index=('>>', '>>>', 0)",True,0.0,True,False,0.7083939909934998,1.5009437799453735,0.0,1.5009437799453735,True,0.0,0.0,0.9380898624658585,0.0,0.9380898624658585,0.0
90.158638,"[546.5001220703125, 4.497104167938232, 0.0]","[651.6620483398438, 4.5, 0.0]",11.141029358455008,13.101974487304688,13.105695256879088,2.590751648073919,2.7481627464294434,105.11547848201074,2.0111284250557873,-2.512645721560247,100.61547848201074,-1.96094512884968,11.077667236328125,2.1694297790527344,104.99127197265625,True,0,13.24709701538086,13.101974487304688,0.048770904541015625,0.1849069777731062,1.5597832858649483,-0.058839505919574764,"StraightLane index=('>>>', '1S0_0_', 0)",True,496.27935791015625,0.0028934478759765625,0.0005645751953155367,"StraightLane index=('>>', '>>>', 0)",True,0.0,True,False,0.7083939909934998,1.5009437799453735,0.0,1.5009437799453735,True,0.0,0.0,0.9380898624658585,0.0,0.9380898624658585,0.0
90.179764,"[546.721923828125, 4.497101783752441, 0.0]","[651.9249267578125, 4.5, 0.0]",11.192844391421058,13.1035795211792,13.107383580158464,2.590751648302536,2.76678204536438,105.16192623589124,1.96094512884968,-2.5091648103053643,100.66192623589124,-1.910735129758141,11.107102394104004,2.1694297790527344,104.99127197265625,True,0,13.276532173156738,13.1035795211792,0.048770904541015625,0.1849069777731062,1.5597832858649483,-0.058839505919574764,"StraightLane index=('>>>', '1S0_0_', 0)",True,496.5001220703125,0.002895832061767578,0.0005645751953155367,"StraightLane index=('>>', '>>>', 0)",True,0.0,True,False,0.7083939909934998,1.5009437799453735,0.0,1.5009437799453735,True,0.0,0.0,0.9380898624658585,0.0,0.9380898624658585,0.0
90.199081,"[546.9447631835938, 4.49709939956665, 0.0]","[652.187744140625, 4.5, 0.0]",11.24465942438997,13.105183601379395,13.108929771680385,2.5907516484456217,2.7532639503479004,105.20300289497035,1.910735129758141,-2.51049995457695,100.70300289497035,-1.8605241769894239,11.160717964172363,2.1694297790527344,104.99127197265625,True,0,13.330147743225098,13.105183601379395,0.07822990417480469,0.16915432664191374,1.3784950416850392,0.12244873826033431,"StraightLane index=('>>>', '1S0_0_', 0)",True,496.721923828125,0.0028982162475585938,0.0005798339843616143,"StraightLane index=('>>', '>>>', 0)",True,0.0,True,False,0.7083939909934998,1.5009437799453735,0.0,1.5009437799453735,True,0.0,0.0,0.9380898624658585,0.0,0.9380898624658585,0.0
90.219276,"[547.1686401367188, 4.497097015380859, 0.0]","[652.449951171875, 4.5, 0.0]",11.296474457356249,13.107481002807617,13.111505377417604,2.590751648313905,2.732823133468628,105.24298092175894,1.8605241769894239,-2.510547638435856,100.74298092175894,-1.8110065454513684,11.213322639465332,1.9107351303100586,105.2030029296875,True,0,13.12405776977539,13.107481002807617,0.07822990417480469,0.16915432664191374,1.3784950416850392,0.12244873826033431,"StraightLane index=('>>>', '1S0_0_', 0)",True,496.94476318359375,0.0029006004333496094,0.0005874633788846531,"StraightLane index=('>>', '>>>', 0)",True,0.0,True,False,0.7276173233985901,1.5009437799453735,0.0,1.5009437799453735,True,0.0,0.0,0.9380898624658585,0.0,0.9380898624658585,0.0
90.238922,"[547.3935546875, 4.497094631195068, 0.0]","[652.705810546875, 4.5, 0.0]",11.34230041560929,13.110017776489258,13.114065256428264,2.2912979126521016,2.709439754486084,105.28131100038682,1.8110065454513684,-2.475881576902772,100.78131100038682,-1.767717360879967,11.265167236328125,1.9107351303100586,105.2030029296875,True,0,13.175902366638184,13.110017776489258,0.07822990417480469,0.16915432664191374,1.3784950416850392,-0.051020089940959634,"StraightLane index=('>>>', '1S0_0_', 0)",True,497.16864013671875,0.002902984619140625,0.0005798339843616143,"StraightLane index=('>>', '>>>', 0)",True,0.0,True,False,0.7276173233985901,1.3274749517440796,0.0,1.3274749517440796,True,0.0,0.0,0.8296718448400497,0.0,0.8296718448400497,0.0
90.25851,"[547.6195068359375, 4.497092247009277, 0.0]","[652.9663696289062, 4.5, 0.0]",11.388126373862928,13.112600326538086,13.116611574099633,2.2912979126818556,2.656628131866455,105.31225582510773,1.767717360879967,-2.1644592285700703,100.81225582510773,-1.724473952675158,11.340364456176758,1.9107351303100586,105.2030029296875,True,0,13.251099586486816,13.112600326538086,0.07822990417480469,0.16915432664191374,1.3784950416850392,-0.051020089940959634,"StraightLane index=('>>>', '1S0_0_', 0)",True,497.3935546875,0.0029053688049316406,0.0005722045898385755,"StraightLane index=('>>', '>>>', 0)",True,0.0,True,False,0.7276173233985901,1.3274749517440796,0.0,1.3274749517440796,True,0.0,0.0,0.8296718448400497,0.0,0.8296718448400497,0.0
90.278712,"[547.8463745117188, 4.497089862823486, 0.0]","[653.2294921875, 4.5, 0.0]",11.433952332121796,13.115208625793457,13.119237266648677,2.291297912943424,2.658787965774536,105.3468627592023,1.724473952675158,-2.1621704102404493,100.8468627592023,-1.6812562936716606,11.367156982421875,1.9107351303100586,105.2030029296875,True,0,13.277892112731934,13.115208625793457,0.07822990417480469,0.16915432664191374,1.3784950416850392,-0.051020089940959634,"StraightLane index=('>>>', '1S0_0_', 0)",True,497.6195068359375,0.0029077529907226562,0.0005645751953155367,"StraightLane index=('>>', '>>>', 0)",True,0.0,True,False,0.7276173233985901,1.3274749517440796,0.0,1.3274749517440796,True,0.0,0.0,0.8296718448400497,0.0,0.8296718448400497,0.0
90.298518,"[548.0741577148438, 4.497087478637695, 0.0]","[653.4913330078125, 4.5, 0.0]",11.47977829038369,13.117803573608398,13.121812832238618,2.291297913094681,2.571808099746704,105.38311764093424,1.6812562936716606,-2.1608829501748694,100.88311764093424,-1.6380252832247084,11.436944007873535,1.9107351303100586,105.2030029296875,True,0,13.347679138183594,13.117803573608398,0.12619972229003906,0.15665588425787375,1.2213723183539342,0.10610263339014536,"StraightLane index=('>>>', '1S0_0_', 0)",True,497.84637451171875,0.002910137176513672,0.0005798339843616143,"StraightLane index=('>>', '>>>', 0)",True,0.0,True,False,0.7276173233985901,1.3274749517440796,0.0,1.3274749517440796,True,0.0,0.0,0.8296718448400497,0.0,0.8296718448400497,0.0
90.319796,"[548.3028564453125, 4.497085094451904, 0.0]","[653.7574462890625, 4.5, 0.0]",11.525604248652042,13.120984077453613,13.125372890266823,2.2912979134176226,2.5658178329467773,105.41717525703237,1.6380252832247084,-2.1615505223476106,100.91717525703237,-1.5953798288015708,11.46203327178955,1.6812562942504883,105.38311767578125,True,0,13.143289566040039,13.120984077453613,0.12619972229003906,0.15665588425787375,1.2213723183539342,0.10610263339014536,"StraightLane index=('>>>', '1S0_0_', 0)",True,498.07415771484375,0.0029125213623046875,0.0005950927734076919,"StraightLane index=('>>', '>>>', 0)",True,0.0,True,False,0.7276173233985901,1.3274749517440796,0.0,1.3274749517440796,True,0.0,0.0,0.8296718448400497,0.0,0.8296718448400497,0.0
90.338599,"[548.532470703125, 4.497082710266113, 0.0]","[654.017822265625, 4.5, 0.0]",11.566184998179398,13.127690315246582,13.128569347739917,2.029037476367801,2.514645576477051,105.45458980671512,1.5953798288015708,-2.1322727211568804,100.95458980671512,-1.5615053170671835,11.507505416870117,1.6812562942504883,105.38311767578125,True,0,13.188761711120605,13.127690315246582,0.12619972229003906,0.15665588425787375,1.2213723183539342,-0.04589087971715444,"StraightLane index=('>>>', '1S0_0_', 0)",True,498.3028564453125,0.002914905548095703,0.0006103515625046583,"StraightLane index=('>>', '>>>', 0)",True,0.0,True,False,0.7276173233985901,1.1754814386367798,0.0,1.1754814386367798,True,0.0,0.0,0.7346758991479874,0.0,0.7346758991479874,0.0
90.358214,"[548.7630004882812, 4.497080326080322, 0.0]","[654.2787475585938, 4.5, 0.0]",11.60676574770705,13.12440013885498,13.131904926920193,2.0290374763825447,2.465015172958374,105.48535152543798,1.5615053170671835,-1.6937255867193635,100.98535152543798,-1.517634391147931,11.552145004272461,1.6812562942504883,105.38311767578125,True,0,13.23340129852295,13.12440013885498,0.12619972229003906,0.15665588425787375,1.2213723183539342,-0.04589087971715444,"StraightLane index=('>>>', '1S0_0_', 0)",True,498.532470703125,0.0029172897338867188,0.0006103515625046583,"StraightLane index=('>>', '>>>', 0)",True,0.0,True,False,0.7276173233985901,1.1754814386367798,0.0,1.1754814386367798,True,0.0,0.0,0.7346758991479874,0.0,0.7346758991479874,0.0
90.378632,"[548.9943237304688, 4.497077941894531, 0.0]","[654.5418701171875, 4.5, 0.0]",11.647346497240216,13.134474754333496,13.135373584820712,2.029037476658324,2.411008596420288,105.51574703159957,1.517634391147931,-2.193546295962623,101.01574703159957,-1.4871282570932802,11.595329284667969,1.6812562942504883,105.38311767578125,True,0,13.276585578918457,13.134474754333496,0.12619972229003906,0.15665588425787375,1.2213723183539342,-0.04589087971715444,"StraightLane index=('>>>', '1S0_0_', 0)",True,498.76300048828125,0.0029196739196777344,0.0006332397460737747,"StraightLane index=('>>', '>>>', 0)",True,0.0,True,False,0.7276173233985901,1.1754814386367798,0.0,1.1754814386367798,True,0.0,0.0,0.7346758991479874,0.0,0.7346758991479874,0.0
90.398852,"[549.2264404296875, 4.49707555770874, 0.0]","[654.8040771484375, 4.5, 0.0]",11.687927246767568,13.13120174407959,13.138812406187876,2.0290374763676233,2.34869122505188,105.54754634852102,1.4871282570932802,-1.5253067027325429,101.04754634852102,-1.4432744973120215,11.636536598205566,1.6812562942504883,105.38311767578125,True,0,13.317792892456055,13.13120174407959,0.13398170471191406,0.14567965549700337,1.0838080787498174,0.09167335988696235,"StraightLane index=('>>>', '1S0_0_', 0)",True,498.99432373046875,0.00292205810546875,0.0006256103515507359,"StraightLane index=('>>', '>>>', 0)",True,0.0,True,False,0.7276173233985901,1.1754814386367798,0.0,1.1754814386367798,True,0.0,0.0,0.7346758991479874,0.0,0.7346758991479874,0.0
90.419606,"[549.4594116210938, 4.497073173522949, 0.0]","[655.0685424804688, 4.5, 0.0]",11.728507996291398,13.141829490661621,13.143125552480049,2.0290374761914975,2.236722469329834,105.57763668052445,1.4432744973120215,-2.192687989062936,101.07763668052445,-1.4133214943702228,11.694100379943848,1.4871282577514648,105.54754638671875,True,0,13.181228637695312,13.141829490661621,0.13398170471191406,0.14567965549700337,1.0838080787498174,0.09167335988696235,"StraightLane index=('>>>', '1S0_0_', 0)",True,499.2264404296875,0.0029244422912597656,0.0006256103515507359,"StraightLane index=('>>', '>>>', 0)",True,0.0,True,False,0.7276173233985901,1.1754814386367798,0.0,1.1754814386367798,True,0.0,0.0,0.7346758991479874,0.0,0.7346758991479874,0.0
90.439154,"[549.6931762695312, 4.497070789337158, 0.0]","[655.338134765625, 4.5, 0.0]",11.764656067589865,13.139467239379883,13.147231297758406,1.8074035649233267,2.183819055557251,105.60913082220436,1.4133214943702228,-1.497650147089935,101.10913082220436,-1.374811171790018,11.733199119567871,1.4871282577514648,105.54754638671875,True,0,13.220327377319336,13.139467239379883,0.13398170471191406,0.14567965549700337,1.0838080787498174,-0.036729469283264704,"StraightLane index=('>>>', '1S0_0_', 0)",True,499.45941162109375,0.0029268264770507812,0.0006103515625046583,"StraightLane index=('>>', '>>>', 0)",True,0.0,True,False,0.744806170463562,1.0470786094665527,0.0,1.0470786094665527,True,0.0,0.0,0.6544241309165955,0.0,0.6544241309165955,0.0
90.458619,"[549.927734375, 4.497068405151367, 0.0]","[655.6004028320312, 4.5, 0.0]",11.80080413888672,13.150322914123535,13.151319909558806,1.8074035648427689,2.174823760986328,105.64495845726752,1.374811171790018,-1.9255161290102407,101.14495845726752,-1.349518775236815,11.754093170166016,1.4871282577514648,105.54754638671875,True,0,13.24122142791748,13.150322914123535,0.13398170471191406,0.14567965549700337,1.0838080787498174,-0.036729469283264704,"StraightLane index=('>>>', '1S0_0_', 0)",True,499.69317626953125,0.002929210662841797,0.0006332397460737747,"StraightLane index=('>>', '>>>', 0)",True,0.0,True,False,0.744806170463562,1.0470786094665527,0.0,1.0470786094665527,True,0.0,0.0,0.6544241309165955,0.0,0.6544241309165955,0.0
90.478767,"[550.1630249023438, 4.497066020965576, 0.0]","[655.8565673828125, 4.5, 0.0]",11.836952210181831,13.147746086120605,13.15554912601685,1.8074035647555498,2.118927478790283,105.67266841817698,1.349518775236815,-1.2646198276601517,101.17266841817698,-1.3107938759387743,11.791289329528809,1.4871282577514648,105.54754638671875,True,0,13.278417587280273,13.147746086120605,0.13398170471191406,0.14567965549700337,1.0838080787498174,-0.036729469283264704,"StraightLane index=('>>>', '1S0_0_', 0)",True,499.927734375,0.0029315948486328125,0.0006332397460737747,"StraightLane index=('>>', '>>>', 0)",True,0.0,True,False,0.744806170463562,1.0470786094665527,0.0,1.0470786094665527,True,0.0,0.0,0.6544241309165955,0.0,0.6544241309165955,0.0
90.499651,"[550.3990478515625, 4.497063636779785, 0.0]","[656.1254272460938, 4.5, 0.0]",11.873100281475933,13.158707618713379,13.159930518141191,1.8074035647051012,2.0606720447540283,105.69354244321714,1.3107938759387743,-1.9362449649020341,101.19354244321714,-1.2856073372374457,11.827102661132812,1.4871282577514648,105.54754638671875,True,0,13.314230918884277,13.158707618713379,0.2750587463378906,0.1407387460691292,0.9763835152734689,0.07069509419308384,"StraightLane index=('>>>', '1S0_0_', 0)",True,500.16302490234375,0.002933979034423828,0.0006103515625046583,"StraightLane index=('>>', '>>>', 0)",True,0.0,True,False,0.744806170463562,1.0470786094665527,0.0,1.0470786094665527,True,0.0,0.0,0.6544241309165955,0.0,0.6544241309165955,0.0
90.51941,"[550.6358032226562, 4.497061252593994, 0.0]","[656.389892578125, 4.5, 0.0]",11.909248352769294,13.15695571899414,13.16505599613767,1.8074035646680642,1.9614113569259644,105.72637935616667,1.2856073372374457,-1.2593269350664293,101.22637935616667,-1.2477073662248461,11.877495765686035,1.4871282577514648,105.54754638671875,True,0,13.3646240234375,13.15695571899414,0.2750587463378906,0.1407387460691292,0.9763835152734689,0.07069509419308384,"StraightLane index=('>>>', '1S0_0_', 0)",True,500.3990478515625,0.0029363632202148438,0.0006256103515507359,"StraightLane index=('>>', '>>>', 0)",True,0.0,True,False,0.744806170463562,1.0470786094665527,0.0,1.0470786094665527,True,0.0,0.0,0.6544241309165955,0.0,0.6544241309165955,0.0
90.538721,"[550.873291015625, 4.497058868408203, 0.0]","[656.6480102539062, 4.5, 0.0]",11.947334290267879,13.168717384338379,13.170079043516889,1.9042968749292122,1.952660083770752,105.75408931707648,1.2477073662248461,-1.8949985506299782,101.25408931707648,-1.2213830940705002,11.89619255065918,1.3107938766479492,105.69354248046875,True,0,13.206986427307129,13.168717384338379,0.2750587463378906,0.1407387460691292,0.9763835152734689,0.12683897408352574,"StraightLane index=('>>>', '1S0_0_', 0)",True,500.63580322265625,0.0029387474060058594,0.0006256103515507359,"StraightLane index=('>>', '>>>', 0)",True,0.0,True,False,0.744806170463562,1.1032224893569946,0.0,1.1032224893569946,True,0.0,0.0,0.6895140558481216,0.0,0.6895140558481216,0.0
90.558765,"[551.1114501953125, 4.497056484222412, 0.0]","[656.915771484375, 4.5, 0.0]",11.985420227762706,13.16733455657959,13.175291922094766,1.9042968747413624,1.9075565338134766,105.77471920040621,1.2213830940705002,-1.3162136077172981,101.27471920040621,-1.1819143288168839,11.930116653442383,1.3107938766479492,105.69354248046875,True,0,13.240910530090332,13.16733455657959,0.2750587463378906,0.1407387460691292,0.9763835152734689,0.12683897408352574,"StraightLane index=('>>>', '1S0_0_', 0)",True,500.873291015625,0.002941131591796875,0.0006179809570276971,"StraightLane index=('>>', '>>>', 0)",True,0.0,True,False,0.744806170463562,1.1032224893569946,0.0,1.1032224893569946,True,0.0,0.0,0.6895140558481216,0.0,0.6895140558481216,0.0
90.579119,"[551.3504028320312, 4.497054100036621, 0.0]","[657.1749267578125, 4.5, 0.0]",12.023506165259741,13.179117202758789,13.180578676557635,1.904296874851763,1.8744361400604248,105.804321251703,1.1819143288168839,-1.9734382626808156,101.304321251703,-1.1556110374990478,11.964431762695312,1.3107938766479492,105.69354248046875,True,0,13.275225639343262,13.179117202758789,0.2750587463378906,0.1407387460691292,0.9763835152734689,0.12683897408352574,"StraightLane index=('>>>', '1S0_0_', 0)",True,501.1114501953125,0.0029435157775878906,0.0006103515625046583,"StraightLane index=('>>', '>>>', 0)",True,0.0,True,False,0.744806170463562,1.1032224893569946,0.0,1.1032224893569946,True,0.0,0.0,0.6895140558481216,0.0,0.6895140558481216,0.0
90.598522,"[551.590087890625, 4.49705171585083, 0.0]","[657.4364624023438, 4.5, 0.0]",12.06159210275754,13.177611351013185,13.185625134338045,1.9042968748899547,1.8557207584381104,105.82452388893665,1.1556110374990478,-1.315164565891802,101.32452388893665,-1.116019248255645,11.99967098236084,1.3107938766479492,105.69354248046875,True,0,13.310464859008789,13.177611351013185,0.18903732299806464,0.13328117776714854,0.8586936891333178,0.24452880022367685,"StraightLane index=('>>>', '1S0_0_', 0)",True,501.35040283203125,0.0029458999633789062,0.0006027221679816196,"StraightLane index=('>>', '>>>', 0)",True,0.0,True,False,0.744806170463562,1.1032224893569946,0.0,1.1032224893569946,True,0.0,0.0,0.6895140558481216,0.0,0.6895140558481216,0.0
90.618909,"[551.83056640625, 4.497049331665039, 0.0]","[657.7015991210938, 4.5, 0.0]",12.09967804025625,13.189909934997559,13.191496622586449,1.9042968749355182,1.8437635898590088,105.84637447430606,1.116019248255645,-1.9795894621701393,101.34637447430606,-1.0902318947413079,12.035305976867676,1.1556110382080078,105.82452392578125,True,0,13.190917015075684,13.189909934997559,0.18903732299806464,0.13328117776714854,0.8586936891333178,0.24452880022367685,"StraightLane index=('>>>', '1S0_0_', 0)",True,501.590087890625,0.002948284149169922,0.0006103515625046583,"StraightLane index=('>>', '>>>', 0)",True,0.0,True,False,0.7599202394485474,1.1032224893569946,0.0,1.1032224893569946,True,0.0,0.0,0.6895140558481216,0.0,0.6895140558481216,0.0
90.638723,"[552.07177734375, 4.497046947479248, 0.0]","[657.965576171875, 4.5, 0.0]",12.12892532419053,13.189041137695312,13.197242297177029,1.4623641967139278,1.8380571603775024,105.87103267740427,1.0902318947413079,-1.289367675716857,101.37103267740427,-1.0601158135047832,12.071366310119629,1.1556110382080078,105.82452392578125,True,0,13.226977348327637,13.189041137695312,0.18903732299806464,0.13328117776714854,0.8586936891333178,-0.03975746038118155,"StraightLane index=('>>>', '1S0_0_', 0)",True,501.83056640625,0.0029506683349609375,0.0006103515625046583,"StraightLane index=('>>', '>>>', 0)",True,0.0,True,False,0.7599202394485474,0.8189362287521362,0.0,0.8189362287521362,True,0.0,0.0,0.5295140558481217,0.0,0.5295140558481217,0.0
90.65824,"[552.3137817382812, 4.497044563293457, 0.0]","[658.2279052734375, 4.5, 0.0]",12.157196045625621,13.201472282409668,13.202903696611058,1.4135360717546064,1.8410176038742065,105.89379879065883,1.0601158135047832,-1.5058040618262325,101.39379879065883,-1.0442762367840466,12.108267784118652,1.1556110382080078,105.82452392578125,True,0,13.26387882232666,13.201472282409668,0.18903732299806464,0.13328117776714854,0.8586936891333178,-0.03975746038118155,"StraightLane index=('>>>', '1S0_0_', 0)",True,502.07177734375,0.002953052520751953,0.0006103515625046583,"StraightLane index=('>>', '>>>', 0)",True,0.0,True,False,0.7599202394485474,0.8189362287521362,0.0,0.8189362287521362,True,0.0,0.0,0.5118351429700851,0.0,0.5118351429700851,0.0
90.678712,"[552.5563354492188, 4.497042179107666, 0.0]","[658.4927978515625, 4.5, 0.0]",12.185466767066382,13.200623512268068,13.208834552727813,1.4135360720380241,1.8315136432647705,105.91412349711881,1.0442762367840466,-0.791978836036833,101.41412349711881,-1.0151567452016863,12.143953323364258,1.1556110382080078,105.82452392578125,True,0,13.299564361572266,13.200623512268068,0.18903732299806464,0.13328117776714854,0.8586936891333178,-0.03975746038118155,"StraightLane index=('>>>', '1S0_0_', 0)",True,502.31378173828125,0.0029554367065429688,0.0006179809570276971,"StraightLane index=('>>', '>>>', 0)",True,0.0,True,False,0.7599202394485474,0.8189362287521362,0.0,0.8189362287521362,True,0.0,0.0,0.5118351429700851,0.0,0.5118351429700851,0.0
90.698394,"[552.7994995117188, 4.497039794921875, 0.0]","[658.7564697265625, 4.5, 0.0]",12.213737488505593,13.213083267211914,13.214547730494697,1.413536071960575,1.802816390991211,105.93646236318354,1.0151567452016863,-1.4559745791180134,101.43646236318354,-0.9993457787063207,12.177305221557617,1.1556110382080078,105.82452392578125,True,0,13.332916259765625,13.213083267211914,0.3547191619872869,0.13236823065998873,0.7819429868190971,0.0369932419330391,"StraightLane index=('>>>', '1S0_0_', 0)",True,502.55633544921875,0.0029578208923339844,0.0006332397460737747,"StraightLane index=('>>', '>>>', 0)",True,0.0,True,False,0.7599202394485474,0.8189362287521362,0.0,0.8189362287521362,True,0.0,0.0,0.5118351429700851,0.0,0.5118351429700851,0.0
90.719131,"[553.043212890625, 4.497036933898926, 0.0]","[659.0215454101562, 4.5, 0.0]",12.242008209944153,13.212498664855957,13.220927781866164,1.4135360719279788,1.7615156173706055,105.9569701772978,0.9993457787063207,-0.790548324768281,101.4569701772978,-0.9704904549118041,12.208714485168457,1.0151567459106445,105.93646240234375,True,0,13.223871231079102,13.212498664855957,0.3547191619872869,0.13236823065998873,0.7819429868190971,0.0369932419330391,"StraightLane index=('>>>', '1S0_0_', 0)",True,502.79949951171875,0.002960205078125,0.0006103515625046583,"StraightLane index=('>>', '>>>', 0)",True,0.0,True,False,0.7599202394485474,0.8189362287521362,0.0,0.8189362287521362,True,0.0,0.0,0.5118351429700851,0.0,0.5118351429700851,0.0
90.740505,"[553.2874755859375, 4.497034072875977, 0.0]","[659.2925415039062, 4.5, 0.0]",12.267261505844667,13.225517272949219,13.227567051246995,1.262664795025703,1.7098983526229858,105.97833248195361,0.9704904549118041,-1.4427661897258304,101.47833248195361,-0.9582557671045517,12.238154411315918,1.0151567459106445,105.93646240234375,True,0,13.253311157226562,13.225517272949219,0.3547191619872869,0.13236823065998873,0.7819429868190971,-0.050415121886083214,"StraightLane index=('>>>', '1S0_0_', 0)",True,503.043212890625,0.0029630661010742188,0.0006103515625046583,"StraightLane index=('>>', '>>>', 0)",True,0.0,True,False,0.7599202394485474,0.7315278649330139,0.0,0.7315278649330139,True,0.0,0.0,0.4572049155831337,0.0,0.4572049155831337,0.0
90.759143,"[553.5322875976562, 4.497031211853027, 0.0]","[659.5564575195312, 4.5, 0.0]",12.2925148017505,13.225032806396484,13.23334994470072,1.2626647952916237,1.613564372062683,106.00506587816287,0.9582557671045517,-0.6117343903626171,101.50506587816287,-0.9325180046459849,12.278385162353516,1.0151567459106445,105.93646240234375,True,0,13.29354190826416,13.225032806396484,0.3547191619872869,0.13236823065998873,0.7819429868190971,-0.050415121886083214,"StraightLane index=('>>>', '1S0_0_', 0)",True,503.2874755859375,0.0029659271240234375,0.0006408691405968135,"StraightLane index=('>>', '>>>', 0)",True,0.0,True,False,0.7599202394485474,0.7315278649330139,0.0,0.7315278649330139,True,0.0,0.0,0.4572049155831337,0.0,0.4572049155831337,0.0
90.781104,"[553.7776489257812, 4.497028350830078, 0.0]","[659.8215942382812, 4.5, 0.0]",12.317768097648965,13.237913131713867,13.24015395458683,1.262664794923296,1.5941197872161865,106.02416988203592,0.9325180046459849,-1.2868881229283424,101.52416988203592,-0.9201450340649018,12.292481422424316,1.0151567459106445,105.93646240234375,True,0,13.307638168334961,13.237913131713867,0.3547191619872869,0.13236823065998873,0.7819429868190971,-0.050415121886083214,"StraightLane index=('>>>', '1S0_0_', 0)",True,503.53228759765625,0.0029687881469726562,0.0006408691405968135,"StraightLane index=('>>', '>>>', 0)",True,0.0,True,False,0.7599202394485474,0.7315278649330139,0.0,0.7315278649330139,True,0.0,0.0,0.4572049155831337,0.0,0.4572049155831337,0.0
90.798944,"[554.0234985351562, 4.497025489807129, 0.0]","[660.085693359375, 4.5, 0.0]",12.34302139354876,13.2374324798584,13.245685608540198,1.2626647949897318,1.5309405326843262,106.04394527482721,0.9201450340649018,-0.6186485290541555,101.54394527482721,-0.8944110863096402,12.317307472229004,1.0151567459106445,105.93646240234375,True,0,13.332464218139648,13.2374324798584,0.2434921264648615,0.12765363202026,0.7090208381215262,0.02250702681148775,"StraightLane index=('>>>', '1S0_0_', 0)",True,503.77764892578125,0.002971649169921875,0.0006103515625046583,"StraightLane index=('>>', '>>>', 0)",True,0.0,True,False,0.7599202394485474,0.7315278649330139,0.0,0.7315278649330139,True,0.0,0.0,0.4572049155831337,0.0,0.4572049155831337,0.0
90.818581,"[554.2698364257812, 4.49702262878418, 0.0]","[660.3450317382812, 4.5, 0.0]",12.368274689449038,13.2503023147583,13.251955976961181,1.2626647950138903,1.4693357944488525,106.06219478596697,0.8944110863096402,-1.2866973877630805,101.56219478596697,-0.8820276253092629,12.341038703918457,0.9201450347900391,106.0439453125,True,0,13.261183738708496,13.2503023147583,0.2434921264648615,0.12765363202026,0.7090208381215262,0.02250702681148775,"StraightLane index=('>>>', '1S0_0_', 0)",True,504.02349853515625,0.0029745101928710938,0.0006179809570276971,"StraightLane index=('>>', '>>>', 0)",True,0.0,True,False,0.7729361653327942,0.7315278649330139,0.0,0.7315278649330139,True,0.0,0.0,0.4572049155831337,0.0,0.4572049155831337,0.0
90.840262,"[554.5167236328125, 4.4970197677612305, 0.0]","[660.619384765625, 4.5, 0.0]",12.391559601565373,13.253588676452637,13.258897678721697,1.1642456058167383,1.4125971794128418,106.07519527311523,0.8820276253092629,-0.6191730500188619,101.57519527311523,-0.8620290748872641,12.364068984985352,0.9201450347900391,106.0439453125,True,0,13.28421401977539,13.253588676452637,0.2434921264648615,0.12765363202026,0.7090208381215262,-0.0344890206853079,"StraightLane index=('>>>', '1S0_0_', 0)",True,504.26983642578125,0.0029773712158203125,0.0006332397460737747,"StraightLane index=('>>', '>>>', 0)",True,0.0,True,False,0.7729361653327942,0.6745318174362183,0.0,0.6745318174362183,True,0.0,0.0,0.4215823858976364,0.0,0.4215823858976364,0.0
90.858464,"[554.7640991210938, 4.497016906738281, 0.0]","[660.8744506835938, 4.5, 0.0]",12.41484451367898,13.256408691406252,13.264720844160765,1.164245605680403,1.367377519607544,106.1026610928405,0.8620290748872641,-0.9999275210999414,101.6026610928405,-0.8415641777272711,12.387205123901367,0.9201450347900391,106.0439453125,True,0,13.307350158691406,13.256408691406252,0.2434921264648615,0.12765363202026,0.7090208381215262,-0.0344890206853079,"StraightLane index=('>>>', '1S0_0_', 0)",True,504.5167236328125,0.0029802322387695312,0.0006408691405968135,"StraightLane index=('>>', '>>>', 0)",True,0.0,True,False,0.7729361653327942,0.6745318174362183,0.0,0.6745318174362183,True,0.0,0.0,0.4215823858976364,0.0,0.4215823858976364,0.0
90.881811,"[555.0119018554688, 4.497014045715332, 0.0]","[661.1453247070312, 4.5, 0.0]",12.438129425791743,13.269612312316895,13.272191229118034,1.1642456056381256,1.327751636505127,106.11035152415285,0.8415641777272711,-1.02324485799965,101.61035152415285,-0.8314828865251513,12.410100936889648,0.9201450347900391,106.0439453125,True,0,13.330245971679688,13.269612312316895,0.2434921264648615,0.12765363202026,0.7090208381215262,-0.0344890206853079,"StraightLane index=('>>>', '1S0_0_', 0)",True,504.76409912109375,0.00298309326171875,0.0006179809570276971,"StraightLane index=('>>', '>>>', 0)",True,0.0,True,False,0.7729361653327942,0.6745318174362183,0.0,0.6745318174362183,True,0.0,0.0,0.4215823858976364,0.0,0.4215823858976364,0.0
90.900203,"[555.2601928710938, 4.497011184692383, 0.0]","[661.412109375, 4.5, 0.0]",12.461414337904106,13.269381523132324,13.278057715174857,1.1642456056181416,1.25661039352417,106.13342281263216,0.8314828865251513,-0.5040645601059879,101.63342281263216,-0.8079671852282182,12.441755294799805,0.9201450347900391,106.0439453125,True,0,13.361900329589844,13.269381523132324,0.31949043273924005,0.12607043396410741,0.6512491043624493,0.023282713073768946,"StraightLane index=('>>>', '1S0_0_', 0)",True,505.01190185546875,0.0029859542846679688,0.0006256103515507359,"StraightLane index=('>>', '>>>', 0)",True,0.0,True,False,0.7729361653327942,0.6745318174362183,0.0,0.6745318174362183,True,0.0,0.0,0.4215823858976364,0.0,0.4215823858976364,0.0
90.919246,"[555.5089721679688, 4.497008323669434, 0.0]","[661.6783447265625, 4.5, 0.0]",12.48469925001599,13.282323837280273,13.28397926109092,1.1642456055941608,1.2518543004989624,106.15191646494358,0.8079671852282182,-1.1757850648466572,101.65191646494358,-0.7976245872642842,12.453822135925293,0.8314828872680664,106.1334228515625,True,0,13.28530502319336,13.282323837280273,0.31949043273924005,0.12607043396410741,0.6512491043624493,0.023282713073768946,"StraightLane index=('>>>', '1S0_0_', 0)",True,505.26019287109375,0.0029888153076171875,0.0006256103515507359,"StraightLane index=('>>', '>>>', 0)",True,0.0,True,False,0.7729361653327942,0.6745318174362183,0.0,0.6745318174362183,True,0.0,0.0,0.4215823858976364,0.0,0.4215823858976364,0.0
90.938786,"[555.7581787109375, 4.497005462646484, 0.0]","[661.9371948242188, 4.5, 0.0]",12.50601577833334,13.281692504882814,13.290038424371799,1.0658264158675657,1.222711443901062,106.1693725195988,0.7976245872642842,-0.5171298981966999,101.6693725195988,-0.7756767265494737,12.475554466247559,0.8314828872680664,106.1334228515625,True,0,13.307037353515625,13.281692504882814,0.31949043273924005,0.12607043396410741,0.6512491043624493,-0.03373526893230405,"StraightLane index=('>>>', '1S0_0_', 0)",True,505.50897216796875,0.0029916763305664062,0.0006256103515507359,"StraightLane index=('>>', '>>>', 0)",True,0.0,True,False,0.7729361653327942,0.6175138354301453,0.0,0.6175138354301453,True,0.0,0.0,0.3859461471438408,0.0,0.3859461471438408,0.0
90.958328,"[556.0078735351562, 4.497002601623535, 0.0]","[662.2022094726562, 4.5, 0.0]",12.527332306652426,13.294540405273438,13.296097543010895,1.0658264159542519,1.195537805557251,106.17901607535697,0.7756767265494737,-1.0973930357405237,101.67901607535697,-0.7672080986210119,12.496918678283691,0.8314828872680664,106.1334228515625,True,0,13.328401565551758,13.294540405273438,0.31949043273924005,0.12607043396410741,0.6512491043624493,-0.03373526893230405,"StraightLane index=('>>>', '1S0_0_', 0)",True,505.7581787109375,0.002994537353515625,0.0006103515625046583,"StraightLane index=('>>', '>>>', 0)",True,0.0,True,False,0.7729361653327942,0.6175138354301453,0.0,0.6175138354301453,True,0.0,0.0,0.3859461471438408,0.0,0.3859461471438408,0.0
90.978945,"[556.2579956054688, 4.496999740600586, 0.0]","[662.4686889648438, 4.5, 0.0]",12.54864883497227,13.294085502624512,13.302481514991143,1.065826415992177,1.1714144945144653,106.19433589954438,0.7672080986210119,-0.4234313964230907,101.69433589954438,-0.7454366676522426,12.518073081970215,0.8314828872680664,106.1334228515625,True,0,13.349555969238281,13.294085502624512,0.31949043273924005,0.12607043396410741,0.6512491043624493,-0.03373526893230405,"StraightLane index=('>>>', '1S0_0_', 0)",True,506.00787353515625,0.0029973983764648438,0.0006103515625046583,"StraightLane index=('>>', '>>>', 0)",True,0.0,True,False,0.7729361653327942,0.6175138354301453,0.0,0.6175138354301453,True,0.0,0.0,0.3859461471438408,0.0,0.3859461471438408,0.0
90.999835,"[556.508544921875, 4.496996879577637, 0.0]","[662.7406005859375, 4.5, 0.0]",12.56996536328743,13.30709457397461,13.30896286013833,1.0658264157580533,1.1509252786636353,106.21069332083685,0.7454366676522426,-1.0885715484384662,101.71069332083685,-0.7371292106871792,12.539144515991211,0.8314828872680664,106.1334228515625,True,0,13.370627403259277,13.30709457397461,0.37713050842285156,0.12666295836249647,0.605796945309163,0.011716890120982315,"StraightLane index=('>>>', '1S0_0_', 0)",True,506.25799560546875,0.0030002593994140625,0.0006179809570276971,"StraightLane index=('>>', '>>>', 0)",True,0.0,True,False,0.7729361653327942,0.6175138354301453,0.0,0.6175138354301453,True,0.0,0.0,0.3859461471438408,0.0,0.3859461471438408,0.0
91.019371,"[556.759521484375, 4.4969940185546875, 0.0]","[663.001220703125, 4.5, 0.0]",12.591281891599689,13.306495666503906,13.315008238031062,1.065826415612925,1.1342641115188599,106.23205562659342,0.7371292106871792,-0.41537284825317045,101.73205562659342,-0.7152137749042176,12.560226440429688,0.7454366683959961,106.210693359375,True,0,13.305663108825684,13.306495666503906,0.37713050842285156,0.12666295836249647,0.605796945309163,0.011716890120982315,"StraightLane index=('>>>', '1S0_0_', 0)",True,506.508544921875,0.0030031204223632812,0.0006027221679816196,"StraightLane index=('>>', '>>>', 0)",True,0.0,True,False,0.7835906147956848,0.6175138354301453,0.0,0.6175138354301453,True,0.0,0.0,0.3859461471438408,0.0,0.3859461471438408,0.0
91.038642,"[557.0109252929688, 4.496991157531738, 0.0]","[663.268310546875, 4.5, 0.0]",12.61064529491525,13.319376945495605,13.320992511815042,0.9681701657780373,1.116724967956543,106.2416991823447,0.7152137749042176,-1.0957717891480812,101.7416991823447,-0.708731650580356,12.580902099609375,0.7454366683959961,106.210693359375,True,0,13.326338768005371,13.319376945495605,0.37713050842285156,0.12666295836249647,0.605796945309163,-0.044917655205250595,"StraightLane index=('>>>', '1S0_0_', 0)",True,506.759521484375,0.0030059814453125,0.0005874633788846531,"StraightLane index=('>>', '>>>', 0)",True,0.0,True,False,0.7835906147956848,0.5608792901039124,0.0,0.5608792901039124,True,0.0,0.0,0.3505495563149452,0.0,0.3505495563149452,0.0
91.059339,"[557.2627563476562, 4.496988296508789, 0.0]","[663.5335083007812, 4.5, 0.0]",12.630008698227206,13.318878173828125,13.327398022905458,0.9681701655978259,1.1003544330596924,106.25738521692413,0.708731650580356,-0.32410621619307634,101.75738521692413,-0.688869475600919,12.60132884979248,0.7454366683959961,106.210693359375,True,0,13.346765518188477,13.318878173828125,0.37713050842285156,0.12666295836249647,0.605796945309163,-0.044917655205250595,"StraightLane index=('>>>', '1S0_0_', 0)",True,507.01092529296875,0.0030088424682617188,0.0005950927734076919,"StraightLane index=('>>', '>>>', 0)",True,0.0,True,False,0.7835906147956848,0.5608792901039124,0.0,0.5608792901039124,True,0.0,0.0,0.3505495563149452,0.0,0.3505495563149452,0.0
91.078865,"[557.5149536132812, 4.49698543548584, 0.0]","[663.8019409179688, 4.5, 0.0]",12.649372101546732,13.331791877746582,13.333459907061538,0.9681701659762787,1.0850844383239746,106.27075191556348,0.688869475600919,-0.9931087489718493,101.77075191556348,-0.6824197761998505,12.621574401855469,0.7454366683959961,106.210693359375,True,0,13.367011070251465,13.331791877746582,0.37713050842285156,0.12666295836249647,0.605796945309163,-0.044917655205250595,"StraightLane index=('>>>', '1S0_0_', 0)",True,507.26275634765625,0.0030117034912109375,0.0006027221679816196,"StraightLane index=('>>', '>>>', 0)",True,0.0,True,False,0.7835906147956848,0.5608792901039124,0.0,0.5608792901039124,True,0.0,0.0,0.3505495563149452,0.0,0.3505495563149452,0.0
91.09862,"[557.767578125, 4.496982574462891, 0.0]","[664.06640625, 4.5, 0.0]",12.668735504866618,13.331275939941406,13.339587179503056,0.9681701659943087,1.0676428079605103,106.28698726764436,0.6824197761998505,-0.32248497005342713,101.78698726764436,-0.6625404350747885,12.64127254486084,0.7454366683959961,106.210693359375,True,0,13.386709213256836,13.331275939941406,0.24181365966796875,0.12246014061462573,0.5531114234132384,0.007767866690673975,"StraightLane index=('>>>', '1S0_0_', 0)",True,507.51495361328125,0.0030145645141601562,0.0005950927734076919,"StraightLane index=('>>', '>>>', 0)",True,0.0,True,False,0.7835906147956848,0.5608792901039124,0.0,0.5608792901039124,True,0.0,0.0,0.3505495563149452,0.0,0.3505495563149452,0.0
91.118745,"[558.0205688476562, 4.496979713439941, 0.0]","[664.3341674804688, 4.5, 0.0]",12.688098908186435,13.343762397766113,13.34526119887759,0.9681701659908448,1.049721121788025,106.29882808737675,0.6625404350747885,-0.9939670562530978,101.79882808737675,-0.6556634895796787,12.660567283630371,0.6824197769165039,106.2869873046875,True,0,13.342987060546875,13.343762397766113,0.24181365966796875,0.12246014061462573,0.5531114234132384,0.007767866690673975,"StraightLane index=('>>>', '1S0_0_', 0)",True,507.767578125,0.003017425537109375,0.0006027221679816196,"StraightLane index=('>>', '>>>', 0)",True,0.0,True,False,0.7835906147956848,0.5608792901039124,0.0,0.5608792901039124,True,0.0,0.0,0.3505495563149452,0.0,0.3505495563149452,0.0
91.141369,"[558.27392578125, 4.496976852416992, 0.0]","[664.61083984375, 4.5, 0.0]",12.706222534890214,13.342894554138184,13.351594747637167,0.9061813351889825,1.0325497388839722,106.31359859625675,0.6556634895796787,-0.34384727475549326,101.81359859625675,-0.6366720192479693,12.679585456848145,0.6824197769165039,106.2869873046875,True,0,13.362005233764648,13.342894554138184,0.24181365966796875,0.12246014061462573,0.5531114234132384,-0.028080989281616064,"StraightLane index=('>>>', '1S0_0_', 0)",True,508.02056884765625,0.0030202865600585938,0.0005874633788846531,"StraightLane index=('>>', '>>>', 0)",True,0.0,True,False,0.7835906147956848,0.5250304341316223,0.0,0.5250304341316223,True,0.0,0.0,0.32814402133226395,0.0,0.32814402133226395,0.0
91.159059,"[558.5277099609375, 4.496973991394043, 0.0]","[664.8739624023438, 4.5, 0.0]",12.72434616159589,13.355080604553223,13.356550397918793,0.9061813352837511,1.0169559717178345,106.33691402481445,0.6366720192479693,-0.9495735165854668,101.83691402481445,-0.6307344429573334,12.698431968688965,0.6824197769165039,106.2869873046875,True,0,13.380851745605469,13.355080604553223,0.24181365966796875,0.12246014061462573,0.5531114234132384,-0.028080989281616064,"StraightLane index=('>>>', '1S0_0_', 0)",True,508.27392578125,0.0030231475830078125,0.0006027221679816196,"StraightLane index=('>>', '>>>', 0)",True,0.0,True,False,0.7835906147956848,0.5250304341316223,0.0,0.5250304341316223,True,0.0,0.0,0.32814402133226395,0.0,0.32814402133226395,0.0
91.179491,"[558.7818603515625, 4.496971130371094, 0.0]","[665.1415405273438, 4.5, 0.0]",12.74246978830825,13.354022026062012,13.362265034961048,0.9061813356180615,0.9988235831260681,106.34625240424104,0.6307344429573334,-0.296878814531798,101.84625240424104,-0.6115522377537612,12.716711044311523,0.6824197769165039,106.2869873046875,True,0,13.399130821228027,13.354022026062012,0.24181365966796875,0.12246014061462573,0.5531114234132384,-0.028080989281616064,"StraightLane index=('>>>', '1S0_0_', 0)",True,508.5277099609375,0.0030260086059570312,0.0005950927734076919,"StraightLane index=('>>', '>>>', 0)",True,0.0,True,False,0.7835906147956848,0.5250304341316223,0.0,0.5250304341316223,True,0.0,0.0,0.32814402133226395,0.0,0.32814402133226395,0.0
91.198768,"[559.036376953125, 4.4969682693481445, 0.0]","[665.402587890625, 4.5, 0.0]",12.760593415024339,13.366164207458496,13.36765876623732,0.9061813358044013,0.9807182550430298,106.35968013748099,0.6115522377537612,-0.9591102601786083,101.85968013748099,-0.6055707924341576,12.734602928161621,0.6824197769165039,106.2869873046875,True,0,13.417022705078125,13.366164207458496,0.34888267517089844,0.12242502018414461,0.5160460352663471,0.008984398865275245,"StraightLane index=('>>>', '1S0_0_', 0)",True,508.7818603515625,0.00302886962890625,0.0006103515625046583,"StraightLane index=('>>', '>>>', 0)",True,0.0,True,False,0.7835906147956848,0.5250304341316223,0.0,0.5250304341316223,True,0.0,0.0,0.32814402133226395,0.0,0.32814402133226395,0.0
91.219525,"[559.2911987304688, 4.496965408325195, 0.0]","[665.6775512695312, 4.5, 0.0]",12.778717041732971,13.364274024963379,13.372108302239736,0.9061813354316328,0.9455300569534302,106.36621089805597,0.6055707924341576,-0.29907226598018255,101.86621089805597,-0.5855569832304077,12.75999641418457,0.6115522384643555,106.35968017578125,True,0,13.371548652648926,13.364274024963379,0.34888267517089844,0.12242502018414461,0.5160460352663471,0.008984398865275245,"StraightLane index=('>>>', '1S0_0_', 0)",True,509.036376953125,0.0030317306518554688,0.0006256103515507359,"StraightLane index=('>>', '>>>', 0)",True,0.0,True,False,0.7918855547904968,0.5250304341316223,0.0,0.5250304341316223,True,0.0,0.0,0.32814402133226395,0.0,0.32814402133226395,0.0
91.239372,"[559.54638671875, 4.496962547302246, 0.0]","[665.9464721679688, 4.5, 0.0]",12.795211792704457,13.375163078308105,13.376276370058127,0.8247375485742836,0.9473796486854553,106.38635250235626,0.5855569832304077,-1.0006904601874922,101.88635250235626,-0.5799512856036486,12.769645690917969,0.6115522384643555,106.35968017578125,True,0,13.381197929382324,13.375163078308105,0.34888267517089844,0.12242502018414461,0.5160460352663471,-0.03825883863014712,"StraightLane index=('>>>', '1S0_0_', 0)",True,509.29119873046875,0.0030345916748046875,0.0005874633788846531,"StraightLane index=('>>', '>>>', 0)",True,0.0,True,False,0.7918855547904968,0.47778719663619995,0.0,0.47778719663619995,True,0.0,0.0,0.29861699789762497,0.0,0.29861699789762497,0.0
91.258463,"[559.8019409179688, 4.496959686279297, 0.0]","[666.203857421875, 4.5, 0.0]",12.811706543678664,13.375868797302246,13.380287891279965,0.8247375487103525,0.9181689023971558,106.40008541248245,0.5799512856036486,-0.2802848813379555,101.90008541248245,-0.5641622536235822,12.794722557067871,0.6115522384643555,106.35968017578125,True,0,13.406274795532227,13.375868797302246,0.34888267517089844,0.12242502018414461,0.5160460352663471,-0.03825883863014712,"StraightLane index=('>>>', '1S0_0_', 0)",True,509.54638671875,0.0030374526977539062,0.0005874633788846531,"StraightLane index=('>>', '>>>', 0)",True,0.0,True,False,0.7918855547904968,0.47778719663619995,0.0,0.47778719663619995,True,0.0,0.0,0.29861699789762497,0.0,0.29861699789762497,0.0
91.278677,"[560.057861328125, 4.496956825256348, 0.0]","[666.4722290039062, 4.5, 0.0]",12.828201294654617,13.380081176757812,13.38452952377696,0.8247375487976605,0.9177075624465942,106.40191646658946,0.5641622536235822,-0.7894515990033213,101.90191646658946,-0.5518798821031954,12.803855895996094,0.6115522384643555,106.35968017578125,True,0,13.41540813446045,13.380081176757812,0.34888267517089844,0.12242502018414461,0.5160460352663471,-0.03825883863014712,"StraightLane index=('>>>', '1S0_0_', 0)",True,509.80194091796875,0.003040313720703125,0.0005950927734076919,"StraightLane index=('>>', '>>>', 0)",True,0.0,True,False,0.7918855547904968,0.47778719663619995,0.0,0.47778719663619995,True,0.0,0.0,0.29861699789762497,0.0,0.29861699789762497,0.0
91.298381,"[560.3140869140625, 4.496953964233398, 0.0]","[666.7392578125, 4.5, 0.0]",12.8446960456311,13.384273529052734,13.388669496119489,0.8247375488241282,0.9016222953796387,106.41436763843407,0.5518798821031954,-0.6141185760193402,101.91436763843407,-0.5395774834216347,12.820365905761719,0.6115522384643555,106.35968017578125,True,0,13.431918144226074,13.384273529052734,0.1810932159423828,0.11652078072371355,0.46724614494777617,0.010541051688423786,"StraightLane index=('>>>', '1S0_0_', 0)",True,510.057861328125,0.0030431747436523438,0.0005950927734076919,"StraightLane index=('>>', '>>>', 0)",True,0.0,True,False,0.7918855547904968,0.47778719663619995,0.0,0.47778719663619995,True,0.0,0.0,0.29861699789762497,0.0,0.29861699789762497,0.0
91.318695,"[560.5706787109375, 4.496951103210449, 0.0]","[667.008056640625, 4.5, 0.0]",12.861190796613148,13.388487815856934,13.392934352727549,0.8247375491023945,0.8715807199478149,106.42517086050628,0.5395774834216347,-0.6151199340780344,101.92517086050628,-0.527297019243786,12.843955993652344,0.5518798828125,106.41436767578125,True,0,13.395835876464844,13.388487815856934,0.1810932159423828,0.11652078072371355,0.46724614494777617,0.010541051688423786,"StraightLane index=('>>>', '1S0_0_', 0)",True,510.3140869140625,0.0030460357666015625,0.0006027221679816196,"StraightLane index=('>>', '>>>', 0)",True,0.0,True,False,0.7918855547904968,0.47778719663619995,0.0,0.47778719663619995,True,0.0,0.0,0.29861699789762497,0.0,0.29861699789762497,0.0
91.339089,"[560.8275756835938, 4.4969482421875, 0.0]","[667.283203125, 4.5, 0.0]",12.876361847647285,13.392800331115723,13.397218551809143,0.7585525517068703,0.8723904490470886,106.43737789061159,0.527297019243786,-0.6140232088924336,101.93737789061159,-0.5164384834684377,12.852757453918457,0.5518798828125,106.41436767578125,True,0,13.404637336730957,13.392800331115723,0.1810932159423828,0.11652078072371355,0.46724614494777617,-0.027773261008033123,"StraightLane index=('>>>', '1S0_0_', 0)",True,510.5706787109375,0.0030488967895507812,0.0006179809570276971,"StraightLane index=('>>', '>>>', 0)",True,0.0,True,False,0.7918855547904968,0.43947288393974304,0.0,0.43947288393974304,True,0.0,0.0,0.2746705524623394,0.0,0.2746705524623394,0.0
91.358142,"[561.0847778320312, 4.496945381164551, 0.0]","[667.5426025390625, 4.5, 0.0]",12.891532898678705,13.396865844726562,13.401220399798708,0.758552551570979,0.8603839874267578,106.45562740285673,0.5164384834684377,-0.5429267887674172,101.95562740285673,-0.505332946047858,12.868807792663574,0.5518798828125,106.41436767578125,True,0,13.420687675476074,13.396865844726562,0.1810932159423828,0.11652078072371355,0.46724614494777617,-0.027773261008033123,"StraightLane index=('>>>', '1S0_0_', 0)",True,510.82757568359375,0.0030517578125,0.0006103515625046583,"StraightLane index=('>>', '>>>', 0)",True,0.0,True,False,0.7918855547904968,0.43947288393974304,0.0,0.43947288393974304,True,0.0,0.0,0.2746705524623394,0.0,0.2746705524623394,0.0
91.379294,"[561.34228515625, 4.496942520141602, 0.0]","[667.8109741210938, 4.5, 0.0]",12.906703949708428,13.401071548461914,13.405659381475648,0.758552551486158,0.845835268497467,106.45782466845112,0.505332946047858,-0.5552768710289868,101.95782466845112,-0.49436759875348635,12.884361267089844,0.5518798828125,106.41436767578125,True,0,13.436241149902344,13.401071548461914,0.1810932159423828,0.11652078072371355,0.46724614494777617,-0.027773261008033123,"StraightLane index=('>>>', '1S0_0_', 0)",True,511.08477783203125,0.0030546188354492188,0.0006103515625046583,"StraightLane index=('>>', '>>>', 0)",True,0.0,True,False,0.7918855547904968,0.43947288393974304,0.0,0.43947288393974304,True,0.0,0.0,0.2746705524623394,0.0,0.2746705524623394,0.0
91.398808,"[561.60009765625, 4.496939659118652, 0.0]","[668.079345703125, 4.5, 0.0]",12.921875000731866,13.405278205871582,13.409758085875888,0.7585525511719204,0.8310930728912354,106.46868892623255,0.49436759875348635,-0.5482673647185798,101.96868892623255,-0.4834032051397159,12.899576187133789,0.5518798828125,106.41436767578125,True,0,13.451456069946289,13.405278205871582,0.21004676818847656,0.11222033953793888,0.4264324228787542,0.013040461060988828,"StraightLane index=('>>>', '1S0_0_', 0)",True,511.34228515625,0.0030574798583984375,0.0006103515625046583,"StraightLane index=('>>', '>>>', 0)",True,0.0,True,False,0.7918855547904968,0.43947288393974304,0.0,0.43947288393974304,True,0.0,0.0,0.2746705524623394,0.0,0.2746705524623394,0.0
91.418635,"[561.8582153320312, 4.496936798095703, 0.0]","[668.3483276367188, 4.5, 0.0]",12.937046051751683,13.409354209899902,13.413735357597469,0.7585525509908209,0.8015049695968628,106.47924800934604,0.4834032051397159,-0.548219680688522,101.97924800934604,-0.4723081581482198,12.921126365661621,0.4943675994873047,106.46868896484375,True,0,13.415493965148926,13.409354209899902,0.21004676818847656,0.11222033953793888,0.4264324228787542,0.013040461060988828,"StraightLane index=('>>>', '1S0_0_', 0)",True,511.60009765625,0.0030603408813476562,0.0005950927734076919,"StraightLane index=('>>', '>>>', 0)",True,0.0,True,False,0.7978878617286682,0.43947288393974304,0.0,0.43947288393974304,True,0.0,0.0,0.2746705524623394,0.0,0.2746705524623394,0.0
91.438644,"[562.1166381835938, 4.496933937072754, 0.0]","[668.6172485351562, 4.5, 0.0]",12.950885773417712,13.413361549377441,13.417737249198835,0.6919860833014546,0.8033226728439331,106.49011226823478,0.4723081581482198,-0.5547523495748052,101.99011226823478,-0.4624757759597298,12.929332733154297,0.4943675994873047,106.46868896484375,True,0,13.423700332641602,13.413361549377441,0.21004676818847656,0.11222033953793888,0.4264324228787542,-0.025537304165375307,"StraightLane index=('>>>', '1S0_0_', 0)",True,511.85821533203125,0.003063201904296875,0.0005798339843616143,"StraightLane index=('>>', '>>>', 0)",True,0.0,True,False,0.7978878617286682,0.4008951187133789,0.0,0.4008951187133789,True,0.0,0.0,0.2505594491958618,0.0,0.2505594491958618,0.0
91.458917,"[562.3753662109375, 4.496931076049805, 0.0]","[668.89111328125, 4.5, 0.0]",12.964725495083883,13.41744327545166,13.421793201200197,0.69198608330856,0.791497528553009,106.5006103150803,0.4624757759597298,-0.4916191094245015,102.0006103150803,-0.4527177803677773,12.944040298461914,0.4943675994873047,106.46868896484375,True,0,13.438407897949219,13.41744327545166,0.21004676818847656,0.11222033953793888,0.4264324228787542,-0.025537304165375307,"StraightLane index=('>>>', '1S0_0_', 0)",True,512.1166381835938,0.0030660629272460938,0.0005798339843616143,"StraightLane index=('>>', '>>>', 0)",True,0.0,True,False,0.7978878617286682,0.4008951187133789,0.0,0.4008951187133789,True,0.0,0.0,0.2505594491958618,0.0,0.2505594491958618,0.0
91.479177,"[562.6343994140625, 4.4969282150268555, 0.0]","[669.15478515625, 4.5, 0.0]",12.978565216744109,13.421372413635254,13.425842769398587,0.6919860830112867,0.7773866653442383,106.51574703599422,0.4527177803677773,-0.48789977959762254,102.01574703599422,-0.44280719689114534,12.958258628845215,0.4943675994873047,106.46868896484375,True,0,13.45262622833252,13.421372413635254,0.21004676818847656,0.11222033953793888,0.4264324228787542,-0.025537304165375307,"StraightLane index=('>>>', '1S0_0_', 0)",True,512.3753662109375,0.0030689239501953125,0.0005493164062694592,"StraightLane index=('>>', '>>>', 0)",True,0.0,True,False,0.7978878617286682,0.4008951187133789,0.0,0.4008951187133789,True,0.0,0.0,0.2505594491958618,0.0,0.2505594491958618,0.0
91.498741,"[562.8936767578125, 4.496925354003906, 0.0]","[669.4208374023438, 4.5, 0.0]",12.992404938410711,13.425338745117188,13.429754987598862,0.6919860833301428,0.7625124454498291,106.5203857072956,0.44280719689114534,-0.4955291738315992,102.0203857072956,-0.4329338067064761,12.972108840942383,0.4943675994873047,106.46868896484375,True,0,13.466476440429688,13.425338745117188,0.2006053924560547,0.1080194943201069,0.3894264686793164,0.0114686500340625,"StraightLane index=('>>>', '1S0_0_', 0)",True,512.6343994140625,0.0030717849731445312,0.000556945800792498,"StraightLane index=('>>', '>>>', 0)",True,0.0,True,False,0.7978878617286682,0.4008951187133789,0.0,0.4008951187133789,True,0.0,0.0,0.2505594491958618,0.0,0.2505594491958618,0.0
91.519528,"[563.1532592773438, 4.496922492980957, 0.0]","[669.6970825195312, 4.5, 0.0]",13.006244660071486,13.429450988769531,13.433912825800943,0.6919860830387314,0.7348552346229553,106.52716061124461,0.4329338067064761,-0.4936695092334631,102.02716061124461,-0.4232063286980452,12.991801261901855,0.4428071975708008,106.5203857421875,True,0,13.434608459472656,13.429450988769531,0.2006053924560547,0.1080194943201069,0.3894264686793164,0.0114686500340625,"StraightLane index=('>>>', '1S0_0_', 0)",True,512.8936767578125,0.00307464599609375,0.0005340576171724927,"StraightLane index=('>>', '>>>', 0)",True,0.0,True,False,0.7978878617286682,0.4008951187133789,0.0,0.4008951187133789,True,0.0,0.0,0.2505594491958618,0.0,0.2505594491958618,0.0
91.538678,"[563.4130859375, 4.496919631958008, 0.0]","[669.960205078125, 4.5, 0.0]",13.018882752099945,13.433365821838379,13.437744417799404,0.6319046014229279,0.7346318960189819,106.54382320887348,0.4232063286980452,-0.48637390042154394,102.04382320887348,-0.4144830697384343,12.999126434326172,0.4428071975708008,106.5203857421875,True,0,13.441933631896973,13.433365821838379,0.2006053924560547,0.1080194943201069,0.3894264686793164,-0.023311137029536133,"StraightLane index=('>>>', '1S0_0_', 0)",True,513.1532592773438,0.0030775070190429688,0.0005340576171724927,"StraightLane index=('>>', '>>>', 0)",True,0.0,True,False,0.7978878617286682,0.3661153316497803,0.0,0.3661153316497803,True,0.0,0.0,0.22882208228111267,0.0,0.22882208228111267,0.0
91.558674,"[563.6732177734375, 4.496917247772217, 0.0]","[670.2335815429688, 4.5, 0.0]",13.031520844127012,13.43743419647217,13.441744996998459,0.6319046013533836,0.7228860855102539,106.5471191067408,0.4144830697384343,-0.4361629479805451,102.0471191067408,-0.40591335234515746,13.012463569641113,0.4428071975708008,106.5203857421875,True,0,13.455270767211914,13.43743419647217,0.2006053924560547,0.1080194943201069,0.3894264686793164,-0.023311137029536133,"StraightLane index=('>>>', '1S0_0_', 0)",True,513.4130859375,0.0030803680419921875,0.0005416870116955315,"StraightLane index=('>>', '>>>', 0)",True,0.0,True,False,0.7978878617286682,0.3661153316497803,0.0,0.3661153316497803,True,0.0,0.0,0.22882208228111267,0.0,0.22882208228111267,0.0
91.580048,"[563.93359375, 4.496914863586426, 0.0]","[670.500244140625, 4.5, 0.0]",13.044158936158565,13.441402435302738,13.446016746195966,0.6319046015776486,0.7130081057548523,106.56036373616762,0.40591335234515746,-0.4284858696638416,102.06036373616762,-0.3972434991441727,13.02577018737793,0.4428071975708008,106.5203857421875,True,0,13.46857738494873,13.441402435302738,0.2006053924560547,0.1080194943201069,0.3894264686793164,-0.023311137029536133,"StraightLane index=('>>>', '1S0_0_', 0)",True,513.6732177734375,0.003082752227783203,0.0005340576171724927,"StraightLane index=('>>', '>>>', 0)",True,0.0,True,False,0.7978878617286682,0.3661153316497803,0.0,0.3661153316497803,True,0.0,0.0,0.22882208228111267,0.0,0.22882208228111267,0.0
91.598909,"[564.1942138671875, 4.496912479400635, 0.0]","[670.7657470703125, 4.5, 0.0]",13.056797028197801,13.445353507995605,13.449787213398377,0.6319046019617858,0.7004491090774536,106.56665035614894,0.3972434991441727,-0.4334926600492395,102.06665035614894,-0.3885564797978045,13.038607597351074,0.4428071975708008,106.5203857421875,True,0,13.481414794921875,13.445353507995605,0.2001476287841797,0.10422271189554251,0.35678442376411545,0.009330907885664819,"StraightLane index=('>>>', '1S0_0_', 0)",True,513.93359375,0.0030851364135742188,0.0005493164062694592,"StraightLane index=('>>', '>>>', 0)",True,0.0,True,False,0.7978878617286682,0.3661153316497803,0.0,0.3661153316497803,True,0.0,0.0,0.22882208228111267,0.0,0.22882208228111267,0.0
91.61871,"[564.455078125, 4.496910095214844, 0.0]","[671.0348510742188, 4.5, 0.0]",13.069435120241746,13.44935417175293,13.453750328598545,0.6319046021972419,0.6874758005142212,106.57153316752772,0.3885564797978045,-0.4343509673184087,102.07153316752772,-0.3799190515111839,13.051122665405273,0.3972434997558594,106.566650390625,True,0,13.448366165161133,13.44935417175293,0.2001476287841797,0.10422271189554251,0.35678442376411545,0.009330907885664819,"StraightLane index=('>>>', '1S0_0_', 0)",True,514.1942138671875,0.0030875205993652344,0.0005645751953155367,"StraightLane index=('>>', '>>>', 0)",True,0.0,True,False,0.8016571402549744,0.3661153316497803,0.0,0.3661153316497803,True,0.0,0.0,0.22882208228111267,0.0,0.22882208228111267,0.0
91.639461,"[564.7161865234375, 4.496907711029053, 0.0]","[671.304443359375, 4.5, 0.0]",13.081016541136806,13.453360557556152,13.457900150796632,0.5790710447530323,0.674272358417511,106.57977291469638,0.3799190515111839,-0.43187141433103093,102.07977291469638,-0.3723440164193459,13.063375473022461,0.3972434997558594,106.566650390625,True,0,13.46061897277832,13.453360557556152,0.2001476287841797,0.10422271189554251,0.35678442376411545,-0.02130033629692185,"StraightLane index=('>>>', '1S0_0_', 0)",True,514.455078125,0.00308990478515625,0.0005493164062694592,"StraightLane index=('>>', '>>>', 0)",True,0.0,True,False,0.8016571402549744,0.3354840874671936,0.0,0.3354840874671936,True,0.0,0.0,0.209677554666996,0.0,0.209677554666996,0.0
91.658819,"[564.9776000976562, 4.496905326843262, 0.0]","[671.5722045898438, 4.5, 0.0]",13.092597962033675,13.4573392868042,13.461771122396458,0.5790710448434488,0.6624364256858826,106.58825680139186,0.3723440164193459,-0.37875175459189947,102.08825680139186,-0.3647413247705238,13.07548999786377,0.3972434997558594,106.566650390625,True,0,13.472733497619629,13.4573392868042,0.2001476287841797,0.10422271189554251,0.35678442376411545,-0.02130033629692185,"StraightLane index=('>>>', '1S0_0_', 0)",True,514.7161865234375,0.0030922889709472656,0.0005493164062694592,"StraightLane index=('>>', '>>>', 0)",True,0.0,True,False,0.8016571402549744,0.3354840874671936,0.0,0.3354840874671936,True,0.0,0.0,0.209677554666996,0.0,0.209677554666996,0.0
91.67903,"[565.2391967773438, 4.496902942657471, 0.0]","[671.8432006835938, 4.5, 0.0]",13.104179382926894,13.464698791503906,13.465813882597722,0.5790710446609282,0.6515658497810364,106.59460445871126,0.3647413247705238,-0.3801345824411051,102.09460445871126,-0.36051940857701226,13.08749771118164,0.3972434997558594,106.566650390625,True,0,13.4847412109375,13.464698791503906,0.2001476287841797,0.10422271189554251,0.35678442376411545,-0.02130033629692185,"StraightLane index=('>>>', '1S0_0_', 0)",True,514.9776000976562,0.0030946731567382812,0.0005340576171724927,"StraightLane index=('>>', '>>>', 0)",True,0.0,True,False,0.8016571402549744,0.3354840874671936,0.0,0.3354840874671936,True,0.0,0.0,0.209677554666996,0.0,0.209677554666996,0.0
91.698996,"[565.5010375976562, 4.49690055847168, 0.0]","[672.1179809570312, 4.5, 0.0]",13.115760803817716,13.462113380432129,13.469808363397606,0.5790710445411129,0.6381570100784302,106.60400387275112,0.36051940857701226,-0.21109580967557662,102.10400387275112,-0.34635257661441265,13.099007606506348,0.3972434997558594,106.566650390625,True,0,13.496251106262207,13.462113380432129,0.16759872436523438,0.09966639605877146,0.3247955708581397,0.0106885166090539,"StraightLane index=('>>>', '1S0_0_', 0)",True,515.2391967773438,0.003097057342529297,0.0005340576171724927,"StraightLane index=('>>', '>>>', 0)",True,0.0,True,False,0.8016571402549744,0.3354840874671936,0.0,0.3354840874671936,True,0.0,0.0,0.209677554666996,0.0,0.209677554666996,0.0
91.71886,"[565.7631225585938, 4.496898174285889, 0.0]","[672.3846435546875, 4.5, 0.0]",13.127342224711528,13.47274112701416,13.473781205598497,0.5790710446905933,0.6199650168418884,106.61694332585334,0.34635257661441265,-0.7083415981299801,102.11694332585334,-0.34539890230263204,13.116024017333984,0.3605194091796875,106.60400390625,True,0,13.476543426513672,13.47274112701416,0.16759872436523438,0.09966639605877146,0.3247955708581397,0.0106885166090539,"StraightLane index=('>>>', '1S0_0_', 0)",True,515.5010375976562,0.0030994415283203125,0.0005340576171724927,"StraightLane index=('>>', '>>>', 0)",True,0.0,True,False,0.8016571402549744,0.3354840874671936,0.0,0.3354840874671936,True,0.0,0.0,0.209677554666996,0.0,0.209677554666996,0.0
91.739333,"[566.0254516601562, 4.496895790100098, 0.0]","[672.6580810546875, 4.5, 0.0]",13.138103485694844,13.470129013061523,13.477874960600166,0.5380630491657712,0.6210312843322754,106.62152096254968,0.34539890230263204,-0.04768371558903084,102.12152096254968,-0.3320255273666799,13.122335433959961,0.3605194091796875,106.60400390625,True,0,13.482854843139648,13.470129013061523,0.16759872436523438,0.09966639605877146,0.3247955708581397,-0.013046708591599177,"StraightLane index=('>>>', '1S0_0_', 0)",True,515.7631225585938,0.003101825714111328,0.0005340576171724927,"StraightLane index=('>>', '>>>', 0)",True,0.0,True,False,0.8016571402549744,0.3117488622665405,0.0,0.3117488622665405,True,0.0,0.0,0.19484303891658783,0.0,0.19484303891658783,0.0
91.759047,"[566.2880249023438, 4.496893405914307, 0.0]","[672.92578125, 4.5, 0.0]",13.148864746679191,13.480769157409668,13.481819514197996,0.5380630492173744,0.6119880676269531,106.63262936096447,0.3320255273666799,-0.6686687467976071,102.13262936096447,-0.33190441073047694,13.133713722229004,0.3605194091796875,106.60400390625,True,0,13.494233131408691,13.480769157409668,0.16759872436523438,0.09966639605877146,0.3247955708581397,-0.013046708591599177,"StraightLane index=('>>>', '1S0_0_', 0)",True,516.0254516601562,0.0031042098999023438,0.0005340576171724927,"StraightLane index=('>>', '>>>', 0)",True,0.0,True,False,0.8016571402549744,0.3117488622665405,0.0,0.3117488622665405,True,0.0,0.0,0.19484303891658783,0.0,0.19484303891658783,0.0
91.780437,"[566.55078125, 4.496891021728516, 0.0]","[673.1968383789062, 4.5, 0.0]",13.159626007659721,13.478122711181644,13.486084297801137,0.5380630490265048,0.6022871136665344,106.6377563146121,0.33190441073047694,-0.006055831810147794,102.1377563146121,-0.31849670352192305,13.144837379455566,0.3605194091796875,106.60400390625,True,0,13.505356788635254,13.478122711181644,0.16759872436523438,0.09966639605877146,0.3247955708581397,-0.013046708591599177,"StraightLane index=('>>>', '1S0_0_', 0)",True,516.2880249023438,0.0031065940856933594,0.0005264282226494539,"StraightLane index=('>>', '>>>', 0)",True,0.0,True,False,0.8016571402549744,0.3117488622665405,0.0,0.3117488622665405,True,0.0,0.0,0.19484303891658783,0.0,0.19484303891658783,0.0
91.798331,"[566.8137817382812, 4.496888637542725, 0.0]","[673.4589233398438, 4.5, 0.0]",13.170387268637679,13.488678932189941,13.489674573800295,0.5380630488978966,0.6079341173171997,106.64605709583985,0.31849670352192305,-0.6703853604276944,102.14605709583985,-0.31829166355226235,13.157561302185059,0.3605194091796875,106.60400390625,True,0,13.518080711364746,13.488678932189941,0.265655517578125,0.09899769956812869,0.3058872808770992,0.005861581389441317,"StraightLane index=('>>>', '1S0_0_', 0)",True,516.55078125,0.003108978271484375,0.0005264282226494539,"StraightLane index=('>>', '>>>', 0)",True,0.0,True,False,0.8016571402549744,0.3117488622665405,0.0,0.3117488622665405,True,0.0,0.0,0.19484303891658783,0.0,0.19484303891658783,0.0
91.818903,"[567.0769653320312, 4.496886253356934, 0.0]","[673.7297973632812, 4.5, 0.0]",13.181148529618682,13.485891342163086,13.493599651648664,0.5380630490501304,0.5734189748764038,106.64514156847423,0.31829166355226235,-0.010251998483035152,102.14514156847423,-0.3047428125444043,13.171860694885254,0.3184967041015625,106.64605712890625,True,0,13.490357398986816,13.485891342163086,0.265655517578125,0.09899769956812869,0.3058872808770992,0.005861581389441317,"StraightLane index=('>>>', '1S0_0_', 0)",True,516.8137817382812,0.0031113624572753906,0.0005264282226494539,"StraightLane index=('>>', '>>>', 0)",True,0.0,True,False,0.8032578229904175,0.3117488622665405,0.0,0.3117488622665405,True,0.0,0.0,0.19484303891658783,0.0,0.19484303891658783,0.0
91.839232,"[567.3403930664062, 4.496883869171143, 0.0]","[674.0067749023438, 4.5, 0.0]",13.190868378248176,13.496458053588867,13.49746206265944,0.48599243147471327,0.556581437587738,106.6528319981395,0.3047428125444043,-0.6774425503929038,102.1528319981395,-0.30558967534069126,13.181523323059082,0.3184967041015625,106.64605712890625,True,0,13.500020027160645,13.496458053588867,0.265655517578125,0.09899769956812869,0.3058872808770992,-0.024359433825478727,"StraightLane index=('>>>', '1S0_0_', 0)",True,517.0769653320312,0.0031137466430664062,0.0005264282226494539,"StraightLane index=('>>', '>>>', 0)",True,0.0,True,False,0.8032578229904175,0.2815278470516205,0.0,0.2815278470516205,True,0.0,0.0,0.1759549044072628,0.0,0.1759549044072628,0.0
91.858704,"[567.60400390625, 4.496881484985352, 0.0]","[674.2677001953125, 4.5, 0.0]",13.200588226873961,13.493461608886719,13.501152255009627,0.4859924312892616,0.5444141626358032,106.66638180280452,0.30558967534069126,0.04234313981434923,102.16638180280452,-0.2928733820127576,13.191362380981445,0.3184967041015625,106.64605712890625,True,0,13.509859085083008,13.493461608886719,0.265655517578125,0.09899769956812869,0.3058872808770992,-0.024359433825478727,"StraightLane index=('>>>', '1S0_0_', 0)",True,517.3403930664062,0.003116130828857422,0.0005264282226494539,"StraightLane index=('>>', '>>>', 0)",True,0.0,True,False,0.8032578229904175,0.2815278470516205,0.0,0.2815278470516205,True,0.0,0.0,0.1759549044072628,0.0,0.1759549044072628,0.0
91.879103,"[567.8677978515625, 4.4968791007995605, 0.0]","[674.5399780273438, 4.5, 0.0]",13.210308075497629,13.503962516784668,13.505037217876058,0.48599243118339075,0.5449190139770508,106.66369625590774,0.2928733820127576,-0.6358146663966835,102.16369625590774,-0.293654441287039,13.196859359741211,0.3184967041015625,106.64605712890625,True,0,13.515356063842773,13.503962516784668,0.265655517578125,0.09899769956812869,0.3058872808770992,-0.024359433825478727,"StraightLane index=('>>>', '1S0_0_', 0)",True,517.60400390625,0.0031185150146484375,0.0005264282226494539,"StraightLane index=('>>', '>>>', 0)",True,0.0,True,False,0.8032578229904175,0.2815278470516205,0.0,0.2815278470516205,True,0.0,0.0,0.1759549044072628,0.0,0.1759549044072628,0.0
91.898854,"[568.1318359375, 4.4968767166137695, 0.0]","[674.8084716796875, 4.5, 0.0]",13.220027924129273,13.501072883605959,13.508787334520427,0.48599243158218286,0.5339716076850891,106.67218014314936,0.293654441287039,0.03905296371407019,102.17218014314936,-0.2810449594766862,13.206522941589355,0.3184967041015625,106.64605712890625,True,0,13.525019645690918,13.501072883605959,0.12393951416017401,0.09343581260692191,0.2761150362667679,0.005412810784852562,"StraightLane index=('>>>', '1S0_0_', 0)",True,517.8677978515625,0.003120899200439453,0.0005187988281264151,"StraightLane index=('>>', '>>>', 0)",True,0.0,True,False,0.8032578229904175,0.2815278470516205,0.0,0.2815278470516205,True,0.0,0.0,0.1759549044072628,0.0,0.1759549044072628,0.0
91.918559,"[568.3960571289062, 4.4968743324279785, 0.0]","[675.07958984375, 4.5, 0.0]",13.229747772770201,13.511553764343262,13.512533381169021,0.4859924320464337,0.5156293511390686,106.67663570898837,0.2810449594766862,-0.6304740905176409,102.17663570898837,-0.2818059915730604,13.22040843963623,0.2936544418334961,106.67218017578125,True,0,13.514062881469727,13.511553764343262,0.12393951416017401,0.09343581260692191,0.2761150362667679,0.005412810784852562,"StraightLane index=('>>>', '1S0_0_', 0)",True,518.1318359375,0.0031232833862304688,0.0005264282226494539,"StraightLane index=('>>', '>>>', 0)",True,0.0,True,False,0.8032578229904175,0.2815278470516205,0.0,0.2815278470516205,True,0.0,0.0,0.1759549044072628,0.0,0.1759549044072628,0.0
91.938592,"[568.6604614257812, 4.4968719482421875, 0.0]","[675.3504028320312, 4.5, 0.0]",13.238937378492325,13.508691787719727,13.516340879710159,0.4594802861062064,0.5140300989151001,106.68353268052519,0.2818059915730604,0.03805160481871184,102.18353268052519,-0.2697544092274011,13.225397109985352,0.2936544418334961,106.67218017578125,True,0,13.519051551818848,13.508691787719727,0.12393951416017401,0.09343581260692191,0.2761150362667679,-0.00988823797079319,"StraightLane index=('>>>', '1S0_0_', 0)",True,518.3960571289062,0.0031256675720214844,0.0005416870116955315,"StraightLane index=('>>', '>>>', 0)",True,0.0,True,False,0.8032578229904175,0.26622679829597473,0.0,0.26622679829597473,True,0.0,0.0,0.1663917489349842,0.0,0.1663917489349842,0.0
91.957934,"[568.925048828125, 4.4968695640563965, 0.0]","[675.6190185546875, 4.5, 0.0]",13.248126984211357,13.519134521484375,13.520016987738607,0.45948028595157453,0.4989836513996124,106.68994137080315,0.2697544092274011,-0.6025791172829642,102.18994137080315,-0.2710075372730181,13.239059448242188,0.2936544418334961,106.67218017578125,True,0,13.532713890075684,13.519134521484375,0.12393951416017401,0.09343581260692191,0.2761150362667679,-0.00988823797079319,"StraightLane index=('>>>', '1S0_0_', 0)",True,518.6604614257812,0.0031280517578125,0.000556945800792498,"StraightLane index=('>>', '>>>', 0)",True,0.0,True,False,0.8032578229904175,0.26622679829597473,0.0,0.26622679829597473,True,0.0,0.0,0.1663917489349842,0.0,0.1663917489349842,0.0
91.978783,"[569.1898193359375, 4.4968671798706055, 0.0]","[675.89013671875, 4.5, 0.0]",13.257316589928973,13.516278266906738,13.52397568903846,0.4594802858807867,0.4901880621910095,106.69396969219838,0.2710075372730181,0.06265640228084735,102.19396969219838,-0.2589616769777656,13.248113632202148,0.2936544418334961,106.67218017578125,True,0,13.541768074035645,13.516278266906738,0.12393951416017401,0.09343581260692191,0.2761150362667679,-0.00988823797079319,"StraightLane index=('>>>', '1S0_0_', 0)",True,518.925048828125,0.0031304359436035156,0.0005416870116955315,"StraightLane index=('>>', '>>>', 0)",True,0.0,True,False,0.8032578229904175,0.26622679829597473,0.0,0.26622679829597473,True,0.0,0.0,0.1663917489349842,0.0,0.1663917489349842,0.0
91.999221,"[569.4547729492188, 4.4968647956848145, 0.0]","[676.1670532226562, 4.5, 0.0]",13.266506195635856,13.526838302612305,13.52785983471619,0.4594802853441493,0.48870912194252014,106.70031734952475,0.2589616769777656,-0.6022930147626226,102.20031734952475,-0.26033210697644904,13.252860069274902,0.2936544418334961,106.67218017578125,True,0,13.546514511108398,13.526838302612305,0.2576541900634588,0.09311012799845078,0.2623259975331427,0.0039008007628320573,"StraightLane index=('>>>', '1S0_0_', 0)",True,519.1898193359375,0.0031328201293945312,0.0005264282226494539,"StraightLane index=('>>', '>>>', 0)",True,0.0,True,False,0.8032578229904175,0.26622679829597473,0.0,0.26622679829597473,True,0.0,0.0,0.1663917489349842,0.0,0.1663917489349842,0.0
92.019312,"[569.7199096679688, 4.496862411499023, 0.0]","[676.4338989257812, 4.5, 0.0]",13.275695801346036,13.523780822753906,13.531483845097945,0.4594802855089952,0.47614938020706177,106.71228024121962,0.26033210697644904,0.068521499934171,102.21228024121962,-0.2480850214078707,13.266042709350586,0.25896167755126953,106.7003173828125,True,0,13.525004386901855,13.523780822753906,0.2576541900634588,0.09311012799845078,0.2623259975331427,0.0039008007628320573,"StraightLane index=('>>>', '1S0_0_', 0)",True,519.4547729492188,0.003135204315185547,0.0005111694336033763,"StraightLane index=('>>', '>>>', 0)",True,0.0,True,False,0.8027637600898743,0.26622679829597473,0.0,0.26622679829597473,True,0.0,0.0,0.1663917489349842,0.0,0.1663917489349842,0.0
92.039561,"[569.9852294921875, 4.496860027313232, 0.0]","[676.7096557617188, 4.5, 0.0]",13.283981323805719,13.5341157913208,13.53512649159599,0.4142761229841696,0.47718435525894165,106.71398922502777,0.2480850214078707,-0.6123542784289171,102.21398922502777,-0.25013446751508184,13.270913124084473,0.25896167755126953,106.7003173828125,True,0,13.529874801635742,13.5341157913208,0.2576541900634588,0.09311012799845078,0.2623259975331427,-0.02235510486537229,"StraightLane index=('>>>', '1S0_0_', 0)",True,519.7199096679688,0.0031375885009765625,0.0005187988281264151,"StraightLane index=('>>', '>>>', 0)",True,0.0,True,False,0.8027637600898743,0.23997089266777039,0.0,0.23997089266777039,True,0.0,0.0,0.1499818079173565,0.0,0.1499818079173565,0.0
92.058282,"[570.250732421875, 4.496857643127441, 0.0]","[676.9725341796875, 4.5, 0.0]",13.29226684626147,13.530942916870117,13.53849985107733,0.4142761227875269,0.47022855281829834,106.72442623617677,0.25013446751508184,0.10247230536055696,102.22442623617677,-0.2386760706086477,13.279656410217285,0.25896167755126953,106.7003173828125,True,0,13.538618087768555,13.530942916870117,0.2576541900634588,0.09311012799845078,0.2623259975331427,-0.02235510486537229,"StraightLane index=('>>>', '1S0_0_', 0)",True,519.9852294921875,0.003139972686767578,0.0005264282226494539,"StraightLane index=('>>', '>>>', 0)",True,0.0,True,False,0.8027637600898743,0.23997089266777039,0.0,0.23997089266777039,True,0.0,0.0,0.1499818079173565,0.0,0.1499818079173565,0.0
92.078547,"[570.5164184570312, 4.49685525894165, 0.0]","[677.2434692382812, 4.5, 0.0]",13.30055236872426,13.541213035583496,13.542143955576002,0.414276123139512,0.4621465504169464,106.72180172553043,0.2386760706086477,-0.5729198453217066,102.22180172553043,-0.24066066685923637,13.288135528564453,0.25896167755126953,106.7003173828125,True,0,13.547097206115723,13.541213035583496,0.2576541900634588,0.09311012799845078,0.2623259975331427,-0.02235510486537229,"StraightLane index=('>>>', '1S0_0_', 0)",True,520.250732421875,0.0031423568725585938,0.0005111694336033763,"StraightLane index=('>>', '>>>', 0)",True,0.0,True,False,0.8027637600898743,0.23997089266777039,0.0,0.23997089266777039,True,0.0,0.0,0.1499818079173565,0.0,0.1499818079173565,0.0
92.098537,"[570.7822875976562, 4.496852874755859, 0.0]","[677.5142822265625, 4.5, 0.0]",13.308837891190947,13.538146018981935,13.545743257356342,0.41427612333437835,0.45375677943229675,106.72705074785159,0.24066066685923637,0.0992298125294333,102.22705074785159,-0.22930812779098808,13.296419143676758,0.25896167755126953,106.7003173828125,True,0,13.555380821228027,13.538146018981935,0.11307716369630683,0.08775681592797645,0.23680709899211871,0.0031637936756516716,"StraightLane index=('>>>', '1S0_0_', 0)",True,520.5164184570312,0.0031447410583496094,0.0005264282226494539,"StraightLane index=('>>', '>>>', 0)",True,0.0,True,False,0.8027637600898743,0.23997089266777039,0.0,0.23997089266777039,True,0.0,0.0,0.1499818079173565,0.0,0.1499818079173565,0.0
92.118768,"[571.0482788085938, 4.496850490570068, 0.0]","[677.7855834960938, 4.5, 0.0]",13.317123413655347,13.548418045043945,13.549386530438323,0.414276123219981,0.445657879114151,106.73199459548573,0.22930812779098808,-0.5676269534124145,102.23199459548573,-0.2312946313885984,13.3045654296875,0.2406606674194336,106.72705078125,True,0,13.545226097106934,13.548418045043945,0.11307716369630683,0.08775681592797645,0.23680709899211871,0.0031637936756516716,"StraightLane index=('>>>', '1S0_0_', 0)",True,520.7822875976562,0.003147125244140625,0.0005264282226494539,"StraightLane index=('>>', '>>>', 0)",True,0.0,True,False,0.8027637600898743,0.23997089266777039,0.0,0.23997089266777039,True,0.0,0.0,0.1499818079173565,0.0,0.1499818079173565,0.0
92.139539,"[571.314453125, 4.496848106384277, 0.0]","[678.0572509765625, 4.5, 0.0]",13.32503891047928,13.545358657836914,13.55312133387674,0.39577484119668327,0.43825843930244446,106.73730465460638,0.2312946313885984,0.09932517988051615,102.23730465460638,-0.2203197473576335,13.312626838684082,0.2406606674194336,106.72705078125,True,0,13.553287506103516,13.545358657836914,0.11307716369630683,0.08775681592797645,0.23680709899211871,-0.007537102706680177,"StraightLane index=('>>>', '1S0_0_', 0)",True,521.0482788085938,0.0031495094299316406,0.0005187988281264151,"StraightLane index=('>>', '>>>', 0)",True,0.0,True,False,0.8027637600898743,0.22926999628543854,0.0,0.22926999628543854,True,0.0,0.0,0.14329374767839909,0.0,0.14329374767839909,0.0
92.158629,"[571.580810546875, 4.496845722198486, 0.0]","[678.333251953125, 4.5, 0.0]",13.332954407304374,13.555691719055176,13.556562412775936,0.3957748412546813,0.43180590867996216,106.74279781809771,0.2203197473576335,-0.5487442015482458,102.24279781809771,-0.22273731175080158,13.320643424987793,0.2406606674194336,106.72705078125,True,0,13.561304092407227,13.555691719055176,0.11307716369630683,0.08775681592797645,0.23680709899211871,-0.007537102706680177,"StraightLane index=('>>>', '1S0_0_', 0)",True,521.314453125,0.0031518936157226562,0.0005264282226494539,"StraightLane index=('>>', '>>>', 0)",True,0.0,True,False,0.8027637600898743,0.22926999628543854,0.0,0.22926999628543854,True,0.0,0.0,0.14329374767839909,0.0,0.14329374767839909,0.0
92.181,"[571.8472900390625, 4.496843338012695, 0.0]","[678.6023559570312, 4.5, 0.0]",13.340869904134763,13.552597045898438,13.56058477053605,0.3957748415194473,0.42036378383636475,106.7524413727629,0.22273731175080158,0.12087821965840462,102.2524413727629,-0.21172714176367435,13.33227825164795,0.2406606674194336,106.72705078125,True,0,13.572938919067383,13.552597045898438,0.11307716369630683,0.08775681592797645,0.23680709899211871,-0.007537102706680177,"StraightLane index=('>>>', '1S0_0_', 0)",True,521.580810546875,0.003154277801513672,0.0005264282226494539,"StraightLane index=('>>', '>>>', 0)",True,0.0,True,False,0.8027637600898743,0.22926999628543854,0.0,0.22926999628543854,True,0.0,0.0,0.14329374767839909,0.0,0.14329374767839909,0.0
92.199061,"[572.1139526367188, 4.496840953826904, 0.0]","[678.87646484375, 4.5, 0.0]",13.348785400967852,13.562904357910156,13.563836264620884,0.3957748416544504,0.4165858328342438,106.75506588390775,0.21172714176367435,-0.5505084993563614,102.25506588390775,-0.2141189569423041,13.340306282043457,0.2406606674194336,106.72705078125,True,0,13.58096694946289,13.562904357910156,0.2475833892822088,0.0876465529600561,0.22682387497255377,0.002446121312884769,"StraightLane index=('>>>', '1S0_0_', 0)",True,521.8472900390625,0.0031566619873046875,0.0005340576171724927,"StraightLane index=('>>', '>>>', 0)",True,0.0,True,False,0.8027637600898743,0.22926999628543854,0.0,0.22926999628543854,True,0.0,0.0,0.14329374767839909,0.0,0.14329374767839909,0.0
92.223371,"[572.3807983398438, 4.496838569641113, 0.0]","[678.9589233398438, 4.5, 0.0]",13.356700897793965,13.56066608428955,13.564,0.39577484130566276,0.4188423454761505,106.76251217349991,0.2141189569423041,0.11959075893148707,102.26251217349991,-0.20396518649558537,13.344708442687988,0.21172714233398438,106.75506591796875,True,0,13.556435585021973,13.56066608428955,0.2475833892822088,0.0876465529600561,0.22682387497255377,0.002446121312884769,"StraightLane index=('>>>', '1S0_0_', 0)",True,522.1139526367188,0.003159046173095703,0.0005264282226494539,"StraightLane index=('>>', '>>>', 0)",True,0.0,True,False,0.8002557158470154,0.22926999628543854,0.0,0.22926999628543854,True,0.0,0.0,0.14329374767839909,0.0,0.14329374767839909,0.0
